inc
sigma_11
sigma_12
sigma_13
sigma_21
sigma_22
sigma_23
sigma_31
sigma_32
sigma_33
increment_0
[1.37768846e-06  1.37768846e-06  1.37768846e-06  1.37768846e-06 
  1.37768846e-06  1.37768846e-06  1.37768846e-06  1.37768846e-06 
  1.37768846e-06  1.37768846e-06  1.37768846e-06  1.37768846e-06 
  1.37768846e-06  1.37768846e-06  1.37768846e-06  1.37768846e-06 
  1.37768846e-06  1.37768846e-06  1.37768846e-06  1.37768846e-06 
  1.37768846e-06  1.37768846e-06  1.37768846e-06  1.37768846e-06 
  1.37768846e-06  1.37768846e-06  1.37768846e-06  1.37768846e-06 
  1.37768846e-06  1.37768846e-06  1.37768846e-06  1.37768846e-06]
[-5.91846362e-06  -5.91846362e-06  -5.91846362e-06  -5.91846362e-06 
  -5.91846362e-06  -5.91846362e-06  -5.91846362e-06  -5.91846362e-06 
  -5.91846362e-06  -5.91846362e-06  -5.91846362e-06  -5.91846362e-06 
  -5.91846362e-06  -5.91846362e-06  -5.91846362e-06  -5.91846362e-06 
  -5.91846362e-06  -5.91846362e-06  -5.91846362e-06  -5.91846362e-06 
  -5.91846362e-06  -5.91846362e-06  -5.91846362e-06  -5.91846362e-06 
  -5.91846362e-06  -5.91846362e-06  -5.91846362e-06  -5.91846362e-06 
  -5.91846362e-06  -5.91846362e-06  -5.91846362e-06  -5.91846362e-06]
[4.54990734e-06  4.54990734e-06  4.54990734e-06  4.54990734e-06 
  4.54990734e-06  4.54990734e-06  4.54990734e-06  4.54990734e-06 
  4.54990734e-06  4.54990734e-06  4.54990734e-06  4.54990734e-06 
  4.54990734e-06  4.54990734e-06  4.54990734e-06  4.54990734e-06 
  4.54990734e-06  4.54990734e-06  4.54990734e-06  4.54990734e-06 
  4.54990734e-06  4.54990734e-06  4.54990734e-06  4.54990734e-06 
  4.54990734e-06  4.54990734e-06  4.54990734e-06  4.54990734e-06 
  4.54990734e-06  4.54990734e-06  4.54990734e-06  4.54990734e-06]
[-5.91846362e-06  -5.91846362e-06  -5.91846362e-06  -5.91846362e-06 
  -5.91846362e-06  -5.91846362e-06  -5.91846362e-06  -5.91846362e-06 
  -5.91846362e-06  -5.91846362e-06  -5.91846362e-06  -5.91846362e-06 
  -5.91846362e-06  -5.91846362e-06  -5.91846362e-06  -5.91846362e-06 
  -5.91846362e-06  -5.91846362e-06  -5.91846362e-06  -5.91846362e-06 
  -5.91846362e-06  -5.91846362e-06  -5.91846362e-06  -5.91846362e-06 
  -5.91846362e-06  -5.91846362e-06  -5.91846362e-06  -5.91846362e-06 
  -5.91846362e-06  -5.91846362e-06  -5.91846362e-06  -5.91846362e-06]
[-2.23869032e-05  -2.23869032e-05  -2.23869032e-05  -2.23869032e-05 
  -2.23869032e-05  -2.23869032e-05  -2.23869032e-05  -2.23869032e-05 
  -2.23869032e-05  -2.23869032e-05  -2.23869032e-05  -2.23869032e-05 
  -2.23869032e-05  -2.23869032e-05  -2.23869032e-05  -2.23869032e-05 
  -2.23869032e-05  -2.23869032e-05  -2.23869032e-05  -2.23869032e-05 
  -2.23869032e-05  -2.23869032e-05  -2.23869032e-05  -2.23869032e-05 
  -2.23869032e-05  -2.23869032e-05  -2.23869032e-05  -2.23869032e-05 
  -2.23869032e-05  -2.23869032e-05  -2.23869032e-05  -2.23869032e-05]
[3.92618342e-06  3.92618342e-06  3.92618342e-06  3.92618342e-06 
  3.92618342e-06  3.92618342e-06  3.92618342e-06  3.92618342e-06 
  3.92618342e-06  3.92618342e-06  3.92618342e-06  3.92618342e-06 
  3.92618342e-06  3.92618342e-06  3.92618342e-06  3.92618342e-06 
  3.92618342e-06  3.92618342e-06  3.92618342e-06  3.92618342e-06 
  3.92618342e-06  3.92618342e-06  3.92618342e-06  3.92618342e-06 
  3.92618342e-06  3.92618342e-06  3.92618342e-06  3.92618342e-06 
  3.92618342e-06  3.92618342e-06  3.92618342e-06  3.92618342e-06]
[4.54990734e-06  4.54990734e-06  4.54990734e-06  4.54990734e-06 
  4.54990734e-06  4.54990734e-06  4.54990734e-06  4.54990734e-06 
  4.54990734e-06  4.54990734e-06  4.54990734e-06  4.54990734e-06 
  4.54990734e-06  4.54990734e-06  4.54990734e-06  4.54990734e-06 
  4.54990734e-06  4.54990734e-06  4.54990734e-06  4.54990734e-06 
  4.54990734e-06  4.54990734e-06  4.54990734e-06  4.54990734e-06 
  4.54990734e-06  4.54990734e-06  4.54990734e-06  4.54990734e-06 
  4.54990734e-06  4.54990734e-06  4.54990734e-06  4.54990734e-06]
[3.92618342e-06  3.92618342e-06  3.92618342e-06  3.92618342e-06 
  3.92618342e-06  3.92618342e-06  3.92618342e-06  3.92618342e-06 
  3.92618342e-06  3.92618342e-06  3.92618342e-06  3.92618342e-06 
  3.92618342e-06  3.92618342e-06  3.92618342e-06  3.92618342e-06 
  3.92618342e-06  3.92618342e-06  3.92618342e-06  3.92618342e-06 
  3.92618342e-06  3.92618342e-06  3.92618342e-06  3.92618342e-06 
  3.92618342e-06  3.92618342e-06  3.92618342e-06  3.92618342e-06 
  3.92618342e-06  3.92618342e-06  3.92618342e-06  3.92618342e-06]
[-1.68888033e-05  -1.68888033e-05  -1.68888033e-05  -1.68888033e-05 
  -1.68888033e-05  -1.68888033e-05  -1.68888033e-05  -1.68888033e-05 
  -1.68888033e-05  -1.68888033e-05  -1.68888033e-05  -1.68888033e-05 
  -1.68888033e-05  -1.68888033e-05  -1.68888033e-05  -1.68888033e-05 
  -1.68888033e-05  -1.68888033e-05  -1.68888033e-05  -1.68888033e-05 
  -1.68888033e-05  -1.68888033e-05  -1.68888033e-05  -1.68888033e-05 
  -1.68888033e-05  -1.68888033e-05  -1.68888033e-05  -1.68888033e-05 
  -1.68888033e-05  -1.68888033e-05  -1.68888033e-05  -1.68888033e-05]
increment_10
[-20871103.16823806    14664478.7730846        6183664.90749184 
      2177116.73044199      -461017.93722103    14150360.47676308 
      2457970.10460052  -11451783.70055201      4718416.17315541 
      8877511.14013946      3265365.74382095  -12601790.42446303 
    -4153108.01038025    -6850384.5970616      10046813.56385875 
  -18003379.92403669  -20718764.96626922    -8151274.0144843 
    -5130806.39015639    14650360.71714356  -20193160.30021764 
  -14797995.73419007  -28468643.28859414  -16235493.0341689 
      2697891.2203832    -24447642.88216972  -31042840.78982177 
  -35791083.0706517    -13106830.56319305  -31339088.33356941 
  -31656107.14266377  -14242105.11198196]
[  5378882.50429205  19510575.65752036  12480518.43468022  19703299.11904788 
  10610054.4935057    21268576.99778344  22892399.18199991  20915150.25028801 
  15338209.98622017  10861692.89571697  22862127.54841308  20745900.60355905 
  22698288.35595243  22115229.1192224    20701540.93118482  25627245.39038568 
  24626431.41252048  22751869.96437301  20611482.16232359  22331136.97375145 
  25648315.81235098  25359690.62145084  23304751.07995355  23066640.82717615 
  21894219.89229396  23461862.95823224  26666062.02087642  25486767.39837433 
  24060490.12473663  18809860.22626811  23815913.66208275  21686868.2443452  ]
[  8078927.75179941  29611825.94815378  33568077.95948716  32788957.89566119 
  22058740.70129409  32102301.42927048  16827702.55605909  28094896.17593243 
  26067183.48544847  19333000.72628254  17096163.41530725  28177781.7342445 
  26184469.19114278  11629634.19559749  15525610.39868962      438686.99911567 
  20563003.94067049  21424214.90433273  18739584.50213063    6533044.92678766 
    2965942.50848162  21482955.76012268  10239159.05562796  18097554.49377919 
      750108.42014272    -127675.61436988        56369.52520221  11070326.78910894 
  16248173.67673841  -7785678.42451097  18386951.31472497  27047307.86324097]
[  5378882.50429205  19510575.65752036  12480518.43468022  19703299.11904788 
  10610054.4935057    21268576.99778344  22892399.18199991  20915150.25028801 
  15338209.98622017  10861692.89571697  22862127.54841308  20745900.60355905 
  22698288.35595243  22115229.1192224    20701540.93118482  25627245.39038568 
  24626431.41252048  22751869.96437301  20611482.16232359  22331136.97375145 
  25648315.81235098  25359690.62145084  23304751.07995355  23066640.82717615 
  21894219.89229396  23461862.95823224  26666062.02087642  25486767.39837433 
  24060490.12473663  18809860.22626811  23815913.66208275  21686868.2443452  ]
[-31269192.90634546      1036793.95708857  -23318998.62481311 
  -14602845.68517484  -23203430.15900024      1112491.66976927 
      3322393.82587141  -30093802.73469941  -10404812.013396 
    -7246614.10403541    -2868911.12483053  -31292845.71635257 
  -10578935.14693916    -3276024.09114922    14564155.9380677 
      -328075.0595333    -30827262.02665161  -10468810.25411329 
  -12312632.5829035      26561109.95551414    -6965114.00887135 
  -22924669.20713022  -22068352.36836396  -20556342.65529419 
    21023863.99060015    -3969064.08217402  -14087651.07055089 
  -30612241.77098297    -6207090.68229299  -11847129.65933171 
  -37106365.16812262  -32747205.51108009]
[-19370082.96649976    -3771888.78100782  -15990739.78783433 
    -5400042.57629152  -16023457.47503179      -662025.05864994 
      4074597.69803094    -7504090.61619475    -4541522.82735176 
      -451309.707322        -5439897.04328152    -4963497.10261536 
      4349788.97292836    -6080646.84049522      6135212.89876844 
        281069.39943975    -1103102.42834701      3584949.52011313 
    -6613288.41208736    -1112752.75066918    -4475023.14285855 
      2215492.67713177    -2993366.98524166    -2528813.49438326 
      6034456.36152619    -2057522.32167895    -2468534.66353338 
    -2467163.59714562    10884741.62314697    -1647590.10446885 
    -1940630.76405847    -2858299.94006021]
[  8078927.75179941  29611825.94815378  33568077.95948716  32788957.89566119 
  22058740.70129409  32102301.42927048  16827702.55605909  28094896.17593243 
  26067183.48544847  19333000.72628254  17096163.41530725  28177781.7342445 
  26184469.19114278  11629634.19559749  15525610.39868962      438686.99911567 
  20563003.94067049  21424214.90433273  18739584.50213063    6533044.92678766 
    2965942.50848162  21482955.76012268  10239159.05562796  18097554.49377919 
      750108.42014272    -127675.61436988        56369.52520221  11070326.78910894 
  16248173.67673841  -7785678.42451097  18386951.31472497  27047307.86324097]
[-19370082.96649976    -3771888.78100782  -15990739.78783433 
    -5400042.57629152  -16023457.47503179      -662025.05864994 
      4074597.69803094    -7504090.61619475    -4541522.82735176 
      -451309.707322        -5439897.04328152    -4963497.10261536 
      4349788.97292836    -6080646.84049522      6135212.89876844 
        281069.39943975    -1103102.42834701      3584949.52011313 
    -6613288.41208736    -1112752.75066918    -4475023.14285855 
      2215492.67713177    -2993366.98524166    -2528813.49438326 
      6034456.36152619    -2057522.32167895    -2468534.66353338 
    -2467163.59714562    10884741.62314697    -1647590.10446885 
    -1940630.76405847    -2858299.94006021]
[-1.01112140e+08  -8.55823670e+07  -9.42158388e+07  -9.99883292e+07 
  -9.53815527e+07  -8.81231082e+07  -9.39189803e+07  -1.15119221e+08 
  -9.27948932e+07  -8.65125467e+07  -9.56486828e+07  -1.17624708e+08 
  -1.04210286e+08  -9.84025292e+07  -8.19683674e+07  -1.05780688e+08 
  -1.24587960e+08  -1.05697241e+08  -1.02076057e+08  -7.30535738e+07 
  -1.09118234e+08  -1.18369807e+08  -1.19831041e+08  -1.14513745e+08 
  -8.24016833e+07  -1.07562364e+08  -1.19397914e+08  -1.29302911e+08 
  -1.07952249e+08  -1.11639443e+08  -1.31523398e+08  -1.21849612e+08]
increment_20
[-1.89389185e+07    1.29016165e+07    5.25915461e+06    1.95429692e+06 
  -1.06582997e+03    1.45179311e+07    1.37705700e+06  -9.20484374e+06 
    5.79249645e+06    7.51121039e+06    1.47992059e+06  -1.22069258e+07 
  -4.34993348e+06  -5.15789135e+06    1.23375414e+07  -1.93748843e+07 
  -2.15832203e+07  -5.98144963e+06  -8.69675526e+06    1.56842921e+07 
  -2.17901942e+07  -1.63000170e+07  -3.11769727e+07  -1.69062795e+07 
    4.64062542e+06  -2.44381829e+07  -3.47163731e+07  -3.98545700e+07 
  -1.51504988e+07  -3.63019422e+07  -3.39816430e+07  -1.83695204e+07]
[  6767586.96677592  20036451.49273966  13942209.98210942  20172613.68257591 
    9838128.18659377  21571086.04207016  23784414.70119447  20896832.93863478 
  18414328.40557615  11623448.19888197  22981530.42202595  21238513.54102205 
  24003127.71386442  20995317.99424256  23509331.8450001    27491560.14855675 
  24995222.37398293  23054558.84368701  20813409.8061499    23125316.87968334 
  26219011.89342994  26031255.39467549  24596892.10488816  23035808.59408584 
  23797872.21774312  23851991.54389226  27371307.42977316  25906604.60844937 
  25552443.80195978  18314322.89944278  23775486.24396003  23402861.54589698]
[  1.19912787e+07    3.03842137e+07    3.54521007e+07    3.24073153e+07 
    2.44215062e+07    3.25740871e+07    2.13929360e+07    2.83928756e+07 
    2.85118753e+07    1.93832065e+07    2.08136192e+07    2.75143149e+07 
    2.69964908e+07    1.45358185e+07    1.62899787e+07    2.46579212e+04 
    2.30992018e+07    2.22018105e+07    2.04876819e+07    5.76948145e+06 
  -8.95327382e+05    2.43637929e+07    8.62075673e+06    2.07760851e+07 
    1.67660158e+06  -5.06418267e+06    1.01766481e+06    1.02052826e+07 
    1.73751181e+07  -1.20985004e+07    1.94187989e+07    2.62129611e+07]
[  6767586.96677592  20036451.49273966  13942209.98210942  20172613.68257591 
    9838128.18659377  21571086.04207016  23784414.70119447  20896832.93863478 
  18414328.40557615  11623448.19888197  22981530.42202595  21238513.54102205 
  24003127.71386442  20995317.99424256  23509331.8450001    27491560.14855675 
  24995222.37398293  23054558.84368701  20813409.8061499    23125316.87968334 
  26219011.89342994  26031255.39467549  24596892.10488816  23035808.59408584 
  23797872.21774312  23851991.54389226  27371307.42977316  25906604.60844937 
  25552443.80195978  18314322.89944278  23775486.24396003  23402861.54589698]
[-30798316.10804304      -141179.45116825  -20644854.37828792 
  -13637346.66791456  -27028858.75002769        113346.09066016 
    -2036633.69036272  -29008333.39620906    -8897248.17321347 
    -6588659.624026      -10070758.37266005  -30680013.92818899 
  -10705062.028109        -6955366.76734752    19513443.74109961 
      1315232.51749871  -36141027.45871233    -8666333.56375726 
  -17439716.5035723      28506213.20093964    -3145409.07301301 
  -27978670.93526395  -21873801.09013643  -24264995.89117006 
    24101586.0280093        2512474.95195036  -18273389.62855819 
  -33305948.7383268      -6787882.98796556  -11834521.88757674 
  -41850115.33658281  -33664799.34957042]
[-18341220.01777407    -3807700.47392067  -14714400.47840341 
    -4520885.47356898  -16909608.37023965    -1946098.42432034 
      6380078.02609335    -8464206.67092464    -4316275.65804993 
      2303656.01554536    -5255505.81975368    -4532703.96933176 
      5737289.3879478      -7942926.65480484      9408580.71790843 
      3293986.8635598      -1219059.83464637      4437828.5815973 
    -6225620.76841979    -1886563.46099913    -4477748.20597965 
      3566419.05488868    -1967250.974981        -2516417.85748825 
      6682238.8763864      -1556591.06609294      -852767.36285707 
    -2503173.09145754    13442198.2134133        1560541.60573407 
    -1939333.29976935      1020039.78227717]
[  1.19912787e+07    3.03842137e+07    3.54521007e+07    3.24073153e+07 
    2.44215062e+07    3.25740871e+07    2.13929360e+07    2.83928756e+07 
    2.85118753e+07    1.93832065e+07    2.08136192e+07    2.75143149e+07 
    2.69964908e+07    1.45358185e+07    1.62899787e+07    2.46579212e+04 
    2.30992018e+07    2.22018105e+07    2.04876819e+07    5.76948145e+06 
  -8.95327382e+05    2.43637929e+07    8.62075673e+06    2.07760851e+07 
    1.67660158e+06  -5.06418267e+06    1.01766481e+06    1.02052826e+07 
    1.73751181e+07  -1.20985004e+07    1.94187989e+07    2.62129611e+07]
[-18341220.01777407    -3807700.47392067  -14714400.47840341 
    -4520885.47356898  -16909608.37023965    -1946098.42432034 
      6380078.02609335    -8464206.67092464    -4316275.65804993 
      2303656.01554536    -5255505.81975368    -4532703.96933176 
      5737289.3879478      -7942926.65480484      9408580.71790843 
      3293986.8635598      -1219059.83464637      4437828.5815973 
    -6225620.76841979    -1886563.46099913    -4477748.20597965 
      3566419.05488868    -1967250.974981        -2516417.85748825 
      6682238.8763864      -1556591.06609294      -852767.36285707 
    -2503173.09145754    13442198.2134133        1560541.60573407 
    -1939333.29976935      1020039.78227717]
[-1.02757187e+08  -8.83850070e+07  -9.62103551e+07  -1.01087031e+08 
  -9.83790065e+07  -8.96240394e+07  -1.00580068e+08  -1.15282285e+08 
  -9.51222579e+07  -8.92854251e+07  -1.03207054e+08  -1.19862710e+08 
  -1.06996272e+08  -1.00046551e+08  -8.23902236e+07  -1.09148409e+08 
  -1.31574414e+08  -1.05480911e+08  -1.08166583e+08  -7.32455830e+07 
  -1.09705879e+08  -1.25731224e+08  -1.23504308e+08  -1.18527397e+08 
  -8.31212221e+07  -1.04919889e+08  -1.26428581e+08  -1.34825220e+08 
  -1.12228717e+08  -1.14632154e+08  -1.37819297e+08  -1.29224704e+08]
increment_30
[-17885495.67920961    11935103.73900954      5039619.35203712 
      3787697.93786146        -51023.2028354      15191296.3144889 
        704676.51733114    -7525126.25315111      5836932.0190122 
      7737097.71005982      1598656.52569343  -11808373.01617524 
    -3769086.0673837      -3413046.25827673    12761847.63169406 
  -19906892.06385018  -22097543.13002462    -3621095.06410492 
  -10451796.39526398    14525870.37920066  -22933493.76310497 
  -17687596.75425832  -31999209.06276141  -17090984.88983789 
      5773835.91558549  -23059961.7742682    -35551202.36643977 
  -40874188.98994981  -16990924.47359107  -35403500.91198162 
  -33688276.26634925  -22864156.65606821]
[  7186817.73644683  20366793.14775807  13989446.00274278  20975276.82771352 
    9302975.36749399  22319951.53058518  24941139.81922591  20861897.80040102 
  19915310.11148569  13415501.95056573  23184025.95706664  21804737.51512294 
  24866820.4480228    20692408.41694868  24787754.06891103  28704061.57669338 
  25533946.20329836  23689076.80139548  21322376.68764609  23738114.08686188 
  26906333.23317769  26777185.20922087  25439647.00823643  23644702.54996177 
  24987717.30161714  23972761.62859814  27852668.65400744  26341193.68893396 
  27058221.2088929    19491914.98189768  24003140.85900508  25494682.08744861]
[  14098505.70758111    30304112.70094605    36478631.26653916 
    32274416.08255585    24888695.02728194    33059277.25148186 
    23291608.75359045    28061825.46346185    28550316.96961523 
    20295404.26441097    23113376.74908794    26234924.03622229 
    26322689.70673662    16409871.51227118    16409239.04632927 
        141568.19612175    23378211.16321001    22591331.99674585 
    20791363.44017535      6045470.53930263    -2943460.97398929 
    24661862.16022574      7625709.03120243    20416402.9590487 
      4239051.9312689      -6390410.99717636      1916590.42024447 
      9812467.80150857    16334161.93118514  -11848768.52086162 
    20123459.60120855    24675299.75930669]
[  7186817.73644683  20366793.14775807  13989446.00274278  20975276.82771352 
    9302975.36749399  22319951.53058518  24941139.81922591  20861897.80040102 
  19915310.11148569  13415501.95056573  23184025.95706664  21804737.51512294 
  24866820.4480228    20692408.41694868  24787754.06891103  28704061.57669338 
  25533946.20329836  23689076.80139548  21322376.68764609  23738114.08686188 
  26906333.23317769  26777185.20922087  25439647.00823643  23644702.54996177 
  24987717.30161714  23972761.62859814  27852668.65400744  26341193.68893396 
  27058221.2088929    19491914.98189768  24003140.85900508  25494682.08744861]
[-31283969.51447238      -947625.24240677  -19809425.19104746 
  -10280448.45728226  -29034080.1037556          461429.22954997 
    -3883585.52474014  -27167719.2572949      -8888942.91642616 
    -5392538.60867332  -13449111.9232466    -28304122.1402317 
    -9346068.49988055    -8769941.10828033    20772126.19359151 
      1749259.29712048  -37323806.96284303    -6237078.41407516 
  -19540238.5801696      27287435.3233679      -1358962.48359614 
  -29064169.29172471  -20926859.65382934  -23476052.23441036 
    23400366.84091916      5893633.27130241  -20576163.77665531 
  -32783061.56554211    -6508230.4828294      -9428493.02941751 
  -42828282.32711424  -32542877.5745175  ]
[-18158890.43326403    -4036048.19671992  -14556758.26011132 
    -3276028.65082601  -17315176.61872002    -2103072.8671032 
      7391723.38386296    -9054300.58396588    -3916369.31420009 
      2772435.77781954    -5101205.73460135    -3068681.54442552 
      6255165.52119043    -8981032.94865038    10160388.95511359 
      4691665.84761567      -933147.45179423      5150848.65289886 
    -5909348.94954471    -2102578.22665157    -4292586.12530028 
      4706688.05319674    -1766770.55052725    -1488867.7485291 
      7265870.35136913        -56274.75101219      -573752.37728456 
    -2023820.28213923    14391945.12068962      4150802.46789086 
    -1531462.71065589      6642133.40052526]
[  14098505.70758111    30304112.70094605    36478631.26653916 
    32274416.08255585    24888695.02728194    33059277.25148186 
    23291608.75359045    28061825.46346185    28550316.96961523 
    20295404.26441097    23113376.74908794    26234924.03622229 
    26322689.70673662    16409871.51227118    16409239.04632927 
        141568.19612175    23378211.16321001    22591331.99674585 
    20791363.44017535      6045470.53930263    -2943460.97398929 
    24661862.16022574      7625709.03120243    20416402.9590487 
      4239051.9312689      -6390410.99717636      1916590.42024447 
      9812467.80150857    16334161.93118514  -11848768.52086162 
    20123459.60120855    24675299.75930669]
[-18158890.43326403    -4036048.19671992  -14556758.26011132 
    -3276028.65082601  -17315176.61872002    -2103072.8671032 
      7391723.38386296    -9054300.58396588    -3916369.31420009 
      2772435.77781954    -5101205.73460135    -3068681.54442552 
      6255165.52119043    -8981032.94865038    10160388.95511359 
      4691665.84761567      -933147.45179423      5150848.65289886 
    -5909348.94954471    -2102578.22665157    -4292586.12530028 
      4706688.05319674    -1766770.55052725    -1488867.7485291 
      7265870.35136913        -56274.75101219      -573752.37728456 
    -2023820.28213923    14391945.12068962      4150802.46789086 
    -1531462.71065589      6642133.40052526]
[-1.04022532e+08  -9.03981514e+07  -9.74117223e+07  -1.00146028e+08 
  -1.01037068e+08  -9.06789618e+07  -1.04903907e+08  -1.15058375e+08 
  -9.75170396e+07  -9.15998011e+07  -1.07748915e+08  -1.20890127e+08 
  -1.08182098e+08  -1.01403969e+08  -8.39518206e+07  -1.11997600e+08 
  -1.35884186e+08  -1.05084686e+08  -1.11947929e+08  -7.60545632e+07 
  -1.11231692e+08  -1.30383824e+08  -1.25385938e+08  -1.20440957e+08 
  -8.57304834e+07  -1.03580754e+08  -1.30595423e+08  -1.37142515e+08 
  -1.15622802e+08  -1.15539503e+08  -1.40815386e+08  -1.35543429e+08]
increment_40
[-1.67612934e+07    1.10440464e+07    4.34141331e+06    5.73998929e+06 
    1.20897799e+05    1.64500332e+07    3.52621614e+04  -5.77535744e+06 
    5.65014704e+06    7.69420352e+06    1.92011379e+06  -1.16239902e+07 
  -3.73014086e+06  -1.52037004e+06    1.32930868e+07  -2.03580287e+07 
  -2.29957442e+07  -1.73363479e+06  -1.21413900e+07    1.25858238e+07 
  -2.33628570e+07  -1.87530328e+07  -3.25492202e+07  -1.76808243e+07 
    6.27019585e+06  -2.23719547e+07  -3.62100487e+07  -4.04220473e+07 
  -1.87197560e+07  -3.31027120e+07  -3.30960042e+07  -2.67398276e+07]
[  7509057.60233598  20658088.27818748  13762742.88719827  21824199.21446274 
    8946889.14307924  23181863.29910904  25934455.27837807  20801362.05174891 
  21137243.57760874  15025015.9425112    23573684.41496947  22473557.71019679 
  25618688.74699318  20390569.88979527  25821501.36987061  29764857.3304649 
  26107923.80249043  24479253.43832783  21867013.71163861  24205189.16459087 
  27403220.25890281  27503265.8709818    26080538.59766735  24500404.05739302 
  25979801.15055898  24388968.84776411  28250376.77160694  26786336.57785604 
  28316810.68811376  20090504.53207891  24468269.86812535  27665302.10311656]
[  15592868.49783011    30316804.49313833    37324301.69682758 
    32209585.17873946    25565683.93009307    33593680.59937465 
    24215163.04049569    27938128.78191903    28723170.28217626 
    21175540.32849503    24358075.02568132    24893662.59287723 
    25359494.37751907    18393128.20605624    16567372.66522751 
      -141375.34024813    22946171.71022909    22766462.69104516 
    20943255.50842459      6338063.32488698    -3851225.48191714 
    24382298.3284441        6693059.65161553    19470404.45324955 
      6877164.17106777    -6501841.23481887      2291627.18014875 
      9621743.19069667    15497308.76508666  -10271250.91663734 
    19885585.12790953    23206646.83458936]
[  7509057.60233598  20658088.27818748  13762742.88719827  21824199.21446274 
    8946889.14307924  23181863.29910904  25934455.27837807  20801362.05174891 
  21137243.57760874  15025015.9425112    23573684.41496947  22473557.71019679 
  25618688.74699318  20390569.88979527  25821501.36987061  29764857.3304649 
  26107923.80249043  24479253.43832783  21867013.71163861  24205189.16459087 
  27403220.25890281  27503265.8709818    26080538.59766735  24500404.05739302 
  25979801.15055898  24388968.84776411  28250376.77160694  26786336.57785604 
  28316810.68811376  20090504.53207891  24468269.86812535  27665302.10311656]
[-31572022.01747367    -1755506.42508009  -19781346.13265973 
    -7132094.98310664  -30688737.46124223      2054485.81553392 
    -4809172.97486213  -25540161.12239847    -9327995.39664886 
    -4648115.48443649  -14952396.0110229    -25610457.61006681 
    -8439692.34931906  -10537813.48993498    21852583.93288676 
      2478836.68497693  -37436310.43892844    -4027588.61178254 
  -21360544.90831568    25268684.11229105      -635811.78914307 
  -28835915.6461128    -19985978.39274714  -22008861.40737796 
    21672979.06662504      8221842.62506716  -22207961.29155464 
  -31021983.33827752    -6777270.11204101    -7876353.06901715 
  -42124463.8977477    -30707633.41865956]
[-17964509.77939976    -4307071.58706073  -14567294.32997391 
    -2261300.95026214  -17589268.55750011    -1730258.96715118 
      7945280.98846655    -9535451.1762559      -3691152.00978541 
      3066463.31029552    -4810264.74988105    -1170034.46713216 
      6413851.87926883    -9892655.39599442    10754683.50677871 
      5785621.76625969      -393211.06084851      5969063.61831168 
    -5611336.31763134    -2244900.04140461    -4288050.91225529 
      5814972.96403037    -1771723.61643211          58063.89238016 
      7890807.68925322      3370164.32683836      -589318.27620355 
    -1470004.50590052    15023749.75502795      6937611.74711656 
    -1013934.10903123    12006087.40382219]
[  15592868.49783011    30316804.49313833    37324301.69682758 
    32209585.17873946    25565683.93009307    33593680.59937465 
    24215163.04049569    27938128.78191903    28723170.28217626 
    21175540.32849503    24358075.02568132    24893662.59287723 
    25359494.37751907    18393128.20605624    16567372.66522751 
      -141375.34024813    22946171.71022909    22766462.69104516 
    20943255.50842459      6338063.32488698    -3851225.48191714 
    24382298.3284441        6693059.65161553    19470404.45324955 
      6877164.17106777    -6501841.23481887      2291627.18014875 
      9621743.19069667    15497308.76508666  -10271250.91663734 
    19885585.12790953    23206646.83458936]
[-17964509.77939976    -4307071.58706073  -14567294.32997391 
    -2261300.95026214  -17589268.55750011    -1730258.96715118 
      7945280.98846655    -9535451.1762559      -3691152.00978541 
      3066463.31029552    -4810264.74988105    -1170034.46713216 
      6413851.87926883    -9892655.39599442    10754683.50677871 
      5785621.76625969      -393211.06084851      5969063.61831168 
    -5611336.31763134    -2244900.04140461    -4288050.91225529 
      5814972.96403037    -1771723.61643211          58063.89238016 
      7890807.68925322      3370164.32683836      -589318.27620355 
    -1470004.50590052    15023749.75502795      6937611.74711656 
    -1013934.10903123    12006087.40382219]
[-1.05153989e+08  -9.22702600e+07  -9.89463394e+07  -9.92331612e+07 
  -1.03641813e+08  -9.09151075e+07  -1.08364101e+08  -1.14837489e+08 
  -1.00078797e+08  -9.40192732e+07  -1.11114925e+08  -1.21670879e+08 
  -1.09773861e+08  -1.02759225e+08  -8.53319816e+07  -1.14397316e+08 
  -1.39371571e+08  -1.05196799e+08  -1.15546305e+08  -7.95144864e+07 
  -1.12908296e+08  -1.33654234e+08  -1.26946260e+08  -1.22408254e+08 
  -8.90578127e+07  -1.03777188e+08  -1.34093598e+08  -1.38012854e+08 
  -1.19062796e+08  -1.16102086e+08  -1.42599301e+08  -1.40828666e+08]
increment_50
[-15828768.46101506    10097727.94983507      3723732.04656562 
      7520024.70406725        376197.7093925      17827441.49891554 
      -480668.05997814    -4193132.96039007      5522167.54764679 
      7312986.00673733      1978321.8637073    -11665466.66001763 
    -3971595.15895942        482910.7635906      13706780.41565536 
  -20547118.30632047  -24156091.69752904      -448724.5385639 
  -13827254.14392627    10281072.99495817  -24149208.16346093 
  -19625546.13524683  -32608289.99050831  -18257851.73457863 
      6142120.72662975  -22175656.28720179  -36626734.44054854 
  -39673455.88221556  -20544612.55762419  -30718811.35253925 
  -32743353.66695139  -30252660.63000776]
[  7575972.91594133  20973771.41213574  13426987.84498052  22647468.77137829 
    8604016.24785855  24085136.77589408  26697424.19813334  20769232.86486316 
  22178307.15242895  16387551.82657797  24058019.23178779  23244018.98911367 
  26248851.15869855  20007417.9016078    26669899.4658807    30662498.30007451 
  26644391.91346933  25338306.43692855  22412454.78145422  24544583.20002353 
  27825032.6214093    28086029.06329221  26534883.09053246  25467040.8143049 
  26790172.98152602  24708210.00790903  28495842.43686803  27228330.5573796 
  29257922.83086844  20155882.54754411  25020716.87171915  29803064.98560832]
[16854907.05591751  30421112.62758492  38087899.5208871    32242455.04299985 
  26259349.7487144    34062052.9651684    24850702.90514023  28039011.71692263 
  28929757.91736912  21953917.99024212  25023405.10324446  23602003.57245722 
  24409026.90363239  20382779.58344263  16929148.74281326      -84862.08338752 
  22270310.68451536  22719232.0660369    20948444.61896568    6686165.09928222 
  -4128613.4084379    24004931.05098925    6142985.63388536  18359150.07764876 
    9320770.09552415  -6156574.87819034    2984499.80472483    9231319.85835597 
  14832749.35099896  -7973746.2589633    19229030.70117771  21991252.47468234]
[  7575972.91594133  20973771.41213574  13426987.84498052  22647468.77137829 
    8604016.24785855  24085136.77589408  26697424.19813334  20769232.86486316 
  22178307.15242895  16387551.82657797  24058019.23178779  23244018.98911367 
  26248851.15869855  20007417.9016078    26669899.4658807    30662498.30007451 
  26644391.91346933  25338306.43692855  22412454.78145422  24544583.20002353 
  27825032.6214093    28086029.06329221  26534883.09053246  25467040.8143049 
  26790172.98152602  24708210.00790903  28495842.43686803  27228330.5573796 
  29257922.83086844  20155882.54754411  25020716.87171915  29803064.98560832]
[-31859556.30419508    -2473111.28289859  -20084433.88671764 
    -4403093.84717756  -32026661.124037          4478973.19127805 
    -5426363.53335731  -24333798.99908458    -9780192.7153445 
    -4194205.75022329  -15672049.58632341  -22876649.45016702 
    -7886045.68258651  -12208291.40120389    22638944.02055477 
      2855997.77312546  -37118057.79640485    -2147380.26476044 
  -22874665.23829893    22923144.7633639      -1264775.05010966 
  -28078988.84703941  -19132794.58612271  -20118323.09697907 
    19352890.15352115      9473595.57056131  -24170178.75724111 
  -28631723.12679419    -7640598.0818529      -7994778.06592739 
  -41018599.53334728  -28746738.79869241]
[-17808612.17273226    -4489353.3580977    -14727549.63187499 
    -1483863.82579608  -17855595.10545629      -807526.21102171 
      8215404.23038356    -9879411.14275837    -3564309.66543844 
      3410967.33505178    -4386637.48356428        831070.12969026 
      6369871.08929091  -10785538.00309044    11532082.07252479 
      6658403.71651809        230698.15530738      6860349.75629046 
    -5254450.98925836    -2255798.27352803    -4285921.14499792 
      6799391.94664251    -1916225.60027216      1781189.656528 
      8569104.6482831        7704220.56645378      -739880.17607875 
      -882943.7037225      15386707.69477252      9666007.5818306 
      -502382.82509173    16840454.78922458]
[16854907.05591751  30421112.62758492  38087899.5208871    32242455.04299985 
  26259349.7487144    34062052.9651684    24850702.90514023  28039011.71692263 
  28929757.91736912  21953917.99024212  25023405.10324446  23602003.57245722 
  24409026.90363239  20382779.58344263  16929148.74281326      -84862.08338752 
  22270310.68451536  22719232.0660369    20948444.61896568    6686165.09928222 
  -4128613.4084379    24004931.05098925    6142985.63388536  18359150.07764876 
    9320770.09552415  -6156574.87819034    2984499.80472483    9231319.85835597 
  14832749.35099896  -7973746.2589633    19229030.70117771  21991252.47468234]
[-17808612.17273226    -4489353.3580977    -14727549.63187499 
    -1483863.82579608  -17855595.10545629      -807526.21102171 
      8215404.23038356    -9879411.14275837    -3564309.66543844 
      3410967.33505178    -4386637.48356428        831070.12969026 
      6369871.08929091  -10785538.00309044    11532082.07252479 
      6658403.71651809        230698.15530738      6860349.75629046 
    -5254450.98925836    -2255798.27352803    -4285921.14499792 
      6799391.94664251    -1916225.60027216      1781189.656528 
      8569104.6482831        7704220.56645378      -739880.17607875 
      -882943.7037225      15386707.69477252      9666007.5818306 
      -502382.82509173    16840454.78922458]
[-1.06133705e+08  -9.40588119e+07  -1.00460884e+08  -9.85569359e+07 
  -1.06031213e+08  -9.07259086e+07  -1.11265647e+08  -1.14924069e+08 
  -1.02507984e+08  -9.64341509e+07  -1.14062982e+08  -1.22398297e+08 
  -1.11611984e+08  -1.03958648e+08  -8.68240915e+07  -1.16762805e+08 
  -1.42312725e+08  -1.05853638e+08  -1.18937514e+08  -8.31887342e+07 
  -1.15513466e+08  -1.36092105e+08  -1.28162585e+08  -1.24223511e+08 
  -9.28376791e+07  -1.04966316e+08  -1.37586566e+08  -1.38284430e+08 
  -1.22609962e+08  -1.17327580e+08  -1.44079151e+08  -1.45550909e+08]
increment_60
[-15176269.86925612      9292406.67109005      3539180.6671235 
      9262384.0990518          705910.0036018      19214739.13806799 
      -746131.54650239    -2845262.63500475      5705240.39884532 
      7100318.95938845      1564182.15258446  -11479528.04865121 
    -4253565.95651062      2616992.55244886    13986561.27758632 
  -20857708.66970801  -25212380.73252269        242148.20407244 
  -15111997.55611739      8188380.96841494  -26096962.32058442 
  -20056355.85859907  -32281936.29391906  -18482033.90474258 
      5671929.56915218  -21846444.12985597  -36303606.31244826 
  -39408268.75847877  -21918085.51800524  -30169185.66528509 
  -32580933.96173282  -32837743.80634246]
[  7414685.68682791  21412967.53209873  13000173.39492055  23407450.65994043 
    8137186.80279344  25022605.6765204    27358445.60292812  20811409.60377946 
  23118430.40076985  17600166.50058097  24534302.49960003  24058217.35171723 
  26775301.5538543    19650377.01452064  27426651.27592652  31396608.26584588 
  27090355.49760693  26261401.62162279  22977811.54724095  24914550.84880605 
  28154005.78403262  28537809.15085054  26846966.36522269  26463711.54717352 
  27540499.1158762    25133057.90926896  28375422.18841998  27760578.33441068 
  29882228.80936141  20185721.55191146  25423508.07527627  31685703.48772677]
[17818108.66725264  30511980.14810599  38716070.23772621  32347250.94618321 
  26718947.29759685  34409660.32514466  25322204.03184422  28051637.17295805 
  29032182.45515445  22549518.43563259  25495089.15343408  22256169.14581122 
  23609530.80073771  21901058.9924705    17343618.55535667      717107.26991762 
  21221022.58399986  22424032.78717249  20653096.19663874    6974242.97280121 
  -3983307.45721122  23796313.25145864    5739700.95034505  17135714.87583885 
  11137173.16073705  -5534500.39037614    4663552.94114148    8240075.78754118 
  14116205.66002447  -6139688.45609939  18749981.70314908  21296266.55950833]
[  7414685.68682791  21412967.53209873  13000173.39492055  23407450.65994043 
    8137186.80279344  25022605.6765204    27358445.60292812  20811409.60377946 
  23118430.40076985  17600166.50058097  24534302.49960003  24058217.35171723 
  26775301.5538543    19650377.01452064  27426651.27592652  31396608.26584588 
  27090355.49760693  26261401.62162279  22977811.54724095  24914550.84880605 
  28154005.78403262  28537809.15085054  26846966.36522269  26463711.54717352 
  27540499.1158762    25133057.90926896  28375422.18841998  27760578.33441068 
  29882228.80936141  20185721.55191146  25423508.07527627  31685703.48772677]
[-32029493.37556407    -2804640.51483418  -20348271.16075591 
    -1794314.31062833  -32929110.09115354      7344073.89748044 
    -5515697.09329469  -23209299.95647688    -9641596.20149704 
    -3530626.60027976  -16313130.2188826    -19729143.88779534 
    -7480393.27322666  -13085167.54457567    23207063.61305585 
      2064638.16948231  -36015428.23736042      -488946.67726592 
  -23478226.04180434    21053387.67470949    -3855041.68998208 
  -26614297.82957603  -18167320.21352784  -17776302.29866024 
    17342075.92090866      9768856.7987354    -27065689.8943051 
  -25594257.83431561    -8350394.23016629    -9695426.02432408 
  -40439653.1993764    -26590886.01806564]
[-17644444.25761314    -4479764.20926712  -14975926.97761284 
      -819379.12093992  -18133873.37425929        499440.64906529 
      8504033.54762509  -10075390.12092548    -3295344.70367502 
      3818407.02237293    -3946544.9472654        2605848.17177111 
      6291719.57476851  -11577872.96510511    12363388.78277273 
      7430356.07165346        649581.22980985      7839727.2264445 
    -4843394.29737806    -2039212.59146249    -4383965.45983709 
      7855035.28489301    -2296374.44313619      3273438.59898503 
      9278736.6810473      11473858.04964044    -1252849.98108562 
      -128962.81094465    15313024.53111756    12023673.25215887 
      -227736.17155648    20588303.81863631]
[17818108.66725264  30511980.14810599  38716070.23772621  32347250.94618321 
  26718947.29759685  34409660.32514466  25322204.03184422  28051637.17295805 
  29032182.45515445  22549518.43563259  25495089.15343408  22256169.14581122 
  23609530.80073771  21901058.9924705    17343618.55535667      717107.26991762 
  21221022.58399986  22424032.78717249  20653096.19663874    6974242.97280121 
  -3983307.45721122  23796313.25145864    5739700.95034505  17135714.87583885 
  11137173.16073705  -5534500.39037614    4663552.94114148    8240075.78754118 
  14116205.66002447  -6139688.45609939  18749981.70314908  21296266.55950833]
[-17644444.25761314    -4479764.20926712  -14975926.97761284 
      -819379.12093992  -18133873.37425929        499440.64906529 
      8504033.54762509  -10075390.12092548    -3295344.70367502 
      3818407.02237293    -3946544.9472654        2605848.17177111 
      6291719.57476851  -11577872.96510511    12363388.78277273 
      7430356.07165346        649581.22980985      7839727.2264445 
    -4843394.29737806    -2039212.59146249    -4383965.45983709 
      7855035.28489301    -2296374.44313619      3273438.59898503 
      9278736.6810473      11473858.04964044    -1252849.98108562 
      -128962.81094465    15313024.53111756    12023673.25215887 
      -227736.17155648    20588303.81863631]
[-1.06959196e+08  -9.56196219e+07  -1.01695965e+08  -9.78834933e+07 
  -1.07971774e+08  -9.03741744e+07  -1.13586225e+08  -1.15165728e+08 
  -1.04432733e+08  -9.84308114e+07  -1.16993313e+08  -1.22600370e+08 
  -1.13489169e+08  -1.04628941e+08  -8.84348281e+07  -1.19825314e+08 
  -1.44258778e+08  -1.06965764e+08  -1.21594120e+08  -8.65059164e+07 
  -1.19715740e+08  -1.37624196e+08  -1.28939365e+08  -1.25574033e+08 
  -9.64718788e+07  -1.06835242e+08  -1.41209264e+08  -1.38310949e+08 
  -1.25549597e+08  -1.20140380e+08  -1.45684328e+08  -1.49301683e+08]
increment_70
[-14682713.24016664      8569670.0341935        3642198.44927301 
    11041191.91994938        992689.30418208    20593941.91199743 
      -678728.03512126    -1679561.11957998      6035938.8621459 
      7196191.78230723        804435.66934266  -10881730.31338015 
    -4597336.29519873      4832115.96845664    14114394.49797998 
  -21658750.13092861  -26137982.60412366        449078.47046082 
  -16009151.17904437      6596481.31780262  -28995543.86100652 
  -19917175.54494754  -31936692.66449256  -18664049.72480307 
      5036301.37530316  -21186236.016499      -35577979.08929792 
  -39567370.052637      -23008903.02126396  -30375430.17730685 
  -32252883.34938865  -34815821.06083953]
[  6993964.14038167  21977116.18823437  12539200.77050272  24159158.18770987 
    7556316.91535593  25978590.84296659  27966629.41160233  20932581.63243538 
  24004758.79444625  18800036.59387773  24999054.48078975  24997701.93264011 
  27208663.99694973  19397857.67764201  28173467.42147885  32041486.32576407 
  27447475.98819415  27265687.69018708  23540173.87646602  25387938.93424142 
  28343393.17097101  28979215.28365494  27055304.18781216  27453057.363231 
  28307525.62484266  25904162.98965701  27946399.86974542  28448886.75624841 
  30236701.98164699  20557934.75202207  25731259.14242835  33083790.63678187]
[18607744.80656695  30536289.1332901    39256520.46627899  32511177.61474796 
  26983574.54510567  34679792.5148316    25594771.94341975  27897134.33542115 
  29028678.67249869  22953276.18303786  25799987.43648706  20794928.37614024 
  23104620.97789155  22883976.68840605  17624543.36335143    1818985.24446145 
  19677284.07402779  22029914.94512319  20186493.16612936    7120493.12699867 
  -3616000.24683966  23610171.74436547    5230841.6578265    15882475.72056353 
  12205656.62126257  -4615204.95170077    6758393.4790799      6685049.99266627 
  13419893.11635057  -4511132.84012933  18481972.53660329  21023495.0085403  ]
[  6993964.14038167  21977116.18823437  12539200.77050272  24159158.18770987 
    7556316.91535593  25978590.84296659  27966629.41160233  20932581.63243538 
  24004758.79444625  18800036.59387773  24999054.48078975  24997701.93264011 
  27208663.99694973  19397857.67764201  28173467.42147885  32041486.32576407 
  27447475.98819415  27265687.69018708  23540173.87646602  25387938.93424142 
  28343393.17097101  28979215.28365494  27055304.18781216  27453057.363231 
  28307525.62484266  25904162.98965701  27946399.86974542  28448886.75624841 
  30236701.98164699  20557934.75202207  25731259.14242835  33083790.63678187]
[-32303068.61372099    -2828536.41634023  -20424572.37379332 
        858088.24481857  -33571355.2935404      10387998.52257467 
    -5011308.33565439  -22112843.823999        -8968003.42896278 
    -2506809.2077843    -16867036.52547174  -16047298.41967941 
    -7355094.70205757  -13040328.40916205    23706795.87649236 
        487877.47692542  -34185281.68437276        975957.87952394 
  -23359010.30252605    20062181.12923487    -7849747.88319569 
  -24354490.78987359  -17210792.9406161    -15388815.37506445 
    16049121.7315341        9570848.28917113  -30413244.80264177 
  -21999404.99648825    -9032044.25110676  -11688433.0762487 
  -40208779.46115682  -24991092.36761506]
[-17525716.0233207      -4283065.25521564  -15200302.14416723 
      -126690.23877121  -18376016.41504899      1972915.75630957 
      8822587.84366914  -10170471.31891904    -2819938.1775292 
      4302895.0284219      -3524500.88740424      4074533.51782918 
      6224233.46970853  -12189063.048247        13054552.14129479 
      8301980.79396878        609454.56870542      8957061.13728255 
    -4426893.8828053      -1615819.37555769    -4677001.42060894 
      9064266.87047006    -2932157.98490394      4462118.16560198 
    10016148.82758829    13891478.96834319    -2125646.95039691 
        801773.82096474    14852383.94051266    13873794.42280666 
      -142949.4920911      22883113.67657316]
[18607744.80656695  30536289.1332901    39256520.46627899  32511177.61474796 
  26983574.54510567  34679792.5148316    25594771.94341975  27897134.33542115 
  29028678.67249869  22953276.18303786  25799987.43648706  20794928.37614024 
  23104620.97789155  22883976.68840605  17624543.36335143    1818985.24446145 
  19677284.07402779  22029914.94512319  20186493.16612936    7120493.12699867 
  -3616000.24683966  23610171.74436547    5230841.6578265    15882475.72056353 
  12205656.62126257  -4615204.95170077    6758393.4790799      6685049.99266627 
  13419893.11635057  -4511132.84012933  18481972.53660329  21023495.0085403  ]
[-17525716.0233207      -4283065.25521564  -15200302.14416723 
      -126690.23877121  -18376016.41504899      1972915.75630957 
      8822587.84366914  -10170471.31891904    -2819938.1775292 
      4302895.0284219      -3524500.88740424      4074533.51782918 
      6224233.46970853  -12189063.048247        13054552.14129479 
      8301980.79396878        609454.56870542      8957061.13728255 
    -4426893.8828053      -1615819.37555769    -4677001.42060894 
      9064266.87047006    -2932157.98490394      4462118.16560198 
    10016148.82758829    13891478.96834319    -2125646.95039691 
        801773.82096474    14852383.94051266    13873794.42280666 
      -142949.4920911      22883113.67657316]
[-1.07701247e+08  -9.70503950e+07  -1.02701375e+08  -9.71628931e+07 
  -1.09641539e+08  -8.99720718e+07  -1.15282317e+08  -1.15510596e+08 
  -1.05975452e+08  -1.00012681e+08  -1.19796160e+08  -1.22240368e+08 
  -1.15468781e+08  -1.04787488e+08  -9.00978608e+07  -1.23506461e+08 
  -1.45228635e+08  -1.08481665e+08  -1.23600959e+08  -8.91769625e+07 
  -1.25009352e+08  -1.38245537e+08  -1.29507780e+08  -1.26757974e+08 
  -9.96937452e+07  -1.09077889e+08  -1.44755185e+08  -1.38176001e+08 
  -1.28040158e+08  -1.23674623e+08  -1.47240258e+08  -1.52440628e+08]
increment_80
[-14012071.82006105      7735457.95265255      3946161.42927166 
    12865621.43806931      1085698.42845207    22013290.49603932 
      -189204.27128194      -623171.70147448      6407611.59014812 
      7469430.76208881        -69404.13350655  -10098693.26910387 
    -4936147.8321365        7025570.22503104    14081868.43285903 
  -22975332.35409342  -27059661.62136682        481477.97618432 
  -16692054.00152234      5479042.67356419  -32157871.79336317 
  -19418366.33856353  -31931002.38233087  -18985610.54731244 
      4249623.60508752  -20521973.75237786  -35064389.19800382 
  -39768480.91275059  -23888328.37418494  -30161727.94898843 
  -31793214.83526423  -36658436.46768616]
[  6423045.58798021  22607757.96866914  12113615.15036275  24928933.18309175 
    6904647.77349114  26922363.66006291  28496847.20339713  21116138.31248179 
  24817587.01574068  20069833.82044338  25460852.68753777  26117829.998388 
  27548892.35139376  19259933.68471728  28877306.41068807  32656142.87110919 
  27766875.18847184  28299977.28152558  24091058.47301878  25890905.58077831 
  28393622.41211179  29429224.44799639  27217675.34399083  28422322.54053047 
  29106827.80337541  26921270.66762882  27414137.90686821  29189225.53998277 
  30463412.71491116  21170063.6621251    26036457.81508145  33994088.87776306]
[19439161.17643741  30491228.13158522  39807264.00230043  32716763.68175031 
  27095723.41615082  34937937.33863749  25757262.56727388  27649319.81234416 
  28951401.40992723  23192758.64721088  25996873.9169108    19200894.82285872 
  22863511.4334471    23481687.80670517  17858192.90920641    2796232.10337611 
  17751101.73998253  21631780.68562887  19652188.91041549    7269552.38600648 
  -3039890.33590045  23325963.87631139    4522475.90075303  14497540.34639457 
  12804654.90693103  -3506170.66006171    8725060.71795273    4973618.50860659 
  12643364.60072153  -2510739.20261388  18229123.01851824  21067022.94871864]
[  6423045.58798021  22607757.96866914  12113615.15036275  24928933.18309175 
    6904647.77349114  26922363.66006291  28496847.20339713  21116138.31248179 
  24817587.01574068  20069833.82044338  25460852.68753777  26117829.998388 
  27548892.35139376  19259933.68471728  28877306.41068807  32656142.87110919 
  27766875.18847184  28299977.28152558  24091058.47301878  25890905.58077831 
  28393622.41211179  29429224.44799639  27217675.34399083  28422322.54053047 
  29106827.80337541  26921270.66762882  27414137.90686821  29189225.53998277 
  30463412.71491116  21170063.6621251    26036457.81508145  33994088.87776306]
[-32635793.54141955    -2800253.25680789  -20281432.93272777 
      3560134.90471119  -34321921.32700194    13453901.51546349 
    -4034077.21919977  -21125360.71555216    -8023916.33004714 
    -1193070.68872127  -17272883.26316882  -11952120.2252119 
    -7457442.90079253  -12404261.75376671    23946865.52781441 
    -1120823.38686691  -31932834.87828502      2393837.30375857 
  -22880282.42471365    19622584.58431746  -12520365.89965548 
  -21742893.50705883  -16341754.85294291  -12949256.3409898 
    15179338.00339671      8763414.028414      -33739233.00520851 
  -18102407.71903957    -9504682.40414134  -13667998.48256786 
  -40003024.91528299  -24221106.80627742]
[-17443252.72822604    -3961487.21382308  -15361028.14224396 
        608620.77313307  -18579683.34040288      3399040.90655441 
      9035928.13352614  -10215992.11076724    -2276904.4003033 
      4891491.81870195    -3138855.4032715        5343383.85579207 
      6116862.53767488  -12610667.06083816    13436206.96555252 
      9379954.95008561        143111.76024077    10123199.71905028 
    -4018739.24453561    -1131152.30175049    -5159731.12233945 
    10246563.7942193      -3659416.37357819      5400963.42727478 
    10808990.71671648    15185858.70654707    -3075999.10985572 
      1845604.98382907    14138342.87952592    15190750.15739671 
      -178815.72098581    23959371.73599158]
[19439161.17643741  30491228.13158522  39807264.00230043  32716763.68175031 
  27095723.41615082  34937937.33863749  25757262.56727388  27649319.81234416 
  28951401.40992723  23192758.64721088  25996873.9169108    19200894.82285872 
  22863511.4334471    23481687.80670517  17858192.90920641    2796232.10337611 
  17751101.73998253  21631780.68562887  19652188.91041549    7269552.38600648 
  -3039890.33590045  23325963.87631139    4522475.90075303  14497540.34639457 
  12804654.90693103  -3506170.66006171    8725060.71795273    4973618.50860659 
  12643364.60072153  -2510739.20261388  18229123.01851824  21067022.94871864]
[-17443252.72822604    -3961487.21382308  -15361028.14224396 
        608620.77313307  -18579683.34040288      3399040.90655441 
      9035928.13352614  -10215992.11076724    -2276904.4003033 
      4891491.81870195    -3138855.4032715        5343383.85579207 
      6116862.53767488  -12610667.06083816    13436206.96555252 
      9379954.95008561        143111.76024077    10123199.71905028 
    -4018739.24453561    -1131152.30175049    -5159731.12233945 
    10246563.7942193      -3659416.37357819      5400963.42727478 
    10808990.71671648    15185858.70654707    -3075999.10985572 
      1845604.98382907    14138342.87952592    15190750.15739671 
      -178815.72098581    23959371.73599158]
[-1.08312626e+08  -9.85484017e+07  -1.03529061e+08  -9.64155061e+07 
  -1.11396749e+08  -8.95176988e+07  -1.16354633e+08  -1.15979420e+08 
  -1.07275020e+08  -1.01381222e+08  -1.22347308e+08  -1.21604712e+08 
  -1.17450763e+08  -1.04708429e+08  -9.18671224e+07  -1.27348791e+08 
  -1.45588426e+08  -1.10122980e+08  -1.25237480e+08  -9.13433741e+07 
  -1.30691241e+08  -1.38347239e+08  -1.30123386e+08  -1.27813955e+08 
  -1.02720276e+08  -1.11824394e+08  -1.48219526e+08  -1.37861503e+08 
  -1.30087959e+08  -1.27310869e+08  -1.48640518e+08  -1.55349523e+08]
increment_90
[-13088390.3586496        6810362.45652175      4375696.40572784 
    14703070.49624449        855363.28140805    23415671.95151893 
        598119.65099302        336260.32103652      6750944.82941905 
      7844257.44105423      -817711.61253777    -9454056.81653306 
    -5110220.39264847      8942177.02680538    13875810.28750741 
  -24388713.96038185  -28072718.24783176        553292.23737917 
  -17368613.4848072        4672344.29218293  -35005665.92103255 
  -18874747.582637      -32103718.43872977  -19363689.4895279 
      3281619.77414081  -19977275.59912841  -34900431.57214847 
  -39760247.56985675  -24603496.74031189  -29139627.1425859 
  -31351834.71258827  -38622712.48217066]
[  5761683.83470182  23257232.92761719  11791437.50594861  25738859.20422173 
    6217473.31722245  27811895.44353447  28948143.49296387  21369315.6958488 
  25545340.52660113  21535352.7097574    25892630.20432665  27324950.55750693 
  27819600.02373698  19206810.14068618  29489895.84670252  33200390.78736559 
  28063775.6282628    29283857.65216751  24632296.55712522  26327319.57217764 
  28354018.73906757  29854968.49361497  27322028.62462787  29340382.42861504 
  29870714.42173803  28102553.28350107  26962033.12172697  29853420.27422864 
  30679600.03379714  21667321.04463794  26361701.66609144  34660442.3769231  ]
[20403444.63885841  30402886.42339449  40457050.13523431  32935491.81220465 
  27050481.99578794  35211815.08872743  25868010.79993895  27312068.08831935 
  28811390.26888505  23354787.28872553  26122488.09599893  17539019.81621516 
  22791242.28170583  23857490.96658885  18166972.36986069    3611513.23573393 
  15728625.13301418  21226562.5796766    19056369.03831326    7638546.47271585 
  -2239911.95442271  22919641.51229784    3817216.97825489  12989061.00601338 
  13328818.61792258  -2228395.63519789  10404472.17433103    3442345.97299372 
  11745644.87373203      -48822.63453747  17988639.96062434  21288210.04489522]
[  5761683.83470182  23257232.92761719  11791437.50594861  25738859.20422173 
    6217473.31722245  27811895.44353447  28948143.49296387  21369315.6958488 
  25545340.52660113  21535352.7097574    25892630.20432665  27324950.55750693 
  27819600.02373698  19206810.14068618  29489895.84670252  33200390.78736559 
  28063775.6282628    29283857.65216751  24632296.55712522  26327319.57217764 
  28354018.73906757  29854968.49361497  27322028.62462787  29340382.42861504 
  29870714.42173803  28102553.28350107  26962033.12172697  29853420.27422864 
  30679600.03379714  21667321.04463794  26361701.66609144  34660442.3769231  ]
[-33061709.38631139    -2734473.07345725  -19861875.88874584 
      6308146.84731447  -35516940.90239805    16398249.3566746 
    -2777565.93764979  -20206529.46430595    -7071507.51177393 
        455565.86682058  -17495556.41313875    -7863360.05540633 
    -7568832.17491152  -11724145.82659398    23694348.42434795 
    -2437207.40677235  -29618237.59230585      3791894.40901025 
  -22271055.25441911    19118263.01534042  -17312061.17140184 
  -19308709.8907342    -15569933.91662888  -10426226.40996496 
    14202837.07587927      7480596.66497316  -36758887.06380841 
  -14356661.21715039    -9632776.84312588  -15697898.54876735 
  -39780058.0928093    -24069192.0372445  ]
[-17398848.12254335    -3559734.1505458    -15401744.07834515 
      1409612.92140487  -18774337.84415764      4649157.61960063 
      9165572.37893221  -10191293.43833896    -1807688.9168412 
      5620890.1790876      -2863688.36664391      6435602.29064795 
      5994966.8115059    -12896707.26627612    13426033.79701603 
    10405927.98909002      -528825.95541463    11154549.72324232 
    -3542753.68717978      -723382.30484806    -5729957.7323034 
    11147953.75082236    -4353061.79355638      6026503.67420532 
    11702983.64874491    15888522.9285666      -3842605.18782276 
      2749420.96171766    13321958.41233666    16284005.24484604 
      -319850.56698899    24403177.48005292]
[20403444.63885841  30402886.42339449  40457050.13523431  32935491.81220465 
  27050481.99578794  35211815.08872743  25868010.79993895  27312068.08831935 
  28811390.26888505  23354787.28872553  26122488.09599893  17539019.81621516 
  22791242.28170583  23857490.96658885  18166972.36986069    3611513.23573393 
  15728625.13301418  21226562.5796766    19056369.03831326    7638546.47271585 
  -2239911.95442271  22919641.51229784    3817216.97825489  12989061.00601338 
  13328818.61792258  -2228395.63519789  10404472.17433103    3442345.97299372 
  11745644.87373203      -48822.63453747  17988639.96062434  21288210.04489522]
[-17398848.12254335    -3559734.1505458    -15401744.07834515 
      1409612.92140487  -18774337.84415764      4649157.61960063 
      9165572.37893221  -10191293.43833896    -1807688.9168412 
      5620890.1790876      -2863688.36664391      6435602.29064795 
      5994966.8115059    -12896707.26627612    13426033.79701603 
    10405927.98909002      -528825.95541463    11154549.72324232 
    -3542753.68717978      -723382.30484806    -5729957.7323034 
    11147953.75082236    -4353061.79355638      6026503.67420532 
    11702983.64874491    15888522.9285666      -3842605.18782276 
      2749420.96171766    13321958.41233666    16284005.24484604 
      -319850.56698899    24403177.48005292]
[-1.08830263e+08  -1.00078485e+08  -1.04220498e+08  -9.56807488e+07 
  -1.13531457e+08  -8.90388043e+07  -1.16986741e+08  -1.16561076e+08 
  -1.08466013e+08  -1.02674831e+08  -1.24520155e+08  -1.21028268e+08 
  -1.19250349e+08  -1.04799781e+08  -9.38212185e+07  -1.30889655e+08 
  -1.45731834e+08  -1.11675618e+08  -1.26751253e+08  -9.33467242e+07 
  -1.36259467e+08  -1.38325522e+08  -1.30759363e+08  -1.28635762e+08 
  -1.05881509e+08  -1.15053091e+08  -1.51553942e+08  -1.37438993e+08 
  -1.31728839e+08  -1.30715013e+08  -1.49942532e+08  -1.58280840e+08]
increment_100
[-11855075.1559068        5840209.88010296      4724170.77856743 
    16531043.46227265        257001.0855879      24745926.66137775 
      1395685.56708189      1157842.4782125        6846545.65742253 
      8268846.27879099    -1392504.71350437    -9131707.53731308 
    -5057017.74326176    10387763.90686629    13500602.96638494 
  -25311696.48691318  -28972582.03984739        597172.36651744 
  -18187110.15806477      3966904.1703105    -37397428.10192283 
  -18557516.8139881    -32026757.66755468  -19469717.33770179 
      2157219.51608919  -19391363.82900009  -34989379.80945794 
  -39552806.53042182  -25325512.26142836  -27307826.30847045 
  -30774304.87555551  -40863986.45212712]
[  5108896.81551378  23871201.16104449  11592760.95359695  26587557.8814494 
    5535059.06916668  28621190.71983694  29369015.78882112  21715138.47430103 
  26234944.35868422  23250285.74458998  26300537.63094199  28503620.47269325 
  28050224.64035033  19201784.3453445    30035786.37590116  33587651.07265349 
  28312921.0371188    30202722.8153353    25169957.16723561  26697988.04509954 
  28351315.25825571  30203293.17399815  27339807.86310188  30162512.37268619 
  30549297.72499949  29483301.62177774  26634962.39704605  30420745.43253733 
  30882192.51916885  21806734.66715941  26709109.62321348  35247644.12759835]
[21504033.02902784  30329727.78180153  41286395.81061351  33146949.4348153 
  26862748.57496574  35522671.65948498  25934775.18292726  26829275.82887932 
  28602660.23831793  23544912.16211769  26137683.19479514  15839888.6158048 
  22813556.0596572    24130775.81923133  18446588.99676947    4463658.19783449 
  13970235.08074814  20745840.91473425  18401827.27092254    8239452.76519766 
  -1368391.76082951  22407194.11649425    3395197.30727498  11595411.89995503 
  13943429.41461358    -805328.99076156  11848822.28888323    2122944.16011347 
  10804926.63847158    2989564.28903289  17836698.30705076  21576606.46258351]
[  5108896.81551378  23871201.16104449  11592760.95359695  26587557.8814494 
    5535059.06916668  28621190.71983694  29369015.78882112  21715138.47430103 
  26234944.35868422  23250285.74458998  26300537.63094199  28503620.47269325 
  28050224.64035033  19201784.3453445    30035786.37590116  33587651.07265349 
  28312921.0371188    30202722.8153353    25169957.16723561  26697988.04509954 
  28351315.25825571  30203293.17399815  27339807.86310188  30162512.37268619 
  30549297.72499949  29483301.62177774  26634962.39704605  30420745.43253733 
  30882192.51916885  21806734.66715941  26709109.62321348  35247644.12759835]
[-33691426.67590075    -2669614.06845087  -19080200.97405962 
      9125691.54893742  -37145246.09473418    19118300.06012206 
    -1458405.02903801  -19199863.50855768    -6316931.81493493 
      2360216.90420171  -17572433.19070609    -4064930.43068255 
    -7545631.85073452  -11400819.7912545      23197831.34375859 
    -3403136.49595579  -27516981.4439953        5145620.43980417 
  -21700159.56029603    18328464.86659193  -21723850.61887619 
  -17385363.08488908  -14899399.78909501    -7831569.69058117 
    12896187.56145679      6167458.19859832  -39399039.64668334 
  -10999758.42404804    -9631550.28305764  -18057491.99895624 
  -39302975.96414822  -24291024.51453643]
[-17428024.22614445    -3176403.38983675  -15232384.27249552 
      2294056.91104521  -18926163.5688339        5631491.43842567 
      9357797.97566681  -10040904.80599638    -1387932.18951679 
      6404686.73219396    -2713213.0179231        7387986.42264022 
      5905074.72493362  -13117249.84708497    13154811.2963898 
    11089765.27284677    -1243357.47770038    12017903.74083291 
    -2924266.74131796      -373916.5865341      -6191147.30681233 
    11588154.38882319    -4991066.51036045      6363025.28452703 
    12672435.02290771    16427829.29810833    -4348786.17578982 
      3383807.06789563    12444154.66889632    17548466.33345703 
      -514379.96209604    24638134.98212325]
[21504033.02902784  30329727.78180153  41286395.81061351  33146949.4348153 
  26862748.57496574  35522671.65948498  25934775.18292726  26829275.82887932 
  28602660.23831793  23544912.16211769  26137683.19479514  15839888.6158048 
  22813556.0596572    24130775.81923133  18446588.99676947    4463658.19783449 
  13970235.08074814  20745840.91473425  18401827.27092254    8239452.76519766 
  -1368391.76082951  22407194.11649425    3395197.30727498  11595411.89995503 
  13943429.41461358    -805328.99076156  11848822.28888323    2122944.16011347 
  10804926.63847158    2989564.28903289  17836698.30705076  21576606.46258351]
[-17428024.22614445    -3176403.38983675  -15232384.27249552 
      2294056.91104521  -18926163.5688339        5631491.43842567 
      9357797.97566681  -10040904.80599638    -1387932.18951679 
      6404686.73219396    -2713213.0179231        7387986.42264022 
      5905074.72493362  -13117249.84708497    13154811.2963898 
    11089765.27284677    -1243357.47770038    12017903.74083291 
    -2924266.74131796      -373916.5865341      -6191147.30681233 
    11588154.38882319    -4991066.51036045      6363025.28452703 
    12672435.02290771    16427829.29810833    -4348786.17578982 
      3383807.06789563    12444154.66889632    17548466.33345703 
      -514379.96209604    24638134.98212325]
[-1.09328972e+08  -1.01585462e+08  -1.04829445e+08  -9.49637613e+07 
  -1.16112082e+08  -8.85504644e+07  -1.17504170e+08  -1.17196106e+08 
  -1.09799329e+08  -1.04002985e+08  -1.26349154e+08  -1.20673206e+08 
  -1.20788279e+08  -1.05334171e+08  -9.58373505e+07  -1.33775912e+08 
  -1.45836837e+08  -1.13151257e+08  -1.28341103e+08  -9.54057250e+07 
  -1.41458082e+08  -1.38442304e+08  -1.31259766e+08  -1.29084407e+08 
  -1.09275670e+08  -1.18537241e+08  -1.54724635e+08  -1.37020550e+08 
  -1.33178921e+08  -1.33973924e+08  -1.50966702e+08  -1.61350195e+08]
increment_110
[-10335725.04810157      4653266.78709142      4949444.55884757 
    18299161.41907053      -366203.1626968      26050378.37561347 
      1922104.09879352      1851402.7785739        6631945.42235167 
      8642291.18836004    -1917230.89904483    -8982546.09134856 
    -4832617.52386121    11381409.34530894    13164961.39709598 
  -25701966.99929606  -29548817.11201695        346476.99178504 
  -19115030.99509491      3274170.28782097  -39339440.77767549 
  -18416654.68189676  -31563238.0070924    -19108006.32482478 
        908022.12583437  -18787311.37438841  -35056497.81289136 
  -39254825.43062466  -25971255.26723211  -25332618.23598731 
  -30255051.99435667  -43295151.85297628]
[  4479716.5216268    24420534.72795745  11438348.08601727  27447276.92466449 
    4919913.39260893  29347530.59694914  29818878.10684057  22167180.35895655 
  26902794.29932502  25066581.92678404  26693873.33692826  29625036.07378436 
  28311055.23727662  19248009.23932601  30549326.87374413  33829761.23605117 
  28525549.96328249  31063226.02706656  25713058.31027148  27043247.44414728 
  28416917.90317921  30480712.49999334  27308895.60869986  30860427.68935975 
  31213068.08561404  30775200.36904109  26413250.28165887  30898340.49143337 
  31066408.7152783    22093651.53565199  27121937.12365196  35637401.70085183]
[22782920.71497862  30348737.31081747  42285366.94180819  33361955.66177906 
  26604423.52503757  35848357.38958372  25931371.15637868  26199880.75992637 
  28378188.31485779  23787607.42274515  26001575.5823021    14120668.18241925 
  22897890.99316986  24341481.05180529  18591876.57433301    5409826.55229322 
  12608268.86232556  20120063.89634566  17730050.99755643    8948274.20739296 
    -561583.61129835  21886760.37490813    3256019.53354192  10491711.23913898 
  14533420.00115688      506152.56652971  13129168.45835352    1006269.87039944 
    9953769.8420552      6057866.69020421  17729699.83490658  21987733.63609258]
[  4479716.5216268    24420534.72795745  11438348.08601727  27447276.92466449 
    4919913.39260893  29347530.59694914  29818878.10684057  22167180.35895655 
  26902794.29932502  25066581.92678404  26693873.33692826  29625036.07378436 
  28311055.23727662  19248009.23932601  30549326.87374413  33829761.23605117 
  28525549.96328249  31063226.02706656  25713058.31027148  27043247.44414728 
  28416917.90317921  30480712.49999334  27308895.60869986  30860427.68935975 
  31213068.08561404  30775200.36904109  26413250.28165887  30898340.49143337 
  31066408.7152783    22093651.53565199  27121937.12365196  35637401.70085183]
[-34586887.63586746    -2833543.08546065  -17961231.79267838 
    11867932.98201412  -38723165.91533161    21738651.20817626 
      -164301.39386564  -17989747.82912371    -5764330.97563262 
      4212499.44652617  -17589589.00628544      -414206.24711387 
    -7282159.69461751  -11437155.35211398    22978120.10620493 
    -4052195.60658        -25619773.58481271      6356407.29249152 
  -21163043.01049275    17415264.17229548  -25428561.81237052 
  -15927004.38908617  -14234457.12088276    -5174214.61172037 
    11538266.59314985      4861175.12547061  -41808801.69622755 
    -8001093.82057913    -9580664.32033007  -20152989.97383754 
  -38555446.28907086  -24944692.06960237]
[-1.75681753e+07  -2.89723315e+06  -1.48789089e+07    3.17149830e+06 
  -1.89846888e+07    6.40259953e+06    9.81118611e+06  -9.76531505e+06 
  -9.74674029e+05    7.12093365e+06  -2.64939753e+06    8.26730364e+06 
    5.97936006e+06  -1.33186874e+07    1.28243830e+07    1.15205176e+07 
  -1.92669635e+06    1.27869508e+07  -2.13823632e+06    6.87938712e+02 
  -6.49329789e+06    1.16489044e+07  -5.52758330e+06    6.50155102e+06 
    1.37574803e+07    1.68058110e+07  -4.84572051e+06    3.89784878e+06 
    1.15618390e+07    1.87437217e+07  -6.84011915e+05    2.44970601e+07]
[22782920.71497862  30348737.31081747  42285366.94180819  33361955.66177906 
  26604423.52503757  35848357.38958372  25931371.15637868  26199880.75992637 
  28378188.31485779  23787607.42274515  26001575.5823021    14120668.18241925 
  22897890.99316986  24341481.05180529  18591876.57433301    5409826.55229322 
  12608268.86232556  20120063.89634566  17730050.99755643    8948274.20739296 
    -561583.61129835  21886760.37490813    3256019.53354192  10491711.23913898 
  14533420.00115688      506152.56652971  13129168.45835352    1006269.87039944 
    9953769.8420552      6057866.69020421  17729699.83490658  21987733.63609258]
[-1.75681753e+07  -2.89723315e+06  -1.48789089e+07    3.17149830e+06 
  -1.89846888e+07    6.40259953e+06    9.81118611e+06  -9.76531505e+06 
  -9.74674029e+05    7.12093365e+06  -2.64939753e+06    8.26730364e+06 
    5.97936006e+06  -1.33186874e+07    1.28243830e+07    1.15205176e+07 
  -1.92669635e+06    1.27869508e+07  -2.13823632e+06    6.87938712e+02 
  -6.49329789e+06    1.16489044e+07  -5.52758330e+06    6.50155102e+06 
    1.37574803e+07    1.68058110e+07  -4.84572051e+06    3.89784878e+06 
    1.15618390e+07    1.87437217e+07  -6.84011915e+05    2.44970601e+07]
[-1.09805590e+08  -1.03216482e+08  -1.05320634e+08  -9.43297026e+07 
  -1.18770039e+08  -8.79604137e+07  -1.18169365e+08  -1.17797126e+08 
  -1.11324529e+08  -1.05435240e+08  -1.27975496e+08  -1.20386466e+08 
  -1.22103088e+08  -1.06278764e+08  -9.75822354e+07  -1.36046957e+08 
  -1.45871733e+08  -1.14725962e+08  -1.30016450e+08  -9.75011129e+07 
  -1.46084104e+08  -1.38717486e+08  -1.31558492e+08  -1.29101769e+08 
  -1.12766797e+08  -1.21970894e+08  -1.57673589e+08  -1.36677243e+08 
  -1.34483371e+08  -1.37261586e+08  -1.51806648e+08  -1.64432896e+08]
increment_120
[  -8657077.8372563        3141436.74422241      5171571.51428974 
    19956055.70757786      -615413.43809436    27344738.31339439 
      2079061.15394935      2445501.79408207      6250902.28042795 
      8929401.33463615    -2555249.76600014    -8840657.74175092 
    -4440115.55261792    11990525.37238182    13172660.18941398 
  -25888954.82941705  -29606806.40305827      -321298.71436868 
  -20050829.90969925      2645032.88198122  -40827421.8108201 
  -18105281.17757816  -30993083.46082873  -18180882.12440178 
      -460104.89157164  -18158702.89795735  -34864479.72020324 
  -38992155.14748158  -26198430.20841282  -24195812.26637025 
  -30055154.88817282  -45678836.64503497]
[  3874167.89071385  24930597.07820396  11217185.67866302  28291205.39642758 
    4425417.99395194  30010941.29555675  30314072.01961459  22724683.04010932 
  27514901.07353223  26778220.45115355  27068183.9508267    30678370.79935392 
  28675361.05310214  19359734.11085127  31052802.70018233  34001433.52522939 
  28693887.45894393  31866467.61311566  26275065.22118127  27387378.69546249 
  28552423.78496267  30728422.72032675  27296197.63734782  31418572.6156289 
  31950928.27263629  31544832.56535773  26310438.43484969  31283805.14805513 
  31246750.95309229  23375539.71223443  27690581.63212192  35514797.19095841]
[  2.42154627e+07    3.03925181e+07    4.33565256e+07    3.35579776e+07 
    2.63300289e+07    3.61134683e+07    2.58243285e+07    2.54273987e+07 
    2.81920505e+07    2.40105447e+07    2.56378812e+07    1.24212027e+07 
    2.29830649e+07    2.44523551e+07    1.85980621e+07    6.16074026e+06 
    1.17169165e+07    1.92331018e+07    1.71011768e+07    9.58625273e+06 
  -2.44033601e+04    2.15338089e+07    3.12877148e+06    9.75664604e+06 
    1.49156095e+07    1.39110929e+06    1.41294866e+07    5.38989255e+04 
    9.28305142e+06    8.04399521e+06    1.76327064e+07    2.26949007e+07]
[  3874167.89071385  24930597.07820396  11217185.67866302  28291205.39642758 
    4425417.99395194  30010941.29555675  30314072.01961459  22724683.04010932 
  27514901.07353223  26778220.45115355  27068183.9508267    30678370.79935392 
  28675361.05310214  19359734.11085127  31052802.70018233  34001433.52522939 
  28693887.45894393  31866467.61311566  26275065.22118127  27387378.69546249 
  28552423.78496267  30728422.72032675  27296197.63734782  31418572.6156289 
  31950928.27263629  31544832.56535773  26310438.43484969  31283805.14805513 
  31246750.95309229  23375539.71223443  27690581.63212192  35514797.19095841]
[-35549975.15435755    -3214747.60986585  -16763803.71161261 
    14387013.99292514  -39835836.92364103    24494957.59378913 
      1176649.43898868  -16523594.03357882    -5371306.20118466 
      5850886.39627688  -17560059.19355093      3233709.94922604 
    -6625794.50989967  -11673193.4700899      23382174.24741638 
    -4209357.62962495  -23914613.71128471      7504954.41341442 
  -20577298.09460255    16628274.77859279  -28024542.40875059 
  -14690236.73869365  -13428093.96620566    -2489044.41356888 
    10514673.54373987      3320655.55109281  -43875200.27594778 
    -5280396.0173106      -9331479.35132733  -20766951.53905055 
  -37671517.6397743    -26135647.22460985]
[-17767642.59717485    -2686671.87370657  -14489925.94272185 
      3959915.06561084  -18949954.44838145      7169359.27308256 
    10647686.6326169      -9380277.23153848      -646851.80290112 
      7772827.74500744    -2636907.40564496      9097842.27321539 
      6300488.16068343  -13490177.53435053    12500070.98466842 
    11813673.85587806    -2632196.4110377      13482327.12674252 
    -1175206.12339909        349086.08124803    -6699076.06969081 
    11524097.26708317    -5935702.37127524      6463167.43569912 
    14986993.2679428      16590853.38568851    -5536555.65471636 
      4392446.27011968    10675222.43433445    18981275.32923025 
      -643422.13139091    23545476.78102069]
[  2.42154627e+07    3.03925181e+07    4.33565256e+07    3.35579776e+07 
    2.63300289e+07    3.61134683e+07    2.58243285e+07    2.54273987e+07 
    2.81920505e+07    2.40105447e+07    2.56378812e+07    1.24212027e+07 
    2.29830649e+07    2.44523551e+07    1.85980621e+07    6.16074026e+06 
    1.17169165e+07    1.92331018e+07    1.71011768e+07    9.58625273e+06 
  -2.44033601e+04    2.15338089e+07    3.12877148e+06    9.75664604e+06 
    1.49156095e+07    1.39110929e+06    1.41294866e+07    5.38989255e+04 
    9.28305142e+06    8.04399521e+06    1.76327064e+07    2.26949007e+07]
[-17767642.59717485    -2686671.87370657  -14489925.94272185 
      3959915.06561084  -18949954.44838145      7169359.27308256 
    10647686.6326169      -9380277.23153848      -646851.80290112 
      7772827.74500744    -2636907.40564496      9097842.27321539 
      6300488.16068343  -13490177.53435053    12500070.98466842 
    11813673.85587806    -2632196.4110377      13482327.12674252 
    -1175206.12339909        349086.08124803    -6699076.06969081 
    11524097.26708317    -5935702.37127524      6463167.43569912 
    14986993.2679428      16590853.38568851    -5536555.65471636 
      4392446.27011968    10675222.43433445    18981275.32923025 
      -643422.13139091    23545476.78102069]
[-1.10189490e+08  -1.05027553e+08  -1.05689507e+08  -9.38501489e+07 
  -1.21113593e+08  -8.72170892e+07  -1.19027936e+08  -1.18309150e+08 
  -1.12913724e+08  -1.06901986e+08  -1.29489332e+08  -1.20019704e+08 
  -1.23184222e+08  -1.07516596e+08  -9.87606361e+07  -1.37750451e+08 
  -1.45762162e+08  -1.16391497e+08  -1.31712320e+08  -9.94633149e+07 
  -1.49806116e+08  -1.38992243e+08  -1.31712356e+08  -1.28680748e+08 
  -1.16166237e+08  -1.24943215e+08  -1.60196570e+08  -1.36429335e+08 
  -1.35456865e+08  -1.40443461e+08  -1.52748906e+08  -1.67126961e+08]
