inc
eps_11
eps_12
eps_13
eps_21
eps_22
eps_23
eps_31
eps_32
eps_33
increment_0
0.0
0.0
0.0
0.0
1.0854038623497674e-16
-1.6413048039286384e-17
0.0
-1.6413048039286384e-17
2.481916227538845e-18
increment_10
0.0065323774940469525
-0.007875829730901496
-0.005210775859328018
-0.007875829730901496
0.0013345041910711218
0.004177504861703958
-0.005210775859328018
0.0041775048617039585
-0.007866881685118204
increment_20
0.013331958209266838
-0.017125623477491355
-0.012128957182334355
-0.017125623477491355
0.0019944717468456837
0.009192232040250605
-0.012128957182334352
0.009192232040250603
-0.015326429956112489
increment_30
0.02005009842354982
-0.02632942260483165
-0.019455341501186302
-0.02632942260483165
0.002218173185149497
0.01463224426537912
-0.019455341501186302
0.01463224426537912
-0.02226827160869934
increment_40
0.026652586531489122
-0.03548581291729627
-0.027181799142901274
-0.03548581291729627
0.0020462656715983882
0.0204779279959104
-0.027181799142901274
0.0204779279959104
-0.0286988522030875
increment_50
0.03307786279539949
-0.04459334968477282
-0.03529350318206759
-0.04459334968477282
0.0015684622645133286
0.026714719466385078
-0.03529350318206759
0.02671471946638508
-0.03464632505991277
increment_60
0.03927727551512948
-0.05365771708396597
-0.043754712500613815
-0.05365771708396597
0.0008763730344808306
0.03333281852693105
-0.04375471250061381
0.03333281852693105
-0.040153648549610337
increment_70
0.04521018843635209
-0.06269794981946471
-0.05251722765210006
-0.06269794981946471
4.2268016831933236e-05
0.040327855504834205
-0.05251722765210006
0.04032785550483421
-0.04525245645318403
increment_80
0.05084782353467884
-0.07173430057403526
-0.06153491900470182
-0.07173430057403528
-0.000868862631396417
0.04769641687702056
-0.06153491900470182
0.04769641687702056
-0.049978960903282375
increment_90
0.05619301287685507
-0.08077848130501093
-0.0707668390930978
-0.08077848130501093
-0.0017926747306319262
0.05542754366847026
-0.0707668390930978
0.05542754366847024
-0.05440033814622313
increment_100
0.06126270251275709
-0.08984186384433283
-0.08018214243312106
-0.08984186384433283
-0.002687055838193665
0.0635009975769114
-0.08018214243312106
0.0635009975769114
-0.0585756466745634
increment_110
0.06608349825582256
-0.09893862570642564
-0.08976183079917363
-0.09893862570642566
-0.003546411054034925
0.0718967909813598
-0.08976183079917363
0.0718967909813598
-0.06253708720178756
increment_120
0.07068610949351584
-0.10808603631310496
-0.09948331086429968
-0.10808603631310497
-0.004380007373828911
0.08060199348683197
-0.09948331086429968
0.08060199348683197
-0.06630610211968689
