inc
eps_11
eps_12
eps_13
eps_21
eps_22
eps_23
eps_31
eps_32
eps_33
increment_0
0.0
0.0
0.0
0.0
1.2718538517315735e-16
-3.915632023973242e-17
0.0
-3.915632023973242e-17
2.058815222143895e-16
increment_10
0.00018530996168225036
-0.006218544482815057
-0.0068115007777081946
-0.006218544482815057
0.010136679710303
0.005086610987990059
-0.0068115007777081946
0.005086610987990059
-0.010321989671985297
increment_20
0.0004849484537816474
-0.01326048239322712
-0.014913517091631981
-0.01326048239322712
0.020959169999606276
0.01140827292073678
-0.014913517091631981
0.01140827292073678
-0.02144411845338789
increment_30
0.0005414043104846486
-0.02024302579244475
-0.023258497869101225
-0.02024302579244475
0.03180704660108947
0.0180324515148544
-0.023258497869101225
0.0180324515148544
-0.032348450911574234
increment_40
0.0003949480339728561
-0.027179417903400588
-0.0318347270889346
-0.02717941790340059
0.042616733526937095
0.02495555147645562
-0.0318347270889346
0.02495555147645562
-0.04301168156090997
increment_50
4.9040055908092044e-05
-0.03408214431663206
-0.040623828458451375
-0.03408214431663207
0.053340752754976226
0.03217426012327292
-0.040623828458451375
0.03217426012327292
-0.05338979281088433
increment_60
-0.0004881416836182628
-0.040967450991468146
-0.049599866174072374
-0.040967450991468146
0.06393831437373201
0.03968470605589991
-0.049599866174072374
0.03968470605589991
-0.06345017269011372
increment_70
-0.0011944662825164624
-0.04786119162369412
-0.05873871792425049
-0.04786119162369412
0.07438178229153904
0.047474160612400125
-0.05873871792425049
0.047474160612400125
-0.07318731600902251
increment_80
-0.00204429976096433
-0.05478107932614526
-0.06803284459701181
-0.05478107932614526
0.08465857590193832
0.05552804068592676
-0.06803284459701181
0.05552804068592676
-0.08261427614097398
increment_90
-0.0030161743581134572
-0.06173085989172784
-0.07748250468770412
-0.06173085989172784
0.09476453699851381
0.06383620613936114
-0.07748250468770412
0.06383620613936114
-0.09174836264040027
increment_100
-0.004103689901726698
-0.06871144018577001
-0.08709444737844502
-0.06871144018577
0.10470598620730764
0.07238426125894229
-0.08709444737844502
0.07238426125894229
-0.10060229630558111
increment_110
-0.005307304380458419
-0.0757228349711648
-0.09688106265720225
-0.0757228349711648
0.11450853522685062
0.081152066516122
-0.09688106265720225
0.081152066516122
-0.10920123084639219
increment_120
-0.006648659521203153
-0.08277159142347792
-0.10684267620410891
-0.08277159142347792
0.12420117029748284
0.09011732007784615
-0.10684267620410891
0.09011732007784615
-0.1175525107762797
