inc
eps_11
eps_12
eps_13
eps_21
eps_22
eps_23
eps_31
eps_32
eps_33
increment_0
9.142983182623329e-17
-1.470971591306918e-17
-5.1600011178071947e-17
-1.470971591306918e-17
-1.0537764871885963e-16
1.9800803631442985e-17
-5.1600011178071947e-17
1.9800803631442985e-17
-4.156333433863149e-17
increment_10
-0.006265637598365225
0.0028237577885336816
-0.00022442945434690654
0.002823757788533681
0.013753111296892592
-0.0023339308328876743
-0.00022442945434690664
-0.0023339308328876743
-0.007487473698527429
increment_20
-0.013400612304785078
0.0059014371229682725
-0.0008477293738517268
0.005901437122968272
0.029487463450465424
-0.004717134476858753
-0.0008477293738517268
-0.004717134476858753
-0.01608685114568043
increment_30
-0.020534126728872715
0.00891474485265333
-0.0014789900306183934
0.00891474485265333
0.045419447129227575
-0.006971265857169651
-0.0014789900306183938
-0.006971265857169651
-0.02488532040035487
increment_40
-0.02768379962417471
0.011828901463318128
-0.0020781659213065778
0.011828901463318128
0.06155320759229981
-0.009078805363946977
-0.0020781659213065778
-0.009078805363946977
-0.033869407968125195
increment_50
-0.034921678325297724
0.014600697172886435
-0.0026270144886854927
0.014600697172886434
0.07789156748073195
-0.011030602862256936
-0.0026270144886854927
-0.011030602862256936
-0.0429698891554342
increment_60
-0.042284665281620705
0.017192851533005604
-0.0030895129186131096
0.017192851533005604
0.09442914583453431
-0.012848824489286136
-0.0030895129186131096
-0.012848824489286136
-0.05214448055291361
increment_70
-0.04978026137203951
0.01958828344192613
-0.003440124107590146
0.01958828344192613
0.11115811741830928
-0.014567174969887544
-0.0034401241075901474
-0.014567174969887544
-0.06137785604626971
increment_80
-0.05741536764126366
0.021785145102697107
-0.0036709696808078923
0.021785145102697107
0.1280689654409579
-0.01622055186795685
-0.0036709696808078923
-0.01622055186795685
-0.07065359779969418
increment_90
-0.065200783072998
0.02379066802943477
-0.0037783930057159374
0.023790668029434775
0.14515196146847065
-0.017837422394969986
-0.003778393005715939
-0.017837422394969986
-0.07995117839547274
increment_100
-0.07315328476828796
0.02560844005555234
-0.0037775480632392267
0.02560844005555234
0.1624023074290261
-0.019424035052162985
-0.0037775480632392267
-0.019424035052162985
-0.08924902266073816
increment_110
-0.08127920631971192
0.027252012828158596
-0.003694469136009356
0.027252012828158593
0.17981628553873744
-0.020976095499089183
-0.0036944691360093576
-0.020976095499089183
-0.0985370792190255
increment_120
-0.08957220747573978
0.028742217135170445
-0.003529258945272266
0.028742217135170445
0.19739124221310245
-0.022486705354837343
-0.003529258945272268
-0.022486705354837343
-0.10781903473736264
