inc
eps_11
eps_12
eps_13
eps_21
eps_22
eps_23
eps_31
eps_32
eps_33
increment_0
0.0
0.0
0.0
0.0
-2.293950087730948e-16
-3.11322127702825e-16
0.0
-3.11322127702825e-16
7.350403848063632e-18
increment_10
-0.0007363803625366011
-0.005940319287719657
0.0012879620148786802
-0.005940319287719657
0.01202774820494997
-0.000228432090212678
0.0012879620148786802
-0.000228432090212678
-0.011291367842413358
increment_20
-0.0019440482469649104
-0.01257597265544925
0.0029670547631488052
-0.01257597265544925
0.025688099134773795
-0.0006341973595472477
0.0029670547631488052
-0.0006341973595472477
-0.02374405088780882
increment_30
-0.0033265808230562837
-0.0190855531247713
0.0049540284206134756
-0.0190855531247713
0.0395376277386368
-0.0011925305924367446
0.0049540284206134756
-0.0011925305924367446
-0.03621104691558059
increment_40
-0.004885842411592707
-0.025452738173215483
0.007263444920024295
-0.025452738173215483
0.05358312888988978
-0.0019313786764896398
0.007263444920024295
-0.0019313786764896398
-0.04869728647829707
increment_50
-0.006627278463756947
-0.03167346551959109
0.00986268918952868
-0.0316734655195911
0.06782596284282691
-0.002876036827389469
0.00986268918952868
-0.002876036827389469
-0.06119868437906999
increment_60
-0.008540716430379909
-0.03775189235317402
0.012704302293760095
-0.03775189235317402
0.08225512777631579
-0.0040401032340886284
0.012704302293760095
-0.004040103234088629
-0.07371441134593591
increment_70
-0.010617587874353684
-0.04369545603097522
0.015758100316096965
-0.04369545603097522
0.09685532820313243
-0.005439756558569758
0.015758100316096965
-0.005439756558569758
-0.08623774032877876
increment_80
-0.012861170744812703
-0.04951032472393369
0.018992370712637454
-0.04951032472393369
0.11161638597698717
-0.007090310716669337
0.018992370712637454
-0.007090310716669337
-0.09875521523217443
increment_90
-0.015279271396336471
-0.05520393683793024
0.022381210605030618
-0.05520393683793024
0.1265291691799999
-0.009000018878800566
0.022381210605030614
-0.009000018878800567
-0.11124989778366343
increment_100
-0.017868233751105297
-0.06078446719017659
0.025912884738674095
-0.06078446719017659
0.14158437228889612
-0.011167765896741235
0.025912884738674095
-0.011167765896741231
-0.1237161385377908
increment_110
-0.020620264239983453
-0.06625563379099275
0.029574449149572083
-0.06625563379099275
0.15677747098552106
-0.013577894893167982
0.029574449149572076
-0.013577894893167982
-0.13615720674553766
increment_120
-0.023530725580465144
-0.07162013235031846
0.0333449101086644
-0.07162013235031846
0.17210451596101314
-0.016203262757578017
0.033344910108664395
-0.016203262757578017
-0.14857379038054802
