# inc   q0   q1   q2   q3
     0  4.80058720e-01 -2.81834110e-01 -5.48265800e-01 -6.24113590e-01
    10  4.81353327e-01 -2.82885982e-01 -5.49616728e-01 -6.21446658e-01
    20  4.82970433e-01 -2.84234566e-01 -5.50596930e-01 -6.18702912e-01
    30  4.84623116e-01 -2.85537734e-01 -5.51516431e-01 -6.15985604e-01
    40  4.86285798e-01 -2.86824577e-01 -5.52373949e-01 -6.13303193e-01
    50  4.87933389e-01 -2.88120185e-01 -5.53158860e-01 -6.10674253e-01
    60  4.89560416e-01 -2.89427990e-01 -5.53860539e-01 -6.08112277e-01
    70  4.91163093e-01 -2.90741531e-01 -5.54472903e-01 -6.05630232e-01
    80  4.92732343e-01 -2.92052263e-01 -5.55001092e-01 -6.03236356e-01
    90  4.94264315e-01 -2.93364142e-01 -5.55451513e-01 -6.00927519e-01
   100  4.95775167e-01 -2.94689330e-01 -5.55824977e-01 -5.98685041e-01
   110  4.97284362e-01 -2.96028396e-01 -5.56118028e-01 -5.96496598e-01
   120  4.98797409e-01 -2.97344049e-01 -5.56340943e-01 -5.94367240e-01
