# inc   q0   q1   q2   q3
     0  8.66433802e-01  4.44835801e-02 -4.94592751e-01  5.18814901e-02
    10  8.67781790e-01  4.39527672e-02 -4.92367783e-01  5.09596366e-02
    20  8.69180413e-01  4.35621741e-02 -4.90026592e-01  5.00168549e-02
    30  8.70531135e-01  4.31972368e-02 -4.87749955e-01  4.90868955e-02
    40  8.71833338e-01  4.28271567e-02 -4.85542448e-01  4.81767312e-02
    50  8.73089773e-01  4.24610242e-02 -4.83399380e-01  4.72900558e-02
    60  8.74303807e-01  4.21073601e-02 -4.81317121e-01  4.64074486e-02
    70  8.75475436e-01  4.17600482e-02 -4.79298928e-01  4.55126068e-02
    80  8.76604946e-01  4.14081190e-02 -4.77346638e-01  4.46018390e-02
    90  8.77699722e-01  4.10366448e-02 -4.75448383e-01  4.36809579e-02
   100  8.78772793e-01  4.06351525e-02 -4.73580689e-01  4.27608975e-02
   110  8.79834999e-01  4.01986975e-02 -4.71722837e-01  4.18569509e-02
   120  8.80887686e-01  3.97229276e-02 -4.69872506e-01  4.09731728e-02
