# inc   q0   q1   q2   q3
     0  1.95834289e-01 -8.04937297e-02  9.20095056e-01  3.29537219e-01
    10  1.93451690e-01 -7.81282196e-02  9.21584075e-01  3.27345715e-01
    20  1.90983068e-01 -7.55690132e-02  9.23130190e-01  3.25031452e-01
    30  1.88555208e-01 -7.27899820e-02  9.24721269e-01  3.22550967e-01
    40  1.86185049e-01 -6.97931396e-02  9.26346078e-01  3.19917159e-01
    50  1.83905392e-01 -6.65715871e-02  9.27974913e-01  3.17190152e-01
    60  1.81745675e-01 -6.31450481e-02  9.29574581e-01  3.14439678e-01
    70  1.79714724e-01 -5.95471766e-02  9.31124807e-01  3.11710355e-01
    80  1.77758181e-01 -5.58427122e-02  9.32630979e-01  3.09003362e-01
    90  1.75825201e-01 -5.20827696e-02  9.34099730e-01  3.06317772e-01
   100  1.73889692e-01 -4.83155610e-02  9.35528508e-01  3.03668227e-01
   110  1.71928218e-01 -4.45634697e-02  9.36916190e-01  3.01069491e-01
   120  1.69936426e-01 -4.08151171e-02  9.38261074e-01  2.98532903e-01
