# inc   q0   q1   q2   q3
     0  1.84308930e-01  1.24077300e-02 -5.55180481e-01 -8.10956781e-01
    10  1.85262739e-01  1.40736764e-02 -5.55175870e-01 -8.10715364e-01
    20  1.86254949e-01  1.59343848e-02 -5.55239691e-01 -8.10409819e-01
    30  1.87174631e-01  1.78285768e-02 -5.55302243e-01 -8.10115559e-01
    40  1.88013089e-01  1.97684680e-02 -5.55363302e-01 -8.09834482e-01
    50  1.88769153e-01  2.17527870e-02 -5.55388072e-01 -8.09590707e-01
    60  1.89434872e-01  2.37741658e-02 -5.55345106e-01 -8.09407828e-01
    70  1.90018833e-01  2.58069887e-02 -5.55212183e-01 -8.09299866e-01
    80  1.90543614e-01  2.78207983e-02 -5.54979390e-01 -8.09269430e-01
    90  1.91030779e-01  2.98002742e-02 -5.54648867e-01 -8.09310707e-01
   100  1.91488745e-01  3.17592404e-02 -5.54226769e-01 -8.09417136e-01
   110  1.91914712e-01  3.37315858e-02 -5.53723358e-01 -8.09580982e-01
   120  1.92306617e-01  3.57371729e-02 -5.53147378e-01 -8.09795651e-01
