inc
eps_11
eps_12
eps_13
eps_21
eps_22
eps_23
eps_31
eps_32
eps_33
increment_0
[0.  0.  0.  0.  0.  0.  0.  0.  0.  0.]
[0.  0.  0.  0.  0.  0.  0.  0.  0.  0.]
[0.  0.  0.  0.  0.  0.  0.  0.  0.  0.]
[0.  0.  0.  0.  0.  0.  0.  0.  0.  0.]
[1.05235003e-16  1.05235003e-16  1.05235003e-16  1.05235003e-16 
  1.05235003e-16  1.05235003e-16  1.05235003e-16  1.05235003e-16 
  1.05235003e-16  1.05235003e-16]
[-2.46784613e-17  -2.46784613e-17  -2.46784613e-17  -2.46784613e-17 
  -2.46784613e-17  -2.46784613e-17  -2.46784613e-17  -2.46784613e-17 
  -2.46784613e-17  -2.46784613e-17]
[0.  0.  0.  0.  0.  0.  0.  0.  0.  0.]
[-2.46784613e-17  -2.46784613e-17  -2.46784613e-17  -2.46784613e-17 
  -2.46784613e-17  -2.46784613e-17  -2.46784613e-17  -2.46784613e-17 
  -2.46784613e-17  -2.46784613e-17]
[5.78729922e-18  5.78729922e-18  5.78729922e-18  5.78729922e-18 
  5.78729922e-18  5.78729922e-18  5.78729922e-18  5.78729922e-18 
  5.78729922e-18  5.78729922e-18]
increment_10
[0.01073423  0.01036656  0.00936566  0.00991583  0.01186972  0.00979611 
  0.00956434  0.00971643  0.00842962  0.00876004]
[  1.83815748e-03  -7.11210085e-04    1.73371408e-04  -7.94491832e-05 
    6.05452264e-04  -1.45377596e-03  -1.21738141e-03  -1.46008863e-03 
  -1.61118182e-03    2.24821189e-04]
[0.00876877  0.00641382  0.00679548  0.00655158  0.00677819  0.00643268 
  0.00658197  0.00642257  0.00676164  0.00705341]
[  1.83815748e-03  -7.11210085e-04    1.73371408e-04  -7.94491832e-05 
    6.05452264e-04  -1.45377596e-03  -1.21738141e-03  -1.46008863e-03 
  -1.61118182e-03    2.24821189e-04]
[-0.00660731  -0.0128649    -0.01291216  -0.01314041  -0.01186196  -0.01282419 
  -0.01316868  -0.01287391  -0.01330432  -0.01278122]
[-0.00595575  -0.00428416  -0.00382521  -0.00488552  -0.00315465  -0.00406151 
  -0.00335088  -0.00468261  -0.00253839  -0.00230984]
[0.00876877  0.00641382  0.00679548  0.00655158  0.00677819  0.00643268 
  0.00658197  0.00642257  0.00676164  0.00705341]
[-0.00595575  -0.00428416  -0.00382521  -0.00488552  -0.00315465  -0.00406151 
  -0.00335088  -0.00468261  -0.00253839  -0.00230984]
[-4.12692380e-03    2.49833790e-03    3.54649953e-03    3.22457984e-03 
  -7.76070101e-06    3.02807537e-03    3.60434235e-03    3.15748296e-03 
    4.87470801e-03    4.02117981e-03]
increment_20
[0.02276902  0.02189599  0.01912162  0.02119723  0.02547451  0.0211584 
  0.02089907  0.02042728  0.01740658  0.01871258]
[  0.00440116  -0.00260736  -0.00010026  -0.00069211    0.00167381  -0.00358746 
  -0.00279939  -0.00400825  -0.00478195  -0.00013484]
[0.01955357  0.01367671  0.01511933  0.01397348  0.01486763  0.0137684 
  0.01402354  0.0137178    0.01482125  0.0155676  ]
[  0.00440116  -0.00260736  -0.00010026  -0.00069211    0.00167381  -0.00358746 
  -0.00279939  -0.00400825  -0.00478195  -0.00013484]
[-0.01265092  -0.02752188  -0.02739893  -0.02813239  -0.02440119  -0.02729234 
  -0.02807567  -0.02755949  -0.02849781  -0.02710826]
[-0.01330847  -0.00964147  -0.00797775  -0.0107528    -0.00780585  -0.00922677 
  -0.0076319    -0.01038245  -0.00432146  -0.00505352]
[0.01955357  0.01367671  0.01511933  0.01397348  0.01486763  0.0137684 
  0.01402354  0.0137178    0.01482125  0.0155676  ]
[-0.01330847  -0.00964147  -0.00797775  -0.0107528    -0.00780585  -0.00922677 
  -0.0076319    -0.01038245  -0.00432146  -0.00505352]
[-0.0101181      0.0056259      0.00827731    0.00693516  -0.00107331    0.00613394 
    0.0071766      0.0071322      0.01109123    0.00839568]
increment_30
[0.0353174    0.03363596  0.02875594  0.03283169  0.03975444  0.03298818 
  0.0327184    0.03149277  0.02611426  0.0293204  ]
[  0.00607276  -0.00503244  -0.00118355  -0.00173356    0.00199502  -0.00611821 
  -0.00497129  -0.00687669  -0.00853377  -0.00094727]
[0.02984422  0.02077651  0.02334914  0.02129803  0.02264721  0.02099744 
  0.0213479    0.02087063  0.0228938    0.02374158]
[  0.00607276  -0.00503244  -0.00118355  -0.00173356    0.00199502  -0.00611821 
  -0.00497129  -0.00687669  -0.00853377  -0.00094727]
[-0.01900583  -0.04196883  -0.04228588  -0.04306187  -0.03692522  -0.0413016 
  -0.04276876  -0.04204757  -0.04397729  -0.04203617]
[-0.02107381  -0.01576964  -0.01223911  -0.01698049  -0.01248005  -0.01513783 
  -0.01227393  -0.01653056  -0.00613461  -0.00815338]
[0.02984422  0.02077651  0.02334914  0.02129803  0.02264721  0.02099744 
  0.0213479    0.02087063  0.0228938    0.02374158]
[-0.02107381  -0.01576964  -0.01223911  -0.01698049  -0.01248005  -0.01513783 
  -0.01227393  -0.01653056  -0.00613461  -0.00815338]
[-0.01631157    0.00833287    0.01352993    0.01023018  -0.00282921    0.00831342 
    0.01005036    0.0105548      0.01786303    0.01271577]
increment_40
[0.04799128  0.04534393  0.03836575  0.04492126  0.05438083  0.04525403 
  0.04492033  0.04289584  0.03468191  0.04056689]
[  0.00662393  -0.00805009  -0.00324473  -0.00318253    0.00170018  -0.0090272 
  -0.00755864  -0.01004601  -0.01276248  -0.00223012]
[0.0397347    0.02775769  0.03139942  0.02848491  0.03017142  0.02817874 
  0.02858424  0.02788332  0.03094513  0.03162454]
[  0.00662393  -0.00805009  -0.00324473  -0.00318253    0.00170018  -0.0090272 
  -0.00755864  -0.01004601  -0.01276248  -0.00223012]
[-0.02546833  -0.05628122  -0.05750837  -0.05787583  -0.04949648  -0.05461479 
  -0.05721493  -0.05636284  -0.05972759  -0.05739703]
[-0.02916314  -0.02235879  -0.01677991  -0.02361976  -0.01726699  -0.02167102 
  -0.01730881  -0.02309423  -0.00805323  -0.01160752]
[0.0397347    0.02775769  0.03139942  0.02848491  0.03017142  0.02817874 
  0.02858424  0.02788332  0.03094513  0.03162454]
[-0.02916314  -0.02235879  -0.01677991  -0.02361976  -0.01726699  -0.02167102 
  -0.01730881  -0.02309423  -0.00805323  -0.01160752]
[-0.02252295    0.01093728    0.01914262    0.01295457  -0.00488435    0.00936076 
    0.0122946      0.013467        0.02504567    0.01683014]
increment_50
[0.0605916    0.05687215  0.04787888  0.05740865  0.06914675  0.05782591 
  0.05742656  0.05453235  0.04315098  0.0521878  ]
[  0.00590729  -0.01168087  -0.00640029  -0.00512422    0.00078435  -0.01235866 
  -0.01053074  -0.01357607  -0.01742429  -0.00398769]
[0.04922419  0.03467079  0.03927918  0.0355169    0.03750765  0.0352867 
  0.03574346  0.03476826  0.03897786  0.03935525]
[  0.00590729  -0.01168087  -0.00640029  -0.00512422    0.00078435  -0.01235866 
  -0.01053074  -0.01357607  -0.01742429  -0.00398769]
[-0.03203341  -0.07051986  -0.07280613  -0.07255906  -0.06209861  -0.06731749 
  -0.07133696  -0.07054007  -0.07563031  -0.07295322]
[-0.03746066  -0.02918817  -0.02187888  -0.03065299  -0.02214676  -0.02867277 
  -0.02286543  -0.03001709  -0.01026508  -0.01544387]
[0.04922419  0.03467079  0.03927918  0.0355169    0.03750765  0.0352867 
  0.03574346  0.03476826  0.03897786  0.03935525]
[-0.03746066  -0.02918817  -0.02187888  -0.03065299  -0.02214676  -0.02867277 
  -0.02286543  -0.03001709  -0.01026508  -0.01544387]
[-0.0285582      0.01364771    0.02492725    0.01515041  -0.00704814    0.00949159 
    0.01391039    0.01600772    0.03247932    0.02076541]
increment_60
[0.07313058  0.06818082  0.05713276  0.07020499  0.08399184  0.07055837 
  0.07015792  0.06627762  0.05138875  0.06394867]
[  0.0039707    -0.01593016  -0.01068042  -0.0076556    -0.00078533  -0.01618426 
  -0.01394919  -0.0175497    -0.02263419  -0.00628801]
[0.05825683  0.04154233  0.04701435  0.04238181  0.04470956  0.04232827 
  0.04277853  0.04154182  0.04697815  0.04701335]
[  0.0039707    -0.01593016  -0.01068042  -0.0076556    -0.00078533  -0.01618426 
  -0.01394919  -0.0175497    -0.02263419  -0.00628801]
[-0.03879461  -0.08467491  -0.08798131  -0.08709634  -0.07462387  -0.07946338 
  -0.0851148    -0.08460939  -0.09154328  -0.08855076]
[-0.04590149  -0.03621408  -0.02767448  -0.03805513  -0.02707533  -0.03599538 
  -0.0291194    -0.03724671  -0.01309476  -0.01974916]
[0.05825683  0.04154233  0.04701435  0.04238181  0.04470956  0.04232827 
  0.04277853  0.04154182  0.04697815  0.04701335]
[-0.04590149  -0.03621408  -0.02767448  -0.03805513  -0.02707533  -0.03599538 
  -0.0291194    -0.03724671  -0.01309476  -0.01974916]
[-0.03433598    0.01649409    0.03084855    0.01689135  -0.00936797    0.00890501 
    0.01495687    0.01833177    0.04015453    0.0246021  ]
increment_70
[0.0856293    0.07926194  0.06602661  0.083255      0.09888629  0.0833345 
  0.08306172  0.07804147  0.05927019  0.07579057]
[  0.00094078  -0.02080271  -0.01598632  -0.01087499  -0.00295401  -0.02056966 
  -0.01784899  -0.0220223    -0.02849352  -0.00926554]
[0.06679991  0.04839748  0.0546373    0.04905522  0.05183908  0.04933584 
  0.04962946  0.04821349  0.05492006  0.05459179]
[  0.00094078  -0.02080271  -0.01598632  -0.01087499  -0.00295401  -0.02056966 
  -0.01784899  -0.0220223    -0.02849352  -0.00926554]
[-0.04583091  -0.09866758  -0.10292776  -0.10144556  -0.08694016  -0.09102856 
  -0.09863204  -0.09858114  -0.10734232  -0.10408449]
[-0.0544732    -0.04344968  -0.0340983    -0.04582515  -0.0320407    -0.0435317 
  -0.0360902    -0.04475238  -0.01678787  -0.02463722]
[0.06679991  0.04839748  0.0546373    0.04905522  0.05183908  0.04933584 
  0.04962946  0.04821349  0.05492006  0.05459179]
[-0.0544732    -0.04344968  -0.0340983    -0.04582515  -0.0320407    -0.0435317 
  -0.0360902    -0.04475238  -0.01678787  -0.02463722]
[-0.03979838    0.01940564    0.03690115    0.01819057  -0.01194613    0.00769406 
    0.01557031    0.02053968    0.04807212    0.02829392]
increment_80
[0.09812358  0.09013859  0.07447298  0.09648676  0.11379687  0.09611344 
  0.09613663  0.08981224  0.0666872    0.08769781]
[-0.00299256  -0.02629457  -0.02217366  -0.0148623    -0.00569244  -0.02551732 
  -0.02223077  -0.02700391  -0.03508007  -0.01311873]
[0.07486598  0.0552669    0.06219273  0.05551569  0.05894275  0.05630992 
  0.0562725    0.05477901  0.06277019  0.06203902]
[-0.00299256  -0.02629457  -0.02217366  -0.0148623    -0.00569244  -0.02551732 
  -0.02223077  -0.02700391  -0.03508007  -0.01311873]
[-0.05316442  -0.11234903  -0.11760826  -0.11556357  -0.0989297    -0.10203393 
  -0.11193713  -0.1124448    -0.12291326  -0.11943912]
[-0.0631768    -0.05092047  -0.04101953  -0.05395537  -0.03708338  -0.05123575 
  -0.04366734  -0.05253699  -0.02152025  -0.0302479  ]
[0.07486598  0.0552669    0.06219273  0.05551569  0.05894275  0.05630992 
  0.0562725    0.05477901  0.06277019  0.06203902]
[-0.0631768    -0.05092047  -0.04101953  -0.05395537  -0.03708338  -0.05123575 
  -0.04366734  -0.05253699  -0.02152025  -0.0302479  ]
[-0.04495916    0.02221044    0.04313527    0.01907681  -0.01486717    0.00592048 
    0.0158005      0.02263256    0.05622606    0.03174132]
increment_90
[0.11063639  0.10089355  0.08246495  0.10971272  0.12869205  0.10891838 
  0.1094467    0.10167259  0.07358482  0.0995454  ]
[-0.00753155  -0.03237527  -0.02908354  -0.01968453  -0.00901003  -0.0309762 
  -0.0270734    -0.03246123  -0.04244227  -0.01801249]
[0.08255895  0.06215896  0.06970349  0.06178397  0.0660312    0.06320819 
  0.06268629  0.06121666  0.07047782  0.06931498]
[-0.00753155  -0.03237527  -0.02908354  -0.01968453  -0.00901003  -0.0309762 
  -0.0270734    -0.03246123  -0.04244227  -0.01801249]
[-0.06068071  -0.12557069  -0.13202939  -0.1294566    -0.11053002  -0.11259681 
  -0.12501255  -0.12617387  -0.13813231  -0.13452621]
[-0.0720504    -0.05865039  -0.04835828  -0.06238619  -0.04228787  -0.05910838 
  -0.051785      -0.06063597  -0.02742328  -0.03670423]
[0.08255895  0.06215896  0.06970349  0.06178397  0.0660312    0.06320819 
  0.06268629  0.06121666  0.07047782  0.06931498]
[-0.0720504    -0.05865039  -0.04835828  -0.06238619  -0.04228787  -0.05910838 
  -0.051785      -0.06063597  -0.02742328  -0.03670423]
[-0.04995568    0.02467715    0.04956444    0.01974388  -0.01816203    0.00367843 
    0.01556585    0.02450128    0.0645475      0.03498081]
increment_100
[0.12317752  0.11162189  0.09013534  0.12266833  0.1435975    0.12182821 
  0.12309353  0.11372817  0.08003487  0.11113222]
[-0.01242528  -0.03899799  -0.0365896    -0.02536603  -0.01286167  -0.03687366 
  -0.03233327  -0.03835838  -0.0505153    -0.02394622]
[0.08998533  0.06904454  0.07714151  0.06793122  0.07304768  0.06996734 
  0.06883382  0.06749823  0.07801251  0.07641742]
[-0.01242528  -0.03899799  -0.0365896    -0.02536603  -0.01286167  -0.03687366 
  -0.03233327  -0.03835838  -0.0505153    -0.02394622]
[-0.06827208  -0.13829624  -0.14619267  -0.14318965  -0.12187014  -0.12285675 
  -0.13784617  -0.13974023  -0.15293507  -0.1493196  ]
[-0.08115317  -0.06665389  -0.05610779  -0.07102337  -0.04768309  -0.0671811 
  -0.06040206  -0.06908657  -0.03439198  -0.04405959]
[0.08998533  0.06904454  0.07714151  0.06793122  0.07304768  0.06996734 
  0.06883382  0.06749823  0.07801251  0.07641742]
[-0.08115317  -0.06665389  -0.05610779  -0.07102337  -0.04768309  -0.0671811 
  -0.06040206  -0.06908657  -0.03439198  -0.04405959]
[-0.05490543    0.02667435    0.05605733    0.02052132  -0.02172735    0.00102854 
    0.01475264    0.02601206    0.0729002      0.03818738]
increment_110
[0.1356988    0.1224103    0.09770044  0.13520641  0.15860664  0.13494217 
  0.13717256  0.12606055  0.08619399  0.12234663]
[-0.01764132  -0.04610901  -0.04459763  -0.03186311  -0.01713497  -0.04314703 
  -0.03796163  -0.04467885  -0.0591534    -0.0308038  ]
[0.09719933  0.07587779  0.08445163  0.07401594  0.07988177  0.07652484 
  0.07467814  0.07359784  0.08538979  0.08335721]
[-0.01764132  -0.04610901  -0.04459763  -0.03186311  -0.01713497  -0.04314703 
  -0.03796163  -0.04467885  -0.0591534    -0.0308038  ]
[-0.07594203  -0.15055756  -0.16010409  -0.15681146  -0.13324144  -0.13291544 
  -0.15045698  -0.15311144  -0.16733612  -0.16381978]
[-0.09049072  -0.07495041  -0.06428676  -0.07982053  -0.05325769  -0.07549162 
  -0.06945561  -0.07791009  -0.04213472  -0.05223778]
[0.09719933  0.07587779  0.08445163  0.07401594  0.07988177  0.07652484 
  0.07467814  0.07359784  0.08538979  0.08335721]
[-0.09049072  -0.07495041  -0.06428676  -0.07982053  -0.05325769  -0.07549162 
  -0.06945561  -0.07791009  -0.04213472  -0.05223778]
[-0.05975677    0.02814726    0.06240366    0.02160505  -0.02536521  -0.00202673 
    0.01328442    0.02705089    0.08114213    0.04147316]
increment_120
[0.14799717  0.13328084  0.10538934  0.14738        0.17379294  0.14833535 
  0.1516999    0.13865668  0.09218019  0.13326724]
[-0.02329677  -0.05369238  -0.05304016  -0.03908251  -0.02176832  -0.04975992 
  -0.04395378  -0.05146129  -0.06825252  -0.03841411]
[0.10430174  0.08262818  0.09157526  0.08004269  0.08644759  0.08282181 
  0.08019401  0.07951909  0.09263466  0.09013536]
[-0.02329677  -0.05369238  -0.05304016  -0.03908251  -0.02176832  -0.04975992 
  -0.04395378  -0.05146129  -0.06825252  -0.03841411]
[-0.08367107  -0.16239753  -0.17383371  -0.17031283  -0.14484317  -0.14286449 
  -0.16287919  -0.16622572  -0.18136512  -0.17802925]
[-0.09999527  -0.08354072  -0.07288707  -0.08881101  -0.05902265  -0.08407258 
  -0.07888521  -0.08708827  -0.0504406    -0.0610502  ]
[0.10430174  0.08262818  0.09157526  0.08004269  0.08644759  0.08282181 
  0.08019401  0.07951909  0.09263466  0.09013536]
[-0.09999527  -0.08354072  -0.07288707  -0.08881101  -0.05902265  -0.08407258 
  -0.07888521  -0.08708827  -0.0504406    -0.0610502  ]
[-0.0643261      0.02911668    0.06844437    0.02293283  -0.02894977  -0.00547086 
    0.01117929    0.02756904    0.08918493    0.04476201]
