inc
eps_11
eps_12
eps_13
eps_21
eps_22
eps_23
eps_31
eps_32
eps_33
increment_0
[1.11022302e-16  1.11022302e-16  1.11022302e-16  1.11022302e-16 
  1.11022302e-16  1.11022302e-16  1.11022302e-16  1.11022302e-16 
  1.11022302e-16  1.11022302e-16  1.11022302e-16  1.11022302e-16 
  1.11022302e-16  1.11022302e-16  1.11022302e-16  1.11022302e-16 
  1.11022302e-16  1.11022302e-16  1.11022302e-16  1.11022302e-16 
  1.11022302e-16  1.11022302e-16  1.11022302e-16  1.11022302e-16 
  1.11022302e-16  1.11022302e-16  1.11022302e-16  1.11022302e-16 
  1.11022302e-16  1.11022302e-16  1.11022302e-16  1.11022302e-16 
  1.11022302e-16  1.11022302e-16  1.11022302e-16  1.11022302e-16 
  1.11022302e-16  1.11022302e-16  1.11022302e-16  1.11022302e-16 
  1.11022302e-16  1.11022302e-16  1.11022302e-16  1.11022302e-16]
[0.  0.  0.  0.  0.  0.  0.  0.  0.  0.  0.  0.  0.  0.  0.  0.  0.  0.  0.  0.  0.  0.  0.  0. 
  0.  0.  0.  0.  0.  0.  0.  0.  0.  0.  0.  0.  0.  0.  0.  0.  0.  0.  0.  0.]
[0.  0.  0.  0.  0.  0.  0.  0.  0.  0.  0.  0.  0.  0.  0.  0.  0.  0.  0.  0.  0.  0.  0.  0. 
  0.  0.  0.  0.  0.  0.  0.  0.  0.  0.  0.  0.  0.  0.  0.  0.  0.  0.  0.  0.]
[0.  0.  0.  0.  0.  0.  0.  0.  0.  0.  0.  0.  0.  0.  0.  0.  0.  0.  0.  0.  0.  0.  0.  0. 
  0.  0.  0.  0.  0.  0.  0.  0.  0.  0.  0.  0.  0.  0.  0.  0.  0.  0.  0.  0.]
[9.92624986e-17  9.92624986e-17  9.92624986e-17  9.92624986e-17 
  9.92624986e-17  9.92624986e-17  9.92624986e-17  9.92624986e-17 
  9.92624986e-17  9.92624986e-17  9.92624986e-17  9.92624986e-17 
  9.92624986e-17  9.92624986e-17  9.92624986e-17  9.92624986e-17 
  9.92624986e-17  9.92624986e-17  9.92624986e-17  9.92624986e-17 
  9.92624986e-17  9.92624986e-17  9.92624986e-17  9.92624986e-17 
  9.92624986e-17  9.92624986e-17  9.92624986e-17  9.92624986e-17 
  9.92624986e-17  9.92624986e-17  9.92624986e-17  9.92624986e-17 
  9.92624986e-17  9.92624986e-17  9.92624986e-17  9.92624986e-17 
  9.92624986e-17  9.92624986e-17  9.92624986e-17  9.92624986e-17 
  9.92624986e-17  9.92624986e-17  9.92624986e-17  9.92624986e-17]
[-3.41658824e-17  -3.41658824e-17  -3.41658824e-17  -3.41658824e-17 
  -3.41658824e-17  -3.41658824e-17  -3.41658824e-17  -3.41658824e-17 
  -3.41658824e-17  -3.41658824e-17  -3.41658824e-17  -3.41658824e-17 
  -3.41658824e-17  -3.41658824e-17  -3.41658824e-17  -3.41658824e-17 
  -3.41658824e-17  -3.41658824e-17  -3.41658824e-17  -3.41658824e-17 
  -3.41658824e-17  -3.41658824e-17  -3.41658824e-17  -3.41658824e-17 
  -3.41658824e-17  -3.41658824e-17  -3.41658824e-17  -3.41658824e-17 
  -3.41658824e-17  -3.41658824e-17  -3.41658824e-17  -3.41658824e-17 
  -3.41658824e-17  -3.41658824e-17  -3.41658824e-17  -3.41658824e-17 
  -3.41658824e-17  -3.41658824e-17  -3.41658824e-17  -3.41658824e-17 
  -3.41658824e-17  -3.41658824e-17  -3.41658824e-17  -3.41658824e-17]
[0.  0.  0.  0.  0.  0.  0.  0.  0.  0.  0.  0.  0.  0.  0.  0.  0.  0.  0.  0.  0.  0.  0.  0. 
  0.  0.  0.  0.  0.  0.  0.  0.  0.  0.  0.  0.  0.  0.  0.  0.  0.  0.  0.  0.]
[-3.41658824e-17  -3.41658824e-17  -3.41658824e-17  -3.41658824e-17 
  -3.41658824e-17  -3.41658824e-17  -3.41658824e-17  -3.41658824e-17 
  -3.41658824e-17  -3.41658824e-17  -3.41658824e-17  -3.41658824e-17 
  -3.41658824e-17  -3.41658824e-17  -3.41658824e-17  -3.41658824e-17 
  -3.41658824e-17  -3.41658824e-17  -3.41658824e-17  -3.41658824e-17 
  -3.41658824e-17  -3.41658824e-17  -3.41658824e-17  -3.41658824e-17 
  -3.41658824e-17  -3.41658824e-17  -3.41658824e-17  -3.41658824e-17 
  -3.41658824e-17  -3.41658824e-17  -3.41658824e-17  -3.41658824e-17 
  -3.41658824e-17  -3.41658824e-17  -3.41658824e-17  -3.41658824e-17 
  -3.41658824e-17  -3.41658824e-17  -3.41658824e-17  -3.41658824e-17 
  -3.41658824e-17  -3.41658824e-17  -3.41658824e-17  -3.41658824e-17]
[1.17598039e-17  1.17598039e-17  1.17598039e-17  1.17598039e-17 
  1.17598039e-17  1.17598039e-17  1.17598039e-17  1.17598039e-17 
  1.17598039e-17  1.17598039e-17  1.17598039e-17  1.17598039e-17 
  1.17598039e-17  1.17598039e-17  1.17598039e-17  1.17598039e-17 
  1.17598039e-17  1.17598039e-17  1.17598039e-17  1.17598039e-17 
  1.17598039e-17  1.17598039e-17  1.17598039e-17  1.17598039e-17 
  1.17598039e-17  1.17598039e-17  1.17598039e-17  1.17598039e-17 
  1.17598039e-17  1.17598039e-17  1.17598039e-17  1.17598039e-17 
  1.17598039e-17  1.17598039e-17  1.17598039e-17  1.17598039e-17 
  1.17598039e-17  1.17598039e-17  1.17598039e-17  1.17598039e-17 
  1.17598039e-17  1.17598039e-17  1.17598039e-17  1.17598039e-17]
increment_10
[0.01120714  0.01172698  0.01211611  0.01200384  0.01196031  0.01032038 
  0.01091752  0.01223173  0.01180559  0.01205774  0.01139466  0.01225771 
  0.01199255  0.01114364  0.01242605  0.0120983    0.01261462  0.01235576 
  0.01231343  0.01330141  0.01183021  0.01150537  0.01212798  0.01102956 
  0.01223525  0.01082777  0.01171212  0.00736821  0.00976303  0.01144696 
  0.01151566  0.01132181  0.00849489  0.01183116  0.01166334  0.01197916 
  0.01031693  0.0121171    0.01073988  0.01156338  0.01132701  0.0111138 
  0.01193394  0.01190431]
[0.0065316    0.00633213  0.00611909  0.00612994  0.00607942  0.00681514 
  0.00652964  0.00610103  0.00631547  0.00612416  0.00642077  0.00609704 
  0.00621084  0.00644996  0.0061509    0.00612487  0.00598528  0.00611499 
  0.00609663  0.00521913  0.00629777  0.00645466  0.00603895  0.00654969 
  0.00608696  0.00668512  0.00636445  0.00802001  0.00711116  0.00644561 
  0.00638633  0.00636551  0.00778704  0.00624266  0.00625608  0.006077 
  0.00669129  0.00600979  0.00682106  0.00643824  0.00642956  0.00646273 
  0.00610771  0.00609907]
[  3.91602508e-04  -5.28590434e-04  -1.44799980e-04  -1.76376025e-04 
  -8.44403019e-05  -1.43301282e-03    1.08785359e-03  -1.29652765e-04 
  -4.48739469e-04  -9.30543150e-05  -7.11250714e-04  -2.46794999e-05 
    7.86684345e-05    9.89572785e-04    1.35282036e-06  -1.65142684e-04 
  -2.55591970e-04    7.28660784e-05    1.08075956e-04  -6.95244560e-05 
  -4.71082788e-04  -7.02482512e-04  -7.57413938e-05  -1.19615764e-03 
  -1.72564555e-04  -1.46062669e-03  -2.93094747e-04  -2.51939428e-03 
  -2.95637215e-04    1.24704314e-04  -4.35286987e-04  -8.22654229e-04 
  -5.24474928e-05  -4.13739040e-04  -4.36930001e-04  -2.90594948e-04 
  -1.63284779e-03  -2.42045518e-05    5.21966744e-04    4.86070201e-05 
  -7.91287337e-04  -8.68566711e-04  -2.50772017e-04  -2.72584640e-04]
[0.0065316    0.00633213  0.00611909  0.00612994  0.00607942  0.00681514 
  0.00652964  0.00610103  0.00631547  0.00612416  0.00642077  0.00609704 
  0.00621084  0.00644996  0.0061509    0.00612487  0.00598528  0.00611499 
  0.00609663  0.00521913  0.00629777  0.00645466  0.00603895  0.00654969 
  0.00608696  0.00668512  0.00636445  0.00802001  0.00711116  0.00644561 
  0.00638633  0.00636551  0.00778704  0.00624266  0.00625608  0.006077 
  0.00669129  0.00600979  0.00682106  0.00643824  0.00642956  0.00646273 
  0.00610771  0.00609907]
[  1.89530351e-03    9.83266297e-04    1.84134685e-04    3.12950456e-04 
    2.49688909e-04    3.33254220e-03    2.16810986e-03    4.26424734e-05 
    8.73270865e-04    2.53043272e-04    1.48815255e-03    5.22178302e-07 
    5.04053000e-04    1.79675655e-03  -2.49946189e-05    2.10303503e-04 
  -5.77420099e-04  -5.00170262e-05  -3.81946932e-05  -5.35044372e-05 
    8.23893981e-04    1.44886593e-03    2.88997705e-05    2.10606773e-03 
    2.43234489e-05    2.57973941e-03    1.07109581e-03    8.66009854e-03 
    4.48170260e-03    1.51586060e-03    1.31077512e-03    1.44902701e-03 
    7.06676463e-03    7.06805341e-04    9.00628379e-04    2.53913670e-04 
    3.07494834e-03  -4.80984087e-05    2.95188664e-03    1.35578601e-03 
    1.56791303e-03    1.84160392e-03    8.48446829e-06    3.50770984e-04]
[-2.35119225e-03  -6.48667312e-04  -1.42685857e-03    7.83588600e-05 
    1.47375647e-03    1.99377364e-03  -6.33267825e-04  -2.79303515e-03 
    1.14358066e-05    1.76586924e-03    1.38696374e-03  -5.41029350e-04 
    4.04638440e-03    3.06264492e-03    2.97618469e-04  -4.58828735e-04 
    3.96437238e-04    2.80714811e-03    3.70661329e-03  -2.47905113e-03 
  -4.92954073e-04    1.82557443e-03  -3.68119412e-03  -3.15412131e-03 
  -4.28170930e-03  -4.20638023e-03  -2.93883249e-03  -2.23383962e-03 
  -4.42656857e-03  -5.13049050e-03  -3.53278804e-03  -2.01567252e-03 
  -1.82247350e-03  -1.62520020e-03  -2.48261407e-03  -4.26648684e-03 
  -2.23924200e-03  -8.08131818e-04  -4.76602280e-03  -1.51245608e-03 
  -6.68409836e-04    1.65844070e-03  -1.80577554e-03  -2.41050184e-03]
[  3.91602508e-04  -5.28590434e-04  -1.44799980e-04  -1.76376025e-04 
  -8.44403019e-05  -1.43301282e-03    1.08785359e-03  -1.29652765e-04 
  -4.48739469e-04  -9.30543150e-05  -7.11250714e-04  -2.46794999e-05 
    7.86684345e-05    9.89572785e-04    1.35282036e-06  -1.65142684e-04 
  -2.55591970e-04    7.28660784e-05    1.08075956e-04  -6.95244560e-05 
  -4.71082788e-04  -7.02482512e-04  -7.57413938e-05  -1.19615764e-03 
  -1.72564555e-04  -1.46062669e-03  -2.93094747e-04  -2.51939428e-03 
  -2.95637215e-04    1.24704314e-04  -4.35286987e-04  -8.22654229e-04 
  -5.24474928e-05  -4.13739040e-04  -4.36930001e-04  -2.90594948e-04 
  -1.63284779e-03  -2.42045518e-05    5.21966744e-04    4.86070201e-05 
  -7.91287337e-04  -8.68566711e-04  -2.50772017e-04  -2.72584640e-04]
[-2.35119225e-03  -6.48667312e-04  -1.42685857e-03    7.83588600e-05 
    1.47375647e-03    1.99377364e-03  -6.33267825e-04  -2.79303515e-03 
    1.14358066e-05    1.76586924e-03    1.38696374e-03  -5.41029350e-04 
    4.04638440e-03    3.06264492e-03    2.97618469e-04  -4.58828735e-04 
    3.96437238e-04    2.80714811e-03    3.70661329e-03  -2.47905113e-03 
  -4.92954073e-04    1.82557443e-03  -3.68119412e-03  -3.15412131e-03 
  -4.28170930e-03  -4.20638023e-03  -2.93883249e-03  -2.23383962e-03 
  -4.42656857e-03  -5.13049050e-03  -3.53278804e-03  -2.01567252e-03 
  -1.82247350e-03  -1.62520020e-03  -2.48261407e-03  -4.26648684e-03 
  -2.23924200e-03  -8.08131818e-04  -4.76602280e-03  -1.51245608e-03 
  -6.68409836e-04    1.65844070e-03  -1.80577554e-03  -2.41050184e-03]
[-0.01310244  -0.01271024  -0.01230025  -0.01231679  -0.01221        -0.01365292 
  -0.01308563  -0.01227438  -0.01267886  -0.01231079  -0.01288281  -0.01225823 
  -0.01249661  -0.0129404    -0.01240106  -0.0123086    -0.0120372    -0.01230574 
  -0.01227523  -0.01324791  -0.01265411  -0.01295423  -0.01215688  -0.01313563 
  -0.01225958  -0.0134075    -0.01278321  -0.01602831  -0.01424473  -0.01296282 
  -0.01282644  -0.01277084  -0.01556165  -0.01253796  -0.01256397  -0.01223307 
  -0.01339188  -0.01206901  -0.01369177  -0.01291917  -0.01289493  -0.01295541 
  -0.01194242  -0.01225508]
increment_20
[0.02325811  0.02470867  0.02565376  0.02554799  0.02553762  0.02191178 
  0.02351374  0.0258429    0.02467894  0.02569267  0.02415348  0.02595243 
  0.02535899  0.02409859  0.02622479  0.02589745  0.02721842  0.02611067 
  0.02599086  0.02886255  0.0250545    0.02386774  0.02574221  0.02306197 
  0.02561636  0.02205621  0.02440113  0.01473104  0.01941516  0.0234498 
  0.0238431    0.02394256  0.01686662  0.02478251  0.02419584  0.02500986 
  0.02136642  0.02582238  0.02216571  0.0242262    0.02352997  0.02322554 
  0.02522546  0.02552153]
[0.01390705  0.01332215  0.0128302    0.01288362  0.01280694  0.01438552 
  0.01371327  0.01273096  0.01334092  0.01279974  0.01353682  0.01276267 
  0.01292967  0.01332925  0.01274119  0.01275125  0.01227135  0.01274475 
  0.01269579  0.01015387  0.0131256    0.01374356  0.01261317  0.01376351 
  0.0127474    0.0141194    0.01339727  0.01683133  0.01527293  0.013657 
  0.01353963  0.01339923  0.01655079  0.01320505  0.01338025  0.01282885 
  0.01433883  0.01268115  0.01435065  0.01354935  0.0137223    0.01382386 
  0.01310387  0.01277393]
[  7.43495872e-04  -1.21214422e-03  -4.25362171e-04  -3.05628689e-04 
    6.24176187e-05  -3.10496486e-03    2.10787652e-03  -4.58023719e-04 
  -1.19854994e-03    7.03195592e-05  -1.44896028e-03  -1.51833265e-04 
    6.96720166e-04    2.07926241e-03    2.47239616e-05  -5.00779292e-04 
  -1.00578351e-03    3.60135180e-04    5.09605252e-04  -4.30817347e-04 
  -1.09158108e-03  -1.78486524e-03  -4.98237584e-04  -3.01189876e-03 
  -8.50566586e-04  -4.00954176e-03  -8.36054678e-04  -6.84512289e-03 
  -1.70975611e-03  -7.53775879e-04  -1.25478313e-03  -2.04893010e-03 
  -2.83052782e-04  -1.27332481e-03  -1.56265557e-03  -1.27446689e-03 
  -4.15046248e-03  -1.42440235e-04    8.70368797e-04  -2.26016318e-04 
  -2.11801529e-03  -2.06502190e-03  -9.50254127e-04  -5.63557800e-04]
[0.01390705  0.01332215  0.0128302    0.01288362  0.01280694  0.01438552 
  0.01371327  0.01273096  0.01334092  0.01279974  0.01353682  0.01276267 
  0.01292967  0.01332925  0.01274119  0.01275125  0.01227135  0.01274475 
  0.01269579  0.01015387  0.0131256    0.01374356  0.01261317  0.01376351 
  0.0127474    0.0141194    0.01339727  0.01683133  0.01527293  0.013657 
  0.01353963  0.01339923  0.01655079  0.01320505  0.01338025  0.01282885 
  0.01433883  0.01268115  0.01435065  0.01354935  0.0137223    0.01382386 
  0.01310387  0.01277393]
[  4.72851366e-03    2.16114967e-03    3.07410922e-04    5.04654004e-04 
    3.44879681e-04    7.00594330e-03    4.07100037e-03  -3.88068698e-05 
    2.22765060e-03    2.22549369e-04    3.13676447e-03  -1.12703092e-04 
    8.73234967e-04    2.81220959e-03  -1.33647634e-04  -1.01382665e-04 
  -2.33142095e-03  -2.56378008e-04  -2.16362322e-04  -4.28255806e-04 
    1.48172131e-03    3.83054900e-03  -1.35275461e-04    4.64076504e-03 
    2.56472250e-04    6.33168426e-03    2.64161799e-03    1.89202257e-02 
    1.12075565e-02    4.15367931e-03    3.46191004e-03    3.06126845e-03 
    1.62149973e-02    1.86939792e-03    2.75985358e-03    9.95069383e-04 
    7.32156746e-03  -2.06242296e-04    6.75852247e-03    3.07767117e-03 
    4.07633186e-03    4.56541031e-03  -6.67932660e-05    2.68697522e-04]
[-0.00460434  -0.00061987  -0.00301295    0.00056386    0.00476267    0.00495314 
  -0.00112577  -0.00594281    0.00026024    0.004236        0.00349165  -0.00183891 
    0.00994608    0.00839705    0.00069595  -0.00042473    0.00084942    0.00616415 
    0.00809191  -0.0060498    -0.00276663    0.00437683  -0.00840721  -0.007633 
  -0.00925        -0.00969558  -0.00660963  -0.00497066  -0.00947943  -0.01135152 
  -0.00738122  -0.00540093  -0.00418486  -0.00363475  -0.00397833  -0.00974564 
  -0.00473456  -0.00226761  -0.01018011  -0.00331825  -0.00101447    0.0051449 
  -0.00352098  -0.00484209]
[  7.43495872e-04  -1.21214422e-03  -4.25362171e-04  -3.05628689e-04 
    6.24176187e-05  -3.10496486e-03    2.10787652e-03  -4.58023719e-04 
  -1.19854994e-03    7.03195592e-05  -1.44896028e-03  -1.51833265e-04 
    6.96720166e-04    2.07926241e-03    2.47239616e-05  -5.00779292e-04 
  -1.00578351e-03    3.60135180e-04    5.09605252e-04  -4.30817347e-04 
  -1.09158108e-03  -1.78486524e-03  -4.98237584e-04  -3.01189876e-03 
  -8.50566586e-04  -4.00954176e-03  -8.36054678e-04  -6.84512289e-03 
  -1.70975611e-03  -7.53775879e-04  -1.25478313e-03  -2.04893010e-03 
  -2.83052782e-04  -1.27332481e-03  -1.56265557e-03  -1.27446689e-03 
  -4.15046248e-03  -1.42440235e-04    8.70368797e-04  -2.26016318e-04 
  -2.11801529e-03  -2.06502190e-03  -9.50254127e-04  -5.63557800e-04]
[-0.00460434  -0.00061987  -0.00301295    0.00056386    0.00476267    0.00495314 
  -0.00112577  -0.00594281    0.00026024    0.004236        0.00349165  -0.00183891 
    0.00994608    0.00839705    0.00069595  -0.00042473    0.00084942    0.00616415 
    0.00809191  -0.0060498    -0.00276663    0.00437683  -0.00840721  -0.007633 
  -0.00925        -0.00969558  -0.00660963  -0.00497066  -0.00947943  -0.01135152 
  -0.00738122  -0.00540093  -0.00418486  -0.00363475  -0.00397833  -0.00974564 
  -0.00473456  -0.00226761  -0.01018011  -0.00331825  -0.00101447    0.0051449 
  -0.00352098  -0.00484209]
[-0.02798662  -0.02686982  -0.02596117  -0.02605264  -0.02588249  -0.02891772 
  -0.02758474  -0.0258041    -0.02690659  -0.02591522  -0.02729025  -0.02583973 
  -0.02623223  -0.0269108    -0.02609114  -0.02579607  -0.024887      -0.0258543 
  -0.0257745    -0.0284343    -0.02653622  -0.02769829  -0.02560693  -0.02770274 
  -0.02587283  -0.02838789  -0.02704275  -0.03365127  -0.03062271  -0.02760348 
  -0.02730501  -0.02700383  -0.03308162  -0.02665191  -0.02695569  -0.02600493 
  -0.02868798  -0.02561613  -0.02892423  -0.02730387  -0.02760631  -0.02779095 
  -0.02515867  -0.02579022]
increment_30
[0.03547201  0.03788884  0.03943569  0.03935362  0.03931897  0.03384991 
  0.03615045  0.03961464  0.03779759  0.0395418    0.03704431  0.0398253 
  0.03859358  0.03730822  0.04017658  0.03980015  0.0418661    0.03997609 
  0.03978383  0.04450473  0.03836173  0.03639117  0.03950733  0.03478384 
  0.03905197  0.03331283  0.03742648  0.02207448  0.02891011  0.03550013 
  0.03642665  0.03677446  0.02543793  0.03778054  0.03694489  0.03809304 
  0.03233933  0.03968772  0.03366955  0.03702707  0.03577632  0.03556308 
  0.03867439  0.03934082]
[0.02130559  0.02027972  0.01946764  0.01955126  0.0194105    0.02190771 
  0.02094728  0.01929571  0.02033465  0.01938638  0.02064723  0.01936117 
  0.01957186  0.01999306  0.01929113  0.01936208  0.01851037  0.0192789 
  0.01916937  0.01506662  0.01993376  0.02102006  0.01907441  0.02101973 
  0.01930758  0.02140812  0.0202824    0.02543673  0.02344816  0.02074503 
  0.02058387  0.02031505  0.0252692    0.02018483  0.02048265  0.019484 
  0.02201265  0.01928552  0.02184183  0.02064768  0.02105552  0.02116425 
  0.02001489  0.01938075]
[  7.94948934e-04  -1.91241829e-03  -7.61408965e-04  -3.28030152e-04 
    5.50358063e-04  -4.46330431e-03    3.32384319e-03  -9.46971490e-04 
  -1.89248468e-03    4.72512421e-04  -2.11066597e-03  -3.87915904e-04 
    1.96961349e-03    3.49115653e-03    4.54470773e-05  -8.32612741e-04 
  -1.59663456e-03    9.50393605e-04    1.24325809e-03  -9.77786239e-04 
  -1.94221753e-03  -2.72986844e-03  -1.29625501e-03  -5.52952960e-03 
  -1.94935904e-03  -6.97443519e-03  -1.71428104e-03  -1.21037082e-02 
  -3.74366205e-03  -2.47045013e-03  -2.30169518e-03  -3.52795096e-03 
  -1.00219436e-03  -2.36513735e-03  -2.82718358e-03  -2.67888138e-03 
  -7.11259268e-03  -3.88045463e-04    2.08628567e-04  -8.81535409e-04 
  -3.65042139e-03  -3.03477698e-03  -1.67088475e-03  -9.62585653e-04]
[0.02130559  0.02027972  0.01946764  0.01955126  0.0194105    0.02190771 
  0.02094728  0.01929571  0.02033465  0.01938638  0.02064723  0.01936117 
  0.01957186  0.01999306  0.01929113  0.01936208  0.01851037  0.0192789 
  0.01916937  0.01506662  0.01993376  0.02102006  0.01907441  0.02101973 
  0.01930758  0.02140812  0.0202824    0.02543673  0.02344816  0.02074503 
  0.02058387  0.02031505  0.0252692    0.02018483  0.02048265  0.019484 
  0.02201265  0.01928552  0.02184183  0.02064768  0.02105552  0.02116425 
  0.02001489  0.01938075]
[  7.53153588e-03    3.21905666e-03    2.30515830e-04    4.51382299e-04 
    2.11224547e-04    1.03585380e-02    6.14023676e-03  -2.13680450e-04 
    3.41504686e-03    6.24210765e-06    4.78165443e-03  -3.41642471e-04 
    1.42652756e-03    3.35695653e-03  -2.72698615e-04  -3.61184868e-04 
  -3.99530668e-03  -5.46610041e-04  -5.30667295e-04  -9.41488581e-04 
    2.15817505e-03    6.15968141e-03  -4.38551068e-04    7.64960312e-03 
    4.43197319e-04    9.84659801e-03    3.75003653e-03    2.88036906e-02 
    1.81427940e-02    6.63173459e-03    5.28472524e-03    4.37171107e-03 
    2.50803388e-02    3.14898120e-03    4.48154206e-03    1.66856784e-03 
    1.17507355e-02  -4.62613394e-04    1.05100238e-02    4.75860679e-03 
    6.71007379e-03    7.18858240e-03    1.80691844e-05    8.33153676e-06]
[-0.00632614  -0.00068944  -0.00463848    0.00112168    0.00861018    0.00830242 
  -0.00117093  -0.00880073    0.00067014    0.00703958    0.00574869  -0.00340118 
    0.01627574    0.01464738    0.00113055  -0.00038487    0.00155841    0.01005035 
    0.01288681  -0.00946364  -0.00512726    0.00719696  -0.0136483    -0.01261994 
  -0.01461764  -0.01574742  -0.01081153  -0.00846511  -0.01480549  -0.01782523 
  -0.01190088  -0.00960208  -0.00673756  -0.00546485  -0.00549502  -0.01539241 
  -0.00787429  -0.00398878  -0.01567374  -0.00533011  -0.00167624    0.00886368 
  -0.0047854    -0.0071112  ]
[  7.94948934e-04  -1.91241829e-03  -7.61408965e-04  -3.28030152e-04 
    5.50358063e-04  -4.46330431e-03    3.32384319e-03  -9.46971490e-04 
  -1.89248468e-03    4.72512421e-04  -2.11066597e-03  -3.87915904e-04 
    1.96961349e-03    3.49115653e-03    4.54470773e-05  -8.32612741e-04 
  -1.59663456e-03    9.50393605e-04    1.24325809e-03  -9.77786239e-04 
  -1.94221753e-03  -2.72986844e-03  -1.29625501e-03  -5.52952960e-03 
  -1.94935904e-03  -6.97443519e-03  -1.71428104e-03  -1.21037082e-02 
  -3.74366205e-03  -2.47045013e-03  -2.30169518e-03  -3.52795096e-03 
  -1.00219436e-03  -2.36513735e-03  -2.82718358e-03  -2.67888138e-03 
  -7.11259268e-03  -3.88045463e-04    2.08628567e-04  -8.81535409e-04 
  -3.65042139e-03  -3.03477698e-03  -1.67088475e-03  -9.62585653e-04]
[-0.00632614  -0.00068944  -0.00463848    0.00112168    0.00861018    0.00830242 
  -0.00117093  -0.00880073    0.00067014    0.00703958    0.00574869  -0.00340118 
    0.01627574    0.01464738    0.00113055  -0.00038487    0.00155841    0.01005035 
    0.01288681  -0.00946364  -0.00512726    0.00719696  -0.0136483    -0.01261994 
  -0.01461764  -0.01574742  -0.01081153  -0.00846511  -0.01480549  -0.01782523 
  -0.01190088  -0.00960208  -0.00673756  -0.00546485  -0.00549502  -0.01539241 
  -0.00787429  -0.00398878  -0.01567374  -0.00533011  -0.00167624    0.00886368 
  -0.0047854    -0.0071112  ]
[-0.04300355  -0.0411079    -0.03966621  -0.039805      -0.03953019  -0.04420845 
  -0.04229069  -0.03940096  -0.04121264  -0.03954804  -0.04182596  -0.03948365 
  -0.0400201    -0.04066517  -0.03990388  -0.03943897  -0.0378708    -0.03942948 
  -0.03925316  -0.04356325  -0.04051991  -0.04255086  -0.03906878  -0.04243344 
  -0.03949516  -0.04315943  -0.04117652  -0.05087817  -0.0470529    -0.04213187 
  -0.04171137  -0.04114617  -0.05051827  -0.04092952  -0.04142643  -0.03976161 
  -0.04409006  -0.03922511  -0.04417958  -0.04178567  -0.0424864    -0.04275167 
  -0.03869246  -0.03934915]
increment_40
[0.04785375  0.05126073  0.05342118  0.05338687  0.05327906  0.04613327 
  0.04881284  0.0535392    0.05113157  0.05357431  0.05013339  0.05387272 
  0.05174374  0.05073189  0.0541712    0.05371403  0.05665113  0.05396865 
  0.05369666  0.06013105  0.05182656  0.04922213  0.05335188  0.0461357 
  0.05261167  0.04463624  0.05079345  0.02926077  0.0384536    0.04767883 
  0.04927983  0.0498754    0.03432467  0.05092373  0.04992684  0.05129346 
  0.04326615  0.05372523  0.04523247  0.04991431  0.04811187  0.04815189 
  0.05232983  0.05335828]
[0.0287173    0.02719968  0.02603372  0.0261475    0.02589098  0.02936653 
  0.02824108  0.02581948  0.02729726  0.02588995  0.02772812  0.02589434 
  0.02611988  0.02642148  0.02586535  0.02599722  0.02467503  0.0257 
  0.02551046  0.02002949  0.02670795  0.0282314    0.02539825  0.0283119 
  0.02573371  0.02853798  0.02699224  0.03385212  0.03152409  0.02765576 
  0.02747866  0.02707498  0.03391562  0.02715983  0.02753406  0.02603167 
  0.0296466    0.02582376  0.02925992  0.02774695  0.02840539  0.02846232 
  0.0268266    0.02591421]
[  4.17534913e-04  -2.66735418e-03  -1.21651967e-03  -2.65918785e-04 
    1.37718946e-03  -5.40702375e-03    4.77442614e-03  -1.55999938e-03 
  -2.53588756e-03    1.11238436e-03  -2.63764434e-03  -7.64529244e-04 
    3.86567688e-03    5.27817307e-03  -1.30988991e-08  -1.15509028e-03 
  -2.08509447e-03    1.89980311e-03    2.35250737e-03  -1.59274748e-03 
  -2.94049588e-03  -3.35513256e-03  -2.57664745e-03  -8.83915532e-03 
  -3.42054509e-03  -1.03295938e-02  -2.94097725e-03  -1.81131279e-02 
  -6.49008130e-03  -4.92259515e-03  -3.66351113e-03  -5.24504446e-03 
  -2.11693921e-03  -3.52513788e-03  -4.20483075e-03  -4.44286064e-03 
  -1.05464335e-02  -7.73914088e-04  -1.61229737e-03  -1.98029120e-03 
  -5.44632869e-03  -3.73209414e-03  -2.33076018e-03  -1.42725240e-03]
[0.0287173    0.02719968  0.02603372  0.0261475    0.02589098  0.02936653 
  0.02824108  0.02581948  0.02729726  0.02588995  0.02772812  0.02589434 
  0.02611988  0.02642148  0.02586535  0.02599722  0.02467503  0.0257 
  0.02551046  0.02002949  0.02670795  0.0282314    0.02539825  0.0283119 
  0.02573371  0.02853798  0.02699224  0.03385212  0.03152409  0.02765576 
  0.02747866  0.02707498  0.03391562  0.02715983  0.02753406  0.02603167 
  0.0296466    0.02582376  0.02925992  0.02774695  0.02840539  0.02846232 
  0.0268266    0.02591421]
[  1.02742292e-02    4.15958448e-03    8.40352154e-06    2.26047994e-04 
  -1.22679676e-04    1.33779425e-02    8.40331717e-03  -4.31458227e-04 
    4.47440061e-03  -3.44660318e-04    6.31667552e-03  -6.72019057e-04 
    2.06683753e-03    3.46259005e-03  -3.34829486e-04  -4.01886275e-04 
  -5.71163048e-03  -9.59587616e-04  -9.88153943e-04  -1.46516038e-03 
    2.76339224e-03    8.20910509e-03  -8.46239128e-04    1.11542837e-02 
    4.57623231e-04    1.30675152e-02    4.36532695e-03    3.84804379e-02 
    2.48561306e-02    8.76632892e-03    6.71590377e-03    5.26415865e-03 
    3.34901183e-02    4.40402853e-03    6.00682466e-03    2.17033458e-03 
    1.62138933e-02  -8.18304330e-04    1.41326004e-02    6.47291759e-03 
    9.37535919e-03    9.63716784e-03    2.35796878e-04  -3.51398932e-04]
[-0.00761594  -0.00100718  -0.0064868      0.00177007    0.01281812    0.01206727 
  -0.00090973  -0.0112567      0.00120281    0.01014079    0.00809851  -0.00520725 
    0.02294488    0.02159638    0.00156296  -0.00041689    0.00245321    0.01455899 
    0.01814038  -0.01233238  -0.00732621    0.01047418  -0.01958412  -0.01825424 
  -0.02030174  -0.02221705  -0.01548544  -0.0125918    -0.02049653  -0.02460187 
  -0.01719331  -0.01441704  -0.00938481  -0.00680774  -0.00723033  -0.02111794 
  -0.0119023    -0.00589564  -0.0213684    -0.00754849  -0.00275709    0.01267033 
  -0.00565324  -0.00913506]
[  4.17534913e-04  -2.66735418e-03  -1.21651967e-03  -2.65918785e-04 
    1.37718946e-03  -5.40702375e-03    4.77442614e-03  -1.55999938e-03 
  -2.53588756e-03    1.11238436e-03  -2.63764434e-03  -7.64529244e-04 
    3.86567688e-03    5.27817307e-03  -1.30988991e-08  -1.15509028e-03 
  -2.08509447e-03    1.89980311e-03    2.35250737e-03  -1.59274748e-03 
  -2.94049588e-03  -3.35513256e-03  -2.57664745e-03  -8.83915532e-03 
  -3.42054509e-03  -1.03295938e-02  -2.94097725e-03  -1.81131279e-02 
  -6.49008130e-03  -4.92259515e-03  -3.66351113e-03  -5.24504446e-03 
  -2.11693921e-03  -3.52513788e-03  -4.20483075e-03  -4.44286064e-03 
  -1.05464335e-02  -7.73914088e-04  -1.61229737e-03  -1.98029120e-03 
  -5.44632869e-03  -3.73209414e-03  -2.33076018e-03  -1.42725240e-03]
[-0.00761594  -0.00100718  -0.0064868      0.00177007    0.01281812    0.01206727 
  -0.00090973  -0.0112567      0.00120281    0.01014079    0.00809851  -0.00520725 
    0.02294488    0.02159638    0.00156296  -0.00041689    0.00245321    0.01455899 
    0.01814038  -0.01233238  -0.00732621    0.01047418  -0.01958412  -0.01825424 
  -0.02030174  -0.02221705  -0.01548544  -0.0125918    -0.02049653  -0.02460187 
  -0.01719331  -0.01441704  -0.00938481  -0.00680774  -0.00723033  -0.02111794 
  -0.0119023    -0.00589564  -0.0213684    -0.00754849  -0.00275709    0.01267033 
  -0.00565324  -0.00913506]
[-0.05812798  -0.05542031  -0.05342958  -0.05361292  -0.05315638  -0.05951122 
  -0.05721615  -0.05310774  -0.05560597  -0.05322965  -0.05645007  -0.0532007 
  -0.05381058  -0.05419448  -0.05383637  -0.05331214  -0.0509395    -0.05300906 
  -0.05270851  -0.05866589  -0.05458996  -0.05743123  -0.05250564  -0.05728998 
  -0.05306929  -0.05770376  -0.05515878  -0.06774121  -0.06330973  -0.05644516 
  -0.05599574  -0.05513956  -0.06781479  -0.05532775  -0.05593366  -0.05346379 
  -0.05948004  -0.05290693  -0.05936507  -0.05638723  -0.05748723  -0.05778906 
  -0.05256563  -0.05300688]
increment_50
[0.06041198  0.06485929  0.06758799  0.06763071  0.06740041  0.05879809 
  0.06156454  0.06760854  0.06464571  0.06778284  0.06345137  0.0680917 
  0.06482465  0.06436091  0.06819637  0.0676975    0.07158461  0.06807844 
  0.06773054  0.07577585  0.06542415  0.06237709  0.06721077  0.05707286 
  0.06633841  0.05610013  0.06448148  0.03607188  0.04822596  0.06005414 
  0.06240095  0.06326482  0.04360336  0.06437409  0.06312453  0.06465692 
  0.05423798  0.06794375  0.05679343  0.06284055  0.06055766  0.06103563 
  0.06618629  0.06757467]
[0.03613247  0.03406212  0.03252633  0.03268356  0.03225235  0.03672789 
  0.0355718    0.03232        0.03423613  0.03231036  0.03476698  0.03235733 
  0.03256723  0.03260552  0.03247192  0.03264028  0.03076689  0.03198379 
  0.03170979  0.025041      0.03347466  0.03535154  0.03157529  0.03561313 
  0.03200377  0.03548546  0.03351582  0.04215454  0.03939246  0.0343461 
  0.03419449  0.0336706    0.04248921  0.03408185  0.03453119  0.03247245 
  0.03717155  0.03229657  0.03657203  0.0348654    0.03575347  0.03569327 
  0.03357153  0.03238202]
[-0.00043621  -0.00347147  -0.00185626  -0.00011051    0.00254549  -0.00581279 
    0.00636954  -0.00228448  -0.00315705    0.00201157  -0.00299302  -0.00131078 
    0.00638187    0.00744374  -0.00012569  -0.00152059  -0.00246377    0.00328058 
    0.0038757    -0.00214208  -0.00410236  -0.00356474  -0.0044475    -0.01299921 
  -0.00524908  -0.01402152  -0.00450691  -0.02472515  -0.01004581  -0.00796531 
  -0.00540026  -0.0071919    -0.00339541  -0.00450425  -0.00574365  -0.00652402 
  -0.01441519  -0.00129121  -0.00462033  -0.00353834  -0.00751378  -0.00408931 
  -0.00294774  -0.00191811]
[0.03613247  0.03406212  0.03252633  0.03268356  0.03225235  0.03672789 
  0.0355718    0.03232        0.03423613  0.03231036  0.03476698  0.03235733 
  0.03256723  0.03260552  0.03247192  0.03264028  0.03076689  0.03198379 
  0.03170979  0.025041      0.03347466  0.03535154  0.03157529  0.03561313 
  0.03200377  0.03548546  0.03351582  0.04215454  0.03939246  0.0343461 
  0.03419449  0.0336706    0.04248921  0.03408185  0.03453119  0.03247245 
  0.03717155  0.03229657  0.03657203  0.0348654    0.03575347  0.03569327 
  0.03357153  0.03238202]
[  0.01293062    0.00491987  -0.00033268  -0.00012367  -0.00064452    0.01597642 
    0.01075314  -0.00065336    0.00545895  -0.00081463    0.00769643  -0.00110331 
    0.00275232    0.00313849  -0.00030088  -0.0003191    -0.00748098  -0.00151727 
  -0.00159798  -0.00191593    0.00336914    0.00993764  -0.00130891    0.01512418 
    0.00022915    0.01588944    0.00451276    0.04833054    0.03095849    0.0104233 
    0.00772794    0.00569044    0.04136611    0.00539835    0.00735085    0.00242083 
    0.02047694  -0.00127285    0.01760536    0.00829484    0.01201602    0.01181583 
    0.00052828  -0.00079485]
[-0.00864145  -0.0015893    -0.00867695    0.00254983    0.01734739    0.01622836 
  -0.00061346  -0.01336923    0.00180166    0.01354606    0.01055981  -0.00727255 
    0.02990545    0.02900162    0.00199695  -0.00049676    0.00349433    0.0197599 
    0.02385104  -0.0143511    -0.00925558    0.01432697  -0.02625161  -0.0246083 
  -0.02629741  -0.02904713  -0.02056649  -0.01711201  -0.02668263  -0.03170953 
  -0.0231997    -0.01962373  -0.01199516  -0.00741869  -0.009299      -0.02686864 
  -0.01683355  -0.00788543  -0.02738417  -0.00997993  -0.00428253    0.01658704 
  -0.00623457  -0.01085134]
[-0.00043621  -0.00347147  -0.00185626  -0.00011051    0.00254549  -0.00581279 
    0.00636954  -0.00228448  -0.00315705    0.00201157  -0.00299302  -0.00131078 
    0.00638187    0.00744374  -0.00012569  -0.00152059  -0.00246377    0.00328058 
    0.0038757    -0.00214208  -0.00410236  -0.00356474  -0.0044475    -0.01299921 
  -0.00524908  -0.01402152  -0.00450691  -0.02472515  -0.01004581  -0.00796531 
  -0.00540026  -0.0071919    -0.00339541  -0.00450425  -0.00574365  -0.00652402 
  -0.01441519  -0.00129121  -0.00462033  -0.00353834  -0.00751378  -0.00408931 
  -0.00294774  -0.00191811]
[-0.00864145  -0.0015893    -0.00867695    0.00254983    0.01734739    0.01622836 
  -0.00061346  -0.01336923    0.00180166    0.01354606    0.01055981  -0.00727255 
    0.02990545    0.02900162    0.00199695  -0.00049676    0.00349433    0.0197599 
    0.02385104  -0.0143511    -0.00925558    0.01432697  -0.02625161  -0.0246083 
  -0.02629741  -0.02904713  -0.02056649  -0.01711201  -0.02668263  -0.03170953 
  -0.0231997    -0.01962373  -0.01199516  -0.00741869  -0.009299      -0.02686864 
  -0.01683355  -0.00788543  -0.02738417  -0.00997993  -0.00428253    0.01658704 
  -0.00623457  -0.01085134]
[-0.0733426    -0.06977916  -0.06725531  -0.06750704  -0.0667559    -0.07477451 
  -0.07231768  -0.06695518  -0.07010466  -0.06696821  -0.0711478    -0.06698839 
  -0.06757697  -0.0674994    -0.06789549  -0.0673784    -0.06410363  -0.06656117 
  -0.06613257  -0.07385992  -0.06879329  -0.07231473  -0.06590186  -0.07219704 
  -0.06656756  -0.07198957  -0.06899424  -0.08440242  -0.07918445  -0.07047744 
  -0.07012888  -0.06895527  -0.08496947  -0.06977244  -0.07047538  -0.06707774 
  -0.07471492  -0.0666709    -0.07439879  -0.07113539  -0.07257368  -0.07285146 
  -0.06671457  -0.06677982]
increment_60
[0.07314502  0.07868968  0.08192547  0.08207745  0.08166683  0.07185764 
  0.07446708  0.08181352  0.07834692  0.08216028  0.07699214  0.08247831 
  0.0778182    0.07816218  0.0823252    0.08183092  0.08661751  0.08229177 
  0.0818809    0.09147218  0.07902692  0.07579677  0.08107539  0.06756754 
  0.08022779  0.06779331  0.07843786  0.04236845  0.05832911  0.07266877 
  0.07576065  0.07694568  0.05328692  0.0781906    0.07648262  0.07822447 
  0.06535947  0.08235486  0.06833713  0.07584804  0.07313066  0.07426122 
  0.0802118    0.08199285]
[0.04354935  0.040864      0.03894173  0.03916297  0.03849954  0.04396121 
  0.04292298  0.03880105  0.04114874  0.03864171  0.0417664    0.0387429 
  0.03891977  0.03856171  0.03907901  0.03926597  0.0368113    0.03810712 
  0.03775577  0.03010554  0.04029715  0.042384      0.03759181  0.04292346 
  0.03810713  0.04222532  0.03986032  0.05039257  0.04697446  0.0408018 
  0.0407215    0.0401213    0.05100387  0.04093403  0.04148713  0.03881249 
  0.0445331    0.03870488  0.04373073  0.04197851  0.04308624  0.04282445 
  0.04029519  0.03879525]
[-0.00175452  -0.00434478  -0.00274723    0.00014695    0.00407477  -0.00560096 
    0.0079775    -0.00313357  -0.00375277    0.00319513  -0.0031588    -0.00206386 
    0.00953369    0.01001051  -0.00027595  -0.00190336  -0.00265023    0.00516216 
    0.00584534  -0.00254112  -0.00559605  -0.00336248  -0.00691503  -0.01798177 
  -0.00747632  -0.01800046  -0.00642262  -0.03190641  -0.01444818  -0.01142961 
  -0.0075483    -0.00937534  -0.00480833  -0.00516395  -0.00753205  -0.00889106 
  -0.01864163  -0.00190155  -0.00866474  -0.00551634  -0.00984776  -0.00403434 
  -0.00358038  -0.00240088]
[0.04354935  0.040864      0.03894173  0.03916297  0.03849954  0.04396121 
  0.04292298  0.03880105  0.04114874  0.03864171  0.0417664    0.0387429 
  0.03891977  0.03856171  0.03907901  0.03926597  0.0368113    0.03810712 
  0.03775577  0.03010554  0.04029715  0.042384      0.03759181  0.04292346 
  0.03810713  0.04222532  0.03986032  0.05039257  0.04697446  0.0408018 
  0.0407215    0.0401213    0.05100387  0.04093403  0.04148713  0.03881249 
  0.0445331    0.03870488  0.04373073  0.04197851  0.04308624  0.04282445 
  0.04029519  0.03879525]
[  0.01550425    0.00549931  -0.0007813    -0.00057613  -0.00135088    0.01809581 
    0.01310533  -0.00086518    0.00636253  -0.00140042    0.00894133  -0.00163843 
    0.00349412    0.00243926  -0.00023171  -0.00023642  -0.00919503  -0.00223685 
  -0.00236918  -0.00226185    0.00418968    0.01143446  -0.00184686    0.01955889 
  -0.00024558    0.01819854    0.00427776    0.05860526    0.03620392    0.01155995 
    0.0083519      0.00561891    0.04872689    0.00605421    0.00859475    0.00234462 
    0.02433571  -0.0018286      0.02085222    0.01013607    0.01458999    0.01363078 
    0.00085111  -0.00132474]
[-0.0095308    -0.00242012  -0.0112933      0.00347931    0.02225032    0.02076076 
  -0.0005818    -0.01527393    0.00243894    0.01726026    0.01320235  -0.00964126 
    0.03712082    0.03669952    0.00251726  -0.00058006    0.00475024    0.02567467 
    0.03000292  -0.01542634  -0.01092136    0.01873547  -0.0334825    -0.03141752 
  -0.03265722  -0.03623234  -0.02602011  -0.02185728  -0.03344661  -0.03914127 
  -0.0297942    -0.02505369  -0.01462692  -0.00723615  -0.01175805  -0.03260731 
  -0.02252759  -0.00981703  -0.03384625  -0.01266927  -0.00625596    0.02074021 
  -0.00663165  -0.01223287]
[-0.00175452  -0.00434478  -0.00274723    0.00014695    0.00407477  -0.00560096 
    0.0079775    -0.00313357  -0.00375277    0.00319513  -0.0031588    -0.00206386 
    0.00953369    0.01001051  -0.00027595  -0.00190336  -0.00265023    0.00516216 
    0.00584534  -0.00254112  -0.00559605  -0.00336248  -0.00691503  -0.01798177 
  -0.00747632  -0.01800046  -0.00642262  -0.03190641  -0.01444818  -0.01142961 
  -0.0075483    -0.00937534  -0.00480833  -0.00516395  -0.00753205  -0.00889106 
  -0.01864163  -0.00190155  -0.00866474  -0.00551634  -0.00984776  -0.00403434 
  -0.00358038  -0.00240088]
[-0.0095308    -0.00242012  -0.0112933      0.00347931    0.02225032    0.02076076 
  -0.0005818    -0.01527393    0.00243894    0.01726026    0.01320235  -0.00964126 
    0.03712082    0.03669952    0.00251726  -0.00058006    0.00475024    0.02567467 
    0.03000292  -0.01542634  -0.01092136    0.01873547  -0.0334825    -0.03141752 
  -0.03265722  -0.03623234  -0.02602011  -0.02185728  -0.03344661  -0.03914127 
  -0.0297942    -0.02505369  -0.01462692  -0.00723615  -0.01175805  -0.03260731 
  -0.02252759  -0.00981703  -0.03384625  -0.01266927  -0.00625596    0.02074021 
  -0.00663165  -0.01223287]
[-0.08864927  -0.08418898  -0.08114417  -0.08150132  -0.08031595  -0.08995346 
  -0.08757241  -0.08094834  -0.08470945  -0.08075986  -0.08593347  -0.08083988 
  -0.08131232  -0.08060144  -0.08209349  -0.0815945    -0.07742247  -0.08005493 
  -0.07951172  -0.08921033  -0.08321659  -0.08723123  -0.07922853  -0.08712643 
  -0.07998221  -0.08599185  -0.08271562  -0.10097371  -0.09453302  -0.08422872 
  -0.08411255  -0.08256459  -0.10201381  -0.08424482  -0.08507737  -0.08056908 
  -0.08969518  -0.08052626  -0.08918935  -0.08598411  -0.08772066  -0.087892 
  -0.08106291  -0.08066811]
increment_70
[0.08604295  0.09276768  0.09642217  0.0967252    0.09606502  0.08531489 
  0.08754586  0.09618018  0.09226025  0.09669762  0.09077351  0.09702943 
  0.09070178  0.09208774  0.09659875  0.09615345  0.10170349  0.09658887 
  0.09613538  0.10710909  0.09252108  0.08940314  0.09494641  0.07756572 
  0.09426422  0.07981657  0.0926207    0.0481737    0.06875474  0.08557511 
  0.08934633  0.09092394  0.06333858  0.09233984  0.08997697  0.09205873 
  0.07675593  0.09698755  0.07989034  0.089063      0.08587967  0.08790417 
  0.09438102  0.0966167  ]
[0.05096909  0.04759891  0.04527169  0.04558561  0.04462573  0.05103076 
  0.050294      0.04525636  0.0480243    0.04487077  0.04871139  0.04504275 
  0.04518385  0.04432472  0.04566741  0.04586446  0.04283438  0.04404096 
  0.04362954  0.03532187  0.04724237  0.04934204  0.04344785  0.05024529 
  0.04403458  0.04872436  0.04603259  0.05855481  0.05425797  0.04700745 
  0.04703867  0.04643258  0.05946047  0.04773218  0.04840439  0.0450462 
  0.05168872  0.04504378  0.05072291  0.04902555  0.0503905    0.04979395 
  0.04702429  0.04515905]
[-0.00349251  -0.00527443  -0.00394784    0.00052054    0.00601029  -0.00466345 
    0.00949354  -0.00407606  -0.00424799    0.00471908  -0.00307662  -0.00305401 
    0.0133287      0.01303027  -0.00039642  -0.00226506  -0.00253008    0.00762911 
    0.0083153    -0.00282946  -0.00771246  -0.00280845  -0.00995964  -0.02373517 
  -0.01015221  -0.02221611  -0.00870299  -0.03959972  -0.0195629    -0.01520409 
  -0.01018067  -0.01177751  -0.00656438  -0.00550473  -0.00960866  -0.01149379 
  -0.02312363  -0.0025271    -0.01336511  -0.00780287  -0.01241095  -0.00344472 
  -0.00421848  -0.00283717]
[0.05096909  0.04759891  0.04527169  0.04558561  0.04462573  0.05103076 
  0.050294      0.04525636  0.0480243    0.04487077  0.04871139  0.04504275 
  0.04518385  0.04432472  0.04566741  0.04586446  0.04283438  0.04404096 
  0.04362954  0.03532187  0.04724237  0.04934204  0.04344785  0.05024529 
  0.04403458  0.04872436  0.04603259  0.05855481  0.05425797  0.04700745 
  0.04703867  0.04643258  0.05946047  0.04773218  0.04840439  0.0450462 
  0.05168872  0.04504378  0.05072291  0.04902555  0.0503905    0.04979395 
  0.04702429  0.04515905]
[  0.01801382    0.00588267  -0.00133463  -0.00112335  -0.00223822    0.01968609 
    0.01544283  -0.00110184    0.00715006  -0.0021092      0.01001776  -0.00228325 
    0.00430784    0.00142298  -0.00016658  -0.00020477  -0.010749      -0.00313952 
  -0.00331502  -0.00238294    0.00539774    0.01281774  -0.00246781    0.02448658 
  -0.00096638    0.01986529    0.00372835    0.06927173    0.0405933      0.01212988 
    0.00857809    0.00507872    0.05561707    0.0063753      0.0097684      0.00188309 
    0.02760481  -0.00251411    0.02383937    0.01177428    0.01699205    0.01491974 
    0.00121486  -0.00194171]
[-0.01042379  -0.00342035  -0.01437675    0.00459546    0.02758181    0.02578978 
  -0.0010135    -0.01699434    0.00325957    0.02137481    0.01610215  -0.01232555 
    0.04457746    0.04461616    0.0031919    -0.00056918    0.00636714    0.03236873 
    0.03665407  -0.01546406  -0.01230753    0.02359067  -0.04110071  -0.03844689 
  -0.03939247  -0.04378296  -0.03180122  -0.02683516  -0.04076368  -0.04688981 
  -0.0369022    -0.03058579  -0.01754106  -0.00637168  -0.01456978  -0.03823286 
  -0.02881504  -0.01153448  -0.04074882  -0.01560599  -0.00858931    0.0253102 
  -0.00684622  -0.01326346]
[-0.00349251  -0.00527443  -0.00394784    0.00052054    0.00601029  -0.00466345 
    0.00949354  -0.00407606  -0.00424799    0.00471908  -0.00307662  -0.00305401 
    0.0133287      0.01303027  -0.00039642  -0.00226506  -0.00253008    0.00762911 
    0.0083153    -0.00282946  -0.00771246  -0.00280845  -0.00995964  -0.02373517 
  -0.01015221  -0.02221611  -0.00870299  -0.03959972  -0.0195629    -0.01520409 
  -0.01018067  -0.01177751  -0.00656438  -0.00550473  -0.00960866  -0.01149379 
  -0.02312363  -0.0025271    -0.01336511  -0.00780287  -0.01241095  -0.00344472 
  -0.00421848  -0.00283717]
[-0.01042379  -0.00342035  -0.01437675    0.00459546    0.02758181    0.02578978 
  -0.0010135    -0.01699434    0.00325957    0.02137481    0.01610215  -0.01232555 
    0.04457746    0.04461616    0.0031919    -0.00056918    0.00636714    0.03236873 
    0.03665407  -0.01546406  -0.01230753    0.02359067  -0.04110071  -0.03844689 
  -0.03939247  -0.04378296  -0.03180122  -0.02683516  -0.04076368  -0.04688981 
  -0.0369022    -0.03058579  -0.01754106  -0.00637168  -0.01456978  -0.03823286 
  -0.02881504  -0.01153448  -0.04074882  -0.01560599  -0.00858931    0.0253102 
  -0.00684622  -0.01326346]
[-0.10405678  -0.09865036  -0.09508754  -0.09560185  -0.09382681  -0.10500098 
  -0.10298868  -0.09507834  -0.09941031  -0.09458842  -0.10079128  -0.09474618 
  -0.09500962  -0.09351072  -0.09643217  -0.09594868  -0.09095449  -0.09344935 
  -0.09282036  -0.10472615  -0.09791882  -0.10222087  -0.0924786    -0.1020523 
  -0.09329783  -0.09968186  -0.09634905  -0.11744544  -0.10934804  -0.09770499 
  -0.09792443  -0.09600266  -0.11895565  -0.09871514  -0.09974537  -0.09394182 
  -0.10436075  -0.09447344  -0.10372971  -0.10083729  -0.10287172  -0.10282391 
  -0.09559588  -0.09467499]
increment_80
[0.09917358  0.10713185  0.11107743  0.11155843  0.1105909    0.09918031 
  0.10080963  0.11077694  0.10644125  0.11136939  0.10481611  0.11175598 
  0.10345883  0.10609931  0.11106817  0.11061507  0.11680055  0.1109541 
  0.11047374  0.12253932  0.10583609  0.10314947  0.10881654  0.08698861 
  0.10848267  0.09226916  0.1069961    0.05367101  0.07949713  0.09880871 
  0.10316764  0.10521861  0.07364829  0.10674128  0.10362394  0.10628505 
  0.08850239  0.1119205    0.09157798  0.10265966  0.09889419  0.10204605 
  0.10861928  0.11145577]
[0.05835954  0.05424845  0.05150675  0.05195106  0.05061789  0.05787401 
  0.05768189  0.05166537  0.05483413  0.05097107  0.05558202  0.05124516 
  0.05136241  0.04992346  0.05220738  0.05246564  0.04886434  0.04975903 
  0.0493037    0.04080095  0.0543473    0.05624395  0.0491536    0.05758288 
  0.0497718    0.0549447    0.05203496  0.06659138  0.06126211  0.05294615 
  0.05309726  0.0525882    0.06785519  0.05453332  0.05526323  0.05113972 
  0.058616      0.05128075  0.05752257  0.05593452  0.05767571  0.05650665 
  0.05381063  0.05147708]
[-0.00551491  -0.0062156    -0.0054529      0.00098837    0.00841865  -0.00280327 
    0.01089966  -0.00499823  -0.00447093    0.00669815  -0.00266829  -0.00432904 
    0.01776059    0.01654892  -0.00041513  -0.002591      -0.00196256    0.01074728 
    0.01136452  -0.00302544  -0.01074494  -0.00193828  -0.01357425  -0.03026832 
  -0.01328792  -0.02663702  -0.01137134  -0.04767311  -0.02515541  -0.01926212 
  -0.01341683  -0.0143118    -0.00902839  -0.00567779  -0.01198186  -0.01425138 
  -0.0278156    -0.00302341  -0.01845366  -0.01016842  -0.01514879  -0.00209797 
  -0.00461602  -0.00317656]
[0.05835954  0.05424845  0.05150675  0.05195106  0.05061789  0.05787401 
  0.05768189  0.05166537  0.05483413  0.05097107  0.05558202  0.05124516 
  0.05136241  0.04992346  0.05220738  0.05246564  0.04886434  0.04975903 
  0.0493037    0.04080095  0.0543473    0.05624395  0.0491536    0.05758288 
  0.0497718    0.0549447    0.05203496  0.06659138  0.06126211  0.05294615 
  0.05309726  0.0525882    0.06785519  0.05453332  0.05526323  0.05113972 
  0.058616      0.05128075  0.05752257  0.05593452  0.05767571  0.05650665 
  0.05381063  0.05147708]
[  0.02034803    0.00601551  -0.00200372  -0.00174768  -0.00329531    0.02065188 
    0.01775629  -0.00145183    0.0077326    -0.00295439    0.01088358  -0.00306107 
    0.00519866    0.00012765  -0.00019524  -0.00012656  -0.01204589  -0.00424649 
  -0.00445469  -0.00210138    0.00706082    0.0141634    -0.0031565      0.02996808 
  -0.00201991    0.02075769    0.00291268    0.08004691    0.04419367    0.01210212 
    0.00832543    0.00424483    0.06214237    0.00632615    0.01082548    0.00096137 
    0.03019452  -0.00345964    0.02642403    0.01293953    0.01894458    0.01546748 
    0.00176845  -0.00264465]
[-0.01135513  -0.00451703  -0.01781917    0.00582171    0.03332468    0.03160254 
  -0.00182457  -0.01846228    0.00452991    0.02610032    0.01935067  -0.01539853 
    0.05228059    0.05272112    0.00401213  -0.00026159    0.00851595    0.03984677 
    0.04391111  -0.01442032  -0.01341423    0.02882054  -0.04899816  -0.04567064 
  -0.04640798  -0.05170785  -0.03789361  -0.03216927  -0.04856161  -0.05494872 
  -0.04452404  -0.03604666  -0.02103604  -0.00507861  -0.01774419  -0.04355286 
  -0.035595      -0.01288726  -0.04805857  -0.01865414  -0.01114933    0.03055514 
  -0.00676803  -0.01390504]
[-0.00551491  -0.0062156    -0.0054529      0.00098837    0.00841865  -0.00280327 
    0.01089966  -0.00499823  -0.00447093    0.00669815  -0.00266829  -0.00432904 
    0.01776059    0.01654892  -0.00041513  -0.002591      -0.00196256    0.01074728 
    0.01136452  -0.00302544  -0.01074494  -0.00193828  -0.01357425  -0.03026832 
  -0.01328792  -0.02663702  -0.01137134  -0.04767311  -0.02515541  -0.01926212 
  -0.01341683  -0.0143118    -0.00902839  -0.00567779  -0.01198186  -0.01425138 
  -0.0278156    -0.00302341  -0.01845366  -0.01016842  -0.01514879  -0.00209797 
  -0.00461602  -0.00317656]
[-0.01135513  -0.00451703  -0.01781917    0.00582171    0.03332468    0.03160254 
  -0.00182457  -0.01846228    0.00452991    0.02610032    0.01935067  -0.01539853 
    0.05228059    0.05272112    0.00401213  -0.00026159    0.00851595    0.03984677 
    0.04391111  -0.01442032  -0.01341423    0.02882054  -0.04899816  -0.04567064 
  -0.04640798  -0.05170785  -0.03789361  -0.03216927  -0.04856161  -0.05494872 
  -0.04452404  -0.03604666  -0.02103604  -0.00507861  -0.01774419  -0.04355286 
  -0.035595      -0.01288726  -0.04805857  -0.01865414  -0.01114933    0.03055514 
  -0.00676803  -0.01390504]
[-0.1195216    -0.11314737  -0.1090737    -0.10981075  -0.10729559  -0.11983219 
  -0.11856592  -0.10932511  -0.11417385  -0.108415      -0.11569969  -0.1086949 
  -0.10865749  -0.10622696  -0.11087293  -0.11048851  -0.10475466  -0.10670761 
  -0.10601905  -0.12043794  -0.11289691  -0.11731287  -0.10566004  -0.11695669 
  -0.10646277  -0.11302685  -0.10990878  -0.13371792  -0.12369079  -0.11091083 
  -0.11149307  -0.10946345  -0.13579066  -0.11306743  -0.11444941  -0.10724643 
  -0.1186969    -0.10846086  -0.11800201  -0.11559919  -0.11783877  -0.11751352 
  -0.11038774  -0.10881112]
increment_90
[0.11263561  0.12185386  0.12589998  0.12651174  0.12523489  0.11342774 
  0.11428107  0.12563961  0.12089932  0.12612283  0.11913109  0.12668355 
  0.1160428    0.12017538  0.12574202  0.12517242  0.13188655  0.12538691 
  0.12487863  0.13772838  0.11890519  0.1170646    0.12260525  0.095879 
  0.12294308  0.10516997  0.12152483  0.05904063  0.09061942  0.11240066 
  0.11722419  0.11980839  0.08412685  0.12135172  0.11744092  0.12099378 
  0.1006156    0.12725566  0.10349382  0.11677768  0.11232056  0.11671636 
  0.12289354  0.1265173  ]
[0.06567872  0.06077377  0.05764047  0.05829062  0.05647975  0.06440288 
  0.06506989  0.0580128    0.06157168  0.05692937  0.06235936  0.05733162 
  0.05746912  0.05536615  0.05869555  0.05909157  0.05492147  0.05525089 
  0.05475648  0.04661689  0.06163586  0.06307351  0.05475281  0.06490866 
  0.05531625  0.0608735    0.0578723    0.07447278  0.06799485  0.05860004 
  0.05884476  0.0586097    0.07617199  0.06137566  0.06204027  0.0570613 
  0.06529817  0.05736228  0.06410226  0.06264938  0.06490289  0.06285241 
  0.06069656  0.05774964]
[-0.00756322  -0.00706289  -0.00723422    0.00157043    0.01134666    0.00028643 
    0.01223078  -0.00583859  -0.00431989    0.00924395  -0.00185118  -0.00594508 
    0.02284327    0.02058648  -0.00026939  -0.00285516  -0.00087767    0.01451467 
    0.01504468  -0.00294774  -0.01480107  -0.00067673  -0.01781853  -0.03756028 
  -0.01687329  -0.03137557  -0.01445224  -0.05601973  -0.03102611  -0.02360416 
  -0.01733181  -0.01692864  -0.01237106  -0.00577841  -0.01466608  -0.01705052 
  -0.03275249  -0.00326127  -0.02386439  -0.01240331  -0.01789214    0.00029847 
  -0.00435833  -0.00337431]
[0.06567872  0.06077377  0.05764047  0.05829062  0.05647975  0.06440288 
  0.06506989  0.0580128    0.06157168  0.05692937  0.06235936  0.05733162 
  0.05746912  0.05536615  0.05869555  0.05909157  0.05492147  0.05525089 
  0.05475648  0.04661689  0.06163586  0.06307351  0.05475281  0.06490866 
  0.05531625  0.0608735    0.0578723    0.07447278  0.06799485  0.05860004 
  0.05884476  0.0586097    0.07617199  0.06137566  0.06204027  0.0570613 
  0.06529817  0.05736228  0.06410226  0.06264938  0.06490289  0.06285241 
  0.06069656  0.05774964]
[  2.23564334e-02    5.78431543e-03  -2.80228526e-03  -2.33874281e-03 
  -4.53431827e-03    2.08857328e-02    1.99957856e-02  -1.96075085e-03 
    8.10533592e-03  -3.90721073e-03    1.15097548e-02  -4.01775204e-03 
    6.21289985e-03  -1.41323731e-03  -3.24272502e-04    7.18143810e-05 
  -1.30403242e-02  -5.56977573e-03  -5.80295827e-03  -1.49928427e-03 
    9.25777245e-03    1.54152817e-02  -3.78914291e-03    3.58912614e-02 
  -3.53270175e-03    2.07940872e-02    1.88226834e-03    9.06792563e-02 
    4.69917268e-02    1.14516585e-02    7.51846324e-03    3.27782264e-03 
    6.83643198e-02    5.85798343e-03    1.17153116e-02  -4.43587262e-04 
    3.20850328e-02  -4.86485676e-03    2.84910358e-02    1.34388195e-02 
    2.02088149e-02    1.50904889e-02    2.60667283e-03  -3.43324203e-03]
[-0.01221746  -0.00560056  -0.021503        0.00702556    0.03942464    0.03849317 
  -0.00278283  -0.019678        0.00638277    0.03152449    0.02304137  -0.01895483 
    0.06021838    0.06100181    0.00502189    0.00044413    0.0112113      0.04796027 
    0.05178493  -0.01226588  -0.01425866    0.03446892  -0.05710885  -0.05314041 
  -0.05354346  -0.05998594  -0.04427097  -0.03794279  -0.05678887  -0.06331341 
  -0.05265616  -0.0412827    -0.02530906  -0.00345125  -0.0213131    -0.04844194 
  -0.04288606  -0.0138664    -0.05577186  -0.021689      -0.01373684    0.0367584 
  -0.00613146  -0.01414341]
[-0.00756322  -0.00706289  -0.00723422    0.00157043    0.01134666    0.00028643 
    0.01223078  -0.00583859  -0.00431989    0.00924395  -0.00185118  -0.00594508 
    0.02284327    0.02058648  -0.00026939  -0.00285516  -0.00087767    0.01451467 
    0.01504468  -0.00294774  -0.01480107  -0.00067673  -0.01781853  -0.03756028 
  -0.01687329  -0.03137557  -0.01445224  -0.05601973  -0.03102611  -0.02360416 
  -0.01733181  -0.01692864  -0.01237106  -0.00577841  -0.01466608  -0.01705052 
  -0.03275249  -0.00326127  -0.02386439  -0.01240331  -0.01789214    0.00029847 
  -0.00435833  -0.00337431]
[-0.01221746  -0.00560056  -0.021503        0.00702556    0.03942464    0.03849317 
  -0.00278283  -0.019678        0.00638277    0.03152449    0.02304137  -0.01895483 
    0.06021838    0.06100181    0.00502189    0.00044413    0.0112113      0.04796027 
    0.05178493  -0.01226588  -0.01425866    0.03446892  -0.05710885  -0.05314041 
  -0.05354346  -0.05998594  -0.04427097  -0.03794279  -0.05678887  -0.06331341 
  -0.05265616  -0.0412827    -0.02530906  -0.00345125  -0.0213131    -0.04844194 
  -0.04288606  -0.0138664    -0.05577186  -0.021689      -0.01373684    0.0367584 
  -0.00613146  -0.01414341]
[-0.13499205  -0.12763817  -0.12309769  -0.124173      -0.12070057  -0.13431347 
  -0.13427686  -0.12367886  -0.12900465  -0.12221562  -0.13064085  -0.1226658 
  -0.1222557    -0.11876214  -0.12541774  -0.12524424  -0.11884622  -0.11981713 
  -0.11907567  -0.1362291    -0.12816296  -0.13247988  -0.11881611  -0.13177027 
  -0.11941037  -0.12596405  -0.1234071    -0.14971989  -0.13761115  -0.12385232 
  -0.12474265  -0.12308621  -0.15249117  -0.12720971  -0.12915623  -0.12055019 
  -0.13270064  -0.1223908    -0.13198486  -0.1302165    -0.13252937  -0.13180684 
  -0.12550021  -0.12308406]
increment_100
[0.1263244    0.13694779  0.14089274  0.14147479  0.13997517  0.1279388 
  0.12791161  0.14074208  0.13558367  0.14077955  0.13368344  0.14182524 
  0.1284414    0.13429484  0.14061557  0.13974644  0.14700858  0.13989264 
  0.13933865  0.15260903  0.13180021  0.13123459  0.13621512  0.10432802 
  0.1376826    0.11839826  0.13615456  0.06438061  0.10217772  0.12638738 
  0.13153001  0.1346718    0.09485632  0.13626138  0.1314625    0.13614744 
  0.11306342  0.14307847  0.11556109  0.13135327  0.12614972  0.13176988 
  0.13731601  0.14179425]
[0.07295703  0.06715794  0.06366612  0.06467237  0.06220345  0.07058809 
  0.07247979  0.06426155  0.0682603    0.06282821  0.06904472  0.06330113 
  0.06350547  0.06066161  0.06514111  0.06578226  0.06099796  0.06051768 
  0.0599826    0.05283268  0.06906094  0.06975235  0.06029986  0.0721635 
  0.06067969  0.06655387  0.06354765  0.08222026  0.07445705  0.06395305 
  0.06426656  0.06455273  0.08437886  0.06817736  0.06871317  0.06280754 
  0.07173918  0.06323819  0.07050048  0.06916675  0.07202714  0.06880015 
  0.06761462  0.0639675  ]
[-0.00968588  -0.00778533  -0.00929771    0.00246313    0.01480939    0.00453785 
    0.0135892    -0.00681097  -0.00391291    0.01249656  -0.00054807  -0.00788593 
    0.02857146    0.0251573      0.00015894  -0.00318229    0.00053218    0.01888395 
    0.01934814  -0.00250182  -0.01968473    0.00121987  -0.02277653  -0.04569552 
  -0.02083712  -0.03658737  -0.0180158    -0.06457597  -0.03710467  -0.02824062 
  -0.0217806    -0.01957254  -0.01636254  -0.00548446  -0.01762125  -0.01988048 
  -0.03799956  -0.00312336  -0.02968473  -0.014631      -0.02057886    0.00380528 
  -0.00349822  -0.00344728]
[0.07295703  0.06715794  0.06366612  0.06467237  0.06220345  0.07058809 
  0.07247979  0.06426155  0.0682603    0.06282821  0.06904472  0.06330113 
  0.06350547  0.06066161  0.06514111  0.06578226  0.06099796  0.06051768 
  0.0599826    0.05283268  0.06906094  0.06975235  0.06029986  0.0721635 
  0.06067969  0.06655387  0.06354765  0.08222026  0.07445705  0.06395305 
  0.06426656  0.06455273  0.08437886  0.06817736  0.06871317  0.06280754 
  0.07173918  0.06323819  0.07050048  0.06916675  0.07202714  0.06880015 
  0.06761462  0.0639675  ]
[  0.02419771    0.00516898  -0.00373809  -0.00269589  -0.00595095    0.0204632 
    0.0222447    -0.00265587    0.00836188  -0.0046948      0.01194723  -0.00515577 
    0.00734661  -0.00318873  -0.00052692    0.00051815  -0.01381782  -0.00711109 
  -0.00735833  -0.00057032    0.01186423    0.0163696    -0.00423205    0.04196533 
  -0.00554342    0.02007333    0.00069283    0.10110618    0.04897035    0.01015656 
    0.00614978    0.00219707    0.07415013    0.0049867      0.01237736  -0.00228531 
    0.03333413  -0.0069159      0.03018844    0.01335587    0.02102555    0.01390427 
    0.00350977  -0.00431018]
[-0.01315894  -0.00663858  -0.02540969    0.00828642    0.04590973    0.04634065 
  -0.00373612  -0.0211375      0.00858365    0.03746837    0.02732643  -0.02287685 
    0.0683861      0.06944026    0.00636826    0.00134307    0.0141772      0.05650979 
    0.06015434  -0.00912147  -0.01493316    0.04077341  -0.06540596  -0.06090214 
  -0.06065005  -0.06855435  -0.05098569  -0.04406394  -0.06541783  -0.07198403 
  -0.06120296  -0.04611145  -0.03028439  -0.00112241  -0.02520058  -0.05303108 
  -0.05064881  -0.01445877  -0.06385215  -0.02492529  -0.01627591    0.04399023 
  -0.0048128    -0.01409355]
[-0.00968588  -0.00778533  -0.00929771    0.00246313    0.01480939    0.00453785 
    0.0135892    -0.00681097  -0.00391291    0.01249656  -0.00054807  -0.00788593 
    0.02857146    0.0251573      0.00015894  -0.00318229    0.00053218    0.01888395 
    0.01934814  -0.00250182  -0.01968473    0.00121987  -0.02277653  -0.04569552 
  -0.02083712  -0.03658737  -0.0180158    -0.06457597  -0.03710467  -0.02824062 
  -0.0217806    -0.01957254  -0.01636254  -0.00548446  -0.01762125  -0.01988048 
  -0.03799956  -0.00312336  -0.02968473  -0.014631      -0.02057886    0.00380528 
  -0.00349822  -0.00344728]
[-0.01315894  -0.00663858  -0.02540969    0.00828642    0.04590973    0.04634065 
  -0.00373612  -0.0211375      0.00858365    0.03746837    0.02732643  -0.02287685 
    0.0683861      0.06944026    0.00636826    0.00134307    0.0141772      0.05650979 
    0.06015434  -0.00912147  -0.01493316    0.04077341  -0.06540596  -0.06090214 
  -0.06065005  -0.06855435  -0.05098569  -0.04406394  -0.06541783  -0.07198403 
  -0.06120296  -0.04611145  -0.03028439  -0.00112241  -0.02520058  -0.05303108 
  -0.05064881  -0.01445877  -0.06385215  -0.02492529  -0.01627591    0.04399023 
  -0.0048128    -0.01409355]
[-0.15052211  -0.14211677  -0.13715466  -0.1387789    -0.13402422  -0.148402 
  -0.15015631  -0.13808622  -0.14394555  -0.13608475  -0.14563068  -0.13666947 
  -0.13578801  -0.13110611  -0.14008865  -0.14026459  -0.13319076  -0.13278155 
  -0.13198032  -0.15203871  -0.14366443  -0.14760418  -0.13198308  -0.14629335 
  -0.13213918  -0.13847159  -0.13684739  -0.16548679  -0.15114807  -0.13654394 
  -0.13767979  -0.13686888  -0.16900645  -0.14124808  -0.14383986  -0.13386213 
  -0.14639755  -0.13616257  -0.14574953  -0.14470914  -0.14717527  -0.14567415 
  -0.14082578  -0.13748407]
increment_110
[0.14015151  0.15234821  0.1560633    0.15656084  0.15481855  0.142557 
  0.14160233  0.15602355  0.15046071  0.15529753  0.14837693  0.15715025 
  0.1406684    0.14844497  0.15564138  0.15417429  0.16217091  0.15447389 
  0.15384763  0.16709349  0.14461543  0.1458046    0.14952977  0.11241928 
  0.15275798  0.13179724  0.15084925  0.06975939  0.11426224  0.14071091 
  0.14605039  0.14988867  0.10594511  0.1515412    0.14574452  0.15165752 
  0.12570921  0.15945556  0.12762211  0.14622893  0.1401282    0.14695744 
  0.15203494  0.15727544]
[0.08022373  0.07342782  0.06959495  0.07103361  0.06776617  0.07647868 
  0.07996687  0.07041482  0.07491988  0.06868709  0.07565097  0.06917688 
  0.06946026  0.06582858  0.07157667  0.07265909  0.06712227  0.06556528 
  0.06499347  0.05950981  0.07657431  0.07610135  0.06585718  0.07927704 
  0.06585868  0.07204301  0.06905313  0.08985676  0.08062589  0.06901762 
  0.06940247  0.0704981    0.092433      0.07483625  0.07524543  0.06840981 
  0.07800091  0.06885745  0.07675904  0.0755164    0.07910297  0.07441918 
  0.07445817  0.07011497]
[-0.01205323  -0.00845871  -0.01159234    0.00363308    0.01875379    0.00961315 
    0.01506384  -0.00817791  -0.00345821    0.01649898    0.00141083  -0.01015553 
    0.03492437    0.03027233    0.00090298  -0.00384338    0.00185959    0.02379451 
    0.02423803  -0.00172313  -0.02506287    0.00418366  -0.0285411    -0.05464701 
  -0.02508407  -0.04225945  -0.02215003  -0.07329629  -0.04336136  -0.03323921 
  -0.02667274  -0.02195628  -0.02088169  -0.00453624  -0.02083429  -0.02277799 
  -0.04363957  -0.00248994  -0.03605467  -0.01713379  -0.02357293    0.00823908 
  -0.00218721  -0.00355191]
[0.08022373  0.07342782  0.06959495  0.07103361  0.06776617  0.07647868 
  0.07996687  0.07041482  0.07491988  0.06868709  0.07565097  0.06917688 
  0.06946026  0.06582858  0.07157667  0.07265909  0.06712227  0.06556528 
  0.06499347  0.05950981  0.07657431  0.07610135  0.06585718  0.07927704 
  0.06585868  0.07204301  0.06905313  0.08985676  0.08062589  0.06901762 
  0.06940247  0.0704981    0.092433      0.07483625  0.07524543  0.06840981 
  0.07800091  0.06885745  0.07675904  0.0755164    0.07910297  0.07441918 
  0.07445817  0.07011497]
[  0.02600477    0.00428916  -0.00479535  -0.00302332  -0.00751892    0.01962402 
    0.02468865  -0.0034705      0.00856627  -0.00527244    0.01231103  -0.00639817 
    0.00855481  -0.0052195    -0.00070613    0.00153663  -0.01436723  -0.00886393 
  -0.0091015      0.00081647    0.01475641    0.01660103  -0.00434877    0.04789764 
  -0.00810376    0.01888048  -0.00063423    0.11129788    0.05004453    0.00830814 
    0.0043433      0.00102016    0.07932665    0.00372246    0.01271499  -0.00442996 
    0.03417418  -0.00978951    0.03172751    0.01290198    0.02176674    0.01227921 
    0.00417642  -0.00528371]
[-0.01440471  -0.00765853  -0.02939347    0.00973952    0.0526979      0.05485862 
  -0.00470987  -0.02321459    0.01074739    0.04385682    0.0323863    -0.02704119 
    0.07678955    0.07800745    0.00802368    0.00208937    0.01699801    0.06532277 
    0.0688607    -0.00522963  -0.01554031    0.04806056  -0.07387835  -0.06896188 
  -0.06763084  -0.07735892  -0.05813245  -0.0504533    -0.07444325  -0.08093334 
  -0.07005413  -0.05001493  -0.03597575    0.00202042  -0.02943767  -0.05741727 
  -0.05868167  -0.0146198    -0.07230928  -0.02865323  -0.01914397    0.05214217 
  -0.0029054    -0.01410592]
[-0.01205323  -0.00845871  -0.01159234    0.00363308    0.01875379    0.00961315 
    0.01506384  -0.00817791  -0.00345821    0.01649898    0.00141083  -0.01015553 
    0.03492437    0.03027233    0.00090298  -0.00384338    0.00185959    0.02379451 
    0.02423803  -0.00172313  -0.02506287    0.00418366  -0.0285411    -0.05464701 
  -0.02508407  -0.04225945  -0.02215003  -0.07329629  -0.04336136  -0.03323921 
  -0.02667274  -0.02195628  -0.02088169  -0.00453624  -0.02083429  -0.02277799 
  -0.04363957  -0.00248994  -0.03605467  -0.01713379  -0.02357293    0.00823908 
  -0.00218721  -0.00355191]
[-0.01440471  -0.00765853  -0.02939347    0.00973952    0.0526979      0.05485862 
  -0.00470987  -0.02321459    0.01074739    0.04385682    0.0323863    -0.02704119 
    0.07678955    0.07800745    0.00802368    0.00208937    0.01699801    0.06532277 
    0.0688607    -0.00522963  -0.01554031    0.04806056  -0.07387835  -0.06896188 
  -0.06763084  -0.07735892  -0.05813245  -0.0504533    -0.07444325  -0.08093334 
  -0.07005413  -0.05001493  -0.03597575    0.00202042  -0.02943767  -0.05741727 
  -0.05868167  -0.0146198    -0.07230928  -0.02865323  -0.01914397    0.05214217 
  -0.0029054    -0.01410592]
[-0.16615628  -0.15663736  -0.15126795  -0.15353751  -0.14729963  -0.16218103 
  -0.16629097  -0.15255305  -0.15902698  -0.15002509  -0.16068796  -0.15075208 
  -0.14922321  -0.14322547  -0.15493525  -0.15571093  -0.14780368  -0.14560996 
  -0.14474613  -0.16790996  -0.15937185  -0.16240564  -0.145181      -0.16031692 
  -0.14465422  -0.15067772  -0.15021502  -0.18105727  -0.16430677  -0.14901905 
  -0.15039369  -0.15090883  -0.18527176  -0.15526366  -0.1584595    -0.14722756 
  -0.15988339  -0.14966604  -0.15934962  -0.15913091  -0.16189494  -0.15923665 
  -0.15621137  -0.15199174]
increment_120
[0.15420405  0.16800618  0.17145476  0.17177678  0.16981088  0.15717495 
  0.15531966  0.17147129  0.16550236  0.16977287  0.16295953  0.17265783 
  0.15269261  0.16262594  0.17071403  0.16837443  0.1773196    0.16912714 
  0.16838583  0.18124321  0.15730073  0.16082265  0.16248282  0.12019178 
  0.16816614  0.14531858  0.16557101  0.07512751  0.12685941  0.1553027 
  0.16069758  0.16553924  0.11724988  0.16715333  0.16025203  0.16748507 
  0.13847853  0.17634341  0.13962059  0.1613759    0.15410458  0.16216566 
  0.1671201    0.17295644]
[0.08743277  0.07960284  0.07546598  0.07735965  0.07317342  0.08213909 
  0.08755851  0.07649531  0.08158174  0.07444076  0.08225148  0.07496675 
  0.07537109  0.0708835    0.07807361  0.07980719  0.07335963  0.07039254 
  0.06980992  0.06658203  0.08421473  0.08198616  0.07146128  0.08624207 
  0.07086668  0.07736024  0.07438212  0.09738507  0.08649967  0.07382515 
  0.07430075  0.07652413  0.10027166  0.08132353  0.08159835  0.07389597 
  0.08414443  0.0742176    0.08288174  0.08168034  0.08620876  0.07974735 
  0.08114564  0.07617939]
[-0.01468229  -0.00918866  -0.01397055    0.00523218    0.02302866    0.01537265 
    0.01665202  -0.00996799  -0.00297977    0.0211821      0.00451491  -0.01273909 
    0.04193743    0.03592968    0.0020414    -0.00496162    0.00288903    0.02922617 
    0.02970698  -0.00060585  -0.03068407    0.00837843  -0.0351459    -0.06419813 
  -0.02956442  -0.04835474  -0.02693354  -0.08223005  -0.04984342  -0.03869349 
  -0.03206876  -0.02375756  -0.02642856  -0.00297814  -0.02445818  -0.02578367 
  -0.04970085  -0.00133599  -0.04302175  -0.01997999  -0.02704945    0.0134722 
  -0.00059421  -0.00388213]
[0.08743277  0.07960284  0.07546598  0.07735965  0.07317342  0.08213909 
  0.08755851  0.07649531  0.08158174  0.07444076  0.08225148  0.07496675 
  0.07537109  0.0708835    0.07807361  0.07980719  0.07335963  0.07039254 
  0.06980992  0.06658203  0.08421473  0.08198616  0.07146128  0.08624207 
  0.07086668  0.07736024  0.07438212  0.09738507  0.08649967  0.07382515 
  0.07430075  0.07652413  0.10027166  0.08132353  0.08159835  0.07389597 
  0.08414443  0.0742176    0.08288174  0.08168034  0.08620876  0.07974735 
  0.08114564  0.07617939]
[  0.02761718    0.00323101  -0.00594846  -0.00335034  -0.00924813    0.01852897 
    0.02740275  -0.00435264    0.00879896  -0.0058332      0.01290734  -0.00772603 
    0.00976366  -0.00753651  -0.00066503    0.00331088  -0.01455433  -0.01082619 
  -0.01100314    0.00275762    0.01808903    0.01584012  -0.00409528    0.05363611 
  -0.01116674    0.01735949  -0.00207835    0.12130648    0.05026406    0.0059357 
    0.00225968  -0.00020164    0.08391825    0.0021458      0.01270458  -0.00685179 
    0.03474924  -0.01346587    0.03315687    0.01208928    0.02256539    0.01038888 
    0.00442655  -0.00636275]
[-0.01609627  -0.00876818  -0.03315917    0.01166827    0.05953061    0.06384931 
  -0.00577907  -0.02580946    0.0129002      0.05071175    0.03833636  -0.03136946 
    0.08541326    0.08667184    0.00987742    0.00254339    0.01952372    0.07433906 
    0.07780831  -0.00060543  -0.01614112    0.05622347  -0.08252676  -0.07732004 
  -0.07443146  -0.08638998  -0.0657661    -0.05716436  -0.08384084  -0.09012722 
  -0.07914975  -0.05252199  -0.04270879    0.00577153  -0.03426493  -0.06155154 
  -0.06678237  -0.01431782  -0.08114732  -0.03290856  -0.02234031    0.06105413 
  -0.00068122  -0.01451652]
[-0.01468229  -0.00918866  -0.01397055    0.00523218    0.02302866    0.01537265 
    0.01665202  -0.00996799  -0.00297977    0.0211821      0.00451491  -0.01273909 
    0.04193743    0.03592968    0.0020414    -0.00496162    0.00288903    0.02922617 
    0.02970698  -0.00060585  -0.03068407    0.00837843  -0.0351459    -0.06419813 
  -0.02956442  -0.04835474  -0.02693354  -0.08223005  -0.04984342  -0.03869349 
  -0.03206876  -0.02375756  -0.02642856  -0.00297814  -0.02445818  -0.02578367 
  -0.04970085  -0.00133599  -0.04302175  -0.01997999  -0.02704945    0.0134722 
  -0.00059421  -0.00388213]
[-0.01609627  -0.00876818  -0.03315917    0.01166827    0.05953061    0.06384931 
  -0.00577907  -0.02580946    0.0129002      0.05071175    0.03833636  -0.03136946 
    0.08541326    0.08667184    0.00987742    0.00254339    0.01952372    0.07433906 
    0.07780831  -0.00060543  -0.01614112    0.05622347  -0.08252676  -0.07732004 
  -0.07443146  -0.08638998  -0.0657661    -0.05716436  -0.08384084  -0.09012722 
  -0.07914975  -0.05252199  -0.04270879    0.00577153  -0.03426493  -0.06155154 
  -0.06678237  -0.01431782  -0.08114732  -0.03290856  -0.02234031    0.06105413 
  -0.00068122  -0.01451652]
[-0.18182123  -0.17123719  -0.16550629  -0.16842644  -0.16056275  -0.17570392 
  -0.1827224    -0.16711865  -0.17430132  -0.16393968  -0.17586687  -0.16493181 
  -0.16245627  -0.15508942  -0.170049      -0.1716853    -0.16276527  -0.15830096 
  -0.15738269  -0.18400084  -0.17538976  -0.17666277  -0.15838754  -0.17382789 
  -0.1569994    -0.16267807  -0.16349266  -0.19643399  -0.17712348  -0.1612384 
  -0.16295726  -0.1653376    -0.20116813  -0.16929913  -0.17295661  -0.16063328 
  -0.17322777  -0.16287754  -0.17277746  -0.17346518  -0.17666998  -0.17255454 
  -0.17154665  -0.16659369]
