inc
eps_11
eps_12
eps_13
eps_21
eps_22
eps_23
eps_31
eps_32
eps_33
increment_0
[-7.99819974e-17  -7.99819974e-17  -7.99819974e-17  -7.99819974e-17 
  -7.99819974e-17  -7.99819974e-17  -7.99819974e-17  -7.99819974e-17 
  -7.99819974e-17  -7.99819974e-17  -7.99819974e-17  -7.99819974e-17]
[1.2220932e-16  1.2220932e-16  1.2220932e-16  1.2220932e-16  1.2220932e-16 
  1.2220932e-16  1.2220932e-16  1.2220932e-16  1.2220932e-16  1.2220932e-16 
  1.2220932e-16  1.2220932e-16]
[-3.99572582e-17  -3.99572582e-17  -3.99572582e-17  -3.99572582e-17 
  -3.99572582e-17  -3.99572582e-17  -3.99572582e-17  -3.99572582e-17 
  -3.99572582e-17  -3.99572582e-17  -3.99572582e-17  -3.99572582e-17]
[1.2220932e-16  1.2220932e-16  1.2220932e-16  1.2220932e-16  1.2220932e-16 
  1.2220932e-16  1.2220932e-16  1.2220932e-16  1.2220932e-16  1.2220932e-16 
  1.2220932e-16  1.2220932e-16]
[3.28297286e-17  3.28297286e-17  3.28297286e-17  3.28297286e-17 
  3.28297286e-17  3.28297286e-17  3.28297286e-17  3.28297286e-17 
  3.28297286e-17  3.28297286e-17  3.28297286e-17  3.28297286e-17]
[2.55656514e-17  2.55656514e-17  2.55656514e-17  2.55656514e-17 
  2.55656514e-17  2.55656514e-17  2.55656514e-17  2.55656514e-17 
  2.55656514e-17  2.55656514e-17  2.55656514e-17  2.55656514e-17]
[-3.99572582e-17  -3.99572582e-17  -3.99572582e-17  -3.99572582e-17 
  -3.99572582e-17  -3.99572582e-17  -3.99572582e-17  -3.99572582e-17 
  -3.99572582e-17  -3.99572582e-17  -3.99572582e-17  -3.99572582e-17]
[2.55656514e-17  2.55656514e-17  2.55656514e-17  2.55656514e-17 
  2.55656514e-17  2.55656514e-17  2.55656514e-17  2.55656514e-17 
  2.55656514e-17  2.55656514e-17  2.55656514e-17  2.55656514e-17]
[1.0266342e-16  1.0266342e-16  1.0266342e-16  1.0266342e-16  1.0266342e-16 
  1.0266342e-16  1.0266342e-16  1.0266342e-16  1.0266342e-16  1.0266342e-16 
  1.0266342e-16  1.0266342e-16]
increment_10
[-0.0121261    -0.01117736  -0.01288719  -0.0141419    -0.00986131  -0.01329047 
  -0.00657002  -0.01171544  -0.01374835  -0.01249126  -0.00759747  -0.0089575  ]
[  0.00126591  -0.00042408  -0.00016726    0.00306583    0.00167614    0.00238422 
    0.00086403    0.00092713    0.0002778      0.00357833    0.00162501    0.00054531]
[-0.00533322  -0.00372813  -0.00554943    0.00186        -0.00499093  -0.00223703 
  -0.00121819  -0.00265751    0.00028482  -0.00248797  -0.00648719  -0.00463571]
[  0.00126591  -0.00042408  -0.00016726    0.00306583    0.00167614    0.00238422 
    0.00086403    0.00092713    0.0002778      0.00357833    0.00162501    0.00054531]
[0.00975343  0.00791544  0.01191598  0.00650505  0.00954578  0.00859026 
  0.00411901  0.01199087  0.01041068  0.00198645  0.00880946  0.01189808]
[-0.00672594  -0.0077474    -0.00640036  -0.00706663  -0.00766463  -0.00668851 
  -0.01038785  -0.00692617  -0.00686868  -0.00768522  -0.00852029  -0.00804899]
[-0.00533322  -0.00372813  -0.00554943    0.00186        -0.00499093  -0.00223703 
  -0.00121819  -0.00265751    0.00028482  -0.00248797  -0.00648719  -0.00463571]
[-0.00672594  -0.0077474    -0.00640036  -0.00706663  -0.00766463  -0.00668851 
  -0.01038785  -0.00692617  -0.00686868  -0.00768522  -0.00852029  -0.00804899]
[  0.00237266    0.00326192    0.00097121    0.00763685    0.00031552    0.00470021 
    0.00245101  -0.00027543    0.00333766    0.01050481  -0.00121199  -0.00294057]
increment_20
[-0.02467001  -0.02228243  -0.02747213  -0.03053134  -0.01976947  -0.02836681 
  -0.01400622  -0.02455439  -0.02954909  -0.02487856  -0.01406366  -0.01714078]
[  0.00270325  -0.00159496    0.00017442    0.00646097    0.00469876    0.00561198 
    0.00213534    0.00234087  -0.00016502    0.00845099    0.00429307    0.0016781  ]
[-0.01274324  -0.00846909  -0.01236823    0.00437824  -0.01120776  -0.00621838 
  -0.00223327  -0.00644018    0.0002634    -0.00663458  -0.01446204  -0.00983744]
[  0.00270325  -0.00159496    0.00017442    0.00646097    0.00469876    0.00561198 
    0.00213534    0.00234087  -0.00016502    0.00845099    0.00429307    0.0016781  ]
[0.02108009  0.01665971  0.02595094  0.01417326  0.01956737  0.01832881 
  0.00766802  0.02620143  0.02253908  0.00224898  0.01863967  0.02535885]
[-0.01488705  -0.01779127  -0.01351986  -0.01522712  -0.01705757  -0.01436025 
  -0.02280568  -0.01502569  -0.0147318    -0.01726434  -0.01912075  -0.01801387]
[-0.01274324  -0.00846909  -0.01236823    0.00437824  -0.01120776  -0.00621838 
  -0.00223327  -0.00644018    0.0002634    -0.00663458  -0.01446204  -0.00983744]
[-0.01488705  -0.01779127  -0.01351986  -0.01522712  -0.01705757  -0.01436025 
  -0.02280568  -0.01502569  -0.0147318    -0.01726434  -0.01912075  -0.01801387]
[  0.00358993    0.00562272    0.00152118    0.01635808    0.0002021      0.010038 
    0.0063382    -0.00164704    0.00701001    0.02262958  -0.00457601  -0.00821807]
increment_30
[-0.03716803  -0.03322392  -0.04195028  -0.04716867  -0.02965847  -0.04328536 
  -0.02213982  -0.03720907  -0.04539815  -0.03681294  -0.02004715  -0.02503746]
[  0.00447854  -0.00286169    0.00112823    0.00952124    0.00821942    0.00935803 
    0.00485216    0.00425113  -0.0002644      0.01436674    0.00739482    0.00396965]
[-0.02042552  -0.01383889  -0.01956647    0.00732266  -0.01797636  -0.01120329 
  -0.00398795  -0.0117807      0.00066015  -0.01110118  -0.02296574  -0.01521233]
[  0.00447854  -0.00286169    0.00112823    0.00952124    0.00821942    0.00935803 
    0.00485216    0.00425113  -0.0002644      0.01436674    0.00739482    0.00396965]
[0.03269911  0.02585854  0.03996877  0.02217497  0.02957181  0.02794427 
  0.01107262  0.04039888  0.03490608  0.00191981  0.02893809  0.03914763]
[-0.02280549  -0.02790201  -0.02045395  -0.0234705    -0.02617329  -0.02192174 
  -0.03479804  -0.02282516  -0.0225805    -0.02664672  -0.0294347    -0.02770031]
[-0.02042552  -0.01383889  -0.01956647    0.00732266  -0.01797636  -0.01120329 
  -0.00398795  -0.0117807      0.00066015  -0.01110118  -0.02296574  -0.01521233]
[-0.02280549  -0.02790201  -0.02045395  -0.0234705    -0.02617329  -0.02192174 
  -0.03479804  -0.02282516  -0.0225805    -0.02664672  -0.0294347    -0.02770031]
[  4.46891730e-03    7.36537230e-03    1.98150544e-03    2.49937036e-02 
    8.66584903e-05    1.53410907e-02    1.10672009e-02  -3.18981593e-03 
    1.04920766e-02    3.48931365e-02  -8.89093583e-03  -1.41101646e-02]
increment_40
[-0.04968059  -0.04402248  -0.05639214  -0.0640026    -0.03935399  -0.05802742 
  -0.03075754  -0.04929313  -0.06130632  -0.04849193  -0.02579494  -0.03249157]
[  6.76749877e-03  -4.07930529e-03    2.79691554e-03    1.22180653e-02 
    1.22404725e-02    1.35737550e-02    9.16212986e-03    7.00014186e-03 
    2.50782040e-05    2.08847468e-02    1.08627314e-02    7.42841396e-03]
[-0.02822115  -0.01985318  -0.02691118    0.01068692  -0.0250417    -0.01693228 
  -0.00692328  -0.01843956    0.00145393  -0.01597342  -0.03156745  -0.02098399]
[  6.76749877e-03  -4.07930529e-03    2.79691554e-03    1.22180653e-02 
    1.22404725e-02    1.35737550e-02    9.16212986e-03    7.00014186e-03 
    2.50782040e-05    2.08847468e-02    1.08627314e-02    7.42841396e-03]
[0.04425145  0.03542331  0.05363041  0.03059487  0.03930224  0.03747401 
  0.01443866  0.05424023  0.04739271  0.00161757  0.03959844  0.05283392]
[-0.03052318  -0.03804853  -0.02726979  -0.0317707    -0.03514232  -0.02935838 
  -0.04630363  -0.03046592  -0.03041984  -0.03570456  -0.03941189  -0.03714187]
[-0.02822115  -0.01985318  -0.02691118    0.01068692  -0.0250417    -0.01693228 
  -0.00692328  -0.01843956    0.00145393  -0.01597342  -0.03156745  -0.02098399]
[-0.03052318  -0.03804853  -0.02726979  -0.0317707    -0.03514232  -0.02935838 
  -0.04630363  -0.03046592  -0.03041984  -0.03570456  -0.03941189  -0.03714187]
[  5.42914860e-03    8.59917898e-03    2.76173409e-03    3.34077327e-02 
    5.17512112e-05    2.05534105e-02    1.63188765e-02  -4.94709756e-03 
    1.39136046e-02    4.68743586e-02  -1.38035041e-02  -2.03423562e-02]
increment_50
[-0.06211123  -0.05462091  -0.07081004  -0.08099321  -0.04878346  -0.07255935 
  -0.03948636  -0.06059122  -0.07723941  -0.06005807  -0.03127933  -0.03950921]
[  0.00965158  -0.00514589    0.00547645    0.01461193    0.01686656    0.01824126 
    0.01502274    0.01070438    0.00068303    0.02771835    0.0148389      0.01178966]
[-0.03615345  -0.02641528  -0.03418139    0.01420376  -0.03218227  -0.02310882 
  -0.01111584  -0.02569902    0.00238759  -0.02125507  -0.04001253  -0.02721165]
[  0.00965158  -0.00514589    0.00547645    0.01461193    0.01686656    0.01824126 
    0.01502274    0.01070438    0.00068303    0.02771835    0.0148389      0.01178966]
[0.05541568  0.04520446  0.06657564  0.03934461  0.04834996  0.04695494 
  0.01755217  0.06759356  0.06015173  0.00164539  0.0505324    0.06623908]
[-0.03815247  -0.04826259  -0.03403886  -0.04011185  -0.04409335  -0.03670914 
  -0.05736843  -0.03811267  -0.03822583  -0.04443269  -0.04910585  -0.04635946]
[-0.03615345  -0.02641528  -0.03418139    0.01420376  -0.03218227  -0.02310882 
  -0.01111584  -0.02569902    0.00238759  -0.02125507  -0.04001253  -0.02721165]
[-0.03815247  -0.04826259  -0.03403886  -0.04011185  -0.04409335  -0.03670914 
  -0.05736843  -0.03811267  -0.03822583  -0.04443269  -0.04910585  -0.04635946]
[  0.00669555    0.00941645    0.00423439    0.0416486      0.00043351    0.02560442 
    0.02193419  -0.00700234    0.01708768    0.05841268  -0.01925307  -0.02672988]
increment_60
[-0.07437054  -0.06490851  -0.08513924  -0.09809993  -0.05787193  -0.08673475 
  -0.04794737  -0.07107674  -0.09313772  -0.0714911    -0.03627024  -0.04616593]
[  0.01314712  -0.00596094    0.00942364    0.01679217    0.02223996    0.02337829 
    0.02224768    0.01526124    0.00164816    0.03488192    0.01946439    0.01679889]
[-0.04425768  -0.03345442  -0.04131437    0.01748716  -0.03926269  -0.02962517 
  -0.01630535  -0.03301235    0.00309391  -0.02682136  -0.04822999  -0.033849    ]
[  0.01314712  -0.00596094    0.00942364    0.01679217    0.02223996    0.02337829 
    0.02224768    0.01526124    0.00164816    0.03488192    0.01946439    0.01679889]
[0.06600483  0.05500018  0.07843838  0.04834521  0.05626081  0.05641926 
  0.02006913  0.08049356  0.07340876  0.00183594  0.06147407  0.07931184]
[-0.04577973  -0.05860099  -0.04085183  -0.0484862    -0.05315993  -0.0440326 
  -0.06809618  -0.04585035  -0.04595857  -0.05290298  -0.05866499  -0.05537432]
[-0.04425768  -0.03345442  -0.04131437    0.01748716  -0.03926269  -0.02962517 
  -0.01630535  -0.03301235    0.00309391  -0.02682136  -0.04822999  -0.033849    ]
[-0.04577973  -0.05860099  -0.04085183  -0.0484862    -0.05315993  -0.0440326 
  -0.06809618  -0.04585035  -0.04595857  -0.05290298  -0.05866499  -0.05537432]
[  0.0083657      0.00990833    0.00670086    0.04975472    0.00161113    0.03031549 
    0.02787824  -0.00941683    0.01972896    0.06965516  -0.02520383  -0.03314591]
increment_70
[-0.08626768  -0.07485739  -0.09916083  -0.11526981  -0.06661037  -0.10039647 
  -0.05579721  -0.08082129  -0.10896743  -0.08265699  -0.04059403  -0.05267502]
[  0.01728699  -0.00636745    0.01455411    0.01883195    0.02839381    0.02897046 
    0.03046754    0.02052477    0.00282797    0.04249199    0.02473121    0.02230509]
[-0.05256859  -0.04088886  -0.04844867    0.02026852  -0.0462569    -0.03649433 
  -0.02198662  -0.04034237    0.00343168  -0.03255985  -0.05630052  -0.0408101  ]
[  0.01728699  -0.00636745    0.01455411    0.01883195    0.02839381    0.02897046 
    0.03046754    0.02052477    0.00282797    0.04249199    0.02473121    0.02230509]
[0.0758065    0.06468869  0.08891798  0.05778333  0.06280916  0.06596101 
  0.02170609  0.09306063  0.08719588  0.00187129  0.0721533    0.09201735]
[-0.05351532  -0.06905943  -0.04787386  -0.05688238  -0.06240326  -0.0513659 
  -0.07868493  -0.05364095  -0.05360809  -0.06118457  -0.06821981  -0.06416715]
[-0.05256859  -0.04088886  -0.04844867    0.02026852  -0.0462569    -0.03649433 
  -0.02198662  -0.04034237    0.00343168  -0.03255985  -0.05630052  -0.0408101  ]
[-0.05351532  -0.06905943  -0.04787386  -0.05688238  -0.06240326  -0.0513659 
  -0.07868493  -0.05364095  -0.05360809  -0.06118457  -0.06821981  -0.06416715]
[  0.01046118    0.0101687      0.01024285    0.05748648    0.00380121    0.03443547 
    0.03409113  -0.01223934    0.02177155    0.0807857    -0.03155926  -0.03934233]
increment_80
[-0.09763288  -0.08443039  -0.11263476  -0.13246423  -0.0749861    -0.11351801 
  -0.06277298  -0.08992962  -0.12471788  -0.09357754  -0.04418755  -0.05926677]
[  0.02212363  -0.00612963    0.02056936    0.02080493    0.03523391    0.03495203 
    0.03934391    0.02641064    0.00412577    0.05045942    0.03055567    0.02825164]
[-0.06111089  -0.04874539  -0.05580241    0.02244511  -0.05322519  -0.04375729 
  -0.02779228  -0.0477464      0.00347637  -0.03852925  -0.06433279  -0.04798041]
[  0.02212363  -0.00612963    0.02056936    0.02080493    0.03523391    0.03495203 
    0.03934391    0.02641064    0.00412577    0.05045942    0.03055567    0.02825164]
[0.08459458  0.07422283  0.09798015  0.06788616  0.06814706  0.07567045 
  0.02249158  0.10541804  0.10142596  0.00183069  0.08250792  0.10431527]
[-0.06145447  -0.07959863  -0.05521276  -0.06528974  -0.07179495  -0.05869301 
  -0.08931145  -0.06141902  -0.06119257  -0.06927322  -0.07781802  -0.07272116]
[-0.06111089  -0.04874539  -0.05580241    0.02244511  -0.05322519  -0.04375729 
  -0.02779228  -0.0477464      0.00347637  -0.03852925  -0.06433279  -0.04798041]
[-0.06145447  -0.07959863  -0.05521276  -0.06528974  -0.07179495  -0.05869301 
  -0.08931145  -0.06141902  -0.06119257  -0.06927322  -0.07781802  -0.07272116]
[  0.0130383      0.01020756    0.01465461    0.06457807    0.00683904    0.03784757 
    0.0402814    -0.01548842    0.02329192    0.09174685  -0.03832037  -0.0450485  ]
increment_90
[-0.10839727  -0.09356498  -0.12542994  -0.149687      -0.08292074  -0.12607068 
  -0.0687142    -0.0984558    -0.14044145  -0.10434655  -0.04715417  -0.06602666]
[  0.02762733  -0.00491192    0.02721812    0.02274039    0.04265535    0.04132585 
    0.04874175    0.03296106    0.00555124    0.05861822    0.0368552      0.03465255]
[-0.06991639  -0.05719587  -0.06357799    0.02405681  -0.06022114  -0.05141093 
  -0.03365919  -0.0552401      0.00328173  -0.04485983  -0.07238117  -0.05525566]
[  0.02762733  -0.00491192    0.02721812    0.02274039    0.04265535    0.04132585 
    0.04874175    0.03296106    0.00555124    0.05861822    0.0368552      0.03465255]
[0.09232729  0.0837182    0.10584428  0.07865458  0.07265411  0.08547713 
  0.02260357  0.11756333  0.11593171  0.0020241    0.09267284  0.11614468]
[-0.06962869  -0.09009077  -0.06283337  -0.07371075  -0.08127635  -0.06602303 
  -0.10003967  -0.069185      -0.06873208  -0.07716351  -0.08741303  -0.08107299]
[-0.06991639  -0.05719587  -0.06357799    0.02405681  -0.06022114  -0.05141093 
  -0.03365919  -0.0552401      0.00328173  -0.04485983  -0.07238117  -0.05525566]
[-0.06962869  -0.09009077  -0.06283337  -0.07371075  -0.08127635  -0.06602303 
  -0.10003967  -0.069185      -0.06873208  -0.07716351  -0.08741303  -0.08107299]
[  0.01606998    0.00984678    0.01958566    0.07103242    0.01026663    0.04059355 
    0.04611063  -0.01910753    0.02450974    0.10232245  -0.04551867  -0.05011803]
increment_100
[-0.11856648  -0.10225443  -0.13755194  -0.16697107  -0.09033461  -0.13799248 
  -0.07349196  -0.10640849  -0.15623862  -0.11495341  -0.04963576  -0.07289312]
[  0.03369785  -0.00240768    0.03438087    0.02467884    0.05052895    0.04816327 
    0.05851413    0.04018051    0.00710148    0.06685313    0.04352842    0.04156807]
[-0.07903268  -0.06643431  -0.07202997    0.02517872  -0.06735057  -0.05939481 
  -0.03968882  -0.06281812    0.00288965  -0.05167037  -0.08051034  -0.06254577]
[  0.03369785  -0.00240768    0.03438087    0.02467884    0.05052895    0.04816327 
    0.05851413    0.04018051    0.00710148    0.06685313    0.04352842    0.04156807]
[0.09918486  0.09340995  0.11278028  0.0898828    0.07662693  0.09520591 
  0.022188      0.12943922  0.13063238  0.00272792  0.10282169  0.12740605]
[-0.07800173  -0.1003162    -0.07056362  -0.08215836  -0.09080302  -0.07339 
  -0.1109213    -0.07698369  -0.0762182    -0.08491058  -0.09693419  -0.08931617]
[-0.07903268  -0.06643431  -0.07202997    0.02517872  -0.06735057  -0.05939481 
  -0.03968882  -0.06281812    0.00288965  -0.05167037  -0.08051034  -0.06254577]
[-0.07800173  -0.1003162    -0.07056362  -0.08215836  -0.09080302  -0.07339 
  -0.1109213    -0.07698369  -0.0762182    -0.08491058  -0.09693419  -0.08931617]
[  0.01938162    0.00884448    0.02477166    0.07708826    0.01370768    0.04278657 
    0.05130396  -0.02303072    0.02560624    0.11222548  -0.05318593  -0.05451293]
increment_110
[-0.12811136  -0.11061374  -0.14911234  -0.18435499  -0.0971755    -0.14913873 
  -0.07704146  -0.11381284  -0.17216806  -0.12521769  -0.05163756  -0.07967004]
[0.04021276  0.00153173  0.04199653  0.0266108    0.05878989  0.05562489 
  0.06849103  0.04800151  0.00873182  0.07509511  0.05049429  0.04910113]
[-0.08852976  -0.07651985  -0.08128053    0.02589545  -0.07473932  -0.06757258 
  -0.04601294  -0.07046426    0.00230157  -0.0590728    -0.08879038  -0.06977606]
[0.04021276  0.00153173  0.04199653  0.0266108    0.05878989  0.05562489 
  0.06849103  0.04800151  0.00873182  0.07509511  0.05049429  0.04910113]
[0.10539003  0.10348669  0.11911853  0.10133328  0.0802303    0.10450887 
  0.02135747  0.14097        0.14556466  0.00405549  0.11300951  0.13793467]
[-0.08653093  -0.11003485  -0.07822103  -0.09065167  -0.10033529  -0.08087992 
  -0.12200119  -0.08485457  -0.08362039  -0.09264031  -0.10637358  -0.09760114]
[-0.08852976  -0.07651985  -0.08128053    0.02589545  -0.07473932  -0.06757258 
  -0.04601294  -0.07046426    0.00230157  -0.0590728    -0.08879038  -0.06977606]
[-0.08653093  -0.11003485  -0.07822103  -0.09065167  -0.10033529  -0.08087992 
  -0.12200119  -0.08485457  -0.08362039  -0.09264031  -0.10637358  -0.09760114]
[  0.02272133    0.00712705    0.02999381    0.08302171    0.01694521    0.04462986 
    0.05568399  -0.02715717    0.0266034      0.1211622    -0.06137194  -0.05826463]
increment_120
[-0.13691404  -0.11876371  -0.16013627  -0.20188032  -0.10349197  -0.15937586 
  -0.07943982  -0.12068084  -0.18820507  -0.13503831  -0.05307786  -0.08628933]
[0.04706559  0.00677487  0.04997177  0.02828044  0.06746491  0.06381801 
  0.07859198  0.05644076  0.0105095    0.08334511  0.05772212  0.05727646]
[-0.09848198  -0.08725857  -0.09116772    0.0265113    -0.08245604  -0.07585308 
  -0.05265246  -0.07809664    0.00133252  -0.06708763  -0.09724052  -0.0769352  ]
[0.04706559  0.00677487  0.04997177  0.02828044  0.06746491  0.06381801 
  0.07859198  0.05644076  0.0105095    0.08334511  0.05772212  0.05727646]
[0.11104989  0.11404597  0.12512041  0.11291675  0.08356751  0.11298221 
  0.02020817  0.15189247  0.16077149  0.00604355  0.12310185  0.14765283]
[-0.09521865  -0.11913364  -0.08582357  -0.0992128    -0.10980482  -0.08858957 
  -0.1332704    -0.09288786  -0.09091298  -0.10042683  -0.11579146  -0.10599891]
[-0.09848198  -0.08725857  -0.09116772    0.0265113    -0.08245604  -0.07585308 
  -0.05265246  -0.07809664    0.00133252  -0.06708763  -0.09724052  -0.0769352  ]
[-0.09521865  -0.11913364  -0.08582357  -0.0992128    -0.10980482  -0.08858957 
  -0.1332704    -0.09288786  -0.09091298  -0.10042683  -0.11579146  -0.10599891]
[  0.02586415    0.00471774    0.03501586    0.08896357    0.01992445    0.04639366 
    0.05923165  -0.03121163    0.02743358    0.12899476  -0.07002399  -0.06136351]
