inc
eps_11
eps_12
eps_13
eps_21
eps_22
eps_23
eps_31
eps_32
eps_33
increment_0
[-1.11022302e-16  -1.11022302e-16  -1.11022302e-16  -1.11022302e-16 
  -1.11022302e-16  -1.11022302e-16  -1.11022302e-16  -1.11022302e-16 
  -1.11022302e-16  -1.11022302e-16  -1.11022302e-16  -1.11022302e-16 
  -1.11022302e-16  -1.11022302e-16  -1.11022302e-16  -1.11022302e-16 
  -1.11022302e-16  -1.11022302e-16  -1.11022302e-16  -1.11022302e-16 
  -1.11022302e-16  -1.11022302e-16  -1.11022302e-16  -1.11022302e-16 
  -1.11022302e-16  -1.11022302e-16  -1.11022302e-16  -1.11022302e-16 
  -1.11022302e-16  -1.11022302e-16  -1.11022302e-16  -1.11022302e-16]
[0.  0.  0.  0.  0.  0.  0.  0.  0.  0.  0.  0.  0.  0.  0.  0.  0.  0.  0.  0.  0.  0.  0.  0. 
  0.  0.  0.  0.  0.  0.  0.  0.]
[0.  0.  0.  0.  0.  0.  0.  0.  0.  0.  0.  0.  0.  0.  0.  0.  0.  0.  0.  0.  0.  0.  0.  0. 
  0.  0.  0.  0.  0.  0.  0.  0.]
[0.  0.  0.  0.  0.  0.  0.  0.  0.  0.  0.  0.  0.  0.  0.  0.  0.  0.  0.  0.  0.  0.  0.  0. 
  0.  0.  0.  0.  0.  0.  0.  0.]
[3.29812802e-16  3.29812802e-16  3.29812802e-16  3.29812802e-16 
  3.29812802e-16  3.29812802e-16  3.29812802e-16  3.29812802e-16 
  3.29812802e-16  3.29812802e-16  3.29812802e-16  3.29812802e-16 
  3.29812802e-16  3.29812802e-16  3.29812802e-16  3.29812802e-16 
  3.29812802e-16  3.29812802e-16  3.29812802e-16  3.29812802e-16 
  3.29812802e-16  3.29812802e-16  3.29812802e-16  3.29812802e-16 
  3.29812802e-16  3.29812802e-16  3.29812802e-16  3.29812802e-16 
  3.29812802e-16  3.29812802e-16  3.29812802e-16  3.29812802e-16]
[-3.78751099e-17  -3.78751099e-17  -3.78751099e-17  -3.78751099e-17 
  -3.78751099e-17  -3.78751099e-17  -3.78751099e-17  -3.78751099e-17 
  -3.78751099e-17  -3.78751099e-17  -3.78751099e-17  -3.78751099e-17 
  -3.78751099e-17  -3.78751099e-17  -3.78751099e-17  -3.78751099e-17 
  -3.78751099e-17  -3.78751099e-17  -3.78751099e-17  -3.78751099e-17 
  -3.78751099e-17  -3.78751099e-17  -3.78751099e-17  -3.78751099e-17 
  -3.78751099e-17  -3.78751099e-17  -3.78751099e-17  -3.78751099e-17 
  -3.78751099e-17  -3.78751099e-17  -3.78751099e-17  -3.78751099e-17]
[0.  0.  0.  0.  0.  0.  0.  0.  0.  0.  0.  0.  0.  0.  0.  0.  0.  0.  0.  0.  0.  0.  0.  0. 
  0.  0.  0.  0.  0.  0.  0.  0.]
[-3.78751099e-17  -3.78751099e-17  -3.78751099e-17  -3.78751099e-17 
  -3.78751099e-17  -3.78751099e-17  -3.78751099e-17  -3.78751099e-17 
  -3.78751099e-17  -3.78751099e-17  -3.78751099e-17  -3.78751099e-17 
  -3.78751099e-17  -3.78751099e-17  -3.78751099e-17  -3.78751099e-17 
  -3.78751099e-17  -3.78751099e-17  -3.78751099e-17  -3.78751099e-17 
  -3.78751099e-17  -3.78751099e-17  -3.78751099e-17  -3.78751099e-17 
  -3.78751099e-17  -3.78751099e-17  -3.78751099e-17  -3.78751099e-17 
  -3.78751099e-17  -3.78751099e-17  -3.78751099e-17  -3.78751099e-17]
[-1.07768197e-16  -1.07768197e-16  -1.07768197e-16  -1.07768197e-16 
  -1.07768197e-16  -1.07768197e-16  -1.07768197e-16  -1.07768197e-16 
  -1.07768197e-16  -1.07768197e-16  -1.07768197e-16  -1.07768197e-16 
  -1.07768197e-16  -1.07768197e-16  -1.07768197e-16  -1.07768197e-16 
  -1.07768197e-16  -1.07768197e-16  -1.07768197e-16  -1.07768197e-16 
  -1.07768197e-16  -1.07768197e-16  -1.07768197e-16  -1.07768197e-16 
  -1.07768197e-16  -1.07768197e-16  -1.07768197e-16  -1.07768197e-16 
  -1.07768197e-16  -1.07768197e-16  -1.07768197e-16  -1.07768197e-16]
increment_10
[  6.73008846e-04    6.00942838e-04    1.56513204e-03    5.90984888e-04 
  -8.57324083e-04  -1.21750003e-03    3.02097808e-04  -2.71984333e-03 
    4.68360323e-04  -7.80098432e-04    3.46045570e-03  -8.69545027e-04 
  -1.31489277e-03    2.69277494e-03  -2.18928451e-03    1.90374328e-04 
  -1.90412206e-04    8.95697440e-05    5.25142477e-04    8.42709209e-04 
    6.70460557e-04  -8.80474376e-04    2.32125811e-03    2.78056514e-04 
    1.33634141e-03    8.60815154e-04    6.34281497e-04    2.77785496e-03 
    8.91071192e-04    1.02101424e-03    3.76742244e-04    1.51051313e-03]
[0.00903169  0.00873042  0.00716043  0.00600016  0.00596431  0.00657876 
  0.0073901    0.00783173  0.00848208  0.00896293  0.00884131  0.00999629 
  0.00963132  0.0084857    0.00602196  0.00623046  0.00594891  0.00599235 
  0.00682578  0.00708672  0.00824502  0.00795382  0.00871836  0.00594103 
  0.00619919  0.00613631  0.00602885  0.00648548  0.00665366  0.00616495 
  0.00605145  0.00623809]
[-0.00221178  -0.00332907  -0.00403024    0.00083094  -0.0050731    -0.00598 
  -0.00639793  -0.00469153  -0.00353926  -0.00330582  -0.0026978      0.00106551 
    0.00032074    0.00055548    0.00426815  -0.0045457    -0.00506171  -0.00580738 
  -0.00653895  -0.00512957  -0.00277783  -0.00385956  -0.00290481  -0.00480007 
  -0.00490055  -0.00409004  -0.00538029  -0.00463715  -0.00487763  -0.00377068 
  -0.00381606  -0.00549572]
[0.00903169  0.00873042  0.00716043  0.00600016  0.00596431  0.00657876 
  0.0073901    0.00783173  0.00848208  0.00896293  0.00884131  0.00999629 
  0.00963132  0.0084857    0.00602196  0.00623046  0.00594891  0.00599235 
  0.00682578  0.00708672  0.00824502  0.00795382  0.00871836  0.00594103 
  0.00619919  0.00613631  0.00602885  0.00648548  0.00665366  0.00616495 
  0.00605145  0.00623809]
[0.00633568  0.00661817  0.00804643  0.01144997  0.01214074  0.01180708 
  0.00959174  0.00935931  0.00711328  0.00669725  0.00565409  0.0060953 
  0.00679072  0.00701902  0.01366113  0.01112696  0.01191284  0.01161522 
  0.01047621  0.00962602  0.00780375  0.00860563  0.00625293  0.01164306 
  0.01112375  0.01147473  0.01144661  0.01007383  0.01028472  0.01136466 
  0.01179598  0.01103123]
[-0.00592387  -0.00550766  -0.00570461  -0.00427005  -0.00024501    0.00049877 
  -0.00086216  -0.00328533  -0.00501645  -0.00567371  -0.00610417  -0.00691797 
  -0.00626473  -0.00662993  -0.0015932    -0.00086995  -0.0002162    -0.00043314 
  -0.00057872  -0.00220603  -0.00443055  -0.00377001  -0.00567954  -0.00033287 
  -0.00085142  -0.00057692  -0.00054014  -0.0016488    -0.00170804  -0.0006572 
  -0.00032593  -0.00096028]
[-0.00221178  -0.00332907  -0.00403024    0.00083094  -0.0050731    -0.00598 
  -0.00639793  -0.00469153  -0.00353926  -0.00330582  -0.0026978      0.00106551 
    0.00032074    0.00055548    0.00426815  -0.0045457    -0.00506171  -0.00580738 
  -0.00653895  -0.00512957  -0.00277783  -0.00385956  -0.00290481  -0.00480007 
  -0.00490055  -0.00409004  -0.00538029  -0.00463715  -0.00487763  -0.00377068 
  -0.00381606  -0.00549572]
[-0.00592387  -0.00550766  -0.00570461  -0.00427005  -0.00024501    0.00049877 
  -0.00086216  -0.00328533  -0.00501645  -0.00567371  -0.00610417  -0.00691797 
  -0.00626473  -0.00662993  -0.0015932    -0.00086995  -0.0002162    -0.00043314 
  -0.00057872  -0.00220603  -0.00443055  -0.00377001  -0.00567954  -0.00033287 
  -0.00085142  -0.00057692  -0.00054014  -0.0016488    -0.00170804  -0.0006572 
  -0.00032593  -0.00096028]
[-0.00700869  -0.00721911  -0.00961157  -0.01204095  -0.01128342  -0.01058958 
  -0.00989384  -0.00663946  -0.00758164  -0.00591716  -0.00911455  -0.00522576 
  -0.00547583  -0.0097118    -0.01147185  -0.01131734  -0.01172243  -0.01170479 
  -0.01100135  -0.01046873  -0.00847421  -0.00772515  -0.00857418  -0.01192111 
  -0.01246009  -0.01233554  -0.01208089  -0.01285169  -0.01117579  -0.01238567 
  -0.01217272  -0.01254174]
increment_20
[  0.00154309    0.00203262    0.00274737  -0.00075944  -0.0024299    -0.00305214 
    0.00161017  -0.00505335    0.00188759  -0.00107395    0.00647924  -0.00142636 
  -0.00389882    0.00416018  -0.00672598    0.00077896  -0.00056055    0.00064029 
    0.00161383    0.00181873    0.00215972  -0.00270285    0.00438455    0.00058964 
    0.00338885    0.00198076    0.00189251    0.0059596      0.00136418    0.00279655 
    0.00093605    0.00347562]
[0.01973065  0.01927634  0.01529733  0.01225246  0.0124935    0.01406476 
  0.01618733  0.01686311  0.01861485  0.01956045  0.01938853  0.02225003 
  0.02123774  0.01809903  0.01203077  0.01358218  0.01258134  0.01270156 
  0.0151195    0.01537286  0.01801702  0.01734168  0.01926764  0.01264434 
  0.01318097  0.0131265    0.01285801  0.01378594  0.01445155  0.01321515 
  0.01288305  0.01317029]
[-0.00506937  -0.00656799  -0.00871235    0.00278982  -0.01146143  -0.01293643 
  -0.01331848  -0.00977802  -0.00717984  -0.00679858  -0.00570908    0.0020443 
    0.00063382    0.001342        0.01040911  -0.00973378  -0.01058159  -0.01246587 
  -0.01451126  -0.01107336  -0.00585687  -0.00842747  -0.00601459  -0.01021346 
  -0.0106974    -0.00774625  -0.01152952  -0.01016983  -0.01056964  -0.0081092 
  -0.00791288  -0.01171895]
[0.01973065  0.01927634  0.01529733  0.01225246  0.0124935    0.01406476 
  0.01618733  0.01686311  0.01861485  0.01956045  0.01938853  0.02225003 
  0.02123774  0.01809903  0.01203077  0.01358218  0.01258134  0.01270156 
  0.0151195    0.01537286  0.01801702  0.01734168  0.01926764  0.01264434 
  0.01318097  0.0131265    0.01285801  0.01378594  0.01445155  0.01321515 
  0.01288305  0.01317029]
[0.01205691  0.01224185  0.01662483  0.02555523  0.02579293  0.02504408 
  0.01928972  0.01902049  0.01355832  0.01282971  0.01068648  0.01075446 
  0.01330948  0.01488405  0.03003266  0.0231445    0.02550104  0.02451735 
  0.02101244  0.01974994  0.01528665  0.01753253  0.01166763  0.02495818 
  0.02323121  0.0245472    0.02400178  0.02129498  0.02131497  0.02387269 
  0.02514722  0.02313955]
[-0.01392187  -0.01343657  -0.01296328  -0.00886648  -0.00120241    0.00093422 
  -0.00319432  -0.0079162    -0.01217914  -0.01334602  -0.01436507  -0.01665495 
  -0.01455572  -0.01480894  -0.00332844  -0.00291403  -0.00082145  -0.0015551 
  -0.00194361  -0.00546777  -0.01074019  -0.00906046  -0.01373364  -0.00113365 
  -0.00254767  -0.00158918  -0.00191212  -0.00405262  -0.00465911  -0.00207734 
  -0.00108759  -0.00265624]
[-0.00506937  -0.00656799  -0.00871235    0.00278982  -0.01146143  -0.01293643 
  -0.01331848  -0.00977802  -0.00717984  -0.00679858  -0.00570908    0.0020443 
    0.00063382    0.001342        0.01040911  -0.00973378  -0.01058159  -0.01246587 
  -0.01451126  -0.01107336  -0.00585687  -0.00842747  -0.00601459  -0.01021346 
  -0.0106974    -0.00774625  -0.01152952  -0.01016983  -0.01056964  -0.0081092 
  -0.00791288  -0.01171895]
[-0.01392187  -0.01343657  -0.01296328  -0.00886648  -0.00120241    0.00093422 
  -0.00319432  -0.0079162    -0.01217914  -0.01334602  -0.01436507  -0.01665495 
  -0.01455572  -0.01480894  -0.00332844  -0.00291403  -0.00082145  -0.0015551 
  -0.00194361  -0.00546777  -0.01074019  -0.00906046  -0.01373364  -0.00113365 
  -0.00254767  -0.00158918  -0.00191212  -0.00405262  -0.00465911  -0.00207734 
  -0.00108759  -0.00265624]
[-0.01359999  -0.01427447  -0.0193722    -0.02479578  -0.02336303  -0.02199194 
  -0.02089988  -0.01396714  -0.01544592  -0.01175576  -0.01716571  -0.00932809 
  -0.00941067  -0.01904423  -0.02330668  -0.02392346  -0.02494048  -0.02515763 
  -0.02262626  -0.02156867  -0.01744637  -0.01482968  -0.01605219  -0.02554782 
  -0.02662006  -0.02652796  -0.02589429  -0.02725458  -0.02267915  -0.02666924 
  -0.02608327  -0.02661516]
increment_30
[  0.00326441    0.0047619      0.00402397  -0.00226254  -0.00453022  -0.00494728 
    0.0035806    -0.00674654    0.00408435  -0.00089206    0.00931399  -0.00089617 
  -0.00628478    0.00514097  -0.01217959    0.0015345    -0.00099745    0.00152433 
    0.00253011    0.00287357    0.00407023  -0.0045316      0.00684639    0.00068893 
    0.00520732    0.00305395    0.00344963    0.00909468    0.00137007    0.00486134 
    0.00133456    0.00554622]
[0.03049693  0.02980625  0.0235037    0.01846404  0.01893937  0.02128136 
  0.02472171  0.02580023  0.02886939  0.03010523  0.02994249  0.03483087 
  0.0328885    0.02753283  0.01736445  0.02078136  0.01911406  0.01936661 
  0.02337298  0.02358353  0.02772296  0.02659589  0.02970336  0.01920431 
  0.02006678  0.02009137  0.01967884  0.0210133    0.02225413  0.02026944 
  0.01965668  0.02008372]
[-0.00817412  -0.00980103  -0.01354508    0.00489586  -0.01789871  -0.02009536 
  -0.02013793  -0.01496416  -0.0107815    -0.0104252    -0.0089142      0.00209648 
    0.00028346    0.00181595    0.01719325  -0.01518358  -0.01621876  -0.01930369 
  -0.02279475  -0.01725443  -0.00941159  -0.01321882  -0.00934507  -0.01638385 
  -0.01701317  -0.01160815  -0.01803212  -0.01611832  -0.01651672  -0.01311301 
  -0.0122431    -0.0182229  ]
[0.03049693  0.02980625  0.0235037    0.01846404  0.01893937  0.02128136 
  0.02472171  0.02580023  0.02886939  0.03010523  0.02994249  0.03483087 
  0.0328885    0.02753283  0.01736445  0.02078136  0.01911406  0.01936661 
  0.02337298  0.02358353  0.02772296  0.02659589  0.02970336  0.01920431 
  0.02006678  0.02009137  0.01967884  0.0210133    0.02225413  0.02026944 
  0.01965668  0.02008372]
[0.01678912  0.01695153  0.02490085  0.03996899  0.03958112  0.03860611 
  0.02902069  0.02846269  0.01910139  0.01847474  0.01519231  0.01373789 
  0.01952037  0.02293834  0.04690089  0.03539888  0.03933039  0.03739231 
  0.0316563    0.0298906    0.02241026  0.0265189    0.01663562  0.03844687 
  0.03553074  0.03777227  0.03642175  0.03265148  0.03237715  0.03621224 
  0.03873746  0.03523699]
[-0.02255392  -0.02191567  -0.02030102  -0.01302672  -0.00282844    0.00082539 
  -0.0063124    -0.01287478  -0.02004469  -0.02128509  -0.02299442  -0.02738218 
  -0.02291546  -0.02335936  -0.00493282  -0.00522044  -0.00176417  -0.00328951 
  -0.00372572  -0.00909569  -0.01738685  -0.0144455    -0.02201864  -0.00235053 
  -0.00465723  -0.00291791  -0.0039579    -0.00686632  -0.00808115  -0.00411712 
  -0.00213148  -0.00493882]
[-0.00817412  -0.00980103  -0.01354508    0.00489586  -0.01789871  -0.02009536 
  -0.02013793  -0.01496416  -0.0107815    -0.0104252    -0.0089142      0.00209648 
    0.00028346    0.00181595    0.01719325  -0.01518358  -0.01621876  -0.01930369 
  -0.02279475  -0.01725443  -0.00941159  -0.01321882  -0.00934507  -0.01638385 
  -0.01701317  -0.01160815  -0.01803212  -0.01611832  -0.01651672  -0.01311301 
  -0.0122431    -0.0182229  ]
[-0.02255392  -0.02191567  -0.02030102  -0.01302672  -0.00282844    0.00082539 
  -0.0063124    -0.01287478  -0.02004469  -0.02128509  -0.02299442  -0.02738218 
  -0.02291546  -0.02335936  -0.00493282  -0.00522044  -0.00176417  -0.00328951 
  -0.00372572  -0.00909569  -0.01738685  -0.0144455    -0.02201864  -0.00235053 
  -0.00465723  -0.00291791  -0.0039579    -0.00686632  -0.00808115  -0.00411712 
  -0.00213148  -0.00493882]
[-0.02005353  -0.02171343  -0.02892482  -0.03770645  -0.0350509    -0.03365882 
  -0.03260128  -0.02171615  -0.02318575  -0.01758268  -0.02450629  -0.01284173 
  -0.01323559  -0.02807931  -0.03472129  -0.03693339  -0.03833294  -0.03891665 
  -0.03418641  -0.03276417  -0.02648048  -0.0219873    -0.02348201  -0.0391358 
  -0.04073805  -0.04082622  -0.03987138  -0.04174616  -0.03374723  -0.04107357 
  -0.04007202  -0.04078321]
increment_40
[  0.00590491    0.00908184    0.00562995  -0.00382243  -0.00733351  -0.00686161 
    0.00623754  -0.00782324    0.00693387  -0.00034676    0.01226856    0.00098353 
  -0.00837672    0.00547645  -0.01845459    0.00241051  -0.00149238    0.00263336 
    0.00312736    0.00415096    0.00630198  -0.00621688    0.0098382      0.00051052 
    0.00666924    0.00415977    0.00526908    0.01216319    0.00096005    0.00712543 
    0.00147601    0.00770342]
[0.04131204  0.04025815  0.03182317  0.02465002  0.02533327  0.02822026 
  0.03302007  0.03464584  0.03928953  0.0405728    0.04049683  0.04754836 
  0.04451658  0.03677369  0.02201597  0.02778906  0.02553586  0.02601129 
  0.03152666  0.03167679  0.03738031  0.03576389  0.04004978  0.02559546 
  0.02682974  0.02703818  0.02649711  0.02816748  0.02996486  0.02731285 
  0.02634573  0.02697473]
[-0.01134268  -0.01302721  -0.01848436    0.00718388  -0.02420316  -0.02746845 
  -0.02693727  -0.02027218  -0.01432463  -0.01422257  -0.01225227    0.00122689 
  -0.00079895    0.00192815    0.02458474  -0.02086883  -0.02205184  -0.02632293 
  -0.03138231  -0.02361864  -0.01342766  -0.01811938  -0.01285123  -0.02327527 
  -0.02375745  -0.01578523  -0.02481059  -0.0224574    -0.02274522  -0.0187192 
  -0.016744      -0.02499472]
[0.04131204  0.04025815  0.03182317  0.02465002  0.02533327  0.02822026 
  0.03302007  0.03464584  0.03928953  0.0405728    0.04049683  0.04754836 
  0.04451658  0.03677369  0.02201597  0.02778906  0.02553586  0.02601129 
  0.03152666  0.03167679  0.03738031  0.03576389  0.04004978  0.02559546 
  0.02682974  0.02703818  0.02649711  0.02816748  0.02996486  0.02731285 
  0.02634573  0.02697473]
[0.02048528  0.02065761  0.03276393  0.05464724  0.05353156  0.05248683 
  0.0387546    0.03770647  0.02361407  0.02372231  0.01907987  0.01487309 
  0.02541041  0.03118689  0.06416371  0.04799023  0.05338478  0.05022198 
  0.04252224  0.04005646  0.02911842  0.03549106  0.02107024  0.05212578 
  0.0481134    0.05108166  0.04871923  0.04412694  0.04361709  0.04842618 
  0.05263021  0.0473237  ]
[-0.03179975  -0.03095356  -0.02776258  -0.01670999  -0.00509769    0.00012863 
  -0.01012499  -0.01816709  -0.02866028  -0.02942095  -0.03200465  -0.03901489 
  -0.03132119  -0.03235762  -0.00640615  -0.00772931  -0.00306656  -0.00567228 
  -0.00589426  -0.0131351    -0.02443439  -0.02001144  -0.03060454  -0.00403788 
  -0.00714097  -0.00464413  -0.00668165  -0.01012438  -0.01182746  -0.00680007 
  -0.0034107    -0.00781364]
[-0.01134268  -0.01302721  -0.01848436    0.00718388  -0.02420316  -0.02746845 
  -0.02693727  -0.02027218  -0.01432463  -0.01422257  -0.01225227    0.00122689 
  -0.00079895    0.00192815    0.02458474  -0.02086883  -0.02205184  -0.02632293 
  -0.03138231  -0.02361864  -0.01342766  -0.01811938  -0.01285123  -0.02327527 
  -0.02375745  -0.01578523  -0.02481059  -0.0224574    -0.02274522  -0.0187192 
  -0.016744      -0.02499472]
[-0.03179975  -0.03095356  -0.02776258  -0.01670999  -0.00509769    0.00012863 
  -0.01012499  -0.01816709  -0.02866028  -0.02942095  -0.03200465  -0.03901489 
  -0.03132119  -0.03235762  -0.00640615  -0.00772931  -0.00306656  -0.00567228 
  -0.00589426  -0.0131351    -0.02443439  -0.02001144  -0.03060454  -0.00403788 
  -0.00714097  -0.00464413  -0.00668165  -0.01012438  -0.01182746  -0.00680007 
  -0.0034107    -0.00781364]
[-0.02639019  -0.02973945  -0.03839388  -0.05082481  -0.04619805  -0.04562522 
  -0.04499214  -0.02988323  -0.03054794  -0.02337554  -0.03134843  -0.01585662 
  -0.01703368  -0.03666334  -0.04570912  -0.05040074  -0.0518924    -0.05285535 
  -0.04564959  -0.04420742  -0.0354204    -0.02927418  -0.03090843  -0.0526363 
  -0.05478264  -0.05524144  -0.05398831  -0.05629013  -0.04457713  -0.05555161 
  -0.05410623  -0.05502712]
increment_50
[  9.53470644e-03    1.51347272e-02    7.65937924e-03  -5.49035064e-03 
  -1.07412826e-02  -8.75805845e-03    9.54275216e-03  -8.32947616e-03 
    1.02221980e-02    4.85730646e-04    1.55368551e-02    4.38277432e-03 
  -1.02138149e-02    5.11332922e-03  -2.55208713e-02    3.29379383e-03 
  -2.07026518e-03    3.92089789e-03    3.38267452e-03    5.66870170e-03 
    8.80679421e-03  -7.55811081e-03    1.35444620e-02    2.78535453e-06 
    7.77336702e-03    5.39897335e-03    7.31966586e-03    1.50642059e-02 
    1.42413835e-04    9.47769782e-03    1.28186164e-03    9.96800942e-03]
[0.05209041  0.05059253  0.04026905  0.03079541  0.03166679  0.03487543 
  0.04111557  0.04341376  0.04985271  0.0509507    0.05104118  0.06018627 
  0.05605696  0.04593867  0.02595647  0.03462726  0.03184945  0.03263626 
  0.03952378  0.03962255  0.04699235  0.04489171  0.05035761  0.03181155 
  0.03346253  0.03398306  0.03331474  0.03523982  0.03750563  0.03432121 
  0.03292208  0.03384647]
[-0.01455805  -0.01625986  -0.02351505    0.00966852  -0.0301926    -0.0350237 
  -0.0337859    -0.02572365  -0.017903      -0.0182379    -0.01570697  -0.00038277 
  -0.00259497    0.00158635    0.03248347  -0.02680444  -0.02814865  -0.03353763 
  -0.04021369  -0.03015585  -0.01782427  -0.02300723  -0.01646348  -0.03071766 
  -0.03087551  -0.02031812  -0.03182599  -0.02919501  -0.02929441  -0.02487536 
  -0.02141042  -0.03201885]
[0.05209041  0.05059253  0.04026905  0.03079541  0.03166679  0.03487543 
  0.04111557  0.04341376  0.04985271  0.0509507    0.05104118  0.06018627 
  0.05605696  0.04593867  0.02595647  0.03462726  0.03184945  0.03263626 
  0.03952378  0.03962255  0.04699235  0.04489171  0.05035761  0.03181155 
  0.03346253  0.03398306  0.03331474  0.03523982  0.03750563  0.03432121 
  0.03292208  0.03384647]
[0.02322042  0.02325821  0.04014057  0.06963489  0.06770499  0.06666441 
  0.04846172  0.04675551  0.02713504  0.02864529  0.02228073  0.01418593 
  0.031056      0.03947275  0.08177919  0.06089666  0.0676355    0.06298334 
  0.05367872  0.05028203  0.03540502  0.04437087  0.02477069  0.06602579 
  0.06098511  0.06439315  0.06089967  0.05575116  0.05516387  0.06055919 
  0.06687402  0.05937025]
[-0.04153711  -0.04059273  -0.03542092  -0.01979438  -0.0078719    -0.00118557 
  -0.01458499  -0.02381655  -0.03789549  -0.03770059  -0.04139736  -0.05136036 
  -0.03972367  -0.041777      -0.00773219  -0.0105067    -0.00478129  -0.00871098 
  -0.00847617  -0.0176048    -0.03188926  -0.02583053  -0.03963332  -0.00622234 
  -0.01001637  -0.0068627    -0.0100819    -0.01383183  -0.01579504  -0.01013454 
  -0.00489082  -0.01130244]
[-0.01455805  -0.01625986  -0.02351505    0.00966852  -0.0301926    -0.0350237 
  -0.0337859    -0.02572365  -0.017903      -0.0182379    -0.01570697  -0.00038277 
  -0.00259497    0.00158635    0.03248347  -0.02680444  -0.02814865  -0.03353763 
  -0.04021369  -0.03015585  -0.01782427  -0.02300723  -0.01646348  -0.03071766 
  -0.03087551  -0.02031812  -0.03182599  -0.02919501  -0.02929441  -0.02487536 
  -0.02141042  -0.03201885]
[-0.04153711  -0.04059273  -0.03542092  -0.01979438  -0.0078719    -0.00118557 
  -0.01458499  -0.02381655  -0.03789549  -0.03770059  -0.04139736  -0.05136036 
  -0.03972367  -0.041777      -0.00773219  -0.0105067    -0.00478129  -0.00871098 
  -0.00847617  -0.0176048    -0.03188926  -0.02583053  -0.03963332  -0.00622234 
  -0.01001637  -0.0068627    -0.0100819    -0.01383183  -0.01579504  -0.01013454 
  -0.00489082  -0.01130244]
[-0.03275513  -0.03839294  -0.04779995  -0.06414454  -0.05696371  -0.05790635 
  -0.05800447  -0.03842603  -0.03735724  -0.02913102  -0.03781759  -0.0185687 
  -0.02084219  -0.04458608  -0.05625832  -0.06419045  -0.06556523  -0.06690424 
  -0.0570614    -0.05595073  -0.04421181  -0.03681276  -0.03831516  -0.06602857 
  -0.06875848  -0.06979212  -0.06821933  -0.07081536  -0.05530629  -0.07003688 
  -0.06815589  -0.06933826]
increment_60
[  0.01402499    0.02281007    0.01006942  -0.00730128  -0.01459641  -0.01060936 
    0.01337168  -0.00839825    0.01370774    0.00160277    0.01927029    0.00912699 
  -0.01184925    0.00412029  -0.03329835    0.00402597  -0.0027831      0.00540177 
    0.00334811    0.0073763      0.011529      -0.00844241    0.0180912    -0.000878 
    0.00854299    0.00683418    0.00947257    0.01764863  -0.0011086      0.01174128 
    0.00075641    0.01238927]
[0.06270625  0.0607616    0.04885724  0.0368799    0.0378913    0.04125098 
  0.04906093  0.05211115  0.06052657  0.06120904  0.06156693  0.07258005 
  0.06743433  0.05518421  0.02918039  0.04131229  0.03805202  0.0392465 
  0.0473008    0.04742633  0.05659025  0.054059      0.06065327  0.03785196 
  0.03995911  0.04093538  0.04010635  0.04219649  0.04481196  0.04125123 
  0.0393711    0.04070804]
[-0.01793405  -0.01956316  -0.02862039    0.01232454  -0.03575967  -0.04268264 
  -0.04077956  -0.03135189  -0.02169311  -0.02252701  -0.01930801  -0.00238584 
  -0.00507704    0.00071709    0.04074566  -0.03303743  -0.03449307  -0.04095639 
  -0.049198      -0.03687271  -0.02248783  -0.02778519  -0.02013691  -0.03854138 
  -0.03836024  -0.02523382  -0.03910533  -0.03637816  -0.03620626  -0.03155907 
  -0.02626191  -0.03929093]
[0.06270625  0.0607616    0.04885724  0.0368799    0.0378913    0.04125098 
  0.04906093  0.05211115  0.06052657  0.06120904  0.06156693  0.07258005 
  0.06743433  0.05518421  0.02918039  0.04131229  0.03805202  0.0392465 
  0.0473008    0.04742633  0.05659025  0.054059      0.06065327  0.03785196 
  0.03995911  0.04093538  0.04010635  0.04219649  0.04481196  0.04125123 
  0.0393711    0.04070804]
[0.02526326  0.02474205  0.0469404    0.08494239  0.08220014  0.08113433 
  0.05810302  0.05563731  0.02979923  0.0333322    0.02473175  0.01204548 
  0.03659287  0.04757462  0.09969035  0.07407826  0.08209207  0.07563932 
  0.06517959  0.06056454  0.04123928  0.05302959  0.02755984  0.08015992 
  0.07412729  0.07764409  0.07303541  0.06759353  0.0671363    0.07268275 
  0.08145793  0.07132531]
[-0.05154424  -0.0508172    -0.04342506  -0.02221741  -0.01098204  -0.00312167 
  -0.01965689  -0.02982784  -0.04751936  -0.04605858  -0.05115033  -0.06410196 
  -0.04804734  -0.05154576  -0.00888934  -0.01364232  -0.00692029  -0.01242673 
  -0.01152728  -0.02253758  -0.03977313  -0.03201105  -0.04920376  -0.00892179 
  -0.01332068  -0.00964912  -0.01411366  -0.01796339  -0.01991425  -0.01410711 
  -0.00658932  -0.01544125]
[-0.01793405  -0.01956316  -0.02862039    0.01232454  -0.03575967  -0.04268264 
  -0.04077956  -0.03135189  -0.02169311  -0.02252701  -0.01930801  -0.00238584 
  -0.00507704    0.00071709    0.04074566  -0.03303743  -0.03449307  -0.04095639 
  -0.049198      -0.03687271  -0.02248783  -0.02778519  -0.02013691  -0.03854138 
  -0.03836024  -0.02523382  -0.03910533  -0.03637816  -0.03620626  -0.03155907 
  -0.02626191  -0.03929093]
[-0.05154424  -0.0508172    -0.04342506  -0.02221741  -0.01098204  -0.00312167 
  -0.01965689  -0.02982784  -0.04751936  -0.04605858  -0.05115033  -0.06410196 
  -0.04804734  -0.05154576  -0.00888934  -0.01364232  -0.00692029  -0.01242673 
  -0.01152728  -0.02253758  -0.03977313  -0.03201105  -0.04920376  -0.00892179 
  -0.01332068  -0.00964912  -0.01411366  -0.01796339  -0.01991425  -0.01410711 
  -0.00658932  -0.01544125]
[-0.03928825  -0.04755212  -0.05700981  -0.07764111  -0.06760374  -0.07052497 
  -0.0714747    -0.04723906  -0.04350697  -0.03493497  -0.04400204  -0.02117246 
  -0.02474362  -0.05169492  -0.066392      -0.07810423  -0.07930898  -0.08104109 
  -0.0685277    -0.06794085  -0.05276827  -0.04458718  -0.04565104  -0.07928192 
  -0.08267028  -0.08447827  -0.08250798  -0.08524216  -0.0660277    -0.08442404 
  -0.08221434  -0.08371459]
increment_70
[  1.92457383e-02    3.20043816e-02    1.28151361e-02  -9.28681188e-03 
  -1.88311692e-02  -1.24164926e-02    1.76026987e-02  -8.18684368e-03 
    1.73294428e-02    3.00320273e-03    2.36113078e-02    1.48621347e-02 
  -1.34588290e-02    2.58965449e-03  -4.16390852e-02    4.46064430e-03 
  -3.66794807e-03    7.11036324e-03    3.05146674e-03    9.17272442e-03 
    1.44024333e-02  -8.84291841e-03    2.34728027e-02  -2.16389957e-03 
    8.95276416e-03    8.44454509e-03    1.15346386e-02    1.97951238e-02 
  -2.78535594e-03    1.37252085e-02  -2.34039050e-05    1.50104074e-02]
[0.0730901    0.07069859  0.05763243  0.04288151  0.0439602    0.04736285 
  0.05688923  0.06073176  0.07127567  0.07133067  0.07210115  0.08463545 
  0.07859833  0.0646775    0.03172515  0.04784043  0.0441424    0.04585272 
  0.05481182  0.05513278  0.06621076  0.06336318  0.0709842    0.0437146 
  0.0462974    0.04788168  0.0468271    0.04899915  0.05185719  0.04805576 
  0.04569244  0.04756627]
[-0.02156579  -0.02303114  -0.03375597    0.01516135  -0.04075528  -0.05037956 
  -0.04798238  -0.03719332  -0.02581756  -0.02710773  -0.02320296  -0.00462011 
  -0.00825631  -0.00080066    0.04926643  -0.03957878  -0.04100833  -0.04858943 
  -0.05829559  -0.04377015  -0.02734167  -0.03245022  -0.02381917  -0.04665201 
  -0.04623403  -0.0305902    -0.04670111  -0.04402501  -0.04349075  -0.03874885 
  -0.03136025  -0.04681519]
[0.0730901    0.07069859  0.05763243  0.04288151  0.0439602    0.04736285 
  0.05688923  0.06073176  0.07127567  0.07133067  0.07210115  0.08463545 
  0.07859833  0.0646775    0.03172515  0.04784043  0.0441424    0.04585272 
  0.05481182  0.05513278  0.06621076  0.06336318  0.0709842    0.0437146 
  0.0462974    0.04788168  0.0468271    0.04899915  0.05185719  0.04805576 
  0.04569244  0.04756627]
[0.02681985  0.02514642  0.05299732  0.10057649  0.0971307    0.09589033 
  0.0676519    0.06440091  0.03171323  0.03783987  0.02633184  0.00889478 
  0.04216456  0.05522789  0.11781838  0.08753343  0.09678001  0.08814793 
  0.07706477  0.07083969  0.04657369  0.06125148  0.02922327  0.09451339 
  0.08754392  0.09081656  0.08524177  0.07971594  0.07957422  0.0848677 
  0.09631504  0.08313613]
[-0.06169502  -0.06156868  -0.05194617  -0.02393198  -0.01428527  -0.00566542 
  -0.02533477  -0.03618409  -0.05736248  -0.05448463  -0.06117346  -0.07695643 
  -0.05623716  -0.06158731  -0.00982259  -0.01718049  -0.00946379  -0.01684824 
  -0.01507524  -0.027992      -0.04810828  -0.03870939  -0.05942681  -0.01216541 
  -0.01707447  -0.01304542  -0.01870492  -0.02249385  -0.02419301  -0.01870003 
  -0.00858386  -0.02026249]
[-0.02156579  -0.02303114  -0.03375597    0.01516135  -0.04075528  -0.05037956 
  -0.04798238  -0.03719332  -0.02581756  -0.02710773  -0.02320296  -0.00462011 
  -0.00825631  -0.00080066    0.04926643  -0.03957878  -0.04100833  -0.04858943 
  -0.05829559  -0.04377015  -0.02734167  -0.03245022  -0.02381917  -0.04665201 
  -0.04623403  -0.0305902    -0.04670111  -0.04402501  -0.04349075  -0.03874885 
  -0.03136025  -0.04681519]
[-0.06169502  -0.06156868  -0.05194617  -0.02393198  -0.01428527  -0.00566542 
  -0.02533477  -0.03618409  -0.05736248  -0.05448463  -0.06117346  -0.07695643 
  -0.05623716  -0.06158731  -0.00982259  -0.01718049  -0.00946379  -0.01684824 
  -0.01507524  -0.027992      -0.04810828  -0.03870939  -0.05942681  -0.01216541 
  -0.01707447  -0.01304542  -0.01870492  -0.02249385  -0.02419301  -0.01870003 
  -0.00858386  -0.02026249]
[-0.04606559  -0.0571508    -0.06581246  -0.09128968  -0.07829953  -0.08347384 
  -0.0852546    -0.05621406  -0.04904267  -0.04084307  -0.04994315  -0.02375691 
  -0.02870573  -0.05781754  -0.07617929  -0.09199408  -0.09311206  -0.0952583 
  -0.08011623  -0.08001241  -0.06097612  -0.05240856  -0.05269608  -0.09234949 
  -0.09649669  -0.09926111  -0.09677641  -0.09951106  -0.07678886  -0.09859291 
  -0.09629163  -0.09814654]
increment_80
[  0.02524385    0.0427627      0.01589711  -0.01153942  -0.02337865  -0.01420872 
    0.02218149  -0.00782569    0.02113776    0.00470268    0.02868759    0.02121239 
  -0.01535595    0.0006484    -0.05035181    0.00450251  -0.00473848    0.00902148 
    0.00250188    0.01093655    0.01743248  -0.0087771      0.02966556  -0.00385868 
    0.00895357    0.0101848      0.01335416    0.0213816    -0.00483191    0.01533173 
  -0.00100059    0.01781649]
[0.0832216    0.08031358  0.06666967  0.04875542  0.04982458  0.05324195 
  0.06460799  0.06927773  0.08203273  0.0813472    0.0826904    0.09633474 
  0.08954128  0.074538      0.03366015  0.05420734  0.05011219  0.05245146 
  0.06203608  0.06277909  0.07586306  0.07286618  0.08140882  0.04939179 
  0.05244824  0.05479509  0.05343708  0.05560882  0.05865213  0.05471363 
  0.05187949  0.05441446]
[-0.02548149  -0.02678603  -0.03885461    0.01818773  -0.04503172  -0.05807038 
  -0.05542067  -0.04327052  -0.03029058  -0.03193363  -0.02760326  -0.00711569 
  -0.01216471  -0.00316275    0.05797089  -0.0463731    -0.04769403  -0.05646564 
  -0.06751895  -0.05085155  -0.03235972  -0.03710812  -0.02744061  -0.05501422 
  -0.0544993    -0.03649689  -0.05465164  -0.05212411  -0.05112381  -0.04640013 
  -0.03681289  -0.05461246]
[0.0832216    0.08031358  0.06666967  0.04875542  0.04982458  0.05324195 
  0.06460799  0.06927773  0.08203273  0.0813472    0.0826904    0.09633474 
  0.08954128  0.074538      0.03366015  0.05420734  0.05011219  0.05245146 
  0.06203608  0.06277909  0.07586306  0.07286618  0.08140882  0.04939179 
  0.05244824  0.05479509  0.05343708  0.05560882  0.05865213  0.05471363 
  0.05187949  0.05441446]
[0.02791103  0.02451476  0.05807601  0.11656535  0.11260606  0.11092011 
  0.07708601  0.07307506  0.03298742  0.04209769  0.02696343  0.00502501 
  0.04789185  0.06214329  0.13607766  0.10128254  0.11170148  0.10050927 
  0.0893464    0.08105762  0.05137521  0.06880058  0.02948204  0.10907122 
  0.10125461  0.1038961    0.09761163  0.0921977    0.09243018  0.0971315 
  0.11138256  0.09478817]
[-0.07200017  -0.0727707    -0.06112517  -0.0249117    -0.01763742  -0.00878199 
  -0.03163857  -0.04288316  -0.06735112  -0.06307306  -0.07134322  -0.08977476 
  -0.06427249  -0.07187049  -0.01044508  -0.02111758  -0.01241787  -0.02197746 
  -0.019125      -0.03400314  -0.05688971  -0.0460673    -0.07042644  -0.01596111 
  -0.02128057  -0.01710618  -0.02379748  -0.02738551  -0.02870676  -0.02390222 
  -0.0109713    -0.02577097]
[-0.02548149  -0.02678603  -0.03885461    0.01818773  -0.04503172  -0.05807038 
  -0.05542067  -0.04327052  -0.03029058  -0.03193363  -0.02760326  -0.00711569 
  -0.01216471  -0.00316275    0.05797089  -0.0463731    -0.04769403  -0.05646564 
  -0.06751895  -0.05085155  -0.03235972  -0.03710812  -0.02744061  -0.05501422 
  -0.0544993    -0.03649689  -0.05465164  -0.05212411  -0.05112381  -0.04640013 
  -0.03681289  -0.05461246]
[-0.07200017  -0.0727707    -0.06112517  -0.0249117    -0.01763742  -0.00878199 
  -0.03163857  -0.04288316  -0.06735112  -0.06307306  -0.07134322  -0.08977476 
  -0.06427249  -0.07187049  -0.01044508  -0.02111758  -0.01241787  -0.02197746 
  -0.019125      -0.03400314  -0.05688971  -0.0460673    -0.07042644  -0.01596111 
  -0.02128057  -0.01710618  -0.02379748  -0.02738551  -0.02870676  -0.02390222 
  -0.0109713    -0.02577097]
[-0.05315488  -0.06727746  -0.07397312  -0.10502592  -0.08922741  -0.09671139 
  -0.09926749  -0.06524937  -0.05412519  -0.04680037  -0.05565102  -0.0262374 
  -0.0325359    -0.06279169  -0.08572586  -0.10578505  -0.106963      -0.10953075 
  -0.09184828  -0.09199416  -0.06880769  -0.06002349  -0.0591476    -0.10521254 
  -0.11020817  -0.1140809    -0.11096579  -0.1135793    -0.08759827  -0.11246323 
  -0.11038197  -0.11260466]
increment_90
[  0.03207644    0.05504137    0.01928205  -0.01406521  -0.02822303  -0.01605165 
    0.02702449  -0.00737757    0.02517481    0.00673717    0.03456409    0.02789095 
  -0.01774523  -0.00149423  -0.05925442    0.00406114  -0.006004        0.01107237 
    0.00171873    0.01260213    0.02066111  -0.00824887    0.03668469  -0.00593154 
    0.00853489    0.01198413    0.01485023    0.02229389  -0.00723706    0.01652916 
  -0.00216165    0.02076224]
[0.09310187  0.08954981  0.07601588  0.05447729  0.05542068  0.05893671 
  0.07219867  0.07773764  0.09274026  0.09128382  0.09331005  0.10772258 
  0.10029729  0.08482118  0.03507111  0.06040263  0.05594257  0.0590267 
  0.06895194  0.0703805    0.08554426  0.08257413  0.09190087  0.05487656 
  0.05839405  0.06163855  0.05990816  0.0619871    0.06523197  0.06122438 
  0.0579158    0.06123818]
[-0.02968447  -0.03097903  -0.04388071    0.02139325  -0.04854001  -0.06572321 
  -0.0631246    -0.04960797  -0.0351368    -0.03697597  -0.03260026  -0.00990832 
  -0.01679931  -0.00652102    0.06680064  -0.05334578  -0.05461079  -0.06461985 
  -0.07687638  -0.05813819  -0.03754788  -0.0419111    -0.030999      -0.06361412 
  -0.06313367  -0.04306268  -0.06297607  -0.06066106  -0.05906449  -0.05445329 
  -0.04272353  -0.06271041]
[0.09310187  0.08954981  0.07601588  0.05447729  0.05542068  0.05893671 
  0.07219867  0.07773764  0.09274026  0.09128382  0.09331005  0.10772258 
  0.10029729  0.08482118  0.03507111  0.06040263  0.05594257  0.0590267 
  0.06895194  0.0703805    0.08554426  0.08257413  0.09190087  0.05487656 
  0.05839405  0.06163855  0.05990816  0.0619871    0.06523197  0.06122438 
  0.0579158    0.06123818]
[0.02847581  0.02288009  0.06201333  0.13288252  0.12870347  0.1262103 
  0.08642877  0.08169721  0.03373375  0.04603066  0.02663001  0.00056688 
  0.05377282  0.06803072  0.15439616  0.11537963  0.12683875  0.11274692 
  0.10202933  0.09119527  0.05561403  0.07548478  0.02820994  0.12381965 
  0.11525954  0.11688056  0.11019648  0.10512353  0.10561655  0.10947708 
  0.12662502  0.10628918]
[-0.08252002  -0.08434678  -0.07100549  -0.02517636  -0.02093754  -0.01240944 
  -0.03856536  -0.04991427  -0.07742216  -0.07189622  -0.08159249  -0.10251972 
  -0.07220373  -0.08240966  -0.01066027  -0.02540376  -0.01581797  -0.02780029 
  -0.0236885    -0.04057071  -0.06610141  -0.05416966  -0.08219086  -0.02029649 
  -0.0259529    -0.02188354  -0.02936623  -0.03260426  -0.03355411  -0.02967528 
  -0.01383963  -0.03195826]
[-0.02968447  -0.03097903  -0.04388071    0.02139325  -0.04854001  -0.06572321 
  -0.0631246    -0.04960797  -0.0351368    -0.03697597  -0.03260026  -0.00990832 
  -0.01679931  -0.00652102    0.06680064  -0.05334578  -0.05461079  -0.06461985 
  -0.07687638  -0.05813819  -0.03754788  -0.0419111    -0.030999      -0.06361412 
  -0.06313367  -0.04306268  -0.06297607  -0.06066106  -0.05906449  -0.05445329 
  -0.04272353  -0.06271041]
[-0.08252002  -0.08434678  -0.07100549  -0.02517636  -0.02093754  -0.01240944 
  -0.03856536  -0.04991427  -0.07742216  -0.07189622  -0.08159249  -0.10251972 
  -0.07220373  -0.08240966  -0.01066027  -0.02540376  -0.01581797  -0.02780029 
  -0.0236885    -0.04057071  -0.06610141  -0.05416966  -0.08219086  -0.02029649 
  -0.0259529    -0.02188354  -0.02936623  -0.03260426  -0.03355411  -0.02967528 
  -0.01383963  -0.03195826]
[-0.06055224  -0.07792145  -0.08129538  -0.1188173    -0.10048044  -0.11015866 
  -0.11345326  -0.07431965  -0.05890856  -0.05276784  -0.0611941    -0.02845784 
  -0.03602759  -0.06653649  -0.09514173  -0.11944076  -0.12083475  -0.12381929 
  -0.10374806  -0.1037974    -0.07627514  -0.0672359    -0.06489463  -0.11788812 
  -0.12379443  -0.12886469  -0.12504671  -0.12741742  -0.09837949  -0.12600624 
  -0.12446338  -0.12705142]
increment_100
[  0.03975438    0.06862623    0.0228375    -0.01676247  -0.03341935  -0.01800804 
    0.03197506  -0.00681931    0.02942563    0.00908893    0.04125426    0.03471956 
  -0.02072343  -0.00357361  -0.06814134    0.00306801  -0.00746854    0.0132024 
    0.00069495    0.01413692    0.0241147    -0.00721402    0.04452569  -0.00833619 
    0.00770773    0.01374944    0.0159939      0.02250038  -0.010042        0.01730938 
  -0.00351432    0.02380836]
[0.10273546  0.09841612  0.08566483  0.06005868  0.06068897  0.06448498 
  0.07962897  0.0860759    0.10337586  0.1011357    0.10386326  0.11885319 
  0.11091837  0.09553222  0.0360844    0.06641441  0.06161499  0.06555865 
  0.07552859  0.07793346  0.0952519    0.09247255  0.1023466    0.06017093 
  0.06412537  0.06836907  0.06622175  0.0681112    0.07163561  0.06758869 
  0.06377969  0.06802249]
[-0.03417995  -0.03577901  -0.04885178    0.02469387  -0.05131384  -0.07334114 
  -0.07114428  -0.05624025  -0.04044956  -0.0422521    -0.03817253  -0.01301656 
  -0.02211251  -0.0108663      0.07569175  -0.06042519  -0.06182278  -0.07307988 
  -0.08636742  -0.06566227  -0.04295342  -0.04697024  -0.03459292  -0.07243893 
  -0.07211437  -0.0503501    -0.07168007  -0.06961645  -0.06726933  -0.06285913 
  -0.04918425  -0.07113279]
[0.10273546  0.09841612  0.08566483  0.06005868  0.06068897  0.06448498 
  0.07962897  0.0860759    0.10337586  0.1011357    0.10386326  0.11885319 
  0.11091837  0.09553222  0.0360844    0.06641441  0.06161499  0.06555865 
  0.07552859  0.07793346  0.0952519    0.09247255  0.1023466    0.06017093 
  0.06412537  0.06836907  0.06622175  0.0681112    0.07163561  0.06758869 
  0.06377969  0.06802249]
[  0.02844592    0.02023953    0.06479671    0.14943699    0.14544482    0.14175181 
    0.09575882    0.09032525    0.03406044    0.04965251    0.02546999  -0.00442277 
    0.05974066    0.07265875    0.17269525    0.12989576    0.1421682      0.1248791 
    0.1151354      0.10125419    0.0592719      0.08112695    0.02553065    0.13873179 
    0.12954972    0.12978579    0.12301177    0.11852176    0.11904487    0.12192464 
    0.1420206      0.11764176]
[-0.09331127  -0.09622225  -0.08152705  -0.02482379  -0.02414455  -0.01649435 
  -0.04607432  -0.05725499  -0.08748003  -0.08095387  -0.09190557  -0.11518555 
  -0.08010061  -0.09321414  -0.0103502    -0.02995969  -0.01971431  -0.03430333 
  -0.02877927  -0.04767303  -0.07569947  -0.06307008  -0.09454621  -0.0251636 
  -0.03111501  -0.02740619  -0.03541803  -0.03816092  -0.03881893  -0.03595785 
  -0.01727448  -0.03881902]
[-0.03417995  -0.03577901  -0.04885178    0.02469387  -0.05131384  -0.07334114 
  -0.07114428  -0.05624025  -0.04044956  -0.0422521    -0.03817253  -0.01301656 
  -0.02211251  -0.0108663      0.07569175  -0.06042519  -0.06182278  -0.07307988 
  -0.08636742  -0.06566227  -0.04295342  -0.04697024  -0.03459292  -0.07243893 
  -0.07211437  -0.0503501    -0.07168007  -0.06961645  -0.06726933  -0.06285913 
  -0.04918425  -0.07113279]
[-0.09331127  -0.09622225  -0.08152705  -0.02482379  -0.02414455  -0.01649435 
  -0.04607432  -0.05725499  -0.08748003  -0.08095387  -0.09190557  -0.11518555 
  -0.08010061  -0.09321414  -0.0103502    -0.02995969  -0.01971431  -0.03430333 
  -0.02877927  -0.04767303  -0.07569947  -0.06307008  -0.09454621  -0.0251636 
  -0.03111501  -0.02740619  -0.03541803  -0.03816092  -0.03881893  -0.03595785 
  -0.01727448  -0.03881902]
[-0.06820029  -0.08886576  -0.08763421  -0.13267452  -0.11202547  -0.12374377 
  -0.12773388  -0.08350594  -0.06348607  -0.05874144  -0.06672425  -0.03029679 
  -0.03901723  -0.06908514  -0.10455391  -0.13296377  -0.13469966  -0.1380815 
  -0.11583035  -0.11539111  -0.0833866    -0.07391293  -0.07005634  -0.13039561 
  -0.13725745  -0.14353523  -0.13900567  -0.14102214  -0.10900287  -0.13923401 
  -0.13850628  -0.14145012]
increment_110
[  0.04823714    0.08321199    0.02630562  -0.01947473  -0.03901171  -0.02010851 
    0.03686823  -0.00610391    0.03381633    0.01169488    0.04871772    0.04161615 
  -0.02422122  -0.00541315  -0.07674562    0.00151318  -0.00913302    0.01535799 
  -0.00063614    0.01552394    0.02776087  -0.00559488    0.05320432  -0.01101005 
    0.00649515    0.01540086    0.01677531    0.02204559  -0.01327326    0.01767774 
  -0.00507344    0.02690287]
[0.11212401  0.10697289  0.09556922  0.06554072  0.06563495  0.06990093 
  0.08688102  0.09425747  0.11394986  0.11088468  0.11423095  0.12977569 
  0.12144148  0.10661907  0.03688373  0.07223977  0.06711282  0.0720261 
  0.08174069  0.08543464  0.10500676  0.10256889  0.11260313  0.06529239 
  0.06963463  0.07494972  0.07236185  0.07397824  0.07790658  0.07380005 
  0.06944571  0.07474755]
[-0.03898183  -0.04132454  -0.05383353    0.02795176  -0.05345723  -0.08093847 
  -0.07954835  -0.06319992  -0.04633165  -0.04780339  -0.04421892  -0.01646121 
  -0.02800852  -0.01596666    0.08458467  -0.06753206  -0.06938739  -0.08186608 
  -0.09600673  -0.07344258  -0.04869506  -0.05226766  -0.03841383  -0.08147024 
  -0.08142309  -0.05836461  -0.08076121  -0.07896355  -0.07568938  -0.07159258 
  -0.0562629    -0.07990172]
[0.11212401  0.10697289  0.09556922  0.06554072  0.06563495  0.06990093 
  0.08688102  0.09425747  0.11394986  0.11088468  0.11423095  0.12977569 
  0.12144148  0.10661907  0.03688373  0.07223977  0.06711282  0.0720261 
  0.08174069  0.08543464  0.10500676  0.10256889  0.11260313  0.06529239 
  0.06963463  0.07494972  0.07236185  0.07397824  0.07790658  0.07380005 
  0.06944571  0.07474755]
[  0.0277745      0.01653629    0.0665777      0.16611718    0.16274434    0.15754157 
    0.1051528      0.09900557    0.03405082    0.05303593    0.02367024  -0.0099291 
    0.06572218    0.07599325    0.19087681    0.14489496    0.15766355    0.1369155 
    0.1286938      0.11122487    0.0623354      0.08555721    0.0217188      0.15375732 
    0.14410304    0.14262752    0.13605191    0.13235954    0.1326111      0.13450688 
    0.15754748    0.12885526]
[-0.10440907  -0.10834603  -0.09254601  -0.02400777  -0.02726455  -0.02099866 
  -0.05411031  -0.0648991    -0.09744166  -0.09021034  -0.10232488  -0.12776802 
  -0.08801643  -0.1042625    -0.00935795  -0.03469529  -0.02416552  -0.04147547 
  -0.03439789  -0.05530118  -0.08558864  -0.07279311  -0.10723199  -0.03056826 
  -0.0367969    -0.0336855    -0.04197476  -0.04410972  -0.04457556  -0.04268978 
  -0.02135645  -0.04634243]
[-0.03898183  -0.04132454  -0.05383353    0.02795176  -0.05345723  -0.08093847 
  -0.07954835  -0.06319992  -0.04633165  -0.04780339  -0.04421892  -0.01646121 
  -0.02800852  -0.01596666    0.08458467  -0.06753206  -0.06938739  -0.08186608 
  -0.09600673  -0.07344258  -0.04869506  -0.05226766  -0.03841383  -0.08147024 
  -0.08142309  -0.05836461  -0.08076121  -0.07896355  -0.07568938  -0.07159258 
  -0.0562629    -0.07990172]
[-0.10440907  -0.10834603  -0.09254601  -0.02400777  -0.02726455  -0.02099866 
  -0.05411031  -0.0648991    -0.09744166  -0.09021034  -0.10232488  -0.12776802 
  -0.08801643  -0.1042625    -0.00935795  -0.03469529  -0.02416552  -0.04147547 
  -0.03439789  -0.05530118  -0.08558864  -0.07279311  -0.10723199  -0.03056826 
  -0.0367969    -0.0336855    -0.04197476  -0.04410972  -0.04457556  -0.04268978 
  -0.02135645  -0.04634243]
[-0.07601165  -0.09974828  -0.09288332  -0.14664245  -0.12373263  -0.13743305 
  -0.14202103  -0.09290166  -0.06786714  -0.0647308    -0.07238796  -0.03168705 
  -0.04150097  -0.0705801    -0.11413119  -0.14640815  -0.14853053  -0.1522735 
  -0.12805766  -0.12674881  -0.09009627  -0.07996233  -0.07492312  -0.14274726 
  -0.15059819  -0.15802838  -0.15282721  -0.15440513  -0.11933783  -0.15218462 
  -0.15247403  -0.15575812]
increment_120
[  0.05740828    0.09847269    0.02939374  -0.02204081  -0.0450134    -0.02235885 
    0.04153043  -0.0052265      0.03826703    0.01450582    0.05685096    0.0486333 
  -0.02800774  -0.00705954  -0.08479923  -0.00055971  -0.01100709    0.01744363 
  -0.00236771    0.01677752    0.03146572  -0.00330158    0.06273802  -0.01387226 
    0.00493968    0.01685369    0.01717534    0.02096128  -0.01691513    0.01766329 
  -0.00685488    0.02990725]
[0.12128046  0.11528105  0.10566435  0.07098186  0.07031038  0.07519007 
  0.09394594  0.10226761  0.1244878    0.12052569  0.12434344  0.14054951 
  0.13185598  0.11799262  0.03767384  0.07788587  0.07241791  0.07839893 
  0.08756568  0.09288483  0.11483818  0.11288636  0.12256094  0.07027258 
  0.0749198    0.08134879  0.07830809  0.07959377  0.08409513  0.07985166 
  0.07488881  0.08137566]
[-0.04410034  -0.04767894  -0.05892627    0.03098618  -0.05511052  -0.0885066 
  -0.08841072  -0.07050808  -0.05284782  -0.05366193  -0.05062663  -0.02030487 
  -0.03437911  -0.02149651    0.09343936  -0.07458424  -0.0773494    -0.09100424 
  -0.10581892  -0.08148761  -0.05490882  -0.05767004  -0.04270516  -0.09068887 
  -0.09104431  -0.06707601  -0.09021411  -0.08867031  -0.08427252  -0.0806471 
  -0.06398366  -0.08905027]
[0.12128046  0.11528105  0.10566435  0.07098186  0.07031038  0.07519007 
  0.09394594  0.10226761  0.1244878    0.12052569  0.12434344  0.14054951 
  0.13185598  0.11799262  0.03767384  0.07788587  0.07241791  0.07839893 
  0.08756568  0.09288483  0.11483818  0.11288636  0.12256094  0.07027258 
  0.0749198    0.08134879  0.07830809  0.07959377  0.08409513  0.07985166 
  0.07488881  0.08137566]
[  0.02642199    0.01174035    0.06762675    0.18282703    0.1804686      0.17358571 
    0.11469617    0.10775436    0.0337483      0.0562207      0.02133751  -0.01604487 
    0.07169771    0.07826133    0.20884203    0.16042045    0.17330272    0.14889909 
    0.14273474    0.12107598    0.06483695    0.08867617    0.01706326    0.16883038 
    0.1588796      0.15544097    0.1493106      0.14658359    0.14619121    0.14724707 
    0.17318386    0.14000373]
[-0.11583509  -0.12068184  -0.10386343  -0.02289695  -0.03031671  -0.0258876 
  -0.06261046  -0.07286644  -0.10726944  -0.09965113  -0.11292876  -0.14025791 
  -0.09596617  -0.11547322  -0.00751668  -0.03953686  -0.02922586  -0.04929161 
  -0.0405356    -0.06346202  -0.09564588  -0.08329975  -0.11999264  -0.03652731 
  -0.04303864  -0.04071047  -0.04905353  -0.05051362  -0.05089354  -0.0498375 
  -0.02614756  -0.05448729]
[-0.04410034  -0.04767894  -0.05892627    0.03098618  -0.05511052  -0.0885066 
  -0.08841072  -0.07050808  -0.05284782  -0.05366193  -0.05062663  -0.02030487 
  -0.03437911  -0.02149651    0.09343936  -0.07458424  -0.0773494    -0.09100424 
  -0.10581892  -0.08148761  -0.05490882  -0.05767004  -0.04270516  -0.09068887 
  -0.09104431  -0.06707601  -0.09021411  -0.08867031  -0.08427252  -0.0806471 
  -0.06398366  -0.08905027]
[-0.11583509  -0.12068184  -0.10386343  -0.02289695  -0.03031671  -0.0258876 
  -0.06261046  -0.07286644  -0.10726944  -0.09965113  -0.11292876  -0.14025791 
  -0.09596617  -0.11547322  -0.00751668  -0.03953686  -0.02922586  -0.04929161 
  -0.0405356    -0.06346202  -0.09564588  -0.08329975  -0.11999264  -0.03652731 
  -0.04303864  -0.04071047  -0.04905353  -0.05051362  -0.05089354  -0.0498375 
  -0.02614756  -0.05448729]
[-0.08383027  -0.11021305  -0.09702049  -0.16078621  -0.1354552    -0.15122686 
  -0.1562266    -0.10252786  -0.07201533  -0.07072652  -0.07818847  -0.03258844 
  -0.04368996  -0.0712018    -0.1240428    -0.15986074  -0.16229564  -0.16634271 
  -0.14036703  -0.13785351  -0.09630267  -0.08537459  -0.07980127  -0.15495812 
  -0.16381928  -0.17229466  -0.16648594  -0.16754487  -0.12927608  -0.16491035 
  -0.16632897  -0.16991098]
