inc
eps_11
eps_12
eps_13
eps_21
eps_22
eps_23
eps_31
eps_32
eps_33
increment_0
[1.11022302e-16  1.11022302e-16  1.11022302e-16  1.11022302e-16 
  1.11022302e-16  1.11022302e-16  1.11022302e-16  1.11022302e-16 
  1.11022302e-16  1.11022302e-16  1.11022302e-16  1.11022302e-16 
  1.11022302e-16  1.11022302e-16  1.11022302e-16  1.11022302e-16 
  1.11022302e-16  1.11022302e-16  1.11022302e-16  1.11022302e-16 
  1.11022302e-16  1.11022302e-16  1.11022302e-16  1.11022302e-16 
  1.11022302e-16  1.11022302e-16  1.11022302e-16  1.11022302e-16 
  1.11022302e-16]
[0.  0.  0.  0.  0.  0.  0.  0.  0.  0.  0.  0.  0.  0.  0.  0.  0.  0.  0.  0.  0.  0.  0.  0. 
  0.  0.  0.  0.  0.]
[0.  0.  0.  0.  0.  0.  0.  0.  0.  0.  0.  0.  0.  0.  0.  0.  0.  0.  0.  0.  0.  0.  0.  0. 
  0.  0.  0.  0.  0.]
[0.  0.  0.  0.  0.  0.  0.  0.  0.  0.  0.  0.  0.  0.  0.  0.  0.  0.  0.  0.  0.  0.  0.  0. 
  0.  0.  0.  0.  0.]
[3.32413403e-16  3.32413403e-16  3.32413403e-16  3.32413403e-16 
  3.32413403e-16  3.32413403e-16  3.32413403e-16  3.32413403e-16 
  3.32413403e-16  3.32413403e-16  3.32413403e-16  3.32413403e-16 
  3.32413403e-16  3.32413403e-16  3.32413403e-16  3.32413403e-16 
  3.32413403e-16  3.32413403e-16  3.32413403e-16  3.32413403e-16 
  3.32413403e-16  3.32413403e-16  3.32413403e-16  3.32413403e-16 
  3.32413403e-16  3.32413403e-16  3.32413403e-16  3.32413403e-16 
  3.32413403e-16]
[-1.47388455e-17  -1.47388455e-17  -1.47388455e-17  -1.47388455e-17 
  -1.47388455e-17  -1.47388455e-17  -1.47388455e-17  -1.47388455e-17 
  -1.47388455e-17  -1.47388455e-17  -1.47388455e-17  -1.47388455e-17 
  -1.47388455e-17  -1.47388455e-17  -1.47388455e-17  -1.47388455e-17 
  -1.47388455e-17  -1.47388455e-17  -1.47388455e-17  -1.47388455e-17 
  -1.47388455e-17  -1.47388455e-17  -1.47388455e-17  -1.47388455e-17 
  -1.47388455e-17  -1.47388455e-17  -1.47388455e-17  -1.47388455e-17 
  -1.47388455e-17]
[0.  0.  0.  0.  0.  0.  0.  0.  0.  0.  0.  0.  0.  0.  0.  0.  0.  0.  0.  0.  0.  0.  0.  0. 
  0.  0.  0.  0.  0.]
[-1.47388455e-17  -1.47388455e-17  -1.47388455e-17  -1.47388455e-17 
  -1.47388455e-17  -1.47388455e-17  -1.47388455e-17  -1.47388455e-17 
  -1.47388455e-17  -1.47388455e-17  -1.47388455e-17  -1.47388455e-17 
  -1.47388455e-17  -1.47388455e-17  -1.47388455e-17  -1.47388455e-17 
  -1.47388455e-17  -1.47388455e-17  -1.47388455e-17  -1.47388455e-17 
  -1.47388455e-17  -1.47388455e-17  -1.47388455e-17  -1.47388455e-17 
  -1.47388455e-17  -1.47388455e-17  -1.47388455e-17  -1.47388455e-17 
  -1.47388455e-17]
[6.53504232e-19  6.53504232e-19  6.53504232e-19  6.53504232e-19 
  6.53504232e-19  6.53504232e-19  6.53504232e-19  6.53504232e-19 
  6.53504232e-19  6.53504232e-19  6.53504232e-19  6.53504232e-19 
  6.53504232e-19  6.53504232e-19  6.53504232e-19  6.53504232e-19 
  6.53504232e-19  6.53504232e-19  6.53504232e-19  6.53504232e-19 
  6.53504232e-19  6.53504232e-19  6.53504232e-19  6.53504232e-19 
  6.53504232e-19  6.53504232e-19  6.53504232e-19  6.53504232e-19 
  6.53504232e-19]
increment_10
[  3.37507412e-03    4.08004073e-03    4.15834821e-03    3.84779618e-03 
    1.06572479e-03    8.33384209e-04    3.11136869e-03    1.71975049e-03 
    6.70734956e-03  -3.08280584e-03  -3.00916007e-03    1.70006542e-03 
    1.25963926e-03    3.91677196e-03    2.89739913e-05    4.65433892e-03 
  -2.18875740e-03  -1.11296576e-03    1.22416157e-03  -1.29220884e-03 
    3.62535774e-03  -1.00640494e-03  -5.88173565e-03  -6.54254185e-03 
  -1.61182638e-03  -3.64991575e-03  -4.04705848e-04  -4.97214602e-03 
  -2.04945150e-03]
[0.00812347  0.00811461  0.00683048  0.00791292  0.00902087  0.00700076 
  0.00590832  0.00585994  0.00706002  0.00871191  0.00685518  0.00529699 
  0.0053276    0.00587127  0.0054231    0.0072987    0.00767259  0.00599734 
  0.00544415  0.00476206  0.00554754  0.00629481  0.00451277  0.00474901 
  0.00443467  0.00375142  0.00679851  0.00505623  0.00461388]
[0.00261965  0.00184042  0.00315933  0.0030738    0.001875      0.00293197 
  0.00433335  0.00401375  0.00251343  0.00273737  0.00349997  0.00411119 
  0.00400139  0.00381075  0.00422312  0.00219752  0.00241349  0.00360099 
  0.00408742  0.00549109  0.00358        0.00360734  0.00531956  0.00508562 
  0.0056189    0.0056093    0.0028946    0.00575282  0.00469232]
[0.00812347  0.00811461  0.00683048  0.00791292  0.00902087  0.00700076 
  0.00590832  0.00585994  0.00706002  0.00871191  0.00685518  0.00529699 
  0.0053276    0.00587127  0.0054231    0.0072987    0.00767259  0.00599734 
  0.00544415  0.00476206  0.00554754  0.00629481  0.00451277  0.00474901 
  0.00443467  0.00375142  0.00679851  0.00505623  0.00461388]
[0.00518503  0.00332538  0.00601798  0.00586136  0.00345197  0.00560448 
  0.00837196  0.00777605  0.00463841  0.00522021  0.00668047  0.00752315 
  0.00771735  0.00727676  0.00731828  0.003383      0.00454821  0.00696587 
  0.00774931  0.01061041  0.00675123  0.00533941  0.01047527  0.00998528 
  0.01028668  0.01041959  0.0053813    0.01138658  0.00920007]
[0.00675214  0.00822631  0.00738781  0.00620627  0.00767915  0.00835149 
  0.0063549    0.0074409    0.00798569  0.00730868  0.00825444  0.00832827 
  0.00847161  0.00744256  0.00861335  0.00931447  0.00943812  0.00894922 
  0.00803356  0.00674691  0.00867241  0.00957853  0.00841761  0.0090111 
  0.00744493  0.00887706  0.00925176  0.00637773  0.00871376]
[0.00261965  0.00184042  0.00315933  0.0030738    0.001875      0.00293197 
  0.00433335  0.00401375  0.00251343  0.00273737  0.00349997  0.00411119 
  0.00400139  0.00381075  0.00422312  0.00219752  0.00241349  0.00360099 
  0.00408742  0.00549109  0.00358        0.00360734  0.00531956  0.00508562 
  0.0056189    0.0056093    0.0028946    0.00575282  0.00469232]
[0.00675214  0.00822631  0.00738781  0.00620627  0.00767915  0.00835149 
  0.0063549    0.0074409    0.00798569  0.00730868  0.00825444  0.00832827 
  0.00847161  0.00744256  0.00861335  0.00931447  0.00943812  0.00894922 
  0.00803356  0.00674691  0.00867241  0.00957853  0.00841761  0.0090111 
  0.00744493  0.00887706  0.00925176  0.00637773  0.00871376]
[-0.0085601    -0.00740542  -0.01017633  -0.00970916  -0.00451769  -0.00643786 
  -0.01148333  -0.0094958    -0.01134576  -0.00213741  -0.00367131  -0.00922322 
  -0.00897699  -0.01119353  -0.00734726  -0.00803733  -0.00235946  -0.00585291 
  -0.00897347  -0.0093182    -0.01037659  -0.004333      -0.00459354  -0.00344274 
  -0.00867485  -0.00676968  -0.00497659  -0.00641444  -0.00715062]
increment_20
[  0.00751041    0.00925886    0.00846033    0.0086129      0.00401442    0.00269315 
    0.00807695    0.00300869    0.01423929  -0.0065365    -0.00702392    0.00429843 
    0.00275544    0.00968795    0.00039412    0.01031297  -0.00568784  -0.00337499 
    0.00222635  -0.00298029    0.00839831  -0.00239567  -0.01341914  -0.01423849 
  -0.00390745  -0.00854958  -0.00091954  -0.01133168  -0.00426019]
[0.01749088  0.01730478  0.01439243  0.01702933  0.0195974    0.01517334 
  0.01267366  0.01241112  0.01469485  0.01926555  0.0153427    0.01161223 
  0.01146951  0.01267504  0.01111488  0.01555519  0.01688182  0.01298945 
  0.01175131  0.01007877  0.01172147  0.0130723    0.00992785  0.01058258 
  0.00925065  0.0080471    0.01448973  0.01094743  0.0099121  ]
[0.00558361  0.00402298  0.00681795  0.00629548  0.00352736  0.00599163 
  0.00917527  0.00872823  0.00571794  0.00541748  0.00727878  0.00866177 
  0.00851423  0.00816738  0.00988927  0.00513313  0.004984      0.00774996 
  0.0087383    0.01192497  0.007852      0.00859719  0.01152084  0.01074484 
  0.01269642  0.01248497  0.0065469    0.01271093  0.01015657]
[0.01749088  0.01730478  0.01439243  0.01702933  0.0195974    0.01517334 
  0.01267366  0.01241112  0.01469485  0.01926555  0.0153427    0.01161223 
  0.01146951  0.01267504  0.01111488  0.01555519  0.01688182  0.01298945 
  0.01175131  0.01007877  0.01172147  0.0130723    0.00992785  0.01058258 
  0.00925065  0.0080471    0.01448973  0.01094743  0.0099121  ]
[0.01010345  0.00585471  0.01224874  0.01121227  0.00556332  0.01071948 
  0.01656872  0.01627231  0.00965981  0.0095743    0.01272965  0.01459826 
  0.0157302    0.01458655  0.0148661    0.00563546  0.00858132  0.01439214 
  0.01569987  0.02237617  0.01373985  0.01074317  0.02225572  0.02056485 
  0.02155421  0.0220374    0.01059466  0.02487117  0.01944118]
[0.01516697  0.01858792  0.01677032  0.01438579  0.01737454  0.01863432 
  0.01454897  0.01661205  0.01763824  0.01629203  0.01838293  0.0185697 
  0.01864325  0.01630258  0.01912905  0.02041942  0.02065946  0.01957576 
  0.01804223  0.01481599  0.01883331  0.02095884  0.01823099  0.01963748 
  0.01621793  0.01925464  0.02023324  0.01317971  0.0188886  ]
[0.00558361  0.00402298  0.00681795  0.00629548  0.00352736  0.00599163 
  0.00917527  0.00872823  0.00571794  0.00541748  0.00727878  0.00866177 
  0.00851423  0.00816738  0.00988927  0.00513313  0.004984      0.00774996 
  0.0087383    0.01192497  0.007852      0.00859719  0.01152084  0.01074484 
  0.01269642  0.01248497  0.0065469    0.01271093  0.01015657]
[0.01516697  0.01858792  0.01677032  0.01438579  0.01737454  0.01863432 
  0.01454897  0.01661205  0.01763824  0.01629203  0.01838293  0.0185697 
  0.01864325  0.01630258  0.01912905  0.02041942  0.02065946  0.01957576 
  0.01804223  0.01481599  0.01883331  0.02095884  0.01823099  0.01963748 
  0.01621793  0.01925464  0.02023324  0.01317971  0.0188886  ]
[-0.01761386  -0.01511358  -0.02070908  -0.01982517  -0.00957774  -0.01341264 
  -0.02464567  -0.019281      -0.0238991    -0.0030378    -0.00570573  -0.01889669 
  -0.01848564  -0.0242745    -0.01526022  -0.01594843  -0.00289348  -0.01101714 
  -0.01792623  -0.01939587  -0.02213816  -0.0083475    -0.00883658  -0.00632636 
  -0.01764675  -0.01348782  -0.00967511  -0.01353948  -0.01518099]
increment_30
[  0.01162018    0.0149642      0.0132603      0.01384421    0.00784945    0.00512635 
    0.0131194      0.00509054    0.02224942  -0.00963426  -0.01068737    0.00750543 
    0.0048083      0.0149935      0.00084646    0.01685255  -0.00897573  -0.00563721 
    0.0030913    -0.00424936    0.0136314    -0.00355136  -0.02060967  -0.02162456 
  -0.00639514  -0.01331106  -0.00086094  -0.01733861  -0.00595148]
[0.02681881  0.02630773  0.021917      0.0260716    0.0302052    0.02342613 
  0.01934746  0.01913433  0.02228533  0.0300215    0.02417535  0.01805969 
  0.01767489  0.01934801  0.01683886  0.02349713  0.02642419  0.02009416 
  0.01818384  0.01571379  0.01792456  0.01996498  0.01589741  0.01706089 
  0.01423904  0.01267809  0.02229704  0.0170836    0.0156016  ]
[0.00885724  0.00675934  0.01081974  0.00982158  0.00531248  0.00915198 
  0.01451628  0.013632      0.00933115  0.00813155  0.0111826    0.01342212 
  0.01335974  0.01316413  0.01598859  0.00875048  0.00768437  0.0122275 
  0.01368328  0.01861232  0.01248003  0.01396856  0.01792379  0.01646691 
  0.02017158  0.01952996  0.0106738    0.01994392  0.0156973  ]
[0.02681881  0.02630773  0.021917      0.0260716    0.0302052    0.02342613 
  0.01934746  0.01913433  0.02228533  0.0300215    0.02417535  0.01805969 
  0.01767489  0.01934801  0.01683886  0.02349713  0.02642419  0.02009416 
  0.01818384  0.01571379  0.01792456  0.01996498  0.01589741  0.01706089 
  0.01423904  0.01267809  0.02229704  0.0170836    0.0156016  ]
[0.01475802  0.00758886  0.01833108  0.01630498  0.00676687  0.01522464 
  0.02446497  0.02436113  0.01438967  0.01317147  0.01813206  0.02127295 
  0.02354769  0.02216022  0.02237587  0.00702836  0.01198166  0.02178851 
  0.02352744  0.03408233  0.0202358    0.01560358  0.03396288  0.03065624 
  0.03286571  0.03393123  0.0147113    0.03860653  0.02928001]
[0.02393515  0.02934316  0.02624784  0.02289411  0.0274731    0.02926571 
  0.02308314  0.02588107  0.02741783  0.02563142  0.02866127  0.02891793 
  0.02885403  0.02517362  0.02964915  0.03184176  0.03201863  0.03030562 
  0.02816749  0.02262517  0.02918549  0.03254224  0.02778372  0.03034893 
  0.02490635  0.02952791  0.03156476  0.01958914  0.02911661]
[0.00885724  0.00675934  0.01081974  0.00982158  0.00531248  0.00915198 
  0.01451628  0.013632      0.00933115  0.00813155  0.0111826    0.01342212 
  0.01335974  0.01316413  0.01598859  0.00875048  0.00768437  0.0122275 
  0.01368328  0.01861232  0.01248003  0.01396856  0.01792379  0.01646691 
  0.02017158  0.01952996  0.0106738    0.01994392  0.0156973  ]
[0.02393515  0.02934316  0.02624784  0.02289411  0.0274731    0.02926571 
  0.02308314  0.02588107  0.02741783  0.02563142  0.02866127  0.02891793 
  0.02885403  0.02517362  0.02964915  0.03184176  0.03201863  0.03030562 
  0.02816749  0.02262517  0.02918549  0.03254224  0.02778372  0.03034893 
  0.02490635  0.02952791  0.03156476  0.01958914  0.02911661]
[-0.0263782    -0.02255306  -0.03159138  -0.03014919  -0.01461632  -0.020351 
  -0.03758437  -0.02945167  -0.03663909  -0.00353722  -0.00744468  -0.02877838 
  -0.02835598  -0.03715371  -0.02322233  -0.02388092  -0.00300593  -0.0161513 
  -0.02661874  -0.02983297  -0.0338672    -0.01205221  -0.01335321  -0.00903168 
  -0.02647057  -0.02062017  -0.01385035  -0.02126791  -0.02332853]
increment_40
[  0.01552257    0.0211422      0.01865548    0.01936049    0.01238912    0.00826901 
    0.01816812    0.00819133    0.03067292  -0.01272781  -0.0138761      0.01111213 
    0.0074425      0.01968355    0.00142879    0.02417243  -0.01223824  -0.00786525 
    0.00383288  -0.00505048    0.01927698  -0.00427847  -0.02751636  -0.02870864 
  -0.00909977  -0.01773481  -0.00045878  -0.02313667  -0.00734412]
[0.03612562  0.03511997  0.02943214  0.03500348  0.04080303  0.03171522 
  0.02592057  0.02599624  0.02982619  0.04094147  0.03319353  0.02455472 
  0.02393405  0.02589226  0.02262376  0.03107225  0.03624166  0.02728451 
  0.02474196  0.02163279  0.02417269  0.02697659  0.02238749  0.0242656 
  0.019392      0.01770099  0.03021357  0.02341847  0.02173382]
[0.01242278  0.01003857  0.01513829  0.01374462  0.00747631  0.01247871 
  0.02032864  0.01877612  0.01350395  0.01103007  0.01527461  0.01843285 
  0.01859165  0.01877405  0.02242244  0.01307083  0.01059591  0.017087 
  0.01893779  0.02551854  0.01747154  0.01970983  0.02449061  0.02220055 
  0.02802958  0.02666747  0.01525409  0.02742919  0.02131084]
[0.03612562  0.03511997  0.02943214  0.03500348  0.04080303  0.03171522 
  0.02592057  0.02599624  0.02982619  0.04094147  0.03319353  0.02455472 
  0.02393405  0.02589226  0.02262376  0.03107225  0.03624166  0.02728451 
  0.02474196  0.02163279  0.02417269  0.02697659  0.02238749  0.0242656 
  0.019392      0.01770099  0.03021357  0.02341847  0.02173382]
[0.01917028  0.00870022  0.02414654  0.02127909  0.00705175  0.01918812 
  0.03213754  0.03194128  0.01870007  0.01624405  0.02283582  0.02780674 
  0.03108959  0.03007245  0.02997117  0.00766972  0.01485736  0.02912762 
  0.03123033  0.0456307    0.02615199  0.01978912  0.04548864  0.04007511 
  0.04418644  0.04603395  0.01784222  0.05255729  0.03866385]
[0.03305699  0.04033951  0.03588584  0.03168529  0.03786293  0.04017268 
  0.03192428  0.03524906  0.0373383    0.03518295  0.03923969  0.03933186 
  0.03910809  0.03406449  0.04009995  0.0435564    0.04350306  0.04114596 
  0.03839678  0.03028383  0.03975504  0.04432438  0.03717252  0.04116434 
  0.03352633  0.03967405  0.0431881    0.02571682  0.03942208]
[0.01242278  0.01003857  0.01513829  0.01374462  0.00747631  0.01247871 
  0.02032864  0.01877612  0.01350395  0.01103007  0.01527461  0.01843285 
  0.01859165  0.01877405  0.02242244  0.01307083  0.01059591  0.017087 
  0.01893779  0.02551854  0.01747154  0.01970983  0.02449061  0.02220055 
  0.02802958  0.02666747  0.01525409  0.02742919  0.02131084]
[0.03305699  0.04033951  0.03588584  0.03168529  0.03786293  0.04017268 
  0.03192428  0.03524906  0.0373383    0.03518295  0.03923969  0.03933186 
  0.03910809  0.03406449  0.04009995  0.0435564    0.04350306  0.04114596 
  0.03839678  0.03028383  0.03975504  0.04432438  0.03717252  0.04116434 
  0.03352633  0.03967405  0.0431881    0.02571682  0.03942208]
[-0.03469286  -0.02984242  -0.04280202  -0.04063958  -0.01944086  -0.02745713 
  -0.05030566  -0.0401326    -0.04937299  -0.00351625  -0.00895971  -0.03891887 
  -0.0385321    -0.04975601  -0.03139996  -0.03184215  -0.00261912  -0.02126238 
  -0.03506321  -0.04058022  -0.04542897  -0.01551065  -0.01797228  -0.01136647 
  -0.03508668  -0.02829914  -0.01738344  -0.02942062  -0.03131973]
increment_50
[  0.01918096    0.02758562    0.02467049    0.02494993    0.01758422    0.01219988 
    0.02323921    0.01228047    0.03938693  -0.01587527  -0.01658319    0.01495656 
    0.010741        0.02397281    0.00221978    0.03199782  -0.01551356  -0.00993375 
    0.00443593  -0.00552012    0.02526515  -0.00435646  -0.03421659  -0.03551642 
  -0.01203215  -0.02161641    0.0001027    -0.02881797  -0.00867002]
[0.04540603  0.0437919    0.03694306  0.04376115  0.05131095  0.03999345 
  0.03241261  0.03291548  0.03729999  0.05198946  0.04228992  0.03107624 
  0.03029655  0.03236715  0.02848477  0.03826606  0.04631968  0.03458786 
  0.03145963  0.02779834  0.03043792  0.03407962  0.02936143  0.03225558 
  0.02473904  0.02315207  0.03827062  0.02991351  0.02834934]
[0.01635242  0.013794      0.01976585  0.01817678  0.01022891  0.01603325 
  0.02659729  0.02425503  0.01840177  0.01425718  0.01968764  0.02372452 
  0.02418118  0.02494914  0.02914176  0.01803238  0.01378276  0.02236024 
  0.02446797  0.03262349  0.02286233  0.02580761  0.03121954  0.0279177 
  0.03627555  0.0338694    0.02020873  0.03512335  0.02700815]
[0.04540603  0.0437919    0.03694306  0.04376115  0.05131095  0.03999345 
  0.03241261  0.03291548  0.03729999  0.05198946  0.04228992  0.03107624 
  0.03029655  0.03236715  0.02848477  0.03826606  0.04631968  0.03458786 
  0.03145963  0.02779834  0.03043792  0.03407962  0.02936143  0.03225558 
  0.02473904  0.02315207  0.03827062  0.02991351  0.02834934]
[0.02349956  0.00926397  0.0295927    0.02616876  0.0063711    0.02264819 
  0.03967614  0.03903269  0.02236401  0.01887525  0.02675661  0.03427115 
  0.03813927  0.03820123  0.03759744  0.00786078  0.01717752  0.03620103 
  0.038758      0.0570735    0.03145021  0.02326149  0.05673018  0.04865775 
  0.05544219  0.05814446  0.02017352  0.06663299  0.04755643]
[0.04240505  0.05152759  0.04575849  0.04077887  0.04845389  0.05130171 
  0.04096832  0.04472921  0.04743916  0.04483455  0.05018954  0.04981278 
  0.04943136  0.04295862  0.05050329  0.05548269  0.05511035  0.05212934 
  0.04874817  0.03785851  0.05055852  0.05626808  0.04650618  0.05208164 
  0.04205488  0.04972179  0.05500109  0.03173036  0.04982045]
[0.01635242  0.013794      0.01976585  0.01817678  0.01022891  0.01603325 
  0.02659729  0.02425503  0.01840177  0.01425718  0.01968764  0.02372452 
  0.02418118  0.02494914  0.02914176  0.01803238  0.01378276  0.02236024 
  0.02446797  0.03262349  0.02286233  0.02580761  0.03121954  0.0279177 
  0.03627555  0.0338694    0.02020873  0.03512335  0.02700815]
[0.04240505  0.05152759  0.04575849  0.04077887  0.04845389  0.05130171 
  0.04096832  0.04472921  0.04743916  0.04483455  0.05018954  0.04981278 
  0.04943136  0.04295862  0.05050329  0.05548269  0.05511035  0.05212934 
  0.04874817  0.03785851  0.05055852  0.05626808  0.04650618  0.05208164 
  0.04205488  0.04972179  0.05500109  0.03173036  0.04982045]
[-0.04268053  -0.03684959  -0.05426319  -0.05111868  -0.02395532  -0.03484807 
  -0.06291535  -0.05131316  -0.06175094  -0.00299998  -0.01017342  -0.04922771 
  -0.04888027  -0.06217404  -0.03981722  -0.0398586    -0.00166397  -0.02626728 
  -0.04319393  -0.05155338  -0.05671536  -0.01890504  -0.02251359  -0.01314133 
  -0.04341004  -0.03652805  -0.02027622  -0.03781503  -0.03888641]
increment_60
[  0.02267286    0.03416387    0.03124398    0.03055074    0.02338296    0.01690099 
    0.02841044    0.01726527    0.04822022  -0.01888781  -0.01871255    0.01913981 
    0.01474369    0.02810774    0.00331725    0.04010032  -0.01882977  -0.0116995 
    0.00505513  -0.00578871    0.03151301  -0.00358471  -0.04078143  -0.0420576 
  -0.0151816    -0.02478679    0.00068366  -0.03444283  -0.0100532  ]
[0.05467314  0.05238575  0.04439836  0.05232188  0.06167641  0.04823418 
  0.03885653  0.03984189  0.04473494  0.06311382  0.05140038  0.03762577 
  0.03675104  0.03880155  0.03444063  0.04506071  0.0565928    0.04202271 
  0.03837272  0.03416318  0.03665625  0.04123539  0.03677301  0.04102491 
  0.03032855  0.02902305  0.04649761  0.0365453    0.03545084]
[0.02067883  0.01795359  0.02479466  0.02327773  0.01377432  0.01987536 
  0.03332277  0.03009175  0.02394734  0.0180094    0.0245428    0.02931816 
  0.03013602  0.03167376  0.03610083  0.02360222  0.01740285  0.02806883 
  0.0302454    0.03992553  0.02869921  0.03228516  0.0381721    0.0336383 
  0.04486275  0.04115528  0.02548579  0.04297529  0.03281807]
[0.05467314  0.05238575  0.04439836  0.05232188  0.06167641  0.04823418 
  0.03885653  0.03984189  0.04473494  0.06311382  0.05140038  0.03762577 
  0.03675104  0.03880155  0.03444063  0.04506071  0.0565928    0.04202271 
  0.03837272  0.03416318  0.03665625  0.04123539  0.03677301  0.04102491 
  0.03032855  0.02902305  0.04649761  0.0365453    0.03545084]
[0.02780955  0.00919612  0.03477538  0.03080804  0.00465617  0.02556289 
  0.0470481    0.0455156    0.02534272  0.02096471  0.0298084    0.04054218 
  0.04458053  0.04637395  0.0452053    0.0078526    0.01887655  0.04280875 
  0.04603664  0.068413      0.03621915  0.0259609    0.0675221    0.05633104 
  0.0666219    0.07004739  0.02186522  0.08071275  0.05591853]
[0.05190505  0.06291759  0.05582177  0.05014613  0.05912009  0.06263692 
  0.0501472    0.0544236    0.057743      0.05449306  0.06147529  0.06038508 
  0.05984847  0.05188703  0.06086276  0.06755735  0.06686128  0.06326775 
  0.05918746  0.0454451    0.06157122  0.06833656  0.05594072  0.06307549 
  0.05043591  0.05970968  0.0669127    0.03781443  0.06033449]
[0.02067883  0.01795359  0.02479466  0.02327773  0.01377432  0.01987536 
  0.03332277  0.03009175  0.02394734  0.0180094    0.0245428    0.02931816 
  0.03013602  0.03167376  0.03610083  0.02360222  0.01740285  0.02806883 
  0.0302454    0.03992553  0.02869921  0.03228516  0.0381721    0.0336383 
  0.04486275  0.04115528  0.02548579  0.04297529  0.03281807]
[0.05190505  0.06291759  0.05582177  0.05014613  0.05912009  0.06263692 
  0.0501472    0.0544236    0.057743      0.05449306  0.06147529  0.06038508 
  0.05984847  0.05188703  0.06086276  0.06755735  0.06686128  0.06326775 
  0.05918746  0.0454451    0.06157122  0.06833656  0.05594072  0.06307549 
  0.05043591  0.05970968  0.0669127    0.03781443  0.06033449]
[-5.04824081e-02  -4.33599890e-02  -6.60193585e-02  -6.13587783e-02 
  -2.80391317e-02  -4.24638816e-02  -7.54585381e-02  -6.27808673e-02 
  -7.35629448e-02  -2.07690122e-03  -1.10958508e-02  -5.96819954e-02 
  -5.93242245e-02  -7.44816938e-02  -4.85225433e-02  -4.79529193e-02 
  -4.67798805e-05  -3.11092570e-02  -5.10917758e-02  -6.26242961e-02 
  -6.77321607e-02  -2.23761973e-02  -2.67406710e-02  -1.42734396e-02 
  -5.14403017e-02  -4.52606032e-02  -2.25488821e-02  -4.62699173e-02 
  -4.58653277e-02]
increment_70
[  0.02610257    0.0409935      0.03830477    0.03614073    0.02963808    0.02236004 
    0.03370755    0.02305428    0.057118      -0.02168248  -0.0201368      0.02367601 
    0.01942151    0.03237404    0.00470493    0.04836132  -0.0223701    -0.01310396 
    0.0057357    -0.00603154    0.03808815  -0.00189207  -0.0473915    -0.04831289 
  -0.01851996  -0.02733135    0.0012427    -0.04017137  -0.01149161]
[0.06396015  0.06094646  0.05175704  0.06073958  0.07188942  0.05638494 
  0.04531493  0.04673505  0.05211832  0.07422739  0.06047089  0.04420863 
  0.04326298  0.04523399  0.04049667  0.05143436  0.06702123  0.0495919 
  0.04548779  0.04065968  0.04279838  0.04840528  0.04460476  0.05053106 
  0.03618973  0.03526986  0.05489163  0.04330187  0.04301356]
[0.02538097  0.02250146  0.03031141  0.02908424  0.01817994  0.02410284 
  0.04046895  0.0363204    0.03003384  0.02242142  0.02992624  0.03523752 
  0.03647024  0.03891294  0.04328973  0.02978765  0.02159631  0.03421883 
  0.03629566  0.04745829  0.03497085  0.03918004  0.04544791  0.03938916 
  0.05372196  0.04858894  0.03107412  0.05096397  0.03877344]
[0.06396015  0.06094646  0.05175704  0.06073958  0.07188942  0.05638494 
  0.04531493  0.04673505  0.05211832  0.07422739  0.06047089  0.04420863 
  0.04326298  0.04523399  0.04049667  0.05143436  0.06702123  0.0495919 
  0.04548779  0.04065968  0.04279838  0.04840528  0.04460476  0.05053106 
  0.03618973  0.03526986  0.05489163  0.04330187  0.04301356]
[0.03203518  0.00834017  0.03979055  0.03510439  0.00190366  0.02785045 
  0.05432068  0.0512243    0.02766165  0.02250497  0.03192449  0.0465114 
  0.05036158  0.05441376  0.05288086  0.00780907  0.01997174  0.04886395 
  0.05305635  0.07964364  0.04056187  0.02789909  0.07771095  0.0630481 
  0.07770908  0.08171977  0.02304337  0.09473286  0.06369987]
[0.06156099  0.07447839  0.06602399  0.05969305  0.06977873  0.0741865 
  0.05938278  0.06442283  0.06827764  0.06410214  0.07302992  0.0710658 
  0.07037548  0.06086469  0.07112169  0.07974745  0.07874389  0.07454356 
  0.06966514  0.05316215  0.07273205  0.08046577  0.06558301  0.07411122 
  0.05865358  0.06963118  0.07885616  0.04410012  0.07097457]
[0.02538097  0.02250146  0.03031141  0.02908424  0.01817994  0.02410284 
  0.04046895  0.0363204    0.03003384  0.02242142  0.02992624  0.03523752 
  0.03647024  0.03891294  0.04328973  0.02978765  0.02159631  0.03421883 
  0.03629566  0.04745829  0.03497085  0.03918004  0.04544791  0.03938916 
  0.05372196  0.04858894  0.03107412  0.05096397  0.03877344]
[0.06156099  0.07447839  0.06602399  0.05969305  0.06977873  0.0741865 
  0.05938278  0.06442283  0.06827764  0.06410214  0.07302992  0.0710658 
  0.07037548  0.06086469  0.07112169  0.07974745  0.07874389  0.07454356 
  0.06966514  0.05316215  0.07273205  0.08046577  0.06558301  0.07411122 
  0.05865358  0.06963118  0.07885616  0.04410012  0.07097457]
[-0.05813776  -0.04933367  -0.07809532  -0.07124511  -0.03154174  -0.0502105 
  -0.08802824  -0.07427858  -0.08477965  -0.0008225    -0.01178769  -0.07018741 
  -0.06978309  -0.0867878    -0.05758579  -0.05617039    0.00239836  -0.03575999 
  -0.05879205  -0.07361211  -0.07865002  -0.02600701  -0.03031944  -0.01473521 
  -0.05918912  -0.05438842  -0.02428606  -0.05456149  -0.05220826]
increment_80
[  0.02945443    0.04815808    0.04586668    0.04162465    0.03620909    0.02853741 
    0.03902229    0.02956018    0.06608852  -0.02426522  -0.02091299    0.02841337 
    0.02467286    0.03695361    0.00631331    0.05672104  -0.02614254  -0.01420124 
    0.00643643  -0.00642307    0.04506499    0.00068385  -0.05410677  -0.05435915 
  -0.02204099  -0.02942913    0.00178518  -0.04616056  -0.01302434]
[0.07328669  0.06948411  0.05902389  0.06907087  0.08196207  0.06438362 
  0.05182678  0.05358061  0.0594194    0.08526665  0.06946446  0.05081568 
  0.04982067  0.05166862  0.04665448  0.05739536  0.07763277  0.05729086 
  0.0527879    0.0472357    0.04885079  0.05555093  0.05287116  0.06070449 
  0.04232652  0.04184127  0.06344395  0.05020589  0.05101195]
[0.03044588  0.02745088  0.03634729  0.03552219  0.02337994  0.02881202 
  0.04800535  0.04295451  0.03662168  0.0274796    0.03588464  0.04152034 
  0.0431749    0.04663472  0.05070979  0.03657899  0.02637656  0.04081935 
  0.04266532  0.05525431  0.04167197  0.04649706  0.05308519  0.04523261 
  0.06282739  0.05624129  0.03695033  0.05906835  0.04490384]
[0.07328669  0.06948411  0.05902389  0.06907087  0.08196207  0.06438362 
  0.05182678  0.05358061  0.0594194    0.08526665  0.06946446  0.05081568 
  0.04982067  0.05166862  0.04665448  0.05739536  0.07763277  0.05729086 
  0.0527879    0.0472357    0.04885079  0.05555093  0.05287116  0.06070449 
  0.04232652  0.04184127  0.06344395  0.05020589  0.05101195]
[  0.03613559    0.00662479    0.0445755      0.03910242  -0.00180889    0.02943936 
    0.06165851    0.05611156    0.02934358    0.02362663    0.03316721    0.05218569 
    0.05548093    0.0621599      0.06077988    0.00783468    0.02045699    0.05433148 
    0.05983081    0.09081771    0.0445093      0.0292122      0.08722331    0.06883562 
    0.08861614    0.09325375    0.02380795    0.10862444    0.07088544]
[0.07138771  0.08616501  0.07637012  0.06936201  0.08040151  0.08594928 
  0.0686238    0.07472984  0.07903882  0.07364458  0.0847829    0.08186114 
  0.08101403  0.06994875  0.08120011  0.09203122  0.09069835  0.0859394 
  0.08014934  0.06106485  0.08399618  0.09257699  0.07542996  0.08515494 
  0.06674979  0.07944289  0.09079462  0.05067262  0.0817381  ]
[0.03044588  0.02745088  0.03634729  0.03552219  0.02337994  0.02881202 
  0.04800535  0.04295451  0.03662168  0.0274796    0.03588464  0.04152034 
  0.0431749    0.04663472  0.05070979  0.03657899  0.02637656  0.04081935 
  0.04266532  0.05525431  0.04167197  0.04649706  0.05308519  0.04523261 
  0.06282739  0.05624129  0.03695033  0.05906835  0.04490384]
[0.07138771  0.08616501  0.07637012  0.06936201  0.08040151  0.08594928 
  0.0686238    0.07472984  0.07903882  0.07364458  0.0847829    0.08186114 
  0.08101403  0.06994875  0.08120011  0.09203122  0.09069835  0.0859394 
  0.08014934  0.06106485  0.08399618  0.09257699  0.07542996  0.08515494 
  0.06674979  0.07944289  0.09079462  0.05067262  0.0817381  ]
[-0.06559001  -0.05478287  -0.09044217  -0.08072707  -0.0344002    -0.05797677 
  -0.1006808    -0.08567175  -0.0954321      0.0006386    -0.01225422  -0.08059907 
  -0.08015379  -0.09911351  -0.06709318  -0.06455571    0.00568555  -0.04013024 
  -0.06626724  -0.08439464  -0.0895743    -0.02989606  -0.03311654  -0.01447648 
  -0.06657515  -0.06382462  -0.02559314  -0.06246388  -0.0578611  ]
increment_90
[  0.03264254    0.05563598    0.05393159    0.04691104    0.04295484    0.03534611 
    0.04428619    0.0366945      0.07513492  -0.02666683  -0.02120575    0.03320663 
    0.03029606    0.04187557    0.00813142    0.06520911  -0.02999059  -0.01511457 
    0.00717497  -0.00701714    0.05232537    0.0039486    -0.06082913  -0.0603512 
  -0.02584535  -0.03116037    0.00237703  -0.05243681  -0.01471348]
[0.08263004  0.07799445  0.06618905  0.07734283  0.09192163  0.07219838 
  0.05838745  0.06038923  0.06661537  0.09622556  0.07835652  0.05742267 
  0.05641678  0.05806817  0.05291194  0.06300035  0.08843969  0.06511062 
  0.06023755  0.05387529  0.05480786  0.06263515  0.06158046  0.07146322 
  0.04874214  0.04869426  0.07217909  0.05732586  0.05944208]
[0.03586989  0.03281029  0.04292756  0.04251584  0.0292781    0.03404107 
  0.05594229  0.0499582    0.04369911  0.03310143  0.04243796  0.04820781 
  0.05021949  0.05481668  0.05837363  0.04390252  0.0317296    0.04786894 
  0.04940376  0.06331289  0.04880843  0.05421205  0.06106953  0.05125968 
  0.0721826    0.06414306  0.04306544  0.06723578  0.05121638]
[0.08263004  0.07799445  0.06618905  0.07734283  0.09192163  0.07219838 
  0.05838745  0.06038923  0.06661537  0.09622556  0.07835652  0.05742267 
  0.05641678  0.05806817  0.05291194  0.06300035  0.08843969  0.06511062 
  0.06023755  0.05387529  0.05480786  0.06263515  0.06158046  0.07146322 
  0.04874214  0.04869426  0.07217909  0.05732586  0.05944208]
[  0.04010081    0.00412153    0.049056        0.04286215  -0.00635858    0.0303563 
    0.06910723    0.06026097    0.03045063    0.02445655    0.03370697    0.05761774 
    0.0600569      0.06950745    0.06893198    0.0079734      0.02030931    0.05929964 
    0.06632605    0.10195801    0.04815351    0.03017031    0.09602245    0.07380542 
    0.09928976    0.10469392    0.02413545    0.12223504    0.07744358]
[0.08142414  0.09791537  0.08688913  0.07913589  0.09097352  0.09788488 
  0.07789477  0.08530047  0.0899874    0.08311337  0.09667218  0.09276766 
  0.09176045  0.0792226    0.09107536  0.10437872  0.10265251  0.09741702 
  0.09062708  0.06917152  0.09532526  0.10461749  0.08544702  0.0961855 
  0.07476133  0.08911464  0.10270992  0.05760882  0.09263437]
[0.03586989  0.03281029  0.04292756  0.04251584  0.0292781    0.03404107 
  0.05594229  0.0499582    0.04369911  0.03310143  0.04243796  0.04820781 
  0.05021949  0.05481668  0.05837363  0.04390252  0.0317296    0.04786894 
  0.04940376  0.06331289  0.04880843  0.05421205  0.06106953  0.05125968 
  0.0721826    0.06414306  0.04306544  0.06723578  0.05121638]
[0.08142414  0.09791537  0.08688913  0.07913589  0.09097352  0.09788488 
  0.07789477  0.08530047  0.0899874    0.08311337  0.09667218  0.09276766 
  0.09176045  0.0792226    0.09107536  0.10437872  0.10265251  0.09741702 
  0.09062708  0.06917152  0.09532526  0.10461749  0.08544702  0.0961855 
  0.07476133  0.08911464  0.10270992  0.05760882  0.09263437]
[-0.07274335  -0.05975751  -0.1029876    -0.0897732    -0.03659627  -0.06570241 
  -0.11339342  -0.09695546  -0.10558554    0.00221028  -0.01250123  -0.09082437 
  -0.09035296  -0.11138302  -0.0770634    -0.07318251    0.00968128  -0.04418507 
  -0.07350103  -0.09494087  -0.10047888  -0.03411891  -0.03519332  -0.01345422 
  -0.07344441  -0.07353355  -0.02651248  -0.06979823  -0.0627301  ]
increment_100
[  0.03560421    0.06337484    0.06245311    0.05198794    0.04973309    0.04273494 
    0.04952267    0.04438845    0.0842393    -0.02892829  -0.02111125    0.03795635 
    0.03616128    0.04715707    0.01018158    0.07381906  -0.03375626  -0.01586991 
    0.00801992  -0.00771826    0.059704        0.00776987  -0.06745677  -0.0664088 
  -0.0300467    -0.03250845    0.00306706  -0.05892852  -0.01657596]
[0.091965      0.08645856  0.07323743  0.08556274  0.10181345  0.0798247 
  0.06498036  0.06716335  0.07370882  0.10712455  0.08713508  0.06399916 
  0.06303622  0.06440386  0.05925579  0.06831045  0.09942589  0.07304439 
  0.06779024  0.06059345  0.06069575  0.06963696  0.07072102  0.08274252 
  0.05546795  0.05579539  0.08111322  0.06476457  0.06834734]
[0.04166457  0.03859455  0.05005965  0.0500133    0.03580054  0.03977883 
  0.06429058  0.05729844  0.05122795  0.03923776  0.04957323  0.05533986 
  0.05757043  0.06341038  0.06630132  0.05167877  0.03765668  0.055345 
  0.05654491  0.07160717  0.05634788  0.06228894  0.06937334  0.05755243 
  0.08174553  0.07228486  0.04940272  0.07539347  0.05766787]
[0.091965      0.08645856  0.07323743  0.08556274  0.10181345  0.0798247 
  0.06498036  0.06716335  0.07370882  0.10712455  0.08713508  0.06399916 
  0.06303622  0.06440386  0.05925579  0.06831045  0.09942589  0.07304439 
  0.06779024  0.06059345  0.06069575  0.06963696  0.07072102  0.08274252 
  0.05546795  0.05579539  0.08111322  0.06476457  0.06834734]
[  0.04395222    0.00100123    0.05315937    0.04636588  -0.01163828    0.03067366 
    0.07660149    0.06373752    0.03104719    0.02505448    0.03371651    0.06289025 
    0.06418151    0.07635283    0.07725347    0.00828885    0.01951422    0.06386148 
    0.07249285    0.11297823    0.05160735    0.03095816    0.10414593    0.07804486 
    0.10969644    0.11599216    0.02399607    0.13534217    0.08323726]
[0.091681      0.10966084  0.09761914  0.08902352  0.10147735  0.10993872 
  0.08726421  0.09611556  0.10109007  0.09247958  0.10865228  0.10375964 
  0.10263353  0.08876856  0.10079723  0.11675802  0.11453926  0.10892655 
  0.1010975    0.0775092    0.10668637  0.11657462  0.09559874  0.10721119 
  0.08274216  0.09867247  0.11457236  0.06499209  0.10369177]
[0.04166457  0.03859455  0.05005965  0.0500133    0.03580054  0.03977883 
  0.06429058  0.05729844  0.05122795  0.03923776  0.04957323  0.05533986 
  0.05757043  0.06341038  0.06630132  0.05167877  0.03765668  0.055345 
  0.05654491  0.07160717  0.05634788  0.06228894  0.06937334  0.05755243 
  0.08174553  0.07228486  0.04940272  0.07539347  0.05766787]
[0.091681      0.10966084  0.09761914  0.08902352  0.10147735  0.10993872 
  0.08726421  0.09611556  0.10109007  0.09247958  0.10865228  0.10375964 
  0.10263353  0.08876856  0.10079723  0.11675802  0.11453926  0.10892655 
  0.1010975    0.0775092    0.10668637  0.11657462  0.09559874  0.10721119 
  0.08274216  0.09867247  0.11457236  0.06499209  0.10369177]
[-0.07955642  -0.06437606  -0.11561248  -0.09835382  -0.03809482  -0.07340861 
  -0.12612416  -0.10812596  -0.11528649    0.00387381  -0.01260525  -0.1008466 
  -0.10034278  -0.12350991  -0.08743505  -0.08210791    0.01424203  -0.04799158 
  -0.08051277  -0.10525997  -0.11131135  -0.03872803  -0.03668916  -0.01163605 
  -0.07964974  -0.08348371  -0.02706313  -0.07641365  -0.0666613  ]
increment_110
[  0.03830991    0.07134624    0.07135413    0.05683304    0.0563866      0.05064931 
    0.05475053    0.05263585    0.09332217  -0.03117555  -0.02065262    0.04259135 
    0.04224524    0.05276968    0.0124358      0.08245126  -0.03736495  -0.01642345 
    0.0090016    -0.00834988    0.06713005    0.01213599  -0.07395824  -0.07253722 
  -0.03471777  -0.0335007      0.00384096  -0.06550306  -0.01853577]
[0.10128272  0.09484934  0.08015529  0.09374383  0.11167665  0.08726843 
  0.07158809  0.07388059  0.08072472  0.11795712  0.09578784  0.07052173 
  0.06963848  0.070673      0.06566336  0.07335297  0.11056605  0.08108133 
  0.07540889  0.0674178    0.06656693  0.07655415  0.08026919  0.09449082 
  0.06256113  0.06312488  0.09020167  0.07263032  0.07777859]
[0.04783758  0.04480504  0.05774595  0.05797506  0.04285913  0.04600035 
  0.07304044  0.06496606  0.05916884  0.04589921  0.05726623  0.06294767 
  0.06523451  0.07235393  0.07451605  0.05988352  0.04416652  0.063231 
  0.06409145  0.0801003    0.06424359  0.07069293  0.07798936  0.06418479 
  0.0914325    0.08066262  0.05602568  0.0834835    0.06420748]
[0.10128272  0.09484934  0.08015529  0.09374383  0.11167665  0.08726843 
  0.07158809  0.07388059  0.08072472  0.11795712  0.09578784  0.07052173 
  0.06963848  0.070673      0.06566336  0.07335297  0.11056605  0.08108133 
  0.07540889  0.0674178    0.06656693  0.07655415  0.08026919  0.09449082 
  0.06256113  0.06312488  0.09020167  0.07263032  0.07777859]
[  0.04769149  -0.0025571      0.05682452    0.04959874  -0.01748771    0.03046535 
    0.08406532    0.06649788    0.03125763    0.02556191    0.03334513    0.06808433 
    0.06788799    0.08265365    0.08567117    0.00888909    0.01808738    0.06804433 
    0.07833242    0.12367746    0.05492784    0.03163467    0.11169952    0.08155979 
    0.11980889    0.12708807    0.02346927    0.14772985    0.08804644]
[0.10215252  0.12136565  0.10858585  0.0990177    0.11191781  0.12206582 
  0.0968085    0.10719717  0.11229468  0.10168668  0.1207014    0.11480359 
  0.11365233  0.09862697  0.11044029  0.12914513  0.12630536  0.12042608 
  0.11155884  0.08613865  0.11804401  0.1284419    0.10583818  0.1182605 
  0.09075041  0.10819504  0.1263437    0.07288482  0.11491492]
[0.04783758  0.04480504  0.05774595  0.05797506  0.04285913  0.04600035 
  0.07304044  0.06496606  0.05916884  0.04589921  0.05726623  0.06294767 
  0.06523451  0.07235393  0.07451605  0.05988352  0.04416652  0.063231 
  0.06409145  0.0801003    0.06424359  0.07069293  0.07798936  0.06418479 
  0.0914325    0.08066262  0.05602568  0.0834835    0.06420748]
[0.10215252  0.12136565  0.10858585  0.0990177    0.11191781  0.12206582 
  0.0968085    0.10719717  0.11229468  0.10168668  0.1207014    0.11480359 
  0.11365233  0.09862697  0.11044029  0.12914513  0.12630536  0.12042608 
  0.11155884  0.08613865  0.11804401  0.1284419    0.10583818  0.1182605 
  0.09075041  0.10819504  0.1263437    0.07288482  0.11491492]
[-0.08600139  -0.06878914  -0.12817866  -0.10643178  -0.03889889  -0.08111465 
  -0.13881584  -0.11913373  -0.12457979    0.00561363  -0.01269252  -0.11067568 
  -0.11013322  -0.13542333  -0.09810697  -0.09134036    0.01927757  -0.05162088 
  -0.08733401  -0.11532758  -0.12205789  -0.04377066  -0.03774129  -0.00902257 
  -0.08509112  -0.09358736  -0.02731022  -0.08222679  -0.06951067]
increment_120
[  0.04074221    0.07953618    0.08055403    0.06135992    0.06274641    0.05896259 
    0.0599455      0.06147991    0.102229      -0.03362929  -0.01985541    0.04711186 
    0.04857397    0.05855748    0.01486123    0.09099046  -0.04078364  -0.01683278 
    0.01003664  -0.00866294    0.0744941      0.01699671  -0.08026425  -0.0785665 
  -0.04003787  -0.03419381    0.00467821  -0.07197044  -0.02052196]
[0.11059205  0.10314581  0.08694577  0.10190216  0.12152759  0.09452934 
  0.07818322  0.08051104  0.08769274  0.12870977  0.10433016  0.07698546 
  0.0761926    0.07689243  0.07211714  0.07814775  0.12180372  0.0892179 
  0.08307686  0.07437997  0.07246813  0.08338601  0.09021429  0.106664 
  0.07011173  0.070676      0.0993681    0.08103501  0.08769376]
[0.05437236  0.05141109  0.06597474  0.06636716  0.05034357  0.05268863 
  0.08216924  0.07295649  0.0675255    0.05310081  0.06546936  0.07102521 
  0.07322078  0.08158631  0.08302987  0.06851399  0.05127919  0.07151897 
  0.07202454  0.08875413  0.07249093  0.07941099  0.08688095  0.07120041 
  0.10117028  0.08928209  0.06302459  0.09146283  0.07090285]
[0.11059205  0.10314581  0.08694577  0.10190216  0.12152759  0.09452934 
  0.07818322  0.08051104  0.08769274  0.12870977  0.10433016  0.07698546 
  0.0761926    0.07689243  0.07211714  0.07814775  0.12180372  0.0892179 
  0.08307686  0.07437997  0.07246813  0.08338601  0.09021429  0.106664 
  0.07011173  0.070676      0.0993681    0.08103501  0.08769376]
[  0.05124468  -0.00640502    0.06002465    0.05261956  -0.02365403    0.02984907 
    0.09140645    0.06843818    0.03128374    0.02618396    0.03272327    0.07320114 
    0.07118342    0.08846367    0.09409731    0.00988158    0.0161099      0.07191636 
    0.08387366    0.13376214    0.058186        0.03229312    0.11875114    0.08422271 
    0.12962823    0.13793861    0.02266207    0.15919151    0.0917342  ]
[0.11284702  0.13303321  0.11978813  0.10908911  0.12232403  0.13423529 
  0.10661017  0.11857195  0.12351724  0.11069671  0.13280536  0.12589088 
  0.12481572  0.10879429  0.12008739  0.1415182    0.13793277  0.13188372 
  0.12203743  0.09514232  0.1293547    0.14019391  0.11613774  0.12936798 
  0.09881046  0.11775011  0.13801195  0.08131749  0.1262406  ]
[0.05437236  0.05141109  0.06597474  0.06636716  0.05034357  0.05268863 
  0.08216924  0.07295649  0.0675255    0.05310081  0.06546936  0.07102521 
  0.07322078  0.08158631  0.08302987  0.06851399  0.05127919  0.07151897 
  0.07202454  0.08875413  0.07249093  0.07941099  0.08688095  0.07120041 
  0.10117028  0.08928209  0.06302459  0.09146283  0.07090285]
[0.11284702  0.13303321  0.11978813  0.10908911  0.12232403  0.13423529 
  0.10661017  0.11857195  0.12351724  0.11069671  0.13280536  0.12589088 
  0.12481572  0.10879429  0.12008739  0.1415182    0.13793277  0.13188372 
  0.12203743  0.09514232  0.1293547    0.14019391  0.11613774  0.12936798 
  0.09881046  0.11775011  0.13801195  0.08131749  0.1262406  ]
[-0.09198689  -0.07313116  -0.14057868  -0.11397948  -0.03909238  -0.08881166 
  -0.15135194  -0.12991809  -0.13351274    0.00744533  -0.01286786  -0.120313 
  -0.11975738  -0.14702115  -0.10895854  -0.10087205    0.02467374  -0.05508358 
  -0.0939103    -0.1250992    -0.1326801    -0.04928983  -0.03848688  -0.0056562 
  -0.08959035  -0.1037448    -0.02734029  -0.08722108  -0.07121224]
