inc
sigma_11
sigma_12
sigma_13
sigma_21
sigma_22
sigma_23
sigma_31
sigma_32
sigma_33
increment_0
[-8.75903625e-05  -8.75903625e-05  -8.75903625e-05  -8.75903625e-05 
  -8.75903625e-05  -8.75903625e-05  -8.75903625e-05  -8.75903625e-05 
  -8.75903625e-05  -8.75903625e-05  -8.75903625e-05  -8.75903625e-05 
  -8.75903625e-05]
[-1.02135068e-06  -1.02135068e-06  -1.02135068e-06  -1.02135068e-06 
  -1.02135068e-06  -1.02135068e-06  -1.02135068e-06  -1.02135068e-06 
  -1.02135068e-06  -1.02135068e-06  -1.02135068e-06  -1.02135068e-06 
  -1.02135068e-06]
[-4.33669895e-06  -4.33669895e-06  -4.33669895e-06  -4.33669895e-06 
  -4.33669895e-06  -4.33669895e-06  -4.33669895e-06  -4.33669895e-06 
  -4.33669895e-06  -4.33669895e-06  -4.33669895e-06  -4.33669895e-06 
  -4.33669895e-06]
[-1.02135068e-06  -1.02135068e-06  -1.02135068e-06  -1.02135068e-06 
  -1.02135068e-06  -1.02135068e-06  -1.02135068e-06  -1.02135068e-06 
  -1.02135068e-06  -1.02135068e-06  -1.02135068e-06  -1.02135068e-06 
  -1.02135068e-06]
[-5.7919336e-05  -5.7919336e-05  -5.7919336e-05  -5.7919336e-05 
  -5.7919336e-05  -5.7919336e-05  -5.7919336e-05  -5.7919336e-05 
  -5.7919336e-05  -5.7919336e-05  -5.7919336e-05  -5.7919336e-05 
  -5.7919336e-05]
[-9.26318938e-08  -9.26318938e-08  -9.26318938e-08  -9.26318938e-08 
  -9.26318938e-08  -9.26318938e-08  -9.26318938e-08  -9.26318938e-08 
  -9.26318938e-08  -9.26318938e-08  -9.26318938e-08  -9.26318938e-08 
  -9.26318938e-08]
[-4.33669895e-06  -4.33669895e-06  -4.33669895e-06  -4.33669895e-06 
  -4.33669895e-06  -4.33669895e-06  -4.33669895e-06  -4.33669895e-06 
  -4.33669895e-06  -4.33669895e-06  -4.33669895e-06  -4.33669895e-06 
  -4.33669895e-06]
[-9.26318938e-08  -9.26318938e-08  -9.26318938e-08  -9.26318938e-08 
  -9.26318938e-08  -9.26318938e-08  -9.26318938e-08  -9.26318938e-08 
  -9.26318938e-08  -9.26318938e-08  -9.26318938e-08  -9.26318938e-08 
  -9.26318938e-08]
[-6.92457372e-05  -6.92457372e-05  -6.92457372e-05  -6.92457372e-05 
  -6.92457372e-05  -6.92457372e-05  -6.92457372e-05  -6.92457372e-05 
  -6.92457372e-05  -6.92457372e-05  -6.92457372e-05  -6.92457372e-05 
  -6.92457372e-05]
increment_10
[-9.99671593e+07  -9.29131416e+07  -9.20376881e+07  -1.02839335e+08 
  -8.73411782e+07  -7.70308665e+07  -9.14311419e+07  -9.39094772e+07 
  -7.54852440e+07  -1.05297909e+08  -9.86877936e+07  -9.76263949e+07 
  -9.48349919e+07]
[    -712054.52464226      5940461.96292713      1332348.31707472 
    -3440418.36632512      1211995.78238632      2673900.93932016 
      1508949.25209754  -15182926.2948487      13309920.9625087 
  -13440196.59453521  -16359772.82189725    -9308087.67344145 
  -14461510.33525998]
[-17648723.7482043    -15831345.61541316  -13716283.4421798 
  -22116972.58649819    -6802216.51172479  -12957728.2939299 
  -14112643.56138542  -16678563.70791237      1301418.94674749 
    -2511740.99689572    -9676544.36689041  -16935075.3658218 
  -20124017.52649206]
[    -712054.52464226      5940461.96292713      1332348.31707472 
    -3440418.36632512      1211995.78238632      2673900.93932016 
      1508949.25209754  -15182926.2948487      13309920.9625087 
  -13440196.59453521  -16359772.82189725    -9308087.67344145 
  -14461510.33525998]
[-28693592.72294687  -19423219.2705386    -15229051.1752891 
  -32496764.02386729    -5338700.47027585    -2586025.3131165 
  -17645413.8712271    -15368160.3232151        4494154.19663311 
  -18533946.00383992  -18705979.90640373  -19876595.08718282 
  -17705609.65588445]
[-18611329.72310995  -12834838.34260496  -20834080.48150952 
  -26252323.80279096  -11126349.11354043  -17007299.85922496 
  -23149489.32038509  -26858462.88843471    -4906549.54055497 
  -11791413.92292249  -19418518.59675723  -26609835.81027019 
  -28934696.85976579]
[-17648723.7482043    -15831345.61541316  -13716283.4421798 
  -22116972.58649819    -6802216.51172479  -12957728.2939299 
  -14112643.56138542  -16678563.70791237      1301418.94674749 
    -2511740.99689572    -9676544.36689041  -16935075.3658218 
  -20124017.52649206]
[-18611329.72310995  -12834838.34260496  -20834080.48150952 
  -26252323.80279096  -11126349.11354043  -17007299.85922496 
  -23149489.32038509  -26858462.88843471    -4906549.54055497 
  -11791413.92292249  -19418518.59675723  -26609835.81027019 
  -28934696.85976579]
[-1.09879907e+08  -9.76232596e+07  -9.65312036e+07  -1.11726565e+08 
  -8.66995591e+07  -8.61682641e+07  -9.97607859e+07  -8.87445185e+07 
  -8.21676823e+07  -9.45027740e+07  -9.67385264e+07  -9.38665673e+07 
  -8.08447815e+07]
increment_20
[-1.02448216e+08  -9.52419968e+07  -9.28800494e+07  -1.05107845e+08 
  -8.70941907e+07  -7.79392203e+07  -9.54391491e+07  -9.44072856e+07 
  -7.77473677e+07  -1.05755096e+08  -9.66738071e+07  -9.79227533e+07 
  -9.68658262e+07]
[      893903.08554419      6784831.31679345        640425.40906602 
    -2576175.19335954      4522928.37726007      3469984.18526588 
      1695701.44263345  -14232856.23795865    14679529.8633666 
  -11325375.35339702  -16188157.82816881    -8505605.88762401 
  -14900526.40020809]
[-16713788.41393621  -15851165.69832821  -14278238.57515199 
  -21699666.07720084    -7017962.74430617  -12169635.75005842 
  -14399738.74305348  -17842472.5072731        1094197.84346631 
    -1096476.07829654    -9554993.47125        -19296454.32451528 
  -20543081.2705872  ]
[      893903.08554419      6784831.31679345        640425.40906602 
    -2576175.19335954      4522928.37726007      3469984.18526588 
      1695701.44263345  -14232856.23795865    14679529.8633666 
  -11325375.35339702  -16188157.82816881    -8505605.88762401 
  -14900526.40020809]
[-28797639.91124114  -20076725.11805535  -14052961.67129755 
  -32279026.03994495    -3482601.41370815    -1210434.21986815 
  -19733984.28887814  -15510375.94401127      3662791.98109752 
  -17149242.21325784  -15115173.80186947  -20677023.40310587 
  -18819207.05412645]
[-17573183.92666972  -11946227.28114395  -21979088.70879667 
  -25459721.40408828  -11096537.20973273  -16269106.46177853 
  -24204611.54514352  -28569310.94363917    -4999310.02090114 
    -9914406.11908306  -19412142.20551154  -30028945.77646648 
  -29154945.24789795]
[-16713788.41393621  -15851165.69832821  -14278238.57515199 
  -21699666.07720084    -7017962.74430617  -12169635.75005842 
  -14399738.74305348  -17842472.5072731        1094197.84346631 
    -1096476.07829654    -9554993.47125        -19296454.32451528 
  -20543081.2705872  ]
[-17573183.92666972  -11946227.28114395  -21979088.70879667 
  -25459721.40408828  -11096537.20973273  -16269106.46177853 
  -24204611.54514352  -28569310.94363917    -4999310.02090114 
    -9914406.11908306  -19412142.20551154  -30028945.77646648 
  -29154945.24789795]
[-1.12205293e+08  -9.92727614e+07  -9.67466623e+07  -1.13097859e+08 
  -8.75339666e+07  -8.71624704e+07  -1.03083017e+08  -9.01151642e+07 
  -8.52341987e+07  -9.60260294e+07  -9.54086485e+07  -9.61460658e+07 
  -8.10595846e+07]
increment_30
[-1.04167280e+08  -9.75223746e+07  -9.42814505e+07  -1.06549591e+08 
  -8.80637932e+07  -8.10270847e+07  -9.83871283e+07  -9.51786220e+07 
  -8.09745203e+07  -1.06317685e+08  -9.76936861e+07  -9.88195276e+07 
  -9.91290418e+07]
[    4217283.41744029      7623335.8134613          670218.73620097 
        455118.57157297      6785259.69439323      3285999.75860261 
      2571854.93230971  -10764016.82371297    15321403.36899962 
    -9848216.93963596  -17558378.7645412      -8963347.29654606 
  -13802190.95973584]
[-14582871.4285997    -15342820.2308254    -14412830.19322229 
  -19319227.6074371      -6395408.06857722  -12266582.31944885 
  -14095988.41718487  -16936381.8945577        1049426.91583395 
        -66047.9704308      -9892185.46580222  -19778334.12877885 
  -20590921.22286868]
[    4217283.41744029      7623335.8134613          670218.73620097 
        455118.57157297      6785259.69439323      3285999.75860261 
      2571854.93230971  -10764016.82371297    15321403.36899962 
    -9848216.93963596  -17558378.7645412      -8963347.29654606 
  -13802190.95973584]
[-27676023.29454049  -19847686.12715843  -13492966.8028742 
  -30140976.0126937      -2023197.41590135    -2255788.49158545 
  -20749415.39346313  -14627458.10333746      2284363.98686223 
  -16121397.58237816  -14544723.07669815  -20801208.72123852 
  -19932172.04874225]
[-14992342.01499527  -11356628.30598164  -22608398.19954077 
  -22605458.24326816  -10322201.69699072  -16609248.89618659 
  -24677114.11857088  -27735879.504603        -4944491.58442024 
    -8600740.10692339  -20184147.75721755  -31855032.30917345 
  -28995106.9927282  ]
[-14582871.4285997    -15342820.2308254    -14412830.19322229 
  -19319227.6074371      -6395408.06857722  -12266582.31944885 
  -14095988.41718487  -16936381.8945577        1049426.91583395 
        -66047.9704308      -9892185.46580222  -19778334.12877885 
  -20590921.22286868]
[-14992342.01499527  -11356628.30598164  -22608398.19954077 
  -22605458.24326816  -10322201.69699072  -16609248.89618659 
  -24677114.11857088  -27735879.504603        -4944491.58442024 
    -8600740.10692339  -20184147.75721755  -31855032.30917345 
  -28995106.9927282  ]
[-1.13861551e+08  -1.00305452e+08  -9.77312482e+07  -1.13334309e+08 
  -8.83070343e+07  -9.01004109e+07  -1.05238977e+08  -9.16863950e+07 
  -8.87062235e+07  -9.78663349e+07  -9.64927851e+07  -9.76684868e+07 
  -8.28300165e+07]
increment_40
[-1.05948217e+08  -9.99959984e+07  -9.61427816e+07  -1.07549230e+08 
  -8.97285865e+07  -8.45497499e+07  -1.01454087e+08  -9.64373059e+07 
  -8.39576378e+07  -1.06782183e+08  -9.97421731e+07  -9.97637227e+07 
  -1.01395425e+08]
[    7286648.70235843      8592934.35431467        590769.73020281 
      3375554.53930111      8762049.60553527      2997599.0295663 
      3229818.20596019    -7403541.17607841    15544952.43416814 
    -8743093.59707757  -19022705.11066693    -9702707.26901942 
  -12427429.68362866]
[-12527100.77006145  -14502976.81090856  -14497609.29652247 
  -16951192.98334168    -5487221.33748994  -12575903.40126458 
  -13792724.95296906  -15145069.1109634        1074856.22200575 
        958271.13291178  -10328323.61379023  -19836461.85361674 
  -20253742.56932253]
[    7286648.70235843      8592934.35431467        590769.73020281 
      3375554.53930111      8762049.60553527      2997599.0295663 
      3229818.20596019    -7403541.17607841    15544952.43416814 
    -8743093.59707757  -19022705.11066693    -9702707.26901942 
  -12427429.68362866]
[-26659735.41076567  -19441069.71711505  -13564300.48721742 
  -27569805.26126176    -1033442.39168134    -3650668.23520685 
  -21987960.81555895  -13463543.84901807      1334670.2618099 
  -15010164.61277862  -15108417.69670628  -20773146.21311796 
  -20674135.47125215]
[-12508554.45498725  -10803199.28267676  -23190442.24913067 
  -20033361.69755094    -9207455.65966073  -17045385.07977369 
  -25154479.62927215  -25990921.4150138      -4721029.56655098 
    -7384028.51650891  -21033388.50823649  -33271629.92524868 
  -28605166.47058188]
[-12527100.77006145  -14502976.81090856  -14497609.29652247 
  -16951192.98334168    -5487221.33748994  -12575903.40126458 
  -13792724.95296906  -15145069.1109634        1074856.22200575 
        958271.13291178  -10328323.61379023  -19836461.85361674 
  -20253742.56932253]
[-12508554.45498725  -10803199.28267676  -23190442.24913067 
  -20033361.69755094    -9207455.65966073  -17045385.07977369 
  -25154479.62927215  -25990921.4150138      -4721029.56655098 
    -7384028.51650891  -21033388.50823649  -33271629.92524868 
  -28605166.47058188]
[-1.15630863e+08  -1.01422397e+08  -9.94780467e+07  -1.13299886e+08 
  -8.95224304e+07  -9.31494791e+07  -1.07526459e+08  -9.33378216e+07 
  -9.17069183e+07  -9.95302068e+07  -9.86552805e+07  -9.92081020e+07 
  -8.51527648e+07]
increment_50
[-1.07766957e+08  -1.02961761e+08  -9.76969858e+07  -1.08971201e+08 
  -9.23503955e+07  -8.79489055e+07  -1.04578338e+08  -9.81001993e+07 
  -8.64494207e+07  -1.07494272e+08  -1.02014985e+08  -1.00875089e+08 
  -1.04164287e+08]
[    9712155.1829996        9401680.88466052        959603.49097892 
      5375792.71573399    10058414.0480632        2866523.71004887 
      3963596.97320732    -5168385.60571385    15500940.51408291 
    -8309593.8875805    -20174241.04594046  -10301738.61910499 
  -11428657.09331375]
[-10819334.77602162  -13682510.75520251  -14055227.34441596 
  -15314164.37324683    -4911161.80949055  -12736080.80512508 
  -13241433.76148168  -13513769.46561984      1174347.39330551 
      1643851.52216554  -10613240.77939162  -19630305.30157979 
  -19696994.59102878]
[    9712155.1829996        9401680.88466052        959603.49097892 
      5375792.71573399    10058414.0480632        2866523.71004887 
      3963596.97320732    -5168385.60571385    15500940.51408291 
    -8309593.8875805    -20174241.04594046  -10301738.61910499 
  -11428657.09331375]
[-25813999.83116573  -19595685.73643336  -13180844.85589798 
  -25780740.5868792      -1225060.85971868    -4651671.43395013 
  -23191364.62048374  -12728419.1490217          844329.32582303 
  -14312061.4259355    -15824289.1345373    -20798302.70045689 
  -21689458.20670697]
[-10594211.48284925  -10508734.00450453  -23117685.41971824 
  -18466807.42128684    -8407654.4098563    -17338722.63984337 
  -25180949.63967495  -24666413.55421853    -4420020.37422387 
    -6588888.91106006  -21567793.801052      -34282878.95532108 
  -28133456.75264912]
[-10819334.77602162  -13682510.75520251  -14055227.34441596 
  -15314164.37324683    -4911161.80949055  -12736080.80512508 
  -13241433.76148168  -13513769.46561984      1174347.39330551 
      1643851.52216554  -10613240.77939162  -19630305.30157979 
  -19696994.59102878]
[-10594211.48284925  -10508734.00450453  -23117685.41971824 
  -18466807.42128684    -8407654.4098563    -17338722.63984337 
  -25180949.63967495  -24666413.55421853    -4420020.37422387 
    -6588888.91106006  -21567793.801052      -34282878.95532108 
  -28133456.75264912]
[-1.17455700e+08  -1.03386680e+08  -1.01095091e+08  -1.13763896e+08 
  -9.17673426e+07  -9.56890124e+07  -1.10033115e+08  -9.51904111e+07 
  -9.41945586e+07  -1.01287500e+08  -1.01006342e+08  -1.00848163e+08 
  -8.81161964e+07]
increment_60
[-1.09445006e+08  -1.06098128e+08  -9.87333609e+07  -1.10553079e+08 
  -9.56493136e+07  -9.12306697e+07  -1.07655530e+08  -9.99476382e+07 
  -8.86189352e+07  -1.08319264e+08  -1.04556593e+08  -1.02051144e+08 
  -1.07460198e+08]
[  11530760.86360255    10086698.22678034      1726399.92029887 
      6752837.5517665      10552037.21802209      2733138.22865591 
      4954941.0105922      -3803945.26326709    15400702.91706575 
    -8293666.11834935  -20909715.21826105  -10472441.75188806 
  -10591036.38396013]
[  -9468003.43335412  -12995813.39796054  -13211095.14189271 
  -14203031.49896964    -4744692.71844326  -12792650.48891209 
  -12342058.35853372  -12197285.34065428      1209134.91313008 
      1976180.492143      -10857819.23447989  -19037529.69179639 
  -18883838.91394354]
[  11530760.86360255    10086698.22678034      1726399.92029887 
      6752837.5517665      10552037.21802209      2733138.22865591 
      4954941.0105922      -3803945.26326709    15400702.91706575 
    -8293666.11834935  -20909715.21826105  -10472441.75188806 
  -10591036.38396013]
[-25002280.29303278  -20236783.36126544  -12113601.84520027 
  -24591712.44302044    -2426558.86571989    -5501978.51984071 
  -24284960.13179675  -12350660.45926415        433591.08016624 
  -13933440.87655807  -16669977.47497918  -20701285.67913542 
  -23024586.03275055]
[  -9269007.87748593  -10293775.25833868  -22433433.97944941 
  -17490378.84248483    -8166609.7347941    -17549585.17119122 
  -24720482.58456512  -23747630.37046403    -4279201.71734867 
    -6179180.13298873  -21875928.87311364  -34716564.41330025 
  -27466171.65865795]
[  -9468003.43335412  -12995813.39796054  -13211095.14189271 
  -14203031.49896964    -4744692.71844326  -12792650.48891209 
  -12342058.35853372  -12197285.34065428      1209134.91313008 
      1976180.492143      -10857819.23447989  -19037529.69179639 
  -18883838.91394354]
[  -9269007.87748593  -10293775.25833868  -22433433.97944941 
  -17490378.84248483    -8166609.7347941    -17549585.17119122 
  -24720482.58456512  -23747630.37046403    -4279201.71734867 
    -6179180.13298873  -21875928.87311364  -34716564.41330025 
  -27466171.65865795]
[-1.19167143e+08  -1.06081830e+08  -1.02308835e+08  -1.14667827e+08 
  -9.48587307e+07  -9.79989145e+07  -1.12748616e+08  -9.72086497e+07 
  -9.65482782e+07  -1.03116998e+08  -1.03488667e+08  -1.02491317e+08 
  -9.16832580e+07]
increment_70
[-1.11200891e+08  -1.09179350e+08  -9.94974536e+07  -1.12335664e+08 
  -9.92567403e+07  -9.43776522e+07  -1.10769284e+08  -1.01966867e+08 
  -9.08669138e+07  -1.09164420e+08  -1.07303319e+08  -1.03169736e+08 
  -1.10998431e+08]
[  12794311.02735656    10742812.57788679      2557077.26971329 
      7650542.51639245    10523202.28170958      2742159.00876185 
      5979903.32965649    -2892723.21527681    15360202.52065517 
    -8666612.9616353    -21131541.78078222  -10376197.72922833 
    -9863473.84709191]
[  -8521863.82262428  -12314469.79406054  -12292204.63648673 
  -13485825.25325385    -4776833.39006596  -12681935.72296668 
  -11313513.05525219  -11095923.78149908      1187534.80855295 
      2133836.92650193  -11164034.84532713  -18151746.649493 
  -17959315.45108167]
[  12794311.02735656    10742812.57788679      2557077.26971329 
      7650542.51639245    10523202.28170958      2742159.00876185 
      5979903.32965649    -2892723.21527681    15360202.52065517 
    -8666612.9616353    -21131541.78078222  -10376197.72922833 
    -9863473.84709191]
[-24417089.56470399  -21008949.57435282  -10760867.35270767 
  -23992251.57025487    -4187241.82317548    -6354340.79867498 
  -25441869.68035871  -12335191.25178965      -452102.15466678 
  -13669260.26237899  -17739359.69681533  -20453540.82040166 
  -24548796.05819824]
[  -8528756.9020445    -10116876.87105335  -21508325.83352736 
  -16956477.12754162    -8337611.73454305  -17597631.0896909 
  -24113738.17368836  -23118243.20935428    -4274280.88361469 
    -5999764.61617422  -22079042.04721428  -34781472.47835185 
  -26805692.97870389]
[  -8521863.82262428  -12314469.79406054  -12292204.63648673 
  -13485825.25325385    -4776833.39006596  -12681935.72296668 
  -11313513.05525219  -11095923.78149908      1187534.80855295 
      2133836.92650193  -11164034.84532713  -18151746.649493 
  -17959315.45108167]
[  -8528756.9020445    -10116876.87105335  -21508325.83352736 
  -16956477.12754162    -8337611.73454305  -17597631.0896909 
  -24113738.17368836  -23118243.20935428    -4274280.88361469 
    -5999764.61617422  -22079042.04721428  -34781472.47835185 
  -26805692.97870389]
[-1.20858227e+08  -1.09257208e+08  -1.03350056e+08  -1.16042870e+08 
  -9.84849631e+07  -1.00332729e+08  -1.15677363e+08  -9.94082049e+07 
  -9.93506469e+07  -1.04791782e+08  -1.06250832e+08  -1.03918024e+08 
  -9.56410881e+07]
increment_80
[-1.13050993e+08  -1.12041413e+08  -1.00278103e+08  -1.14147764e+08 
  -1.02916797e+08  -9.75288232e+07  -1.13782689e+08  -1.04156866e+08 
  -9.32367097e+07  -1.10080911e+08  -1.10032755e+08  -1.04182994e+08 
  -1.14483265e+08]
[  13853301.849728        11451688.23064601      3412131.67512988 
      8376154.93737151    10485447.66367352      2964100.34272741 
      7056904.55592393    -2208541.03013226    15385508.26627077 
    -9304866.00721088  -20851478.41285967  -10019813.15045817 
    -9382847.77452895]
[  -7792877.85671281  -11505444.20898924  -11420966.05283327 
  -12882279.30255266    -4708933.62033912  -12447999.31055056 
  -10158940.39733062  -10171666.88428305      1176756.43712045 
      2223238.56967672  -11490007.25776554  -17092457.89106914 
  -17094813.68126739]
[  13853301.849728        11451688.23064601      3412131.67512988 
      8376154.93737151    10485447.66367352      2964100.34272741 
      7056904.55592393    -2208541.03013226    15385508.26627077 
    -9304866.00721088  -20851478.41285967  -10019813.15045817 
    -9382847.77452895]
[-24050653.61545207  -21536205.24564408    -9488927.3992657 
  -23585599.54235601    -6091926.81467815    -7323549.16919348 
  -26468040.69818341  -12749561.5518887      -1834385.82506229 
  -13466533.3799828    -18879340.63750356  -20049366.28741239 
  -26150873.20216864]
[  -7955053.30846134    -9932815.10725688  -20527456.98241773 
  -16556175.49329928    -8441215.25600645  -17497911.59596537 
  -23369140.32405668  -22804085.77137778    -4211813.79898948 
    -5847644.81509071  -22125427.76712961  -34622833.65748833 
  -26376153.82354137]
[  -7792877.85671281  -11505444.20898924  -11420966.05283327 
  -12882279.30255266    -4708933.62033912  -12447999.31055056 
  -10158940.39733062  -10171666.88428305      1176756.43712045 
      2223238.56967672  -11490007.25776554  -17092457.89106914 
  -17094813.68126739]
[  -7955053.30846134    -9932815.10725688  -20527456.98241773 
  -16556175.49329928    -8441215.25600645  -17497911.59596537 
  -23369140.32405668  -22804085.77137778    -4211813.79898948 
    -5847644.81509071  -22125427.76712961  -34622833.65748833 
  -26376153.82354137]
[-1.22572527e+08  -1.12490199e+08  -1.04442321e+08  -1.17561749e+08 
  -1.02416022e+08  -1.02793387e+08  -1.18630550e+08  -1.01799065e+08 
  -1.02623454e+08  -1.06279376e+08  -1.09172038e+08  -1.04974687e+08 
  -9.97124491e+07]
increment_90
[-1.14867784e+08  -1.14591192e+08  -1.01224821e+08  -1.15653082e+08 
  -1.06475631e+08  -1.00729333e+08  -1.16543804e+08  -1.06470704e+08 
  -9.55659775e+07  -1.11223296e+08  -1.12557438e+08  -1.05239780e+08 
  -1.17758517e+08]
[  14927385.86654774    12207319.06224662      4255130.9905449 
      9140196.36119168    10606501.10994066      3408677.30516022 
      8219079.42603474    -1555575.39922953    15445769.42694978 
    -9734130.94920245  -20254717.91635337    -9371924.08635025 
    -9063657.671965    ]
[  -7156398.12510148  -10549803.54301113  -10635155.78124019 
  -12222256.3145727      -4481728.34792407  -12026610.78588387 
    -8897003.35521134    -9302346.62715228      1129774.24257299 
      2313783.53295615  -11706778.74166009  -15909576.24630723 
  -16254904.7490408  ]
[  14927385.86654774    12207319.06224662      4255130.9905449 
      9140196.36119168    10606501.10994066      3408677.30516022 
      8219079.42603474    -1555575.39922953    15445769.42694978 
    -9734130.94920245  -20254717.91635337    -9371924.08635025 
    -9063657.671965    ]
[-23770894.12610766  -21646770.95893608    -8448686.37329079 
  -22960955.05952214    -7950082.57936407    -8412292.4274334 
  -27142986.20101565  -13551269.60842006    -3439305.2790024 
  -13401277.43519086  -19809348.9716005    -19681637.70624073 
  -27644625.94752226]
[  -7272774.58735031    -9723845.65899149  -19505134.62671644 
  -16082298.32755532    -8327763.29257969  -17234211.43752427 
  -22491424.34374415  -22717878.78179744    -4094582.87657085 
    -5574762.58504118  -21918811.22417724  -34342141.41889926 
  -26048882.73041119]
[  -7156398.12510148  -10549803.54301113  -10635155.78124019 
  -12222256.3145727      -4481728.34792407  -12026610.78588387 
    -8897003.35521134    -9302346.62715228      1129774.24257299 
      2313783.53295615  -11706778.74166009  -15909576.24630723 
  -16254904.7490408  ]
[  -7272774.58735031    -9723845.65899149  -19505134.62671644 
  -16082298.32755532    -8327763.29257969  -17234211.43752427 
  -22491424.34374415  -22717878.78179744    -4094582.87657085 
    -5574762.58504118  -21918811.22417724  -34342141.41889926 
  -26048882.73041119]
[-1.24228897e+08  -1.15468280e+08  -1.05714190e+08  -1.18917624e+08 
  -1.06484041e+08  -1.05411276e+08  -1.21395594e+08  -1.04417477e+08 
  -1.06068803e+08  -1.07836374e+08  -1.11904585e+08  -1.05865047e+08 
  -1.03661739e+08]
increment_100
[-1.16597185e+08  -1.16746552e+08  -1.02464601e+08  -1.16864372e+08 
  -1.09905578e+08  -1.03833368e+08  -1.19019698e+08  -1.08927660e+08 
  -9.78614244e+07  -1.12950156e+08  -1.14914072e+08  -1.06623479e+08 
  -1.20673159e+08]
[  15994613.9196            12947443.63858546      5053831.66161335 
      9929234.70976112    10806465.62886733      4100662.2682907 
      9470570.75377315      -954569.14085711    15539773.0646216 
    -9882632.68576225  -19541075.42611463    -8514814.23418308 
    -8754663.27745533]
[  -6619804.23582857    -9572930.00101996    -9944880.68219559 
  -11473716.17296297    -4184347.53244836  -11374378.10103969 
    -7585107.0618015      -8447737.15617388      1029803.95408351 
      2446209.98766566  -11641231.14335756  -14644198.53704007 
  -15389683.64922811]
[  15994613.9196            12947443.63858546      5053831.66161335 
      9929234.70976112    10806465.62886733      4100662.2682907 
      9470570.75377315      -954569.14085711    15539773.0646216 
    -9882632.68576225  -19541075.42611463    -8514814.23418308 
    -8754663.27745533]
[-23485466.62750185  -21375429.49561166    -7727416.95204654 
  -22095900.1870391      -9769529.2263423      -9456884.87207867 
  -27397884.53931727  -14736833.3804138      -5085144.29081325 
  -13801842.67984956  -20444676.03709883  -19768939.05152759 
  -28825222.22608095]
[  -6539126.94221344    -9495518.47450494  -18424204.07879087 
  -15543241.80180022    -8139619.44074854  -16807538.0048646 
  -21518386.94695368  -22795658.32893463    -3952492.71908061 
    -5170272.44457656  -21364308.33082092  -34138943.874377 
  -25702731.5054181  ]
[  -6619804.23582857    -9572930.00101996    -9944880.68219559 
  -11473716.17296297    -4184347.53244836  -11374378.10103969 
    -7585107.0618015      -8447737.15617388      1029803.95408351 
      2446209.98766566  -11641231.14335756  -14644198.53704007 
  -15389683.64922811]
[  -6539126.94221344    -9495518.47450494  -18424204.07879087 
  -15543241.80180022    -8139619.44074854  -16807538.0048646 
  -21518386.94695368  -22795658.32893463    -3952492.71908061 
    -5170272.44457656  -21364308.33082092  -34138943.874377 
  -25702731.5054181  ]
[-1.25721377e+08  -1.18010394e+08  -1.07229648e+08  -1.20121587e+08 
  -1.10570388e+08  -1.08046069e+08  -1.23884643e+08  -1.07287072e+08 
  -1.09468739e+08  -1.09820432e+08  -1.14273196e+08  -1.06958077e+08 
  -1.07187192e+08]
increment_110
[-1.18059407e+08  -1.18487308e+08  -1.04089784e+08  -1.17919098e+08 
  -1.13251889e+08  -1.06568706e+08  -1.21185783e+08  -1.11294712e+08 
  -1.00170713e+08  -1.15404896e+08  -1.17083882e+08  -1.08513058e+08 
  -1.23246536e+08]
[  16902312.87407882    13612601.94526972      5857686.35819281 
    10680828.32821723    11051928.34408755      5007586.32174875 
    10740680.29623954      -499660.7138054      15737531.66485199 
    -9624162.07629034  -18723414.23385606    -7477924.79915825 
    -8357614.16135341]
[  -6259100.30040708    -8692069.00279469    -9339303.63789235 
  -10647709.14753271    -3819659.25697533  -10531147.16383227 
    -6287909.59302612    -7637425.42526681        807396.15059882 
      2655455.59543435  -11220163.78729274  -13321423.25050998 
  -14472722.3311675  ]
[  16902312.87407882    13612601.94526972      5857686.35819281 
    10680828.32821723    11051928.34408755      5007586.32174875 
    10740680.29623954      -499660.7138054      15737531.66485199 
    -9624162.07629034  -18723414.23385606    -7477924.79915825 
    -8357614.16135341]
[-23091214.9539489    -20840080.53320411    -7416815.86634859 
  -21094955.78341857  -11553278.24370161  -10213491.86383902 
  -27364335.73471517  -15972989.58989273    -6674277.34142877 
  -14801650.19890626  -20727508.66706527  -20604041.52222303 
  -29648201.33830748]
[  -5921809.83643396    -9270859.45246607  -17296087.94100909 
  -14964551.9145537      -7911139.93749688  -16272663.10747049 
  -20559118.02776574  -22920894.23622032    -3895390.09976432 
    -4620118.71358202  -20421394.17848048  -34152678.115673 
  -25229163.3742348  ]
[  -6259100.30040708    -8692069.00279469    -9339303.63789235 
  -10647709.14753271    -3819659.25697533  -10531147.16383227 
    -6287909.59302612    -7637425.42526681        807396.15059882 
      2655455.59543435  -11220163.78729274  -13321423.25050998 
  -14472722.3311675  ]
[  -5921809.83643396    -9270859.45246607  -17296087.94100909 
  -14964551.9145537      -7911139.93749688  -16272663.10747049 
  -20559118.02776574  -22920894.23622032    -3895390.09976432 
    -4620118.71358202  -20421394.17848048  -34152678.115673 
  -25229163.3742348  ]
[-1.26944904e+08  -1.20102685e+08  -1.09050544e+08  -1.21273108e+08 
  -1.14576597e+08  -1.10448589e+08  -1.26171824e+08  -1.10161261e+08 
  -1.12707709e+08  -1.12421065e+08  -1.16194388e+08  -1.08586292e+08 
  -1.10174601e+08]
increment_120
[-1.19196052e+08  -1.19866741e+08  -1.05988290e+08  -1.18967105e+08 
  -1.16483337e+08  -1.08785923e+08  -1.23004383e+08  -1.13471869e+08 
  -1.02555549e+08  -1.18445673e+08  -1.19070123e+08  -1.10946773e+08 
  -1.25418749e+08]
[  17579895.27966503    14163568.00283301      6712324.89381281 
    11347460.2076585      11335851.0065986        6035534.96539634 
    12006477.93026583      -213790.13603665    15969478.97831279 
    -8956258.90787403  -17857127.57804359    -6326588.10069026 
    -7873173.20665402]
[  -6125468.63112516    -8031115.04339339    -8742385.22870619 
    -9768316.06332937    -3407032.38333399    -9555536.8435024 
    -5067817.22507573    -6941439.12832295        470206.12743063 
      2954435.90977476  -10471224.76210632  -12037420.7887212 
  -13459256.98419768]
[  17579895.27966503    14163568.00283301      6712324.89381281 
    11347460.2076585      11335851.0065986        6035534.96539634 
    12006477.93026583      -213790.13603665    15969478.97831279 
    -8956258.90787403  -17857127.57804359    -6326588.10069026 
    -7873173.20665402]
[-22611926.83232474  -20247706.50380279    -7412057.37761206 
  -20080026.72970387  -13267891.88846792  -10550467.49037522 
  -27185497.01104887  -17105442.99793819    -8128575.5899418 
  -16300888.4771667    -20706742.04307557  -22187826.06131493 
  -30011594.7872455  ]
[  -5430792.1652429      -9081756.98230774  -16109951.10451829 
  -14408597.92488076    -7581271.39108464  -15661876.13383657 
  -19676128.61122315  -23110220.97390237    -3952730.70000072 
    -3932605.50800963  -19162641.12618948  -34402326.67288519 
  -24567497.01498155]
[  -6125468.63112516    -8031115.04339339    -8742385.22870619 
    -9768316.06332937    -3407032.38333399    -9555536.8435024 
    -5067817.22507573    -6941439.12832295        470206.12743063 
      2954435.90977476  -10471224.76210632  -12037420.7887212 
  -13459256.98419768]
[  -5430792.1652429      -9081756.98230774  -16109951.10451829 
  -14408597.92488076    -7581271.39108464  -15661876.13383657 
  -19676128.61122315  -23110220.97390237    -3952730.70000072 
    -3932605.50800963  -19162641.12618948  -34402326.67288519 
  -24567497.01498155]
[-1.27944839e+08  -1.21871085e+08  -1.11109497e+08  -1.22435965e+08 
  -1.18424279e+08  -1.12474793e+08  -1.28349769e+08  -1.12816749e+08 
  -1.15708886e+08  -1.15578268e+08  -1.17706977e+08  -1.10884323e+08 
  -1.12677032e+08]
