inc
sigma_11
sigma_12
sigma_13
sigma_21
sigma_22
sigma_23
sigma_31
sigma_32
sigma_33
increment_0
[0.00010113  0.00010113  0.00010113  0.00010113  0.00010113  0.00010113 
  0.00010113  0.00010113  0.00010113  0.00010113  0.00010113  0.00010113 
  0.00010113  0.00010113  0.00010113  0.00010113  0.00010113  0.00010113]
[-8.46104506e-07  -8.46104506e-07  -8.46104506e-07  -8.46104506e-07 
  -8.46104506e-07  -8.46104506e-07  -8.46104506e-07  -8.46104506e-07 
  -8.46104506e-07  -8.46104506e-07  -8.46104506e-07  -8.46104506e-07 
  -8.46104506e-07  -8.46104506e-07  -8.46104506e-07  -8.46104506e-07 
  -8.46104506e-07  -8.46104506e-07]
[3.75028556e-07  3.75028556e-07  3.75028556e-07  3.75028556e-07 
  3.75028556e-07  3.75028556e-07  3.75028556e-07  3.75028556e-07 
  3.75028556e-07  3.75028556e-07  3.75028556e-07  3.75028556e-07 
  3.75028556e-07  3.75028556e-07  3.75028556e-07  3.75028556e-07 
  3.75028556e-07  3.75028556e-07]
[-8.46104506e-07  -8.46104506e-07  -8.46104506e-07  -8.46104506e-07 
  -8.46104506e-07  -8.46104506e-07  -8.46104506e-07  -8.46104506e-07 
  -8.46104506e-07  -8.46104506e-07  -8.46104506e-07  -8.46104506e-07 
  -8.46104506e-07  -8.46104506e-07  -8.46104506e-07  -8.46104506e-07 
  -8.46104506e-07  -8.46104506e-07]
[0.00010629  0.00010629  0.00010629  0.00010629  0.00010629  0.00010629 
  0.00010629  0.00010629  0.00010629  0.00010629  0.00010629  0.00010629 
  0.00010629  0.00010629  0.00010629  0.00010629  0.00010629  0.00010629]
[1.69522065e-06  1.69522065e-06  1.69522065e-06  1.69522065e-06 
  1.69522065e-06  1.69522065e-06  1.69522065e-06  1.69522065e-06 
  1.69522065e-06  1.69522065e-06  1.69522065e-06  1.69522065e-06 
  1.69522065e-06  1.69522065e-06  1.69522065e-06  1.69522065e-06 
  1.69522065e-06  1.69522065e-06]
[3.75028556e-07  3.75028556e-07  3.75028556e-07  3.75028556e-07 
  3.75028556e-07  3.75028556e-07  3.75028556e-07  3.75028556e-07 
  3.75028556e-07  3.75028556e-07  3.75028556e-07  3.75028556e-07 
  3.75028556e-07  3.75028556e-07  3.75028556e-07  3.75028556e-07 
  3.75028556e-07  3.75028556e-07]
[1.69522065e-06  1.69522065e-06  1.69522065e-06  1.69522065e-06 
  1.69522065e-06  1.69522065e-06  1.69522065e-06  1.69522065e-06 
  1.69522065e-06  1.69522065e-06  1.69522065e-06  1.69522065e-06 
  1.69522065e-06  1.69522065e-06  1.69522065e-06  1.69522065e-06 
  1.69522065e-06  1.69522065e-06]
[9.57673459e-05  9.57673459e-05  9.57673459e-05  9.57673459e-05 
  9.57673459e-05  9.57673459e-05  9.57673459e-05  9.57673459e-05 
  9.57673459e-05  9.57673459e-05  9.57673459e-05  9.57673459e-05 
  9.57673459e-05  9.57673459e-05  9.57673459e-05  9.57673459e-05 
  9.57673459e-05  9.57673459e-05]
increment_10
[-6.57222858e+07  -9.35074465e+07  -1.11092091e+08  -8.77945747e+07 
  -8.21451984e+07  -7.18931529e+07  -8.02339662e+07  -7.98542198e+07 
  -9.37966403e+07  -8.92740878e+07  -9.56185161e+07  -8.51635191e+07 
  -8.29566695e+07  -1.05486211e+08  -1.15432792e+08  -1.25228703e+08 
  -1.13464199e+08  -8.10822497e+07]
[  -7430651.42964741  -19568027.9642591    -26407084.92001893 
      -822622.55074004        781352.57965119    -1649581.47991357 
      6275097.19713135      4158786.53308294      6714573.96367347 
      2244193.88981646      3522190.41360823      5414217.39995611 
      5563643.72587487      6536851.86066471    -5835040.30122039 
  -38585980.81602962  -22756678.32216706    -2527809.64815405]
[    4416052.13956051      1085365.38678519  -21357842.3166959 
      5217006.88214009        974295.52837144    12777891.84349987 
      3670280.45982049      6382863.23314057      9032869.77912623 
      8698838.01264228      3931510.06685016      9710606.12769973 
    17342054.70598467    20108745.89556913    -3508744.33118006 
    -3020887.48094758    -9821778.83609561    -5792067.52524312]
[  -7430651.42964741  -19568027.9642591    -26407084.92001893 
      -822622.55074004        781352.57965119    -1649581.47991357 
      6275097.19713135      4158786.53308294      6714573.96367347 
      2244193.88981646      3522190.41360823      5414217.39995611 
      5563643.72587487      6536851.86066471    -5835040.30122039 
  -38585980.81602962  -22756678.32216706    -2527809.64815405]
[  -1926577.18303391  -33233401.58207469    -7160418.11901515 
  -16360737.51448978    -2143204.9408081    -23617942.15833068 
      1618582.48373059    -7225957.0745806    -27098527.88204029 
    -4925853.27338828  -18359164.91750507  -25270165.32852616 
    -1908200.70377183  -36873517.4528236    -26480948.52762638 
  -60591987.25321611  -35262621.68335678    -4525583.40101408]
[  -5882384.37986359  -15483720.21954547    -1257304.71867759 
    11123884.51645306      1129960.51179469    -5483401.26252276 
      5060203.16630612      -245622.17602135    -7297432.561979 
    12612024.03153557    -4571006.67051139      2813008.34978851 
      4714853.11575763    -4908671.17272076      6527564.27027136 
    14105978.45950208  -20315350.32942241    14968788.31087844]
[    4416052.13956051      1085365.38678519  -21357842.3166959 
      5217006.88214009        974295.52837144    12777891.84349987 
      3670280.45982049      6382863.23314057      9032869.77912623 
      8698838.01264228      3931510.06685016      9710606.12769973 
    17342054.70598467    20108745.89556913    -3508744.33118006 
    -3020887.48094758    -9821778.83609561    -5792067.52524312]
[  -5882384.37986359  -15483720.21954547    -1257304.71867759 
    11123884.51645306      1129960.51179469    -5483401.26252276 
      5060203.16630612      -245622.17602135    -7297432.561979 
    12612024.03153557    -4571006.67051139      2813008.34978851 
      4714853.11575763    -4908671.17272076      6527564.27027136 
    14105978.45950208  -20315350.32942241    14968788.31087844]
[-8.67137416e+07  -1.15033079e+08  -7.67562764e+07  -9.61036325e+07 
  -8.72165436e+07  -1.11923452e+08  -8.17575828e+07  -9.47769977e+07 
  -1.20199013e+08  -6.85678407e+07  -1.06302469e+08  -1.13862904e+08 
  -5.55411519e+07  -1.05841758e+08  -1.02661576e+08  -1.13386915e+08 
  -1.17932541e+08  -8.26553641e+07]
increment_20
[-6.95465510e+07  -9.68233161e+07  -1.17149978e+08  -8.83169163e+07 
  -8.47439141e+07  -7.49047749e+07  -7.75716440e+07  -7.72936066e+07 
  -9.34898521e+07  -8.68876982e+07  -9.57139642e+07  -8.37561156e+07 
  -8.90252431e+07  -1.10917185e+08  -1.17830871e+08  -1.29210787e+08 
  -1.16920198e+08  -8.37836300e+07]
[  -4158047.02640906  -15686733.63059247  -26531413.79128996 
      -864856.648606          -805168.69780602      3077488.44137246 
      7856380.74646822      5228896.63095707      7614401.46061913 
      2050591.20413086      5285442.30071582      3647411.54500862 
      4545137.67876218      5496620.79128468  -11489804.0080878 
  -41335203.8546032    -25666367.79118079        564074.58389859]
[    2960357.59726719        898545.51788006  -22077786.68096181 
      4966318.07328237      -466034.12513689    15494730.59663453 
      4141406.90764779      7152310.06866324    10358682.39297572 
      8602588.60693116      6235007.85156335    11756797.14108741 
    19724968.15907995    21790691.44761744    -6860970.71450499 
    -4592252.3888738    -10740525.08668001    -4133647.83952555]
[  -4158047.02640906  -15686733.63059247  -26531413.79128996 
      -864856.648606          -805168.69780602      3077488.44137246 
      7856380.74646822      5228896.63095707      7614401.46061913 
      2050591.20413086      5285442.30071582      3647411.54500862 
      4545137.67876218      5496620.79128468  -11489804.0080878 
  -41335203.8546032    -25666367.79118079        564074.58389859]
[    1523445.08752025  -32787759.49905085  -11530319.65466313 
  -15135013.55627592    -1624518.42902301  -26703395.06859994 
      5403625.00933139    -4138803.28302391  -28551799.10596624 
      -919620.92252401  -20149192.6052443    -27610564.36676061 
    -6153735.43413027  -42014039.27307916  -25054490.32021133 
  -63357332.09545376  -38546072.34333076    -9390786.28820494]
[  -3429635.61518775  -19946074.13947961    -1147671.31729659 
    11126272.38972414    -1753696.55468624    -8730712.01024107 
      6667330.71181094    -3160362.11131845  -15738348.44914311 
    13663254.73582786    -8929741.78573447      1328446.2856255 
      3723298.10275788    -5877212.19065851      3898319.33183501 
    17987347.81147115  -24728636.14646465    17157922.46482387]
[    2960357.59726719        898545.51788006  -22077786.68096181 
      4966318.07328237      -466034.12513689    15494730.59663453 
      4141406.90764779      7152310.06866324    10358682.39297572 
      8602588.60693116      6235007.85156335    11756797.14108741 
    19724968.15907995    21790691.44761744    -6860970.71450499 
    -4592252.3888738    -10740525.08668001    -4133647.83952555]
[  -3429635.61518775  -19946074.13947961    -1147671.31729659 
    11126272.38972414    -1753696.55468624    -8730712.01024107 
      6667330.71181094    -3160362.11131845  -15738348.44914311 
    13663254.73582786    -8929741.78573447      1328446.2856255 
      3723298.10275788    -5877212.19065851      3898319.33183501 
    17987347.81147115  -24728636.14646465    17157922.46482387]
[-8.56839135e+07  -1.20569948e+08  -8.33378848e+07  -9.70130677e+07 
  -8.88487650e+07  -1.20049354e+08  -8.07417281e+07  -9.59340290e+07 
  -1.28540474e+08  -6.66171094e+07  -1.13217222e+08  -1.17220769e+08 
  -5.50616767e+07  -1.11072047e+08  -1.01507405e+08  -1.14545204e+08 
  -1.22732061e+08  -9.04206399e+07]
increment_30
[-7.20478125e+07  -9.81632345e+07  -1.22836200e+08  -9.13644264e+07 
  -8.87675330e+07  -7.99216793e+07  -7.74788795e+07  -7.69225022e+07 
  -9.47666539e+07  -8.37724459e+07  -9.51255248e+07  -8.34320440e+07 
  -9.08223837e+07  -1.10143202e+08  -1.17079392e+08  -1.32161299e+08 
  -1.19949661e+08  -8.58837589e+07]
[  -3181117.62719972  -11788312.95444946  -26306127.06676023 
      1342519.36640844    -3657896.35194727      7863963.08860443 
      7094160.95254361      6138381.87876817      5809800.81923472 
      2849357.92887648      5677626.19264627      1636395.65995282 
      5191092.84717017      5168670.29760494  -14585880.98309713 
  -39047909.37010345  -25403832.80097457      2001384.87131765]
[    1184757.36215255      2172048.89009931  -22692640.69559963 
      4528731.6646383      -2768636.43269871    16121702.65987521 
      3449702.30678967      7136011.0680841        9105014.20168171 
      8864315.12272509      6963330.57217371    12540100.3329858 
    21420211.01639856    22637310.29860157    -7572400.44297002 
    -5530144.44663791  -11454606.63877573    -4481805.53332967]
[  -3181117.62719972  -11788312.95444946  -26306127.06676023 
      1342519.36640844    -3657896.35194727      7863963.08860443 
      7094160.95254361      6138381.87876817      5809800.81923472 
      2849357.92887648      5677626.19264627      1636395.65995282 
      5191092.84717017      5168670.29760494  -14585880.98309713 
  -39047909.37010345  -25403832.80097457      2001384.87131765]
[    4165143.95526426  -31832315.01842593  -15688018.04468861 
  -13919460.139938        -2146437.71354499  -27843212.71779412 
      8180174.23126462    -1906498.2067536    -28008655.98927916 
      3216355.11808017  -20050652.82666688  -27813808.0521585 
    -7122643.02715899  -41176007.4356449    -23338297.16408999 
  -61996917.94103363  -38817414.07127029  -14959323.37368698]
[-5.85965545e+06  -1.71420838e+07  -8.42266843e+05    1.09943155e+07 
  -5.93988341e+06  -1.14893053e+07    6.72181277e+06  -6.76885449e+06 
  -2.32199401e+07    1.52271755e+07  -1.39387118e+07    1.23942286e+06 
    3.93229433e+06  -6.81510730e+06    4.22631833e+03    1.97513637e+07 
  -2.48017235e+07    1.82209881e+07]
[    1184757.36215255      2172048.89009931  -22692640.69559963 
      4528731.6646383      -2768636.43269871    16121702.65987521 
      3449702.30678967      7136011.0680841        9105014.20168171 
      8864315.12272509      6963330.57217371    12540100.3329858 
    21420211.01639856    22637310.29860157    -7572400.44297002 
    -5530144.44663791  -11454606.63877573    -4481805.53332967]
[-5.85965545e+06  -1.71420838e+07  -8.42266843e+05    1.09943155e+07 
  -5.93988341e+06  -1.14893053e+07    6.72181277e+06  -6.76885449e+06 
  -2.32199401e+07    1.52271755e+07  -1.39387118e+07    1.23942286e+06 
    3.93229433e+06  -6.81510730e+06    4.22631833e+03    1.97513637e+07 
  -2.48017235e+07    1.82209881e+07]
[-8.62425666e+07  -1.21941959e+08  -8.95288555e+07  -9.90863392e+07 
  -9.11865196e+07  -1.25773857e+08  -7.93328235e+07  -9.79337972e+07 
  -1.32448330e+08  -6.56797309e+07  -1.18363183e+08  -1.17429166e+08 
  -5.58357876e+07  -1.13286768e+08  -1.01608193e+08  -1.15275427e+08 
  -1.24207938e+08  -9.82118811e+07]
increment_40
[-7.43005282e+07  -9.89520679e+07  -1.28586774e+08  -9.48960849e+07 
  -9.25394047e+07  -8.45946588e+07  -7.85465393e+07  -7.72999966e+07 
  -9.75155834e+07  -8.11114752e+07  -9.42435612e+07  -8.33090093e+07 
  -9.22959727e+07  -1.06950024e+08  -1.16173762e+08  -1.33557657e+08 
  -1.22358108e+08  -8.60376745e+07]
[  -4001313.39998346    -8279411.17853128  -26075415.53724716 
      3395707.13438699    -7463505.36764668      9776969.41393352 
      5700444.0247463        6584966.81770552      2721119.62639492 
      4194903.76246358      5489805.61568616      1490630.9238685 
      6388211.99080596      4893363.53434461  -17203449.94456923 
  -33485888.22483911  -22830485.73057652      1968527.07050959]
[    -268506.47971765      3607241.43281298  -23145780.29594291 
      4649975.28446682    -5554521.33110103    15996314.20464687 
      2488007.65602546      7054613.79664939      6656713.14361111 
    10049402.19741734      7195937.80250082    12493092.43448189 
    22822037.68741699    22630246.02483913    -7364318.51734986 
    -5568935.68167333  -11883004.46621525    -6550730.45274951]
[  -4001313.39998346    -8279411.17853128  -26075415.53724716 
      3395707.13438699    -7463505.36764668      9776969.41393352 
      5700444.0247463        6584966.81770552      2721119.62639492 
      4194903.76246358      5489805.61568616      1490630.9238685 
      6388211.99080596      4893363.53434461  -17203449.94456923 
  -33485888.22483911  -22830485.73057652      1968527.07050959]
[    4304964.54943317  -29923282.47454368  -19898551.60334332 
  -13822266.11947297    -3182113.58615401  -28799541.73553287 
    10178758.80670411      -954225.28553707  -27138821.87285857 
      6436978.84516844  -19112842.5158097    -25016509.22629228 
    -8182001.97057174  -36937478.46228942  -22801539.85058656 
  -58230246.466972      -37081572.10285589  -19670678.68316184]
[-12515940.99191111    -8771940.79806234      -985713.07068404 
    11160537.09110821  -12172512.86971818  -11713685.29182373 
      6302165.75306458  -10590561.11126734  -27860493.51516861 
    16321298.84380009  -18215247.24512937        212240.1438229 
      4271335.96965692    -7554249.25083689    -5158355.39799442 
    19418837.82793955  -21560280.70006667    18502649.93695346]
[    -268506.47971765      3607241.43281298  -23145780.29594291 
      4649975.28446682    -5554521.33110103    15996314.20464687 
      2488007.65602546      7054613.79664939      6656713.14361111 
    10049402.19741734      7195937.80250082    12493092.43448189 
    22822037.68741699    22630246.02483913    -7364318.51734986 
    -5568935.68167333  -11883004.46621525    -6550730.45274951]
[-12515940.99191111    -8771940.79806234      -985713.07068404 
    11160537.09110821  -12172512.86971818  -11713685.29182373 
      6302165.75306458  -10590561.11126734  -27860493.51516861 
    16321298.84380009  -18215247.24512937        212240.1438229 
      4271335.96965692    -7554249.25083689    -5158355.39799442 
    19418837.82793955  -21560280.70006667    18502649.93695346]
[-8.95235545e+07  -1.19688038e+08  -9.56984468e+07  -1.01738320e+08 
  -9.45692341e+07  -1.28393555e+08  -7.80652429e+07  -1.00972121e+08 
  -1.33950350e+08  -6.49590160e+07  -1.22107305e+08  -1.15965914e+08 
  -5.81834662e+07  -1.12921323e+08  -1.03554031e+08  -1.16634608e+08 
  -1.23685624e+08  -1.04453726e+08]
increment_50
[-7.65413059e+07  -1.00149758e+08  -1.34179687e+08  -9.82930288e+07 
  -9.58060675e+07  -8.79197814e+07  -8.06192288e+07  -7.80662505e+07 
  -1.01335570e+08  -7.92178599e+07  -9.27886966e+07  -8.41364330e+07 
  -9.34333719e+07  -1.01747833e+08  -1.13597505e+08  -1.34317644e+08 
  -1.24761977e+08  -8.46346237e+07]
[  -4923001.25914881    -4324734.89565863  -25708715.53219486 
      5105424.8546133    -11779180.84855366    10012387.95008675 
      5177758.39762181      6095884.30303514    -1580263.4672858 
      5438271.3757192        5655260.9685383        2703084.7809145 
      7823272.82493222      4644557.28653842  -18605375.23873001 
  -26758416.5472905    -19409262.6647639        1079269.44911378]
[    -818757.80079303      4501825.87985423  -23275513.66637461 
      5395430.24953108    -8293768.32344706    15538705.95357018 
      2353277.44535875      6454739.3418178        3552699.47729464 
    11197294.39814215      7637944.53072136    12058314.54695629 
    23461149.326703        21834829.79354993    -6240535.60273297 
    -4927851.43523334  -12125793.69704149    -9079368.01626755]
[  -4923001.25914881    -4324734.89565863  -25708715.53219486 
      5105424.8546133    -11779180.84855366    10012387.95008675 
      5177758.39762181      6095884.30303514    -1580263.4672858 
      5438271.3757192        5655260.9685383        2703084.7809145 
      7823272.82493222      4644557.28653842  -18605375.23873001 
  -26758416.5472905    -19409262.6647639        1079269.44911378]
[    2530591.20040145  -26692032.83191778  -24146922.85940624 
  -14656892.06718909    -4783030.07192689  -28771020.07555756 
    10629641.56711542      -456856.37915495  -26806671.66515505 
      8656326.65234199  -17050929.77943169  -21517786.74348202 
    -9003145.39606025  -30505097.46998641  -21444014.21681983 
  -53896344.92979966  -35075442.37365976  -22050434.39306529]
[-21001620.06885556      2028244.88739491    -1463561.07825721 
    11406731.67497145  -20379415.76336657    -9699586.88284649 
      6466994.42493137  -14214672.07675214  -31385634.21662214 
    16771384.53092721  -20578602.97783748    -1759981.87127386 
      4524646.43099282    -7889176.03036238  -10993534.10568902 
    18213996.66929444  -16707468.20689154    18246891.63428273]
[    -818757.80079303      4501825.87985423  -23275513.66637461 
      5395430.24953108    -8293768.32344706    15538705.95357018 
      2353277.44535875      6454739.3418178        3552699.47729464 
    11197294.39814215      7637944.53072136    12058314.54695629 
    23461149.326703        21834829.79354993    -6240535.60273297 
    -4927851.43523334  -12125793.69704149    -9079368.01626755]
[-21001620.06885556      2028244.88739491    -1463561.07825721 
    11406731.67497145  -20379415.76336657    -9699586.88284649 
      6466994.42493137  -14214672.07675214  -31385634.21662214 
    16771384.53092721  -20578602.97783748    -1759981.87127386 
      4524646.43099282    -7889176.03036238  -10993534.10568902 
    18213996.66929444  -16707468.20689154    18246891.63428273]
[-9.46372330e+07  -1.15873265e+08  -1.01993461e+08  -1.04783577e+08 
  -9.91155516e+07  -1.28245785e+08  -7.80027508e+07  -1.03788975e+08 
  -1.34953071e+08  -6.56217268e+07  -1.23591102e+08  -1.14819374e+08 
  -6.20958111e+07  -1.11626077e+08  -1.05808962e+08  -1.18625939e+08 
  -1.22881138e+08  -1.08168692e+08]
increment_60
[-7.91140310e+07  -1.02349035e+08  -1.38581387e+08  -1.00918251e+08 
  -9.88990922e+07  -9.11554347e+07  -8.21882866e+07  -7.77428479e+07 
  -1.04304897e+08  -7.79034416e+07  -9.05049758e+07  -8.41328072e+07 
  -9.55293809e+07  -9.77825835e+07  -1.10929791e+08  -1.35277474e+08 
  -1.27885534e+08  -8.42889741e+07]
[  -5270122.81302542      -170428.25424619  -25172694.48785464 
      6474725.99308748  -15492647.70352731      9349039.11663161 
      6440796.91614387      5841039.2332016      -4774432.35019086 
      6677387.32346101      6745575.76165526      4009509.95213448 
      9161778.78897887      4971769.30045221  -18346711.64932416 
  -21113181.68728742  -16845360.68132557          42890.92393686]
[    -716726.99108925      4835449.94474823  -22985737.31078579 
      6358058.50747623  -10169817.30839433    14626123.74895314 
      3416343.18779173      6247334.49519149      1504560.36364065 
    11492627.40219269      8668164.54407108    12256998.14442418 
    23160073.23773072    20406185.89012785    -4612675.99093897 
    -4309067.72339984  -12420499.74464451  -10921579.68424059]
[  -5270122.81302542      -170428.25424619  -25172694.48785464 
      6474725.99308748  -15492647.70352731      9349039.11663161 
      6440796.91614387      5841039.2332016      -4774432.35019086 
      6677387.32346101      6745575.76165526      4009509.95213448 
      9161778.78897887      4971769.30045221  -18346711.64932416 
  -21113181.68728742  -16845360.68132557          42890.92393686]
[      -51910.2437575    -23531663.07340501  -27619837.75854623 
  -15329759.74251394    -6947726.85164578  -28103401.96459068 
    10140798.14032417        423765.64310351  -26351418.87729438 
    10203269.00189755  -14301425.38889542  -18452680.23230426 
  -10470554.93682966  -24426612.59932539  -19527727.3705385 
  -50264352.5003299    -34184412.58058883  -22417996.55195285]
[-27784582.42091009    11540275.02449726    -1875813.25670748 
    11137205.86045111  -28295409.19510374    -6052506.41635458 
      7226620.58166642  -17066538.56547876  -32991172.98068722 
    16843251.3984826    -21488817.67218087    -1604631.84822039 
      4742625.27857633    -7968560.21781059  -14254403.92055942 
    17264526.80133368  -11588135.97615554    17379438.4055868  ]
[    -716726.99108925      4835449.94474823  -22985737.31078579 
      6358058.50747623  -10169817.30839433    14626123.74895314 
      3416343.18779173      6247334.49519149      1504560.36364065 
    11492627.40219269      8668164.54407108    12256998.14442418 
    23160073.23773072    20406185.89012785    -4612675.99093897 
    -4309067.72339984  -12420499.74464451  -10921579.68424059]
[-27784582.42091009    11540275.02449726    -1875813.25670748 
    11137205.86045111  -28295409.19510374    -6052506.41635458 
      7226620.58166642  -17066538.56547876  -32991172.98068722 
    16843251.3984826    -21488817.67218087    -1604631.84822039 
      4742625.27857633    -7968560.21781059  -14254403.92055942 
    17264526.80133368  -11588135.97615554    17379438.4055868  ]
[-9.97292168e+07  -1.13437289e+08  -1.07583152e+08  -1.07461823e+08 
  -1.04123246e+08  -1.26671716e+08  -7.98041485e+07  -1.05893729e+08 
  -1.35596889e+08  -6.88950997e+07  -1.24041898e+08  -1.13509722e+08 
  -6.81878059e+07  -1.11586323e+08  -1.07454712e+08  -1.20574705e+08 
  -1.22751580e+08  -1.10172013e+08]
increment_70
[-8.27899402e+07  -1.05869953e+08  -1.40804790e+08  -1.01591645e+08 
  -1.01167712e+08  -9.52035678e+07  -8.39003203e+07  -7.66027080e+07 
  -1.05626287e+08  -7.73590655e+07  -8.93766955e+07  -8.38859844e+07 
  -9.90696576e+07  -9.50276700e+07  -1.08878205e+08  -1.36112998e+08 
  -1.30833371e+08  -8.66023270e+07]
[  -6280744.04165738      1001356.16808248  -24150159.42212651 
      7854419.36917135  -16764436.71197651      9577970.98837663 
      7861847.93660127      6854747.37438083    -5282651.77229333 
      7748822.08178873      8293706.59414423      4839798.79831654 
    10252583.00502203      5393907.05288018  -16143220.01237101 
  -17655982.52541889  -14921066.84450638      -968044.53348953]
[  -1193323.43029617      4882226.85087414  -22205191.03482235 
      7306958.93321089  -10410802.64860309    13328357.92116534 
      4357874.84609639      7100744.53454344      1803217.15241764 
    11898438.99272747    10027738.01085771    12454799.38045026 
    22275304.20703018    18914600.27125503    -2748297.14705349 
    -4002362.48321634  -12758507.90439769  -11077586.35294463]
[  -6280744.04165738      1001356.16808248  -24150159.42212651 
      7854419.36917135  -16764436.71197651      9577970.98837663 
      7861847.93660127      6854747.37438083    -5282651.77229333 
      7748822.08178873      8293706.59414423      4839798.79831654 
    10252583.00502203      5393907.05288018  -16143220.01237101 
  -17655982.52541889  -14921066.84450638      -968044.53348953]
[  -2772650.78209888  -24029846.30131219  -29337596.84446292 
  -14558481.8891611      -8423145.69636084  -27337975.4190499 
      8916995.97626542      1726907.83765569  -26407289.40226912 
    10713228.16025795  -12642508.29387109  -15399393.96690615 
  -12914915.03715219  -19271083.94976587  -17646175.72183003 
  -47448442.3692128    -33605001.18126335  -22137708.63335692]
[-30654500.55613421    17014468.72244822    -1899358.9486537 
      9715478.66926116  -30873105.06364179    -3415625.22861048 
      7365431.02544545  -18124683.81744687  -32048473.86608431 
    15716294.12737819  -21030065.28599705        847118.02460977 
      4951682.41867882    -8412741.35750426  -13789596.2947211 
    16660362.61040881    -7060337.94563089    16895658.81335794]
[  -1193323.43029617      4882226.85087414  -22205191.03482235 
      7306958.93321089  -10410802.64860309    13328357.92116534 
      4357874.84609639      7100744.53454344      1803217.15241764 
    11898438.99272747    10027738.01085771    12454799.38045026 
    22275304.20703018    18914600.27125503    -2748297.14705349 
    -4002362.48321634  -12758507.90439769  -11077586.35294463]
[-30654500.55613421    17014468.72244822    -1899358.9486537 
      9715478.66926116  -30873105.06364179    -3415625.22861048 
      7365431.02544545  -18124683.81744687  -32048473.86608431 
    15716294.12737819  -21030065.28599705        847118.02460977 
      4951682.41867882    -8412741.35750426  -13789596.2947211 
    16660362.61040881    -7060337.94563089    16895658.81335794]
[-1.03236452e+08  -1.14670927e+08  -1.11508578e+08  -1.09197517e+08 
  -1.07429363e+08  -1.26149412e+08  -8.34167705e+07  -1.07066636e+08 
  -1.37059841e+08  -7.33733085e+07  -1.25012997e+08  -1.11419790e+08 
  -7.56992910e+07  -1.12426002e+08  -1.08986723e+08  -1.21696724e+08 
  -1.23015727e+08  -1.11578451e+08]
increment_80
[-8.72557939e+07  -1.09682651e+08  -1.41102158e+08  -1.00173138e+08 
  -1.02722249e+08  -9.98163225e+07  -8.61796382e+07  -7.49918116e+07 
  -1.05413601e+08  -7.74885151e+07  -9.05789708e+07  -8.36083344e+07 
  -1.03019239e+08  -9.23659572e+07  -1.07953074e+08  -1.36316083e+08 
  -1.33065857e+08  -9.09817728e+07]
[  -7704867.6942996          665494.70858479  -22479007.68589291 
      9397118.82584472  -16228782.85339566    10765651.01311648 
      8591174.28801456      9103849.60749365    -3744460.92033339 
      8522515.95277482      9213714.44906423      5091719.32551846 
    11152432.9124929        5709196.19417654  -12994390.44404464 
  -15623582.66222014  -13602619.37352775    -1925658.10320439]
[  -2273341.62924794      5109625.54529403  -20903230.49095459 
      8435727.9825189      -9543211.03840523    11727063.0721018 
      4816946.69586063      8933986.7621179        3844499.31155606 
    12981374.52518474    10851905.27876353    12142144.02426644 
    21016312.50998379    17756370.11382058    -1047721.14109198 
    -3623964.27927928  -13104614.94584608    -9849602.2412227  ]
[  -7704867.6942996          665494.70858479  -22479007.68589291 
      9397118.82584472  -16228782.85339566    10765651.01311648 
      8591174.28801456      9103849.60749365    -3744460.92033339 
      8522515.95277482      9213714.44906423      5091719.32551846 
    11152432.9124929        5709196.19417654  -12994390.44404464 
  -15623582.66222014  -13602619.37352775    -1925658.10320439]
[  -5360835.06305351  -26883886.40461244  -29487055.29694835 
  -12613825.53958096    -9057016.62692357  -26826683.10787269 
      7153906.05738927      3255675.6360585    -26607155.8369773 
    10672541.54329826  -12798564.36054163  -11771924.26978337 
  -15443729.46838065  -14399786.62262482  -16740178.61182497 
  -45156221.79994079  -32972269.41937656  -21896871.42468318]
[-30343259.61864621    19720262.8330116      -1444936.47471549 
      7263144.41799655  -29183509.12950238    -2369067.89176647 
      6448454.12756895  -17908934.05293618  -29324694.50879254 
    13412610.93478741  -20354459.30201255      4338873.76835803 
      5301866.63821926    -9282403.67356659  -11337495.75569418 
    16720250.90659048    -3263863.11203717    16961614.6728466  ]
[  -2273341.62924794      5109625.54529403  -20903230.49095459 
      8435727.9825189      -9543211.03840523    11727063.0721018 
      4816946.69586063      8933986.7621179        3844499.31155606 
    12981374.52518474    10851905.27876353    12142144.02426644 
    21016312.50998379    17756370.11382058    -1047721.14109198 
    -3623964.27927928  -13104614.94584608    -9849602.2412227  ]
[-30343259.61864621    19720262.8330116      -1444936.47471549 
      7263144.41799655  -29183509.12950238    -2369067.89176647 
      6448454.12756895  -17908934.05293618  -29324694.50879254 
    13412610.93478741  -20354459.30201255      4338873.76835803 
      5301866.63821926    -9282403.67356659  -11337495.75569418 
    16720250.90659048    -3263863.11203717    16961614.6728466  ]
[-1.05525331e+08  -1.18444789e+08  -1.14033092e+08  -1.10458695e+08 
  -1.09059800e+08  -1.27066708e+08  -8.79769289e+07  -1.07847142e+08 
  -1.38851022e+08  -7.67773653e+07  -1.27269763e+08  -1.08372895e+08 
  -8.34655056e+07  -1.12884015e+08  -1.11645381e+08  -1.22007552e+08 
  -1.23390464e+08  -1.12950994e+08]
increment_90
[-9.20843207e+07  -1.13446291e+08  -1.40316203e+08  -9.74616619e+07 
  -1.03915471e+08  -1.04601021e+08  -8.86769812e+07  -7.34648902e+07 
  -1.04257157e+08  -7.85063201e+07  -9.39503145e+07  -8.35002215e+07 
  -1.06593695e+08  -8.94918564e+07  -1.08048160e+08  -1.35660957e+08 
  -1.34134416e+08  -9.60115069e+07]
[  -8635641.58782311        313633.21022125  -20262363.01964957 
    11069935.20086588  -15066646.60449359    11924543.4732425 
      8969207.27705761    11991713.03467839      -678375.15699844 
      9025561.01302226      9431567.1484162        4726669.10135151 
    12024469.068644          6118216.8988823      -9255597.08210507 
  -14253776.47805526  -12738825.43190983    -3073059.56823939]
[  -3457773.54054155      5405966.02512774  -19091573.98010007 
      9742926.15782923    -8262497.34958529    10242465.99273218 
      5063996.14715959    11341722.22371301      6920776.28070208 
    14431719.33655612    11148792.50572736    11282079.26189373 
    19572677.94968063    16866519.94577717        758877.59142344 
    -2975316.13898648  -13293801.73150374    -7789665.39197842]
[  -8635641.58782311        313633.21022125  -20262363.01964957 
    11069935.20086588  -15066646.60449359    11924543.4732425 
      8969207.27705761    11991713.03467839      -678375.15699844 
      9025561.01302226      9431567.1484162        4726669.10135151 
    12024469.068644          6118216.8988823      -9255597.08210507 
  -14253776.47805526  -12738825.43190983    -3073059.56823939]
[  -7559658.68277672  -30330708.29581115  -28826746.49470266 
  -10156531.88331146    -9263362.76939212  -26999984.55029044 
      5254408.20409929      4384032.85227129  -26552191.16697324 
    10230705.54117665  -14675527.85251687    -7866176.19234172 
  -17624563.54787847    -9768295.22490958  -16977123.60721505 
  -43173697.78202219  -32115322.69232097  -22218143.08150367]
[-28114757.96343293    21339516.43197873      -469514.99333202 
      4166874.411791      -25834889.00231972    -1557277.38745596 
      5154987.89999763  -17213932.09889652  -25101749.55330358 
    10808529.47291262  -20020709.62323005      8125629.02713749 
      5596384.62876768  -10003860.20470053    -8345233.71522117 
    17631284.32940957      -309004.65170924    17785572.09017373]
[  -3457773.54054155      5405966.02512774  -19091573.98010007 
      9742926.15782923    -8262497.34958529    10242465.99273218 
      5063996.14715959    11341722.22371301      6920776.28070208 
    14431719.33655612    11148792.50572736    11282079.26189373 
    19572677.94968063    16866519.94577717        758877.59142344 
    -2975316.13898648  -13293801.73150374    -7789665.39197842]
[-28114757.96343293    21339516.43197873      -469514.99333202 
      4166874.411791      -25834889.00231972    -1557277.38745596 
      5154987.89999763  -17213932.09889652  -25101749.55330358 
    10808529.47291262  -20020709.62323005      8125629.02713749 
      5596384.62876768  -10003860.20470053    -8345233.71522117 
    17631284.32940957      -309004.65170924    17785572.09017373]
[-1.07246925e+08  -1.23247864e+08  -1.15937339e+08  -1.11724845e+08 
  -1.09888965e+08  -1.28777946e+08  -9.26859171e+07  -1.09085647e+08 
  -1.40321899e+08  -7.88275458e+07  -1.30857128e+08  -1.04912080e+08 
  -9.11912694e+07  -1.13164836e+08  -1.15509808e+08  -1.22089067e+08 
  -1.23748710e+08  -1.14603417e+08]
increment_100
[-9.70548487e+07  -1.17130571e+08  -1.38912058e+08  -9.51533427e+07 
  -1.05306307e+08  -1.09446033e+08  -9.12545151e+07  -7.30907462e+07 
  -1.03519520e+08  -7.99198292e+07  -9.84018165e+07  -8.34917032e+07 
  -1.09140605e+08  -8.60654031e+07  -1.08252570e+08  -1.34580777e+08 
  -1.33769847e+08  -1.01219061e+08]
[  -9062257.18158713      -203828.90582794  -17500920.89037894 
    12541516.41786744  -13625891.31238538    12617976.56844979 
      9180526.01501089    14558913.04825531      3664361.49122697 
      9374944.80796803      9752010.08241545      4399370.68858173 
    13017573.36645669      6864770.12044718    -4757927.38875556 
  -13054080.6597738    -11938544.35377525    -5107362.92935567]
[  -4725901.46709649      5802656.11668459  -16779921.21111658 
    10698326.14691795    -6948312.11673553      8957164.83674079 
      5111017.8843796      13554074.02233704    10384428.63307354 
    16053094.89925372    11453909.87187493      9979467.41645628 
    18119985.60973409    16114880.78131871      3169104.52036432 
    -1940287.62277613  -13135126.14734672    -5131005.40519948]
[  -9062257.18158713      -203828.90582794  -17500920.89037894 
    12541516.41786744  -13625891.31238538    12617976.56844979 
      9180526.01501089    14558913.04825531      3664361.49122697 
      9374944.80796803      9752010.08241545      4399370.68858173 
    13017573.36645669      6864770.12044718    -4757927.38875556 
  -13054080.6597738    -11938544.35377525    -5107362.92935567]
[  -9322808.18222968  -34204904.30831657  -27768736.57164769 
    -7923914.80434625    -9431465.13702903  -27888136.06863654 
      3585488.90214018      4267162.62978181  -26590189.73752444 
      9743179.24775415  -17712299.20162746    -3840022.37260808 
  -19070653.94804263    -5176001.09524194  -17948378.45394633 
  -41614895.39847        -30724857.36544879  -23599099.90758865]
[-25095135.72093948    22934386.72677619      1235637.91997756 
      1454790.39847184  -21941247.02752282          42237.18363968 
      4372159.31071099  -16682269.27934907  -19367958.90650459 
      8480057.32674336  -19733283.39470628    11140051.16757977 
      5650445.51075565  -10875379.14147699    -5435586.84591418 
    19302880.91310963      1999599.49302482    19649244.69140854]
[  -4725901.46709649      5802656.11668459  -16779921.21111658 
    10698326.14691795    -6948312.11673553      8957164.83674079 
      5111017.8843796      13554074.02233704    10384428.63307354 
    16053094.89925372    11453909.87187493      9979467.41645628 
    18119985.60973409    16114880.78131871      3169104.52036432 
    -1940287.62277613  -13135126.14734672    -5131005.40519948]
[-25095135.72093948    22934386.72677619      1235637.91997756 
      1454790.39847184  -21941247.02752282          42237.18363968 
      4372159.31071099  -16682269.27934907  -19367958.90650459 
      8480057.32674336  -19733283.39470628    11140051.16757977 
      5650445.51075565  -10875379.14147699    -5435586.84591418 
    19302880.91310963      1999599.49302482    19649244.69140854]
[-1.08829412e+08  -1.28450843e+08  -1.17614664e+08  -1.13105490e+08 
  -1.10558646e+08  -1.30950842e+08  -9.66945135e+07  -1.11377391e+08 
  -1.41712487e+08  -7.94283303e+07  -1.35614915e+08  -1.01836844e+08 
  -9.84543849e+07  -1.13949048e+08  -1.20310621e+08  -1.22520214e+08 
  -1.23797014e+08  -1.16736659e+08]
increment_110
[-1.02100416e+08  -1.20734494e+08  -1.37372382e+08  -9.35716607e+07 
  -1.07179582e+08  -1.13861007e+08  -9.44596285e+07  -7.42575999e+07 
  -1.03685315e+08  -8.09254735e+07  -1.03164371e+08  -8.36933220e+07 
  -1.11092388e+08  -8.20738283e+07  -1.07988952e+08  -1.33896696e+08 
  -1.32583208e+08  -1.06454222e+08]
[  -9483707.01618353      -873777.7904667    -14701602.79813368 
    13685316.59030046  -11721543.9636392      12884085.02414692 
      9070656.1347456      16215365.05696763      8825824.09600529 
      9637300.01856109    10602759.49821153      4521445.51009178 
    14024964.80388938      7619713.48381876        188049.4276642 
  -11948289.34211438  -11104273.38206721    -8085784.10782728]
[  -6111408.56894324      6240083.65119474  -14281894.48487407 
    11195295.88719854    -5454863.77381602      7710026.28133541 
      4830312.55767287    15112018.69088265    13698105.19204849 
    17943051.93619319    11993949.49721177      8117168.98841259 
    16791450.33810985    15351720.31667954      6188408.09415663 
      -586186.71233674  -12622435.44926455    -2277890.95157113]
[  -9483707.01618353      -873777.7904667    -14701602.79813368 
    13685316.59030046  -11721543.9636392      12884085.02414692 
      9070656.1347456      16215365.05696763      8825824.09600529 
      9637300.01856109    10602759.49821153      4521445.51009178 
    14024964.80388938      7619713.48381876        188049.4276642 
  -11948289.34211438  -11104273.38206721    -8085784.10782728]
[-11162257.45389374  -38196996.63013103  -26673571.67065493 
    -6030250.9644406      -9987827.36955943  -28815389.1513232 
      1882482.88412624      2715241.11726303  -26599797.43948664 
      9477525.60847366  -21408000.62482401        441782.11643482 
  -20287519.80853713      -296555.03469402  -19278970.60654398 
  -40784890.05369709  -29196362.97262931  -25659880.40510138]
[-21893295.19532628    24539337.93243584      3520137.78803095 
      -556315.685082      -17927116.35388052      2345576.72647791 
      4505189.13013829  -16785230.83016246  -12383620.71575748 
      6045957.02144519  -19285087.45668872    12759727.67432394 
      5359529.93150803  -12112155.86977847    -3264629.7345625 
    21334456.47286624      3960651.24704452    22046656.78918511]
[  -6111408.56894324      6240083.65119474  -14281894.48487407 
    11195295.88719854    -5454863.77381602      7710026.28133541 
      4830312.55767287    15112018.69088265    13698105.19204849 
    17943051.93619319    11993949.49721177      8117168.98841259 
    16791450.33810985    15351720.31667954      6188408.09415663 
      -586186.71233674  -12622435.44926455    -2277890.95157113]
[-21893295.19532628    24539337.93243584      3520137.78803095 
      -556315.685082      -17927116.35388052      2345576.72647791 
      4505189.13013829  -16785230.83016246  -12383620.71575748 
      6045957.02144519  -19285087.45668872    12759727.67432394 
      5359529.93150803  -12112155.86977847    -3264629.7345625 
    21334456.47286624      3960651.24704452    22046656.78918511]
[-1.10793985e+08  -1.33718280e+08  -1.19254515e+08  -1.14456829e+08 
  -1.11769251e+08  -1.33106077e+08  -9.98440278e+07  -1.14710664e+08 
  -1.42805969e+08  -7.90121382e+07  -1.41253721e+08  -9.93020841e+07 
  -1.05618490e+08  -1.14548468e+08  -1.25906380e+08  -1.23509606e+08 
  -1.23841158e+08  -1.19148878e+08]
increment_120
[-1.06615530e+08  -1.23904248e+08  -1.37021866e+08  -9.33720132e+07 
  -1.10123754e+08  -1.17310108e+08  -9.79027353e+07  -7.74501196e+07 
  -1.05408612e+08  -8.11527170e+07  -1.06681422e+08  -8.44607154e+07 
  -1.13587977e+08  -7.92657651e+07  -1.07368942e+08  -1.34131350e+08 
  -1.31531325e+08  -1.11059456e+08]
[-10245603.75240713    -1271743.15483483  -13020302.92066386 
    14244785.96743058  -10612670.1256318      13031101.95091836 
      8798946.73049607    16787377.26974851    11444749.22529633 
      9860391.48712859    12528421.98884182      5667512.78535134 
    14910633.39824066      7930399.93424385      4506209.6992754 
  -11433988.57163957  -10366426.20577263  -11058562.15258525]
[  -7328427.39917245      6758204.2922123    -12463519.12884954 
    11121473.66751939    -4493418.88581464      6815311.10158782 
      4358182.75051328    15866419.0709428      15176074.05347666 
    19858765.17712248    12969221.05051591      6293342.29355614 
    15255466.75874453    14840398.6496528        9097738.66163743 
        531688.22873279  -12098188.19000329        159415.76042294]
[-10245603.75240713    -1271743.15483483  -13020302.92066386 
    14244785.96743058  -10612670.1256318      13031101.95091836 
      8798946.73049607    16787377.26974851    11444749.22529633 
      9860391.48712859    12528421.98884182      5667512.78535134 
    14910633.39824066      7930399.93424385      4506209.6992754 
  -11433988.57163957  -10366426.20577263  -11058562.15258525]
[-13240403.63612609  -41288442.87483688  -26531548.28615331 
    -4795806.01698685  -11692225.89794704  -29389037.03338601 
        435117.43208063      -195748.2700536    -27353309.95266877 
      9434632.28678825  -24348834.70602452      4207746.85182573 
  -21860906.84194676      3433277.40892519  -20396790.13924816 
  -40823587.84309177  -28362919.9251065    -27985293.45295267]
[-19491254.12290727    25731314.39998172      5416412.05254415 
    -1150474.83791825  -15626192.7254868        4196578.78251271 
      5759184.36930373  -16714786.53429773    -7891179.39541943 
      3228138.27199772  -17349435.19231198    12571138.83723881 
      5497966.39189918  -13321339.06883897    -1659681.76582741 
    23017199.20308466      5324896.53561257    24231255.65335079]
[  -7328427.39917245      6758204.2922123    -12463519.12884954 
    11121473.66751939    -4493418.88581464      6815311.10158782 
      4358182.75051328    15866419.0709428      15176074.05347666 
    19858765.17712248    12969221.05051591      6293342.29355614 
    15255466.75874453    14840398.6496528        9097738.66163743 
        531688.22873279  -12098188.19000329        159415.76042294]
[-19491254.12290727    25731314.39998172      5416412.05254415 
    -1150474.83791825  -15626192.7254868        4196578.78251271 
      5759184.36930373  -16714786.53429773    -7891179.39541943 
      3228138.27199772  -17349435.19231198    12571138.83723881 
      5497966.39189918  -13321339.06883897    -1659681.76582741 
    23017199.20308466      5324896.53561257    24231255.65335079]
[-1.13173430e+08  -1.38282161e+08  -1.21423662e+08  -1.15586360e+08 
  -1.14457406e+08  -1.35003018e+08  -1.01869474e+08  -1.18637709e+08 
  -1.44152450e+08  -7.89720679e+07  -1.46147611e+08  -9.81071222e+07 
  -1.13058833e+08  -1.14783551e+08  -1.30875266e+08  -1.25106324e+08 
  -1.24681222e+08  -1.21947537e+08]
