inc
sigma_11
sigma_12
sigma_13
sigma_21
sigma_22
sigma_23
sigma_31
sigma_32
sigma_33
increment_0
[5.45461905e-05  5.45461905e-05  5.45461905e-05  5.45461905e-05 
  5.45461905e-05  5.45461905e-05  5.45461905e-05  5.45461905e-05 
  5.45461905e-05  5.45461905e-05  5.45461905e-05  5.45461905e-05 
  5.45461905e-05]
[-5.32919965e-06  -5.32919965e-06  -5.32919965e-06  -5.32919965e-06 
  -5.32919965e-06  -5.32919965e-06  -5.32919965e-06  -5.32919965e-06 
  -5.32919965e-06  -5.32919965e-06  -5.32919965e-06  -5.32919965e-06 
  -5.32919965e-06]
[-9.98761557e-08  -9.98761557e-08  -9.98761557e-08  -9.98761557e-08 
  -9.98761557e-08  -9.98761557e-08  -9.98761557e-08  -9.98761557e-08 
  -9.98761557e-08  -9.98761557e-08  -9.98761557e-08  -9.98761557e-08 
  -9.98761557e-08]
[-5.32919965e-06  -5.32919965e-06  -5.32919965e-06  -5.32919965e-06 
  -5.32919965e-06  -5.32919965e-06  -5.32919965e-06  -5.32919965e-06 
  -5.32919965e-06  -5.32919965e-06  -5.32919965e-06  -5.32919965e-06 
  -5.32919965e-06]
[4.22577143e-05  4.22577143e-05  4.22577143e-05  4.22577143e-05 
  4.22577143e-05  4.22577143e-05  4.22577143e-05  4.22577143e-05 
  4.22577143e-05  4.22577143e-05  4.22577143e-05  4.22577143e-05 
  4.22577143e-05]
[-3.75864097e-06  -3.75864097e-06  -3.75864097e-06  -3.75864097e-06 
  -3.75864097e-06  -3.75864097e-06  -3.75864097e-06  -3.75864097e-06 
  -3.75864097e-06  -3.75864097e-06  -3.75864097e-06  -3.75864097e-06 
  -3.75864097e-06]
[-9.98761557e-08  -9.98761557e-08  -9.98761557e-08  -9.98761557e-08 
  -9.98761557e-08  -9.98761557e-08  -9.98761557e-08  -9.98761557e-08 
  -9.98761557e-08  -9.98761557e-08  -9.98761557e-08  -9.98761557e-08 
  -9.98761557e-08]
[-3.75864097e-06  -3.75864097e-06  -3.75864097e-06  -3.75864097e-06 
  -3.75864097e-06  -3.75864097e-06  -3.75864097e-06  -3.75864097e-06 
  -3.75864097e-06  -3.75864097e-06  -3.75864097e-06  -3.75864097e-06 
  -3.75864097e-06]
[5.47881674e-05  5.47881674e-05  5.47881674e-05  5.47881674e-05 
  5.47881674e-05  5.47881674e-05  5.47881674e-05  5.47881674e-05 
  5.47881674e-05  5.47881674e-05  5.47881674e-05  5.47881674e-05 
  5.47881674e-05]
increment_10
[-8.79630564e+07  -9.94516749e+07  -1.18434940e+08  -1.10469160e+08 
  -1.31457258e+08  -1.36366589e+08  -1.63765484e+08  -1.60090151e+08 
  -1.42196286e+08  -1.40697191e+08  -1.73706487e+08  -1.80849823e+08 
  -1.48896811e+08]
[  16827242.26987006    25493968.65010477      5747018.50580288 
    17309980.95159251      6948219.76287415      5488285.15193616 
    -6945861.45697032  -19363957.93016505    -9625621.19869218 
  -13835057.42229789  -26234770.53024599  -41374805.51044638 
  -30656177.16325645]
[    195271.82205013  -2637518.57076106  -5225153.95598736    7570956.47911723 
    3579750.69092918  12102346.49598762    8283904.06685583    1745214.92639127 
    -874418.12483365  -4244995.80281232    1437331.51439704    -655045.29916995 
    4163268.70207716]
[  16827242.26987006    25493968.65010477      5747018.50580288 
    17309980.95159251      6948219.76287415      5488285.15193616 
    -6945861.45697032  -19363957.93016505    -9625621.19869218 
  -13835057.42229789  -26234770.53024599  -41374805.51044638 
  -30656177.16325645]
[-14799026.29109615  -34593578.49725671  -49322420.67325213 
  -26444027.18244247  -33215916.41703181  -38451403.39809789 
  -49417472.16556533  -37092093.43826429  -24051888.00029784 
  -29015144.05951755  -51562444.96844732  -70045969.49559034 
  -28075126.79432639]
[    -102696.40909016    -1827191.4452786    -17927857.94841829 
      1504920.84624089    -3769479.89995037      9024470.7396711 
    -1538981.91240844    -7091933.23575663    -1883535.18621195 
  -15069897.45072857    18205148.66975063      2901190.75233151 
    -3925945.49554311]
[    195271.82205013  -2637518.57076106  -5225153.95598736    7570956.47911723 
    3579750.69092918  12102346.49598762    8283904.06685583    1745214.92639127 
    -874418.12483365  -4244995.80281232    1437331.51439704    -655045.29916995 
    4163268.70207716]
[    -102696.40909016    -1827191.4452786    -17927857.94841829 
      1504920.84624089    -3769479.89995037      9024470.7396711 
    -1538981.91240844    -7091933.23575663    -1883535.18621195 
  -15069897.45072857    18205148.66975063      2901190.75233151 
    -3925945.49554311]
[-9.48225980e+07  -1.15699894e+08  -1.33409821e+08  -1.02649963e+08 
  -1.07314130e+08  -1.11378222e+08  -1.22919452e+08  -1.10061977e+08 
  -8.18282334e+07  -1.02288465e+08  -9.87582981e+07  -1.41515361e+08 
  -1.01721780e+08]
increment_20
[-8.92437425e+07  -1.00957859e+08  -1.18628979e+08  -1.08680429e+08 
  -1.28634588e+08  -1.38301061e+08  -1.67802230e+08  -1.62636310e+08 
  -1.46656225e+08  -1.43306779e+08  -1.76057348e+08  -1.83888349e+08 
  -1.49552963e+08]
[  17614637.53736648    26973238.46677423      5740271.82902944 
    19462186.62257667    10095852.06447942      5070743.29422463 
    -8230554.58835765  -21135856.99431361  -10837499.06632654 
  -15130499.24549118  -29279430.06443716  -43762730.48907638 
  -33120675.84757642]
[  -421287.71209302  -1986238.82451796  -6949092.27057116    6785578.47313271 
    3687146.45807424  11476483.86073205    7097605.16155219    -153292.50238039 
      547840.6728078    -3692661.30246956    2430781.97688739    -336064.43272977 
    2199786.324267    ]
[  17614637.53736648    26973238.46677423      5740271.82902944 
    19462186.62257667    10095852.06447942      5070743.29422463 
    -8230554.58835765  -21135856.99431361  -10837499.06632654 
  -15130499.24549118  -29279430.06443716  -43762730.48907638 
  -33120675.84757642]
[-15505596.73510584  -34526778.80975579  -51227602.75557873 
  -25542185.35859627  -32803890.84032498  -38498750.85323589 
  -52204508.28795662  -36436086.76815063  -26468270.01791108 
  -30378093.56915545  -51555246.952144      -70629673.83845052 
  -26130525.40394234]
[    -957626.37777032      -667972.13631771  -20032300.17205714 
      1161826.71936309    -3429233.87795126    10074482.13064196 
    -2899339.35180175    -8734783.3055919      -1133816.21039756 
  -15142779.72474507    19925396.64972093      4763462.80779972 
    -5368220.54102326]
[  -421287.71209302  -1986238.82451796  -6949092.27057116    6785578.47313271 
    3687146.45807424  11476483.86073205    7097605.16155219    -153292.50238039 
      547840.6728078    -3692661.30246956    2430781.97688739    -336064.43272977 
    2199786.324267    ]
[    -957626.37777032      -667972.13631771  -20032300.17205714 
      1161826.71936309    -3429233.87795126    10074482.13064196 
    -2899339.35180175    -8734783.3055919      -1133816.21039756 
  -15142779.72474507    19925396.64972093      4763462.80779972 
    -5368220.54102326]
[-9.78070902e+07  -1.17516354e+08  -1.38464324e+08  -1.04340483e+08 
  -1.09798953e+08  -1.12851340e+08  -1.27936836e+08  -1.11953940e+08 
  -8.55933750e+07  -1.04372310e+08  -9.99158830e+07  -1.42582330e+08 
  -1.02846393e+08]
increment_30
[-8.96638913e+07  -1.02122053e+08  -1.18611426e+08  -1.06152345e+08 
  -1.24203154e+08  -1.39613188e+08  -1.70736752e+08  -1.63545666e+08 
  -1.51046110e+08  -1.45794398e+08  -1.75997262e+08  -1.85007680e+08 
  -1.49097304e+08]
[  18741907.21745019    27907590.91662563      4921584.65085024 
    21294248.58821907    13480632.80648331      4455070.69992287 
    -9809856.8996117    -23304035.53003616  -12212581.65580989 
  -15892640.76433489  -30292865.13529741  -45562542.64746411 
  -33479482.2535219  ]
[-1633648.78020073  -1757363.33844453  -8040037.05890707    5999657.16443335 
    2906183.09776939  10817206.10155192    5846901.21856604  -2977847.53704948 
    2308678.32852076  -2762011.22992754    4225492.56458968    -266279.15111561 
      783922.36618731]
[  18741907.21745019    27907590.91662563      4921584.65085024 
    21294248.58821907    13480632.80648331      4455070.69992287 
    -9809856.8996117    -23304035.53003616  -12212581.65580989 
  -15892640.76433489  -30292865.13529741  -45562542.64746411 
  -33479482.2535219  ]
[-16157941.04498841  -34003643.91444433  -52696942.38405081 
  -23550437.72869815  -31508598.90480935  -38780274.49333909 
  -54187857.29329305  -34892638.25628997  -29228002.01771973 
  -31774696.77449455  -49201900.78648167  -71226590.59629561 
  -23051657.06654219]
[  -2498567.66246224      -223164.74892366  -22136081.1260279 
        591626.22702865    -3801102.82267034    11229898.49045191 
    -4483071.29616109  -11549822.36336616      -940289.09369081 
  -14437686.47720788    20433280.87023084      6964280.0048048 
    -6754470.50375084]
[-1633648.78020073  -1757363.33844453  -8040037.05890707    5999657.16443335 
    2906183.09776939  10817206.10155192    5846901.21856604  -2977847.53704948 
    2308678.32852076  -2762011.22992754    4225492.56458968    -266279.15111561 
      783922.36618731]
[  -2498567.66246224      -223164.74892366  -22136081.1260279 
        591626.22702865    -3801102.82267034    11229898.49045191 
    -4483071.29616109  -11549822.36336616      -940289.09369081 
  -14437686.47720788    20433280.87023084      6964280.0048048 
    -6754470.50375084]
[-1.01028849e+08  -1.19079659e+08  -1.42795090e+08  -1.04910228e+08 
  -1.11643290e+08  -1.14487942e+08  -1.32206113e+08  -1.12981296e+08 
  -9.08681264e+07  -1.06090484e+08  -1.00493385e+08  -1.43739674e+08 
  -1.02870124e+08]
increment_40
[-9.01477721e+07  -1.03617657e+08  -1.18735705e+08  -1.03160145e+08 
  -1.20074665e+08  -1.39588553e+08  -1.73089485e+08  -1.63878170e+08 
  -1.54956523e+08  -1.48099874e+08  -1.75046076e+08  -1.85142549e+08 
  -1.48142031e+08]
[  19709674.1124902      28405624.7848893        4086097.41634058 
    23010302.83781331    16516695.48743412      3926243.69381496 
  -11392848.75501316  -25127586.95766054  -13295118.22312087 
  -16745155.26922321  -30907370.28799469  -46945738.01544732 
  -32520468.48161976]
[-3275565.97870786  -1729445.29255543  -8922981.69086374    5209524.6472841 
    1743648.40483659  10357135.59224942    4342439.43248716  -5580246.27663911 
    4061057.94671131  -2112767.19600344    5673023.51704679      -62061.9480555 
      130254.89863278]
[  19709674.1124902      28405624.7848893        4086097.41634058 
    23010302.83781331    16516695.48743412      3926243.69381496 
  -11392848.75501316  -25127586.95766054  -13295118.22312087 
  -16745155.26922321  -30907370.28799469  -46945738.01544732 
  -32520468.48161976]
[-16803785.40565765  -33442235.77205548  -53997154.08974358 
  -21228556.17737627  -30114921.8054947    -38274476.00697758 
  -56248835.90324502  -33293935.22558878  -32226600.66638726 
  -33468902.74582953  -46755450.14403166  -71214604.63464607 
  -19749696.22263535]
[  -4479163.74085392      -101159.43569781  -23990313.8836306 
      -202994.77971088    -4506935.26338107    12600114.11300886 
    -6253873.01289364  -14703623.51101332      -592801.66347965 
  -13938547.91183151    21304436.1588658        9148667.96386497 
    -8038093.69516094]
[-3275565.97870786  -1729445.29255543  -8922981.69086374    5209524.6472841 
    1743648.40483659  10357135.59224942    4342439.43248716  -5580246.27663911 
    4061057.94671131  -2112767.19600344    5673023.51704679      -62061.9480555 
      130254.89863278]
[  -4479163.74085392      -101159.43569781  -23990313.8836306 
      -202994.77971088    -4506935.26338107    12600114.11300886 
    -6253873.01289364  -14703623.51101332      -592801.66347965 
  -13938547.91183151    21304436.1588658        9148667.96386497 
    -8038093.69516094]
[-1.04306114e+08  -1.20659084e+08  -1.46747980e+08  -1.05143513e+08 
  -1.13421943e+08  -1.15172127e+08  -1.36679238e+08  -1.13985861e+08 
  -9.62206287e+07  -1.08049157e+08  -1.00280505e+08  -1.44442367e+08 
  -1.02618676e+08]
increment_50
[-9.16029013e+07  -1.05055260e+08  -1.19320252e+08  -1.00111704e+08 
  -1.17208220e+08  -1.37067369e+08  -1.74669094e+08  -1.64127620e+08 
  -1.58001474e+08  -1.49440865e+08  -1.74222431e+08  -1.84539672e+08 
  -1.46870624e+08]
[  19917536.82909329    28530000.31454433      3221115.29957815 
    24288110.50730038    18901865.51556446      4190188.99962548 
  -12281451.54944165  -26414822.29732363  -13806495.04862782 
  -17202996.5174868    -31281525.62042246  -48038328.90081912 
  -31053877.72201738]
[  -5046035.85481018    -1929770.12976806  -10646101.11702413 
      4418738.13304675        744055.09531413      9938495.53518061 
      2431601.31559101    -7722669.89321279      5453192.0333753 
    -1629276.09046432      5738951.67949518        469677.9007637 
        371660.27761475]
[  19917536.82909329    28530000.31454433      3221115.29957815 
    24288110.50730038    18901865.51556446      4190188.99962548 
  -12281451.54944165  -26414822.29732363  -13806495.04862782 
  -17202996.5174868    -31281525.62042246  -48038328.90081912 
  -31053877.72201738]
[-17574781.55165491  -32427754.38325056  -54700729.46468675 
  -18696776.72240999  -28905490.17489281  -35895814.45684324 
  -58903168.22797617  -32032924.75858751  -35532998.80841237 
  -34927868.4015247    -45598240.49479762  -69992135.64712355 
  -16830643.32302711]
[  -6868091.15699591      -234704.99433385  -26096157.38929691 
    -1322072.35777845    -5186136.68624329    13729463.84104239 
    -8066424.47839179  -17824310.08803599      -359714.26663314 
  -13555697.29401108    23351500.49812687    10881281.13302331 
    -9223833.58567471]
[  -5046035.85481018    -1929770.12976806  -10646101.11702413 
      4418738.13304675        744055.09531413      9938495.53518061 
      2431601.31559101    -7722669.89321279      5453192.0333753 
    -1629276.09046432      5738951.67949518        469677.9007637 
        371660.27761475]
[  -6868091.15699591      -234704.99433385  -26096157.38929691 
    -1322072.35777845    -5186136.68624329    13729463.84104239 
    -8066424.47839179  -17824310.08803599      -359714.26663314 
  -13555697.29401108    23351500.49812687    10881281.13302331 
    -9223833.58567471]
[-1.07621953e+08  -1.21760868e+08  -1.50171497e+08  -1.05102092e+08 
  -1.15184853e+08  -1.14115379e+08  -1.41961807e+08  -1.15285563e+08 
  -1.01908329e+08  -1.09950536e+08  -9.88270265e+07  -1.44231772e+08 
  -1.02566286e+08]
increment_60
[-9.40750179e+07  -1.06407928e+08  -1.20197320e+08  -9.75613379e+07 
  -1.15751480e+08  -1.33096635e+08  -1.75261951e+08  -1.63872793e+08 
  -1.59428113e+08  -1.49137504e+08  -1.74041316e+08  -1.83217307e+08 
  -1.45710713e+08]
[  19380405.56624975    28500632.61921438      2097234.16134103 
    24889069.59052925    20651807.31060498      4781869.49750559 
  -11740179.53463976  -27029966.35035738  -13177889.44411419 
  -16546073.56155584  -31103448.65327045  -48797704.77389053 
  -29840178.98978613]
[  -6840572.62910397    -2249755.04574546  -12775195.70034547 
      3598606.2462587          138287.62673606      9525059.21170833 
        441457.87330362    -9260174.38512909      6040177.20648574 
      -983712.23069141      4568518.58954918      1197530.33556605 
        921770.343534    ]
[  19380405.56624975    28500632.61921438      2097234.16134103 
    24889069.59052925    20651807.31060498      4781869.49750559 
  -11740179.53463976  -27029966.35035738  -13177889.44411419 
  -16546073.56155584  -31103448.65327045  -48797704.77389053 
  -29840178.98978613]
[-18652189.60115418  -31281378.15597115  -54954243.57420979 
  -16158978.4450576    -28021964.79023342  -32194144.85208233 
  -61949421.34430305  -30673555.51735598  -38942710.95000871 
  -35360951.7864859    -46068343.33404057  -67443151.93085752 
  -14905629.68667099]
[  -9356032.1176708        -360840.13059364  -28308437.0477131 
    -2664906.66287345    -5613944.62508511    14204970.30715215 
    -9671546.11366628  -20734197.59725708      -608586.07004602 
  -12860541.12122408    26408408.34317325    11655027.62419182 
  -10683445.05689349]
[  -6840572.62910397    -2249755.04574546  -12775195.70034547 
      3598606.2462587          138287.62673606      9525059.21170833 
        441457.87330362    -9260174.38512909      6040177.20648574 
      -983712.23069141      4568518.58954918      1197530.33556605 
        921770.343534    ]
[  -9356032.1176708        -360840.13059364  -28308437.0477131 
    -2664906.66287345    -5613944.62508511    14204970.30715215 
    -9671546.11366628  -20734197.59725708      -608586.07004602 
  -12860541.12122408    26408408.34317325    11655027.62419182 
  -10683445.05689349]
[-1.11099387e+08  -1.22617070e+08  -1.53098254e+08  -1.04903916e+08 
  -1.17053605e+08  -1.12076002e+08  -1.47777567e+08  -1.16402214e+08 
  -1.08179790e+08  -1.11306085e+08  -9.72453895e+07  -1.43079204e+08 
  -1.03561245e+08]
increment_70
[-9.68190013e+07  -1.07957999e+08  -1.20801673e+08  -9.61462285e+07 
  -1.14961887e+08  -1.30024973e+08  -1.74928002e+08  -1.62413260e+08 
  -1.59144670e+08  -1.47035167e+08  -1.74678764e+08  -1.81758474e+08 
  -1.45030540e+08]
[  18359423.25228409    28518465.52457628        701834.89617332 
    24737393.84076862    22090545.38043464      4790542.57093216 
    -9538032.61774898  -26957372.30788274  -10961568.66400276 
  -14475612.69596519  -30271790.72188423  -49349458.45801166 
  -29546967.78173082]
[  -8677641.1167562      -2491717.20664987  -14171221.17702162 
      2693692.93876827      -152586.29559081      9239164.13615401 
    -1141936.91734325  -10201181.78186422      5583418.12236499 
        -99943.90217679      3100806.4108038        1860401.38861313 
        306586.57012735]
[  18359423.25228409    28518465.52457628        701834.89617332 
    24737393.84076862    22090545.38043464      4790542.57093216 
    -9538032.61774898  -26957372.30788274  -10961568.66400276 
  -14475612.69596519  -30271790.72188423  -49349458.45801166 
  -29546967.78173082]
[-19773131.38663036  -30636287.20999441  -54815557.76970401 
  -14132638.33737195  -27160635.66034564  -28428716.95165631 
  -64832588.09779149  -28533421.78170327  -42350278.7798798 
  -34300763.29973719  -47784560.82370876  -63596471.7760214 
  -13505907.85542019]
[-11769631.82572512      -179450.39356486  -30121296.34861988 
    -4165477.48919595    -5706512.87383575    13663801.74332929 
  -10850962.2802091    -23327513.24732665    -1679035.40442426 
  -11668051.71007016    29980168.59018195    10975327.57767507 
  -12427021.40427174]
[  -8677641.1167562      -2491717.20664987  -14171221.17702162 
      2693692.93876827      -152586.29559081      9239164.13615401 
    -1141936.91734325  -10201181.78186422      5583418.12236499 
        -99943.90217679      3100806.4108038        1860401.38861313 
        306586.57012735]
[-11769631.82572512      -179450.39356486  -30121296.34861988 
    -4165477.48919595    -5706512.87383575    13663801.74332929 
  -10850962.2802091    -23327513.24732665    -1679035.40442426 
  -11668051.71007016    29980168.59018195    10975327.57767507 
  -12427021.40427174]
[-1.14531752e+08  -1.23845944e+08  -1.55241258e+08  -1.05045581e+08 
  -1.18802766e+08  -1.10281932e+08  -1.53443711e+08  -1.16513758e+08 
  -1.15372220e+08  -1.11855360e+08  -9.72166250e+07  -1.40800773e+08 
  -1.05732170e+08]
increment_80
[-9.92944659e+07  -1.09883463e+08  -1.21391122e+08  -9.62150308e+07 
  -1.14282581e+08  -1.28695818e+08  -1.73635905e+08  -1.60154004e+08 
  -1.58071624e+08  -1.43629087e+08  -1.75706408e+08  -1.80296152e+08 
  -1.44823620e+08]
[  17222019.13279364    28610539.85035948      -675236.27933534 
    23965542.78603153    23479742.14309488      3986952.34518097 
    -6312275.41024187  -26488388.90657347    -7714667.86632992 
  -11137427.01395239  -28709052.22365315  -49670331.71188004 
  -29845809.07462658]
[-10565955.61913029    -2653428.53522074  -14756193.75058426 
      1451908.08443894      -210832.50667076      9027396.04961855 
    -2222142.31376578  -10762824.05838303      4237156.65602943 
        679489.22726731      1801807.07968121      2356074.16069121 
    -1794611.42189817]
[  17222019.13279364    28610539.85035948      -675236.27933534 
    23965542.78603153    23479742.14309488      3986952.34518097 
    -6312275.41024187  -26488388.90657347    -7714667.86632992 
  -11137427.01395239  -28709052.22365315  -49670331.71188004 
  -29845809.07462658]
[-20686352.97612631  -30669355.12423356  -54055337.45289217 
  -13046749.38327204  -26028884.29496411  -25488027.89774288 
  -66820729.9537606    -26177035.06681269  -45735297.9042283 
  -32133470.97778796  -49840911.43234874  -58675383.5735886 
  -11930902.73298728]
[-14059519.98165692        259943.47761872  -31198453.93923439 
    -5897046.72145038    -5432463.2351598      12436537.90082048 
  -11474892.76061476  -25575188.77849979    -3579911.54644138 
  -10178772.763336        33745277.04535128      8878917.93804282 
  -13886328.72826156]
[-10565955.61913029    -2653428.53522074  -14756193.75058426 
      1451908.08443894      -210832.50667076      9027396.04961855 
    -2222142.31376578  -10762824.05838303      4237156.65602943 
        679489.22726731      1801807.07968121      2356074.16069121 
    -1794611.42189817]
[-14059519.98165692        259943.47761872  -31198453.93923439 
    -5897046.72145038    -5432463.2351598      12436537.90082048 
  -11474892.76061476  -25575188.77849979    -3579911.54644138 
  -10178772.763336        33745277.04535128      8878917.93804282 
  -13886328.72826156]
[-1.17680949e+08  -1.25648256e+08  -1.56290815e+08  -1.06009878e+08 
  -1.20111933e+08  -1.09341972e+08  -1.58100713e+08  -1.16022997e+08 
  -1.23146706e+08  -1.11945383e+08  -9.87874056e+07  -1.37499866e+08 
  -1.08378097e+08]
increment_90
[-1.01497715e+08  -1.12080467e+08  -1.22122247e+08  -9.77974065e+07 
  -1.13771611e+08  -1.29123693e+08  -1.71929554e+08  -1.57764832e+08 
  -1.57046344e+08  -1.39872991e+08  -1.76470778e+08  -1.78341601e+08 
  -1.44535474e+08]
[  16075860.43749538    28634881.33826544    -1991714.13071151 
    22541144.26010997    24596508.2808002        2246392.33762523 
    -3253948.91712956  -26033502.53716388    -4445816.15864645 
    -7210779.40957455  -26972115.26922369  -49428062.72489786 
  -29987814.8306536  ]
[-12460698.61504557    -2813209.99894718  -14743727.82734534 
      -112992.1956057          -74637.4820561        8847931.20957241 
    -2960737.06766998  -11072514.34450668      2468886.55100974 
      1070388.824586            619584.15876834      2565803.68346771 
    -4628053.14115299]
[  16075860.43749538    28634881.33826544    -1991714.13071151 
    22541144.26010997    24596508.2808002        2246392.33762523 
    -3253948.91712956  -26033502.53716388    -4445816.15864645 
    -7210779.40957455  -26972115.26922369  -49428062.72489786 
  -29987814.8306536  ]
[-21436955.68921734  -31146288.45258794  -52437863.10589706 
  -13091269.87024259  -24665702.97699835  -24044882.83779895 
  -67649357.1145038    -24419020.65369651  -48830542.73889571 
  -29650428.19458922  -51545911.89149842  -53593445.88528486 
    -9767373.60065356]
[-16246753.57701742        726631.06259567  -31556573.91000667 
    -7914613.41937415    -4967110.93064937    11149910.85732381 
  -11743462.57578586  -27459954.2992197      -5977409.57437271 
    -8837915.41971989    37792510.72705165      6111761.80500654 
  -14861170.55439506]
[-12460698.61504557    -2813209.99894718  -14743727.82734534 
      -112992.1956057          -74637.4820561        8847931.20957241 
    -2960737.06766998  -11072514.34450668      2468886.55100974 
      1070388.824586            619584.15876834      2565803.68346771 
    -4628053.14115299]
[-16246753.57701742        726631.06259567  -31556573.91000667 
    -7914613.41937415    -4967110.93064937    11149910.85732381 
  -11743462.57578586  -27459954.2992197      -5977409.57437271 
    -8837915.41971989    37792510.72705165      6111761.80500654 
  -14861170.55439506]
[-1.20580094e+08  -1.27856876e+08  -1.56088769e+08  -1.08046639e+08 
  -1.20999248e+08  -1.09660379e+08  -1.61380448e+08  -1.15735180e+08 
  -1.30834344e+08  -1.12224633e+08  -1.01213727e+08  -1.34082002e+08 
  -1.10661181e+08]
increment_100
[-1.04103617e+08  -1.14213872e+08  -1.22812362e+08  -1.00733422e+08 
  -1.13353605e+08  -1.30649207e+08  -1.69889930e+08  -1.55103320e+08 
  -1.56097446e+08  -1.36735100e+08  -1.76599618e+08  -1.76173232e+08 
  -1.44205097e+08]
[  14583818.21724221    28543021.64382197    -3453814.02603423 
    20210682.94464128    25186995.96763958        -65742.68473038 
      -889761.09901038  -25736287.96781847    -1852843.53039377 
    -4076000.23172223  -25229105.5296847    -48525502.24372038 
  -29545830.17121202]
[-14378087.56807036    -2972826.34135008  -14455245.69200562 
    -1850806.60447585          66335.58051145      8540571.26817013 
    -3574661.04253552  -11326454.29728025        473081.20440084 
        980783.07488318      -614530.34819937      2438105.52829475 
    -7678452.97536033]
[  14583818.21724221    28543021.64382197    -3453814.02603423 
    20210682.94464128    25186995.96763958        -65742.68473038 
      -889761.09901038  -25736287.96781847    -1852843.53039377 
    -4076000.23172223  -25229105.5296847    -48525502.24372038 
  -29545830.17121202]
[-22423970.77271804  -31447100.65130197  -50358121.67499592 
  -13907121.41246839  -23147803.7743145    -24118856.54793292 
  -67384250.19674209  -23312732.22707902  -51249226.95969609 
  -27644863.91512694  -52419877.73393247  -49378184.51926156 
    -7135105.13847144]
[-18515441.49205665      1018488.61358789  -31687082.88634595 
  -10194050.26114359    -4689415.11669952    10091392.3862309 
  -12010523.31500212  -29227504.13404222    -8664830.41110595 
    -8412930.41343017    41908600.31515422      2989990.0618269 
  -15437610.38266547]
[-14378087.56807036    -2972826.34135008  -14455245.69200562 
    -1850806.60447585          66335.58051145      8540571.26817013 
    -3574661.04253552  -11326454.29728025        473081.20440084 
        980783.07488318      -614530.34819937      2438105.52829475 
    -7678452.97536033]
[-18515441.49205665      1018488.61358789  -31687082.88634595 
  -10194050.26114359    -4689415.11669952    10091392.3862309 
  -12010523.31500212  -29227504.13404222    -8664830.41110595 
    -8412930.41343017    41908600.31515422      2989990.0618269 
  -15437610.38266547]
[-1.23614114e+08  -1.29859858e+08  -1.55256076e+08  -1.10789688e+08 
  -1.21619374e+08  -1.11225572e+08  -1.63434651e+08  -1.15889165e+08 
  -1.37603401e+08  -1.13124042e+08  -1.03586264e+08  -1.31665082e+08 
  -1.12438821e+08]
increment_110
[-1.07579017e+08  -1.16160224e+08  -1.23390676e+08  -1.05032027e+08 
  -1.12990242e+08  -1.32607057e+08  -1.67276835e+08  -1.52006542e+08 
  -1.55259901e+08  -1.34688416e+08  -1.75900064e+08  -1.74597960e+08 
  -1.44220821e+08]
[  12675793.81605868    28446886.33267489    -4794858.15042838 
    17130785.58701441    25417993.38036774    -2559118.18298108 
        993297.00679809  -25212092.80456173        -91694.99004145 
    -2008902.20836703  -23606911.07472764  -47257733.03503042 
  -28609494.80384481]
[-16253507.08003297    -3115673.37069337  -13945826.53380898 
    -3676428.67199466          96641.41201749      7970113.88577907 
    -4159842.18362897  -11587746.06412078    -1512260.88081124 
        466718.06691103    -2014016.07031288      1990462.61713874 
  -10502411.07488799]
[  12675793.81605868    28446886.33267489    -4794858.15042838 
    17130785.58701441    25417993.38036774    -2559118.18298108 
        993297.00679809  -25212092.80456173        -91694.99004145 
    -2008902.20836703  -23606911.07472764  -47257733.03503042 
  -28609494.80384481]
[-23996880.05107145  -31358825.13089267  -48029746.94862321 
  -15451186.18825789  -21504182.29103266  -25168218.57973609 
  -66045296.3270121    -22833925.89432145  -52866241.70139223 
  -26626697.77560475  -52492811.80631395  -46380290.71274832 
    -4438111.16333824]
[-20857546.16077482      1104515.34824531  -31517767.75556637 
  -12585559.48254124    -4685620.17211572      9100134.20647019 
  -12319091.43976921  -30791201.36007733  -11278850.75141227 
    -8892876.32652961    46277984.07437651      -622308.49267303 
  -15595776.40075295]
[-16253507.08003297    -3115673.37069337  -13945826.53380898 
    -3676428.67199466          96641.41201749      7970113.88577907 
    -4159842.18362897  -11587746.06412078    -1512260.88081124 
        466718.06691103    -2014016.07031288      1990462.61713874 
  -10502411.07488799]
[-20857546.16077482      1104515.34824531  -31517767.75556637 
  -12585559.48254124    -4685620.17211572      9100134.20647019 
  -12319091.43976921  -30791201.36007733  -11278850.75141227 
    -8892876.32652961    46277984.07437651      -622308.49267303 
  -15595776.40075295]
[-1.27060038e+08  -1.31405957e+08  -1.54078322e+08  -1.14150065e+08 
  -1.21939498e+08  -1.13648534e+08  -1.64328556e+08  -1.16591397e+08 
  -1.42934454e+08  -1.14807783e+08  -1.05713318e+08  -1.30627818e+08 
  -1.13787714e+08]
increment_120
[-1.11399421e+08  -1.18114582e+08  -1.24074482e+08  -1.10289001e+08 
  -1.12939990e+08  -1.34711095e+08  -1.64212456e+08  -1.48907309e+08 
  -1.54361246e+08  -1.33250515e+08  -1.73484489e+08  -1.73715678e+08 
  -1.44237468e+08]
[  10887178.50432963    28278194.67494469    -5359700.27451406 
    14217754.8898127      25394167.23773961    -5684549.25571016 
      2549146.66841058  -24067088.69566726      1566421.939226 
      -100379.35089947  -22166981.81443664  -45997368.74799877 
  -27822440.03506975]
[-1.75531649e+07  -3.30648879e+06  -1.31588942e+07  -5.34461066e+06 
    1.13475981e+04    7.07338647e+06  -4.67064278e+06  -1.17633275e+07 
  -3.18133996e+06  -3.78998986e+05  -3.53544668e+06    1.30203228e+06 
  -1.27771815e+07]
[  10887178.50432963    28278194.67494469    -5359700.27451406 
    14217754.8898127      25394167.23773961    -5684549.25571016 
      2549146.66841058  -24067088.69566726      1566421.939226 
      -100379.35089947  -22166981.81443664  -45997368.74799877 
  -27822440.03506975]
[-25663017.87112102  -31171086.93839097  -45168863.07751356 
  -17769473.73732069  -19836206.00953995  -26274660.25521363 
  -63678826.24308974  -23101875.75227262  -53572835.55955679 
  -26269114.66099629  -51442179.58775739  -44028034.3435393 
    -1606787.15760647]
[-22637430.79537271        900976.12655871  -30620226.36755995 
  -14587594.13801488    -4845486.61240719      7764438.99288615 
  -12493909.16581538  -31821533.58712959  -13422647.36865796 
    -9789119.44997394    51611795.86416158    -4782067.02234357 
  -15720940.21449783]
[-1.75531649e+07  -3.30648879e+06  -1.31588942e+07  -5.34461066e+06 
    1.13475981e+04    7.07338647e+06  -4.67064278e+06  -1.17633275e+07 
  -3.18133996e+06  -3.78998986e+05  -3.53544668e+06    1.30203228e+06 
  -1.27771815e+07]
[-22637430.79537271        900976.12655871  -30620226.36755995 
  -14587594.13801488    -4845486.61240719      7764438.99288615 
  -12493909.16581538  -31821533.58712959  -13422647.36865796 
    -9789119.44997394    51611795.86416158    -4782067.02234357 
  -15720940.21449783]
[-1.30260912e+08  -1.32835320e+08  -1.52095686e+08  -1.18134825e+08 
  -1.22004471e+08  -1.16102833e+08  -1.64024006e+08  -1.17980370e+08 
  -1.46909486e+08  -1.17205012e+08  -1.07874840e+08  -1.30405637e+08 
  -1.14625796e+08]
