inc
Fp11
Fp12
Fp13
Fp21
Fp22
Fp23
Fp31
Fp32
Fp33
increment_0
[0.72522211  0.72522211  0.72522211  0.72522211  0.72522211  0.72522211 
  0.72522211  0.72522211  0.72522211  0.72522211  0.72522211  0.72522211 
  0.72522211  0.72522211  0.72522211  0.72522211  0.72522211  0.72522211 
  0.72522211  0.72522211  0.72522211  0.72522211  0.72522211  0.72522211 
  0.72522211  0.72522211]
[-0.45463186  -0.45463186  -0.45463186  -0.45463186  -0.45463186  -0.45463186 
  -0.45463186  -0.45463186  -0.45463186  -0.45463186  -0.45463186  -0.45463186 
  -0.45463186  -0.45463186  -0.45463186  -0.45463186  -0.45463186  -0.45463186 
  -0.45463186  -0.45463186  -0.45463186  -0.45463186  -0.45463186  -0.45463186 
  -0.45463186  -0.45463186]
[0.51707133  0.51707133  0.51707133  0.51707133  0.51707133  0.51707133 
  0.51707133  0.51707133  0.51707133  0.51707133  0.51707133  0.51707133 
  0.51707133  0.51707133  0.51707133  0.51707133  0.51707133  0.51707133 
  0.51707133  0.51707133  0.51707133  0.51707133  0.51707133  0.51707133 
  0.51707133  0.51707133]
[-0.56493777  -0.56493777  -0.56493777  -0.56493777  -0.56493777  -0.56493777 
  -0.56493777  -0.56493777  -0.56493777  -0.56493777  -0.56493777  -0.56493777 
  -0.56493777  -0.56493777  -0.56493777  -0.56493777  -0.56493777  -0.56493777 
  -0.56493777  -0.56493777  -0.56493777  -0.56493777  -0.56493777  -0.56493777 
  -0.56493777  -0.56493777]
[-0.82220666  -0.82220666  -0.82220666  -0.82220666  -0.82220666  -0.82220666 
  -0.82220666  -0.82220666  -0.82220666  -0.82220666  -0.82220666  -0.82220666 
  -0.82220666  -0.82220666  -0.82220666  -0.82220666  -0.82220666  -0.82220666 
  -0.82220666  -0.82220666  -0.82220666  -0.82220666  -0.82220666  -0.82220666 
  -0.82220666  -0.82220666]
[0.06943727  0.06943727  0.06943727  0.06943727  0.06943727  0.06943727 
  0.06943727  0.06943727  0.06943727  0.06943727  0.06943727  0.06943727 
  0.06943727  0.06943727  0.06943727  0.06943727  0.06943727  0.06943727 
  0.06943727  0.06943727  0.06943727  0.06943727  0.06943727  0.06943727 
  0.06943727  0.06943727]
[0.3935711  0.3935711  0.3935711  0.3935711  0.3935711  0.3935711  0.3935711 
  0.3935711  0.3935711  0.3935711  0.3935711  0.3935711  0.3935711  0.3935711 
  0.3935711  0.3935711  0.3935711  0.3935711  0.3935711  0.3935711  0.3935711 
  0.3935711  0.3935711  0.3935711  0.3935711  0.3935711]
[-0.34247056  -0.34247056  -0.34247056  -0.34247056  -0.34247056  -0.34247056 
  -0.34247056  -0.34247056  -0.34247056  -0.34247056  -0.34247056  -0.34247056 
  -0.34247056  -0.34247056  -0.34247056  -0.34247056  -0.34247056  -0.34247056 
  -0.34247056  -0.34247056  -0.34247056  -0.34247056  -0.34247056  -0.34247056 
  -0.34247056  -0.34247056]
[-0.85312116  -0.85312116  -0.85312116  -0.85312116  -0.85312116  -0.85312116 
  -0.85312116  -0.85312116  -0.85312116  -0.85312116  -0.85312116  -0.85312116 
  -0.85312116  -0.85312116  -0.85312116  -0.85312116  -0.85312116  -0.85312116 
  -0.85312116  -0.85312116  -0.85312116  -0.85312116  -0.85312116  -0.85312116 
  -0.85312116  -0.85312116]
increment_10
[0.73444495  0.73541928  0.73169299  0.73360543  0.73282126  0.7341878 
  0.73457358  0.73306888  0.73296819  0.73432471  0.73259171  0.73696852 
  0.7338626    0.73522275  0.73269901  0.73694978  0.73425301  0.73622124 
  0.736913      0.73612585  0.73761156  0.73495038  0.73818826  0.73635543 
  0.73588193  0.73443742]
[-0.4455616    -0.44302058  -0.44490484  -0.44726799  -0.44563271  -0.44576727 
  -0.44427455  -0.44752868  -0.44771432  -0.44622288  -0.44832443  -0.44151875 
  -0.44653289  -0.44641468  -0.44873554  -0.44520971  -0.44647531  -0.4435607 
  -0.44481476  -0.44583758  -0.44493939  -0.44658555  -0.44302186  -0.44555647 
  -0.44642244  -0.44735819]
[0.52625302  0.5220357    0.51554638  0.52741518  0.52100797  0.52577759 
  0.52358199  0.52635377  0.52646626  0.52744212  0.52666486  0.52506695 
  0.52662994  0.53088361  0.52799503  0.53377398  0.52780169  0.52742658 
  0.5304847    0.53251985  0.53500618  0.5303898    0.53227366  0.53254803 
  0.5322649    0.53051683]
[-0.55907088  -0.55737863  -0.56155365  -0.55744654  -0.55886994  -0.55587262 
  -0.55760445  -0.56084435  -0.55825146  -0.55618428  -0.55643178  -0.55955813 
  -0.55929474  -0.55688346  -0.5578998    -0.55288544  -0.55591017  -0.5614661 
  -0.55882534  -0.5596343    -0.55370989  -0.55476876  -0.56031341  -0.55926743 
  -0.55697657  -0.55495994]
[-0.81430779  -0.81481975  -0.81591747  -0.81244675  -0.81414061  -0.8125529 
  -0.81430526  -0.81400942  -0.81260091  -0.81241915  -0.81124946  -0.81696255 
  -0.8138688    -0.81265072  -0.81178177  -0.81122187  -0.81214318  -0.81667576 
  -0.81428133  -0.81442125  -0.8118116    -0.81143326  -0.81641006  -0.81439635 
  -0.8125855    -0.81107693]
[0.07026845  0.0786224    0.06579043  0.07141743  0.07055275  0.07687374 
  0.07518772  0.06362606  0.06891394  0.07536736  0.07176628  0.07491984 
  0.06846434  0.07359391  0.06814166  0.08350977  0.07562657  0.06789399 
  0.0740251    0.06863284  0.08251162  0.07773829  0.0717205    0.06992584 
  0.07430438  0.07625714]
[0.39890483  0.3964668    0.3988857    0.396732      0.39708172  0.39491941 
  0.39684156  0.4003731    0.39726194  0.39565288  0.39500467  0.40053954 
  0.39893539  0.39744752  0.39697301  0.39411754  0.3953471    0.40281081 
  0.39997158  0.40136713  0.39550613  0.39477839  0.40300807  0.4010229 
  0.39787951  0.39475821]
[-0.33320375  -0.33529517  -0.33003371  -0.33541301  -0.33342421  -0.33713062 
  -0.33480843  -0.3312179    -0.33440292  -0.33671215  -0.33656821  -0.33214419 
  -0.33306368  -0.33587391  -0.33488809  -0.34041697  -0.3370841    -0.3300006 
  -0.33430221  -0.33252126  -0.33952978  -0.33838769  -0.33164743  -0.33300229 
  -0.33617016  -0.33825847]
[-0.85735028  -0.86061071  -0.86492545  -0.85939985  -0.86290007  -0.86131363 
  -0.86041349  -0.85716227  -0.85995509  -0.85983541  -0.86232923  -0.85441361 
  -0.85757294  -0.85585052  -0.85976372  -0.85616272  -0.85997072  -0.85194392 
  -0.85203065  -0.85075928  -0.85367096  -0.85876996  -0.84758648  -0.85082697 
  -0.85407149  -0.85914132]
increment_20
[0.74404824  0.74653044  0.73868656  0.74302461  0.74101763  0.74445711 
  0.74529538  0.74163849  0.74157403  0.74443022  0.74070976  0.75054075 
  0.74393082  0.74703498  0.74151799  0.75071876  0.74527345  0.7494461 
  0.75060755  0.74883487  0.75211315  0.7463065    0.75306385  0.74869193 
  0.74750429  0.74438381]
[-0.43572387  -0.43060108  -0.43383131  -0.43901399  -0.43581971  -0.4354832 
  -0.43193921  -0.43969745  -0.44015633  -0.43680034  -0.44148246  -0.42583888 
  -0.43717195  -0.43683472  -0.44189906  -0.43432813  -0.4367016    -0.43024321 
  -0.43431719  -0.43582474  -0.43368074  -0.43725688  -0.42958955  -0.43579988 
  -0.43803374  -0.43957862]
[0.53483618  0.52534614  0.51256139  0.538889      0.52493957  0.53528671 
  0.5299023    0.53631388  0.53720626  0.53874894  0.53748515  0.53301962 
  0.53792498  0.54747656  0.54115787  0.55380861  0.54131923  0.53981493 
  0.54665521  0.55108482  0.55610472  0.54608757  0.54880514  0.55034752 
  0.54868879  0.54519969]
[-0.55283284  -0.54978766  -0.55816436  -0.54983917  -0.55237453  -0.54571606 
  -0.54916917  -0.55721346  -0.55137342  -0.54672756  -0.5470778    -0.55407249 
  -0.55322395  -0.54816212  -0.55048861  -0.5388711    -0.54503464  -0.5576671 
  -0.55245285  -0.55411442  -0.54107941  -0.54319339  -0.55565304  -0.55364202 
  -0.54881308  -0.5445197  ]
[-0.80539312  -0.80633611  -0.80910194  -0.80187353  -0.80507595  -0.80196016 
  -0.80577685  -0.80519351  -0.80204033  -0.80168986  -0.79904508  -0.81181211 
  -0.80477241  -0.80238251  -0.8005297    -0.79903391  -0.80090514  -0.81096703 
  -0.80496346  -0.80597922  -0.80050451  -0.79958113  -0.81014877  -0.80570863 
  -0.80140787  -0.79889804]
[0.07001642  0.08834556  0.06093661  0.0722409    0.07083978  0.08591956 
  0.08318399  0.05481397  0.06676354  0.08140612  0.07396103  0.08101246 
  0.06716852  0.07830917  0.06612735  0.10126143  0.0851837    0.06712155 
  0.07931881  0.06700151  0.09822592  0.08816263  0.07413849  0.0683639 
  0.07863498  0.08212779]
[0.40458143  0.3996875    0.40499541  0.40101328  0.40104491  0.39635722 
  0.40015096  0.40891383  0.4019972    0.3981513    0.39652896  0.40908576 
  0.40546127  0.40246747  0.40154131  0.39447389  0.39699296  0.41383844 
  0.40767767  0.41097806  0.39791776  0.39607125  0.41417641  0.41014986 
  0.40286213  0.39646655]
[-0.32242246  -0.32689573  -0.31548886  -0.326685      -0.32296585  -0.33117564 
  -0.3264011    -0.31741052  -0.32462853  -0.32989995  -0.32991036  -0.31960877 
  -0.32211306  -0.32814677  -0.32583445  -0.33894121  -0.331911      -0.31571176 
  -0.32542175  -0.32078706  -0.33644244  -0.33414042  -0.31897406  -0.32157301 
  -0.32908925  -0.33287165]
[-0.86407549  -0.87030399  -0.87910149  -0.86610121  -0.87457531  -0.87070797 
  -0.86935238  -0.8614824    -0.86735857  -0.86766035  -0.87302412  -0.85569732 
  -0.86184718  -0.85746223  -0.86601173  -0.85846758  -0.86674637  -0.84918531 
  -0.84937173  -0.84659451  -0.8529942    -0.86452229  -0.84114901  -0.84772763 
  -0.85565908  -0.86620918]
increment_30
[0.75289011  0.75732542  0.74503846  0.75226004  0.74881787  0.75466964 
  0.75584028  0.74946584  0.74983038  0.75400538  0.74853834  0.76369218 
  0.7539003    0.75842856  0.75019774  0.76432919  0.75635019  0.7627182 
  0.76409802  0.761545      0.76641077  0.75750861  0.76762703  0.76058262 
  0.75850255  0.75384615]
[-0.42656589  -0.41912745  -0.42360851  -0.43107601  -0.42653337  -0.42526549 
  -0.42003111  -0.43282806  -0.4331649    -0.4278678    -0.43493741  -0.41059154 
  -0.42805966  -0.42773372  -0.43527974  -0.4236284    -0.42707054  -0.41730257 
  -0.42429295  -0.42598426  -0.42259252  -0.42824768  -0.41670284  -0.42653416 
  -0.4304443    -0.43226215]
[0.54246094  0.52804851  0.50944885  0.5502371    0.52870306  0.54432903 
  0.53637042  0.54608214  0.5481265    0.54944627  0.54804253  0.54048046 
  0.54945058  0.56379886  0.55437212  0.57374685  0.55536492  0.55313713 
  0.56348291  0.57006118  0.57701703  0.56203042  0.56521387  0.56779544 
  0.56439822  0.55936948]
[-0.54657001  -0.54279123  -0.55487609  -0.54271587  -0.54579549  -0.53583949 
  -0.54069076  -0.55367629  -0.54464104  -0.53754119  -0.53808712  -0.54872755 
  -0.54717087  -0.53963607  -0.54332358  -0.5250512    -0.53381219  -0.55361899 
  -0.54591561  -0.54860942  -0.5285599    -0.53180867  -0.55132121  -0.5484578 
  -0.54152998  -0.53475506]
[-0.79628961  -0.79762261  -0.80199156  -0.79153796  -0.79587755  -0.79167982 
  -0.79717783  -0.79604455  -0.79147482  -0.79106909  -0.78712578  -0.8065872 
  -0.79576705  -0.7921826    -0.78954091  -0.78709168  -0.7896879    -0.80502647 
  -0.79555594  -0.79766123  -0.78942052  -0.78790888  -0.80377309  -0.79714856 
  -0.79024707  -0.78703763]
[0.0694702    0.09748689  0.05508657  0.07252302  0.07125468  0.09528779 
  0.09148052  0.04492026  0.06411725  0.0868113    0.07562767  0.08659583 
  0.06609096  0.08255712  0.06391721  0.11894767  0.09594132  0.06685996 
  0.08459313  0.06561736  0.11398096  0.09837891  0.07593378  0.06575895 
  0.08129044  0.0865046  ]
[0.40946249  0.40280724  0.41074187  0.40541078  0.40442891  0.39769538 
  0.40308365  0.41700006  0.40648079  0.400323      0.39796467  0.41738781 
  0.41176011  0.40719137  0.40604761  0.39475522  0.39808394  0.4245823 
  0.41503717  0.42046827  0.40014508  0.39725747  0.42531574  0.41929226 
  0.40802047  0.39831935]
[-0.31210878  -0.31871067  -0.30118707  -0.31795323  -0.31305792  -0.32537409 
  -0.318511      -0.30390315  -0.31510091  -0.32319001  -0.32322441  -0.30717536 
  -0.3115154    -0.3206049    -0.31686952  -0.3376067    -0.32752689  -0.30206219 
  -0.31709081  -0.30935329  -0.33357041  -0.33007209  -0.30649611  -0.3100477 
  -0.32191657  -0.327085    ]
[-0.87237989  -0.88018294  -0.89394284  -0.87269731  -0.88694848  -0.88017356 
  -0.87837688  -0.86662353  -0.87501473  -0.87633291  -0.88408317  -0.85757533 
  -0.86607442  -0.85962925  -0.87225578  -0.86068771  -0.87349792  -0.84597743 
  -0.84668983  -0.84212103  -0.85241658  -0.87020515  -0.83480818  -0.8449105 
  -0.85772074  -0.87374448]
increment_40
[0.76110486  0.76794006  0.7507751    0.76128987  0.75637226  0.76494675 
  0.76627873  0.75668171  0.75784175  0.76320419  0.75626322  0.7764365 
  0.76373568  0.76931786  0.75868393  0.77770082  0.76738382  0.77594531 
  0.77739498  0.77416167  0.78042625  0.768409      0.78182998  0.77198492 
  0.76893972  0.7628363  ]
[-0.41800139  -0.40822727  -0.41413448  -0.42350812  -0.41757542  -0.41533942 
  -0.40885473  -0.42680632  -0.42660325  -0.4192583    -0.4284498    -0.39589287 
  -0.41916192  -0.41918076  -0.42891403  -0.41315992  -0.41750462  -0.40482866 
  -0.41462839  -0.41635591  -0.41173726  -0.41963361  -0.40434066  -0.41776063 
  -0.42349552  -0.42539988]
[0.54938435  0.53030579  0.50605696  0.56133109  0.53228084  0.55292076 
  0.54313331  0.55582068  0.5592498    0.55963894  0.55837692  0.54756207 
  0.56099821  0.57973173  0.56754362  0.5934384    0.56942226  0.56712305 
  0.58080579  0.58922989  0.5976135    0.57790636  0.58138854  0.58474927 
  0.57953227  0.57304449]
[-0.54025158  -0.53626659  -0.55169886  -0.53599378  -0.53919649  -0.52634425 
  -0.53229245  -0.55015165  -0.53796037  -0.52855128  -0.52934318  -0.54349082 
  -0.54113967  -0.53130019  -0.53628388  -0.51149416  -0.52256368  -0.54927033 
  -0.53921494  -0.54307438  -0.51615382  -0.52080611  -0.54723975  -0.54368115 
  -0.53498647  -0.52559044]
[-0.78703904  -0.78891483  -0.79465298  -0.78130479  -0.78668768  -0.78150989 
  -0.78828743  -0.78658987  -0.78093298  -0.78061081  -0.77556861  -0.80117432 
  -0.78686824  -0.78200153  -0.77872131  -0.77538223  -0.77868515  -0.79875005 
  -0.78614958  -0.78942164  -0.77850744  -0.77645586  -0.79726786  -0.7886743 
  -0.77916117  -0.77546433]
[0.06879884  0.10626629  0.04835914  0.07257399  0.07198892  0.10523633 
  0.10011025  0.03430543  0.06135766  0.09197331  0.07735406  0.09177301 
  0.06527174  0.086236      0.06169064  0.13631094  0.10729264  0.06733675 
  0.08990431  0.06451807  0.12967033  0.10784291  0.07721977  0.06216344 
  0.08248411  0.08956481]
[0.41361564  0.40590905  0.41612457  0.40975852  0.40737225  0.39894295 
  0.40565933  0.42462007  0.41066171  0.40217974  0.39929218  0.42537338 
  0.41778979  0.41154317  0.41031885  0.39498419  0.39888664  0.43483641 
  0.42205351  0.42970711  0.40213619  0.39842673  0.43631041  0.42837103 
  0.41331041  0.40022274]
[-0.30227481  -0.31065383  -0.28710777  -0.30944365  -0.30361369  -0.3198871 
  -0.31128062  -0.29079851  -0.30590258  -0.31664142  -0.31660819  -0.29497887 
  -0.30125849  -0.31326404  -0.3081228    -0.33631822  -0.32351686  -0.28924815 
  -0.30921896  -0.29827321  -0.33090702  -0.32596562  -0.29428847  -0.29847786 
  -0.31470057  -0.32101144]
[-0.88199319  -0.89007137  -0.90949824  -0.87939844  -0.89978981  -0.88949045 
  -0.88727037  -0.87240464  -0.88289888  -0.88567981  -0.89534733  -0.86003556 
  -0.8704336    -0.8625686    -0.87876467  -0.86297313  -0.88032255  -0.84268235 
  -0.84407748  -0.83764519  -0.85212711  -0.87603463  -0.82877869  -0.84255669 
  -0.86022034  -0.88179216]
increment_50
[0.76883037  0.7785027    0.75585292  0.77013626  0.76374765  0.77535481 
  0.77672682  0.76342538  0.76567496  0.77213844  0.76393259  0.78874939 
  0.77338124  0.77964918  0.76688025  0.7907819    0.77834378  0.78905143 
  0.79052282  0.78667309  0.79414713  0.77894399  0.79566668  0.78280257 
  0.77885453  0.77129426]
[-0.40989294  -0.3979695    -0.40548232  -0.41628926  -0.40882936  -0.40601805 
  -0.39868008  -0.42145889  -0.42041614  -0.41085817  -0.42193523  -0.38208476 
  -0.41050918  -0.41118204  -0.42286858  -0.40295585  -0.40791126  -0.39294053 
  -0.40522524  -0.40693506  -0.40112234  -0.41140266  -0.39262756  -0.40956059 
  -0.41704484  -0.41903084]
[0.55574351  0.53236265  0.50241195  0.57219845  0.535635      0.56090045 
  0.55008576  0.5655779    0.57066528  0.56939751  0.56840161  0.55440931 
  0.57242515  0.59510774  0.58051001  0.61278973  0.58316852  0.58153914 
  0.59851201  0.60854104  0.6178699    0.59347481  0.59734914  0.60109018 
  0.59413712  0.58611739]
[-0.53382513  -0.53025829  -0.54855911  -0.52958759  -0.53263603  -0.517424 
  -0.52422097  -0.54652751  -0.53124951  -0.51969676  -0.52082997  -0.53838369 
  -0.53525491  -0.52320069  -0.52932407  -0.49824957  -0.51143481  -0.54467838 
  -0.53227305  -0.53746635  -0.50384425  -0.5102959    -0.54333089  -0.53934339 
  -0.52910706  -0.51709384]
[-0.77770192  -0.78015934  -0.78701122  -0.7711436    -0.77760772  -0.77124109 
  -0.77894142  -0.7768795    -0.77040445  -0.77034305  -0.764397      -0.79531192 
  -0.7780999    -0.77185041  -0.76800198  -0.7639043    -0.76801477  -0.79206051 
  -0.77679221  -0.78124002  -0.76774322  -0.76527228  -0.79047234  -0.78022784 
  -0.76824494  -0.76417271]
[0.06830463  0.11476127  0.0408327    0.07257556  0.07304258  0.11581422 
  0.10916154  0.02348684  0.05873831  0.0972074    0.07932755  0.09663883 
  0.06441798  0.08922615  0.05943566  0.15318318  0.11903347  0.06859203 
  0.09548105  0.06379738  0.14530219  0.11630682  0.07831747  0.05736616 
  0.08227787  0.09106901]
[0.41707104  0.40907169  0.42103141  0.41398542  0.40998445  0.40011925 
  0.40795697  0.4317145    0.41449305  0.4037239    0.40051432  0.43290607 
  0.42364035  0.41551299  0.4142299    0.39517131  0.39953216  0.44451056 
  0.42865077  0.43863486  0.40386797  0.39962889  0.44698714  0.43735959 
  0.4187386    0.40219756]
[-0.29295027  -0.30276569  -0.2733663    -0.30123663  -0.29452093  -0.31479261 
  -0.30479186  -0.27821628  -0.29711242  -0.31031132  -0.31007732  -0.28331332 
  -0.29121718  -0.3060753    -0.29964802  -0.33502101  -0.31967614  -0.27737988 
  -0.30180705  -0.28758713  -0.32846119  -0.32168896  -0.28263772  -0.28685093 
  -0.30738264  -0.31458509]
[-0.89273348  -0.89966066  -0.92587785  -0.88625221  -0.91297867  -0.8985615 
  -0.89582018  -0.87876236  -0.8909831    -0.89557312  -0.90680361  -0.86306791 
  -0.87496144  -0.86643442  -0.88582739  -0.86541841  -0.88727        -0.83952023 
  -0.84164979  -0.8332694    -0.85217974  -0.88215794  -0.82316872  -0.84082966 
  -0.86312594  -0.8904391  ]
increment_60
[0.7761593    0.78907747  0.76027401  0.77884239  0.77098582  0.78591481 
  0.78725112  0.76987256  0.77340356  0.78090829  0.77147591  0.80062665 
  0.78280051  0.78936444  0.77466347  0.80353503  0.78923905  0.80196554 
  0.80345377  0.79914148  0.80762146  0.78917929  0.80921573  0.79301025 
  0.78831637  0.77921113]
[-0.40212296  -0.38858656  -0.39768567  -0.40935266  -0.40021884  -0.3975024 
  -0.3895746    -0.41658304  -0.41454309  -0.40263748  -0.41552987  -0.36967375 
  -0.40212669  -0.40375933  -0.41722716  -0.39304251  -0.39822354  -0.38177298 
  -0.39605471  -0.39766621  -0.39071244  -0.40347233  -0.38169253  -0.40199256 
  -0.41096596  -0.41315426]
[0.56157394  0.53431925  0.49859275  0.58296959  0.53878078  0.56826157 
  0.55710752  0.57545266  0.58246871  0.57890363  0.57802993  0.56113513 
  0.58361574  0.6097861    0.59305958  0.63173932  0.5964744    0.59629704 
  0.61639702  0.62806966  0.63784908  0.60875861  0.61320328  0.61687127 
  0.60831389  0.59855644]
[-0.52729839  -0.52488409  -0.54541863  -0.52337213  -0.52614794  -0.50916454 
  -0.51659899  -0.54272806  -0.52442973  -0.51096085  -0.51263985  -0.5336087 
  -0.52964111  -0.51546817  -0.52250342  -0.48535746  -0.50045086  -0.5399416 
  -0.52513048  -0.53176207  -0.49155635  -0.50023985  -0.53960208  -0.53546011 
  -0.52379271  -0.50930155]
[-0.76835368  -0.7712004    -0.77902953  -0.7610793    -0.76870807  -0.76077068 
  -0.76912934  -0.76700394  -0.7598854    -0.76025763  -0.7535189    -0.78865818 
  -0.76947627  -0.76176674  -0.75735143  -0.75265484  -0.75772214  -0.7849158 
  -0.76751297  -0.773136      -0.75710431  -0.7543797    -0.78323841  -0.77175145 
  -0.75757562  -0.75316032]
[0.06812472  0.12296383  0.03258324  0.07267146  0.0743638    0.12689149 
  0.1186413    0.0129395    0.05652443  0.10266517  0.08132163  0.10124172 
  0.06327655  0.09118508  0.05688047  0.16942368  0.13118766  0.07044013 
  0.10132444  0.06358019  0.1610864    0.12394899  0.07959002  0.05126437 
  0.08080275  0.09089062]
[0.41989488  0.41232191  0.4254189    0.41804022  0.41235289  0.40123496 
  0.41003253  0.43829345  0.41793709  0.40500782  0.40165218  0.43991629 
  0.42940818  0.41918694  0.41774948  0.39532319  0.40006608  0.45360738 
  0.43482197  0.44727314  0.4053022    0.40086292  0.45726907  0.44626798 
  0.42430083  0.40427167]
[-0.28409331  -0.29514128  -0.26004176  -0.2933384    -0.2856828    -0.31007938 
  -0.29901252  -0.26621174  -0.28880255  -0.3042378    -0.30363332  -0.27256287 
  -0.281293      -0.29889533  -0.29138578  -0.33367206  -0.3159461    -0.2664694 
  -0.2948087    -0.27730351  -0.32630246  -0.31726575  -0.2718372    -0.27520242 
  -0.29991384  -0.30776537]
[-0.90447017  -0.90878334  -0.94306944  -0.89324647  -0.92640874  -0.90733619 
  -0.90396277  -0.88553667  -0.89922853  -0.90578692  -0.9185098    -0.86652865 
  -0.87965144  -0.8712853    -0.89368909  -0.86810338  -0.89432789  -0.83656646 
  -0.83953053  -0.82890211  -0.85253591  -0.88852278  -0.81786266  -0.83970357 
  -0.86635522  -0.89968911]
increment_70
[0.78318358  0.79959478  0.76413195  0.78738335  0.77816965  0.79663204 
  0.79789839  0.77627328  0.7810879    0.78953382  0.77871077  0.81212944 
  0.79193543  0.79847874  0.78199117  0.81601512  0.80007976  0.81463503 
  0.81621783  0.81161651  0.82090308  0.79917849  0.8225502    0.80260216 
  0.79742343  0.78662893]
[-0.39460634  -0.3801879    -0.39067927  -0.40270399  -0.3917458    -0.39003471 
  -0.38138967  -0.41194476  -0.40890866  -0.39462973  -0.40957463  -0.35898297 
  -0.3940721    -0.3969042    -0.41201211  -0.3833768    -0.38845768  -0.37137232 
  -0.38708813  -0.38850483  -0.38046449  -0.39577906  -0.37170442  -0.39507981 
  -0.40516113  -0.40774005]
[0.56700135  0.53598448  0.49474218  0.59363733  0.54199261  0.5751846 
  0.56418616  0.58571961  0.59467365  0.58819223  0.58710198  0.56781611 
  0.59439487  0.6238028    0.60510399  0.65036769  0.60941195  0.61139211 
  0.63441907  0.64787453  0.65762229  0.62381847  0.62905079  0.63208901 
  0.62220176  0.61043002]
[-0.52071822  -0.52025849  -0.54226974  -0.51731119  -0.51972807  -0.50164268 
  -0.50937892  -0.53873967  -0.51745547  -0.5024046    -0.50501755  -0.52942407 
  -0.5243746    -0.50825941  -0.51587694  -0.47277194  -0.48958438  -0.53512232 
  -0.51790387  -0.52598518  -0.47924279  -0.49055127  -0.53615245  -0.53203073 
  -0.51900777  -0.50217719]
[-0.75907        -0.76197814  -0.77073828  -0.75110446  -0.75998122  -0.74996667 
  -0.75897536  -0.75710542  -0.74939884  -0.75033831  -0.74273055  -0.78102673 
  -0.76094678  -0.75181442  -0.74677104  -0.74162871  -0.74777726  -0.77735092 
  -0.75836151  -0.76514341  -0.74658645  -0.74376574  -0.77543535  -0.76317146 
  -0.74721261  -0.74240828]
[0.06824184  0.13071066  0.02376753  0.07283242  0.07595327  0.13819191 
  0.12856106  0.00302662  0.0549376    0.10826285  0.08270785  0.10563871 
  0.06175767  0.09173807  0.05384525  0.1851728    0.14377567  0.07263118 
  0.10730577  0.06386982  0.17717922  0.13102864  0.08122931  0.04397471 
  0.0781656    0.08910599]
[0.42221688  0.41565493  0.4293361    0.42188814  0.41456112  0.40231379 
  0.41191741  0.44450779  0.42097711  0.40609717  0.4027577    0.44646267 
  0.43509313  0.4227475    0.42090293  0.39543529  0.4004968    0.46217173 
  0.44069408  0.45568982  0.4064439    0.40208375  0.46715257  0.45507067 
  0.43005663  0.40643899]
[-0.27561346  -0.28780314  -0.24716686  -0.28573924  -0.27709728  -0.30575556 
  -0.29383402  -0.25474418  -0.28100383  -0.29839552  -0.29728218  -0.263007 
  -0.27151279  -0.29154561  -0.28327261  -0.33230405  -0.31234629  -0.25643746 
  -0.28811719  -0.26737791  -0.32446292  -0.31277332  -0.26211775  -0.26368052 
  -0.29225199  -0.30058594]
[-0.91696645  -0.91759714  -0.96088219  -0.90046024  -0.93980726  -0.91571278 
  -0.91169812  -0.89230151  -0.90762556  -0.91621846  -0.93060879  -0.87014836 
  -0.88461968  -0.8769401    -0.90241609  -0.87096585  -0.90142182  -0.83383552 
  -0.83759513  -0.82442388  -0.85310284  -0.89509591  -0.812682      -0.83917473 
  -0.86969775  -0.90948283]
increment_80
[0.78999446  0.8099775    0.76748833  0.79571681  0.78539486  0.80747512 
  0.80874522  0.78271144  0.78869832  0.79798774  0.7855212    0.82327736 
  0.80079323  0.8070537    0.78881785  0.82827458  0.81085624  0.82707796 
  0.82882685  0.8241006    0.83408292  0.80901439  0.83569932  0.8116081 
  0.80628892  0.79356602]
[-0.38725001  -0.37270827  -0.38441522  -0.39639742  -0.38346926  -0.38362877 
  -0.37393223  -0.40745348  -0.40348478  -0.38693251  -0.40430928  -0.3498904 
  -0.38636925  -0.39059171  -0.40724631  -0.37391721  -0.37867915  -0.36167563 
  -0.37831088  -0.37944324  -0.37030756  -0.3882667    -0.36267426  -0.38877993 
  -0.3995775    -0.40277352]
[0.5721251    0.53711104  0.49093643  0.60408745  0.54561283  0.58169955 
  0.57137912  0.59644904  0.60711238  0.59727174  0.59547108  0.57441695 
  0.60457724  0.63730731  0.61654578  0.66875083  0.62210473  0.62687147 
  0.65257354  0.66794529  0.6773129    0.63876352  0.64483204  0.64669251 
  0.63594122  0.62176429]
[-0.51413655  -0.51646535  -0.53915007  -0.51142613  -0.51334703  -0.4948963 
  -0.50246679  -0.53457972  -0.51037889  -0.49411207  -0.49817995  -0.52585743 
  -0.51952335  -0.5016181    -0.50953477  -0.46044634  -0.47881565  -0.53020893 
  -0.51066879  -0.52021818  -0.46684691  -0.48108591  -0.53307038  -0.52906849 
  -0.51472241  -0.49564067]
[-0.74992989  -0.75254756  -0.76216986  -0.74116438  -0.75135461  -0.73885153 
  -0.74862197  -0.74725457  -0.7389845    -0.74053498  -0.7318622    -0.77253708 
  -0.75243538  -0.74201118  -0.73627652  -0.73082565  -0.73812378  -0.76944991 
  -0.74936734  -0.75729964  -0.73619513  -0.73339368  -0.76709843  -0.75444087 
  -0.73713496  -0.73187366]
[  0.06864322    0.13783684    0.01440958    0.0730521      0.0779123      0.14942613 
    0.13900431  -0.00619103    0.05389992    0.11379633    0.08308279    0.10984247 
    0.06006393    0.09077966    0.0500671      0.20058513    0.15672961    0.0751208 
    0.1132887      0.06448079    0.19379669    0.13793892    0.08318962    0.0357737 
    0.07460152    0.0858799  ]
[0.42417151  0.41910808  0.43286128  0.42548878  0.41665158  0.40340357 
  0.41364437  0.45043389  0.42363336  0.40703854  0.4038916    0.45260181 
  0.44067921  0.42629578  0.42375012  0.39550422  0.40082688  0.47023618 
  0.44635859  0.46398399  0.40732878  0.40320068  0.47668944  0.4637619 
  0.4360431    0.40862681]
[-0.26741653  -0.28069782  -0.23472377  -0.27848513  -0.26885182  -0.30173578 
  -0.28914335  -0.24374369  -0.27364495  -0.29276398  -0.29108893  -0.25463026 
  -0.26202948  -0.28397038  -0.27521356  -0.33095583  -0.30890154  -0.2472071 
  -0.28164646  -0.25770747  -0.32297151  -0.30835403  -0.25345151  -0.25248238 
  -0.28446448  -0.29313394]
[-0.92998594  -0.92629442  -0.97916287  -0.90802099  -0.95288943  -0.92372746 
  -0.91896769  -0.8989265    -0.91627644  -0.92683744  -0.94317825  -0.87390776 
  -0.88992759  -0.88319683  -0.9120345    -0.87392516  -0.90848412  -0.83128424 
  -0.83576034  -0.81974934  -0.85369482  -0.90184179  -0.80758658  -0.83920203 
  -0.87294192  -0.91985555]
increment_90
[0.79670558  0.82018603  0.77034082  0.80375777  0.79273732  0.8184365 
  0.81981412  0.78912037  0.7961607    0.80618966  0.7918959    0.83401855 
  0.80936228  0.81513492  0.79515269  0.84032769  0.82154652  0.83934537 
  0.84128446  0.83655015  0.8471738    0.81873284  0.8486441    0.82002148 
  0.81492213  0.80006203]
[-0.37990987  -0.36596403  -0.37889427  -0.39048237  -0.37543396  -0.37815462 
  -0.36705313  -0.40313324  -0.39828957  -0.37969875  -0.39969425  -0.34197861 
  -0.37911475  -0.38477615  -0.40291335  -0.3646517    -0.36896714  -0.35251075 
  -0.36973121  -0.37051002  -0.36023296  -0.38089774  -0.35445621  -0.38306794 
  -0.39422492  -0.39821639]
[0.57697755  0.53763076  0.48716687  0.61410156  0.54979274  0.5877252 
  0.5785442    0.60747889  0.61958624  0.60603237  0.60299951  0.58089707 
  0.61400514  0.65034674  0.62737627  0.68690757  0.63466777  0.6426741 
  0.67083248  0.68820465  0.69692487  0.6536573    0.66040361  0.66058542 
  0.64951749  0.63260041]
[-0.50755456  -0.51351107  -0.53611994  -0.50577061  -0.50699457  -0.4889306 
  -0.49582733  -0.53024329  -0.50330308  -0.4862371    -0.4921791    -0.52268981 
  -0.5151979    -0.49548647  -0.5035545    -0.44836756  -0.46814237  -0.52517047 
  -0.50338027  -0.51455224  -0.45437556  -0.47178478  -0.53039336  -0.52663852 
  -0.51088451  -0.48959451]
[-0.74101478  -0.74302521  -0.75333963  -0.73122854  -0.74276326  -0.72753632 
  -0.73819091  -0.73743985  -0.72867233  -0.73077202  -0.72091567  -0.76349549 
  -0.74382027  -0.73234918  -0.72589559  -0.72024014  -0.72870345  -0.76135663 
  -0.74049404  -0.74961827  -0.72593041  -0.72325296  -0.75839065  -0.74551994 
  -0.7272817    -0.72152684]
[  0.06952776    0.14422816    0.00438838    0.07320865    0.08041434    0.16044691 
    0.14997965  -0.01474078    0.05312749    0.11890844    0.08244581    0.11378823 
    0.05833418    0.08847542    0.04535359    0.2156913      0.1699191      0.077967 
    0.11940856    0.06514175    0.21093856    0.14485114    0.08525714    0.0267964 
    0.0702755      0.08146671]
[0.42584373  0.42276082  0.4360586    0.42880909  0.41863263  0.40455857 
  0.41522986  0.45600565  0.42595466  0.4078801    0.40508942  0.45833758 
  0.44616413  0.429802      0.42638422  0.39553043  0.40106047  0.47784101 
  0.45175266  0.47222947  0.40799054  0.4041964    0.4859687    0.47237745 
  0.44219788  0.41076155]
[-0.25946223  -0.27375662  -0.22266729  -0.27157323  -0.26104104  -0.29789206 
  -0.28480535  -0.23320168  -0.26660473  -0.28730784  -0.28507832  -0.24719918 
  -0.25303979  -0.27622413  -0.26711734  -0.32963255  -0.30562257  -0.23864259 
  -0.27545283  -0.24818403  -0.32180836  -0.30405474  -0.245626      -0.24176675 
  -0.27664751  -0.28551074]
[-0.94334547  -0.93494025  -0.99785647  -0.91613604  -0.96550184  -0.93144916 
  -0.92585188  -0.90563802  -0.92530086  -0.93771737  -0.95625591  -0.87801922 
  -0.89561341  -0.89002182  -0.92245109  -0.8769676    -0.91547531  -0.82890887 
  -0.83409451  -0.81488963  -0.85424926  -0.90870695  -0.80264476  -0.83975915 
  -0.87613386  -0.93081184]
increment_100
[0.80335485  0.83022126  0.77272209  0.81144249  0.80018901  0.82948604 
  0.83102258  0.79545348  0.80347656  0.81411176  0.79787401  0.8443132 
  0.81757902  0.82273012  0.8009938    0.85213378  0.83210969  0.85144921 
  0.85358552  0.8489071    0.86016386  0.82835906  0.8613565    0.82786076 
  0.82325009  0.80614751]
[-0.37254215  -0.35982943  -0.374087      -0.38494165  -0.36772384  -0.37357734 
  -0.36050091  -0.39899966  -0.39330898  -0.3730482    -0.39561337  -0.33489301 
  -0.37247109  -0.37942021  -0.39900399  -0.35561079  -0.35940039  -0.3437219 
  -0.36139084  -0.3617455    -0.35024968  -0.3736668    -0.34699018  -0.37790128 
  -0.38914957  -0.39403512]
[0.5815704    0.53766147  0.48348371  0.62354523  0.55452678  0.5931614 
  0.58554283  0.61868004  0.63207099  0.61437545  0.60971493  0.5872487 
  0.62268656  0.66286121  0.63756697  0.70477502  0.64715198  0.6586315 
  0.68911839  0.70855404  0.71642688  0.66857107  0.67568197  0.67375672 
  0.66279522  0.64296055]
[-0.50097944  -0.51135512  -0.53322869  -0.5004033    -0.50070285  -0.48381149 
  -0.48935055  -0.52571057  -0.49630195  -0.47892511  -0.48694365  -0.5197116 
  -0.51151719  -0.48984118  -0.49800651  -0.43657693  -0.45759106  -0.52012318 
  -0.4959527    -0.50905396  -0.4418503    -0.46263361  -0.52817984  -0.524852 
  -0.50747865  -0.48400263]
[-0.73234549  -0.73346284  -0.74427926  -0.72134107  -0.73414485  -0.71605828 
  -0.72785892  -0.72764258  -0.71849569  -0.72096917  -0.70994372  -0.75415407 
  -0.7349802    -0.72283096  -0.71564145  -0.70986413  -0.71946976  -0.753228 
  -0.73165813  -0.74209281  -0.71578805  -0.71333066  -0.74938659  -0.73638499 
  -0.71759109  -0.7113606  ]
[  0.07094312    0.14986917  -0.0063825      0.07304996    0.08343991    0.17105724 
    0.1613524    -0.02256087    0.05244492    0.12342063    0.08092986    0.11741458 
    0.05638698    0.08490221    0.03950165    0.23033476    0.18314548    0.0809291 
    0.12595536    0.06561831    0.22853855    0.15178222    0.08725514    0.01711976 
    0.0651656      0.07596943]
[0.42727495  0.42667135  0.4390145    0.43189051  0.42049502  0.40583082 
  0.41667662  0.46114779  0.42802507  0.4086731    0.406357      0.46366915 
  0.45158853  0.43324095  0.42888394  0.39551394  0.40120377  0.48515425 
  0.45672966  0.48045823  0.40845586  0.40508705  0.4950637    0.4810403 
  0.4484469    0.41283117]
[-0.25172826  -0.26699154  -0.210943      -0.26489219  -0.2537054    -0.29415079 
  -0.280667      -0.22314946  -0.25978916  -0.28205043  -0.27925024  -0.24048297 
  -0.244663      -0.26832466  -0.2588998    -0.32829504  -0.30249165  -0.23049906 
  -0.26968592  -0.23873313  -0.32094096  -0.29987813  -0.23854405  -0.2316803 
  -0.26885597  -0.27774842]
[-0.95697066  -0.9434841    -1.01683014  -0.9249028    -0.97765709  -0.93895564 
  -0.93257087  -0.91264146  -0.93463848  -0.94886968  -0.96981375  -0.88265585 
  -0.90166118  -0.89745335  -0.93360361  -0.88018583  -0.92241634  -0.82667348 
  -0.83275746  -0.80991675  -0.85475587  -0.91563125  -0.79788197  -0.84067321 
  -0.87946258  -0.94231575]
increment_110
[0.8098972    0.84009275  0.77470125  0.81881963  0.80771235  0.84057343 
  0.84223948  0.80169085  0.81066953  0.82180661  0.80352359  0.8541887 
  0.82539039  0.82987064  0.80633826  0.86364084  0.84247557  0.86336213 
  0.86568577  0.8610737    0.87301639  0.83790535  0.87381064  0.8351713 
  0.83121585  0.81182499]
[-0.36519787  -0.35427921  -0.36992331  -0.37964954  -0.36043874  -0.36986393 
  -0.35401425  -0.39505665  -0.38851978  -0.3669968    -0.3919445    -0.32842213 
  -0.36648289  -0.37448003  -0.39550917  -0.34683465  -0.3500471    -0.33526708 
  -0.35339013  -0.35321832  -0.34038398  -0.3665767    -0.34020497  -0.3732 
  -0.38439725  -0.39021633]
[0.5858697    0.537364      0.47996677  0.63244852  0.55977811  0.59800054 
  0.59238768  0.62997205  0.64459487  0.62223246  0.61577811  0.59344583 
  0.63075316  0.67484301  0.64708634  0.72227543  0.65948561  0.6745442 
  0.70727193  0.72882906  0.73575317  0.68355245  0.69064023  0.68626725 
  0.67565528  0.65282111]
[-0.49446422  -0.50991636  -0.53050548  -0.49530175  -0.49453007  -0.47957915 
  -0.48282724  -0.52098961  -0.48941519  -0.47225312  -0.48233253  -0.51680572 
  -0.50846126  -0.48466853  -0.49293969  -0.42513085  -0.44722744  -0.51527597 
  -0.48842543  -0.50372634  -0.42932227  -0.45364262  -0.52642437  -0.52375821 
  -0.50460583  -0.47887149]
[-0.72390398  -0.72382882  -0.73503546  -0.7116045    -0.72544487  -0.70442392 
  -0.71776792  -0.71785699  -0.70847911  -0.71108607  -0.69900844  -0.74466103 
  -0.72590205  -0.71346126  -0.70551935  -0.69968859  -0.71040087  -0.74513903 
  -0.7227737    -0.73467511  -0.70576998  -0.70362296  -0.74015216  -0.72705409 
  -0.70800221  -0.70137069]
[  0.07268225    0.15486492  -0.01790303    0.07255609    0.08686115    0.18105953 
    0.17302312  -0.02962039    0.05176896    0.12744906    0.07871552    0.12078286 
    0.05400587    0.08014211    0.03236098    0.24430661    0.19613791    0.08364434 
    0.13297697    0.06579165    0.24643828    0.15868905    0.08906974    0.00685505 
    0.05915368    0.0693565  ]
[0.4284971    0.43081202  0.44182147  0.43479873  0.42223816  0.40726535 
  0.41793471  0.46583482  0.42991146  0.40946502  0.40767689  0.46859392 
  0.45696809  0.4366198    0.43130424  0.39545085  0.40126323  0.49236482 
  0.46121387  0.48859404  0.4087545    0.40590115  0.50401041  0.48986313 
  0.45483612  0.41484718]
[-0.24416266  -0.2605037    -0.19950222  -0.2583196    -0.2468575    -0.29050326 
  -0.27667511  -0.21359662  -0.25314044  -0.27705429  -0.27358805  -0.23432731 
  -0.23688369  -0.26028658  -0.25050542  -0.32689379  -0.29945125  -0.2225914 
  -0.26443672  -0.22936334  -0.32031458  -0.29580762  -0.23212744  -0.2223146 
  -0.26115507  -0.26983724]
[-0.97088506  -0.95189716  -1.0359055    -0.93423177  -0.98939924  -0.94631542 
  -0.93936633  -0.92004884  -0.94419959  -0.96021889  -0.98377496  -0.88788234 
  -0.90806901  -0.90545104  -0.94544109  -0.88371        -0.92942191  -0.82453753 
  -0.83190791  -0.80506772  -0.85524574  -0.92255907  -0.79333529  -0.84174533 
  -0.88295259  -0.95435223]
increment_120
[0.81631684  0.84978757  0.77632359  0.82598421  0.81532145  0.85170374 
  0.85340475  0.80786295  0.81775223  0.82931062  0.80890297  0.86370651 
  0.83277562  0.83658352  0.81124333  0.87483885  0.85264485  0.87505184 
  0.87754146  0.87298414  0.88568388  0.84738205  0.88597359  0.84200292 
  0.83878809  0.81709939]
[-0.35790166  -0.34928405  -0.36635569  -0.37449862  -0.35365545  -0.36686715 
  -0.3475019    -0.39127869  -0.3839047    -0.36146698  -0.38858074  -0.32248547 
  -0.36109226  -0.36992763  -0.39238035  -0.3383321    -0.3409081    -0.3271967 
  -0.34581457  -0.34497372  -0.33067038  -0.35961207  -0.33399782  -0.36887991 
  -0.38000344  -0.38674425]
[0.58987926  0.53676706  0.47667083  0.64096428  0.56556414  0.60238839 
  0.59925986  0.64137359  0.65716109  0.62955326  0.62133042  0.59950142 
  0.63834532  0.68629588  0.65600971  0.73939585  0.67167285  0.69029941 
  0.72514253  0.74891465  0.75482531  0.69859941  0.70524384  0.6981971 
  0.68800873  0.662161    ]
[-0.48804308  -0.5090932    -0.52796889  -0.49039741  -0.4885362    -0.47617751 
  -0.47611559  -0.51609982  -0.482682      -0.46620798  -0.47820985  -0.51395607 
  -0.50591687  -0.4799652    -0.4883491    -0.414046      -0.43705313  -0.51076548 
  -0.48098411  -0.49850511  -0.41687286  -0.44481295  -0.52510996  -0.52331866 
  -0.50245625  -0.47422519]
[-0.71568132  -0.71410442  -0.7256334    -0.70208434  -0.71661721  -0.69269864 
  -0.70793886  -0.70810191  -0.69864265  -0.7011585    -0.68817276  -0.73507352 
  -0.71664892  -0.70422888  -0.69554111  -0.68970572  -0.70148677  -0.7370674 
  -0.71382153  -0.72730826  -0.69588624  -0.69413321  -0.7307693    -0.71756334 
  -0.69843261  -0.69155855]
[  0.07461555    0.15935982  -0.03017751    0.07186143    0.09064482    0.19039472 
    0.18495506  -0.03589295    0.05101273    0.13109781    0.07594824    0.12397265 
    0.05106861    0.0742541      0.02397608    0.25753354    0.20886705    0.08593493 
    0.1401747      0.06574964    0.26439395    0.16557579    0.09057521  -0.00383296 
    0.05214748    0.06155113]
[0.4295442    0.43509849  0.44454454  0.43757589  0.42388674  0.40892734 
  0.41897351  0.47009944  0.43166948  0.41027827  0.40902482  0.47313936 
  0.4622867    0.43995358  0.43369493  0.39533496  0.40124174  0.4995465 
  0.46529624  0.49650802  0.40892838  0.40665468  0.51285667  0.49888671 
  0.46151099  0.41684443]
[-0.23672745  -0.25436876  -0.18831681  -0.2518031    -0.2405258    -0.28693295 
  -0.27286876  -0.20452171  -0.24660769  -0.2723098    -0.2680524    -0.22866372 
  -0.22960526  -0.2521335    -0.24192831  -0.3254124    -0.29649019  -0.21490566 
  -0.25963945  -0.22015778  -0.31984772  -0.29183006  -0.2262749    -0.21371379 
  -0.2536895    -0.26174723]
[-0.98506826  -0.96027491  -1.05495914  -0.94395183  -1.00067425  -0.95347908 
  -0.94627112  -0.92783026  -0.95391823  -0.97174925  -0.99808474  -0.89363777 
  -0.91486304  -0.91396593  -0.95781182  -0.88759964  -0.93650876  -0.82249963 
  -0.83156172  -0.80058022  -0.85577244  -0.92946843  -0.78904621  -0.84286005 
  -0.8864647    -0.9668765  ]
