inc
eps_11
eps_12
eps_13
eps_21
eps_22
eps_23
eps_31
eps_32
eps_33
increment_0
9.142983182623329e-17
-1.470971591306918e-17
-5.1600011178071947e-17
-1.470971591306918e-17
-1.0537764871885963e-16
1.9800803631442985e-17
-5.1600011178071947e-17
1.9800803631442985e-17
-4.156333433863149e-17
increment_10
0.006217749310348353
-0.0028415645152970632
0.00027426374745694526
-0.0028415645152970632
-0.013570594104073816
0.0024428458678895652
0.00027426374745694526
0.0024428458678895652
0.007352844793725499
increment_20
0.01324148425406686
-0.005972383026736331
0.0009931645664173084
-0.005972383026736331
-0.028726952775091217
0.005217812821909361
0.0009931645664173084
0.005217812821909361
0.01548546852102436
increment_30
0.020240764921959045
-0.009089242927641674
0.001776997937329361
-0.009089242927641674
-0.043685276506409805
0.008156281878201277
0.0017769979373293613
0.008156281878201277
0.02344451158445083
increment_40
0.027228685936164423
-0.012185079640334787
0.002629911278023505
-0.012185079640334787
-0.05844223354928821
0.011263401470326041
0.002629911278023505
0.011263401470326041
0.031213547613123668
increment_50
0.034202734064097684
-0.015256026664304208
0.0035731655819408897
-0.015256026664304208
-0.07299912410241687
0.01453264966286326
0.0035731655819408897
0.014532649662863259
0.03879639003831921
increment_60
0.041167554966463564
-0.018292576140393604
0.004602868036805246
-0.018292576140393604
-0.08735881358801409
0.01796528542396064
0.004602868036805246
0.017965285423960642
0.04619125862155048
increment_70
0.04815326613993871
-0.0212626345165152
0.005717804209930222
-0.021262634516515198
-0.10152948525378173
0.021562688408036546
0.005717804209930222
0.021562688408036546
0.05337621911384298
increment_80
0.055158434067863416
-0.024139933145515862
0.00692794148235686
-0.024139933145515862
-0.11552593318096742
0.025301489915236557
0.00692794148235686
0.025301489915236557
0.06036749911310405
increment_90
0.06211676065187192
-0.02694491143457984
0.008248062661964015
-0.02694491143457984
-0.1293633146634058
0.029135126286927535
0.008248062661964015
0.029135126286927535
0.06724655401153395
increment_100
0.06896452865993236
-0.02970298613542442
0.009675913206353111
-0.02970298613542442
-0.1430490001225602
0.03304099021469029
0.009675913206353111
0.03304099021469029
0.07408447146262784
increment_110
0.07564144323808579
-0.03244780523245643
0.01120303979420287
-0.03244780523245643
-0.15658792839813288
0.036995320887333226
0.01120303979420287
0.036995320887333226
0.08094648516004715
increment_120
0.08210208414390337
-0.035187092008398126
0.012821547613325778
-0.035187092008398126
-0.16998399200185496
0.040972974945485297
0.012821547613325778
0.040972974945485297
0.08788190785795157
