inc
eps_11
eps_12
eps_13
eps_21
eps_22
eps_23
eps_31
eps_32
eps_33
increment_0
0.0
0.0
0.0
0.0
1.2718538517315735e-16
-3.915632023973242e-17
0.0
-3.915632023973242e-17
2.058815222143895e-16
increment_10
-0.0004042361911987534
0.006289516639647522
0.006577473616495162
0.006289516639647522
-0.010136229782088427
-0.004786792500209845
0.006577473616495162
-0.004786792500209845
0.0105404659732873
increment_20
-0.001523755098402395
0.01358773263180618
0.013890131260217698
0.013587732631806182
-0.020813134474732223
-0.010133196070806177
0.013890131260217698
-0.010133196070806177
0.022336889573134604
increment_30
-0.0029372501474163584
0.020976688176061506
0.02091094690580189
0.020976688176061502
-0.03139544144171411
-0.015088902346188038
0.02091094690580189
-0.015088902346188041
0.03433269158913044
increment_40
-0.004629096942738144
0.028443136674363725
0.027643788561712047
0.02844313667436373
-0.04187300660169412
-0.01962646455838233
0.027643788561712044
-0.019626464558382326
0.046502103544432245
increment_50
-0.006564748364407085
0.03597993593283201
0.03406489077189424
0.03597993593283201
-0.05224269960387634
-0.023734380835949184
0.03406489077189424
-0.023734380835949188
0.05880744796828338
increment_60
-0.008705543202910157
0.043576537074489
0.04014334925453118
0.043576537074489004
-0.06251106467787418
-0.027414243507466747
0.04014334925453118
-0.027414243507466747
0.07121660788078431
increment_70
-0.011027805206827564
0.051216574820715996
0.04585869253065726
0.051216574820715996
-0.07268583567587383
-0.030671436931671868
0.04585869253065726
-0.030671436931671868
0.08371364088270142
increment_80
-0.013480230962293303
0.05885862456442107
0.051213296223242666
0.05885862456442107
-0.08276792274751546
-0.03353970159634101
0.051213296223242666
-0.033539701596341016
0.09624815370980871
increment_90
-0.015995084586735285
0.06645303057586832
0.0562142436553852
0.06645303057586832
-0.09276148803592431
-0.03606954002869564
0.0562142436553852
-0.03606954002869564
0.10875657262265948
increment_100
-0.018532765961678726
0.07396753214128969
0.06087227041849051
0.07396753214128969
-0.10266293582224231
-0.03829859755843662
0.06087227041849051
-0.03829859755843663
0.12119570178392101
increment_110
-0.02108219825453555
0.08138109645137166
0.06520529562249502
0.08138109645137166
-0.11246162931643908
-0.04025267377442228
0.06520529562249502
-0.040252673774422286
0.13354382757097458
increment_120
-0.023621226504056698
0.0886704908635098
0.06923398859836596
0.0886704908635098
-0.12215144206069276
-0.04195655019198086
0.06923398859836596
-0.041956550191980864
0.14577266856474946
