inc
eps_11
eps_12
eps_13
eps_21
eps_22
eps_23
eps_31
eps_32
eps_33
increment_0
4.310389937960849e-17
-6.787045066941615e-17
8.793277058700559e-17
-6.787045066941615e-17
-1.9079203215679223e-16
2.6640325639552724e-17
8.793277058700559e-17
2.6640325639552724e-17
-1.884532091658974e-17
increment_10
0.002182639995971061
0.004346959014634566
0.0062850427754625625
0.004346959014634566
0.009398865825743783
-0.0023860588947172885
0.0062850427754625625
-0.0023860588947172885
-0.011581505821714896
increment_20
0.004849461491540499
0.008608579911562789
0.013620559305210556
0.00860857991156279
0.01949801123276139
-0.005280783718250862
0.013620559305210556
-0.005280783718250862
-0.024347472724301922
increment_30
0.00728318392145592
0.012661614636758602
0.02106962197514491
0.012661614636758604
0.029653625010039066
-0.00784834991861267
0.021069621975144906
-0.00784834991861267
-0.03693680893149498
increment_40
0.00945719030156946
0.016480978720892124
0.02863522119164301
0.01648097872089212
0.03988672022436064
-0.010085882223754351
0.02863522119164301
-0.010085882223754351
-0.04934391052593005
increment_50
0.011366722352151915
0.020057901397901146
0.036309627666575146
0.020057901397901146
0.05020332543847432
-0.012003645265701392
0.036309627666575146
-0.012003645265701392
-0.06157004779062609
increment_60
0.013027961397181733
0.023403403321745172
0.044081339514675355
0.023403403321745172
0.06058684496154159
-0.013619827160333083
0.04408133951467537
-0.013619827160333085
-0.07361480635872336
increment_70
0.014456666701147584
0.0265305578146184
0.051937945476114515
0.0265305578146184
0.07103004064963656
-0.014944924754917802
0.051937945476114515
-0.014944924754917802
-0.08548670735078416
increment_80
0.015676225637211088
0.029450285469196702
0.05986543910435729
0.029450285469196702
0.08152595358246957
-0.015991320718829805
0.05986543910435729
-0.015991320718829805
-0.09720217921968058
increment_90
0.016721300832785408
0.03216704858827631
0.06785018660304377
0.03216704858827631
0.09206128537756669
-0.016781341398055174
0.06785018660304379
-0.016781341398055177
-0.10878258621035206
increment_100
0.017613247095515965
0.03468126408724995
0.0758841329492081
0.03468126408724995
0.10262612992437081
-0.017338940659291584
0.0758841329492081
-0.017338940659291584
-0.1202393770198868
increment_110
0.01833582625198594
0.036985689124985045
0.0839609810607605
0.036985689124985045
0.11323241658437515
-0.017688887791502312
0.0839609810607605
-0.017688887791502312
-0.13156824283636115
increment_120
0.018884552202694208
0.039077040718334476
0.09207199876594065
0.03907704071833447
0.12388346575971093
-0.01785637075687532
0.09207199876594065
-0.01785637075687532
-0.14276801796240512
