inc
eps_11
eps_12
eps_13
eps_21
eps_22
eps_23
eps_31
eps_32
eps_33
increment_0
1.1102230246251564e-16
0.0
0.0
0.0
3.324134031551263e-16
-1.473884547293963e-17
0.0
-1.473884547293963e-17
6.535042324205475e-19
increment_10
-0.00011286411636754487
-0.006111536934487923
-0.0035586730555355714
-0.006111536934487923
-0.007275609263696652
-0.007906311359399733
-0.0035586730555355714
-0.007906311359399731
0.007388473380064212
increment_20
0.00032107457964803223
-0.012889014080381936
-0.007200351642351257
-0.012889014080381936
-0.015292425288413734
-0.01720023909610256
-0.007200351642351257
-0.017200239096102563
0.014971350708765796
increment_30
0.0010348245898607058
-0.019521028388838787
-0.010597744774965367
-0.019521028388838787
-0.023575053029081874
-0.026322755489967972
-0.010597744774965369
-0.026322755489967976
0.02254022843922115
increment_40
0.0020349971375052166
-0.025994759739172344
-0.01375886698677807
-0.025994759739172344
-0.032123391351869826
-0.035273299748240235
-0.013758866986778072
-0.035273299748240235
0.030088394214364666
increment_50
0.003310696569746525
-0.032305953035531056
-0.01667379588821664
-0.032305953035531056
-0.04092668613525126
-0.04405338780871681
-0.01667379588821664
-0.04405338780871681
0.037615989565504805
increment_60
0.004836295032387646
-0.03845488862289776
-0.019323251544710623
-0.03845488862289776
-0.04998098439098411
-0.0526599380578521
-0.019323251544710623
-0.0526599380578521
0.04514468935859652
increment_70
0.0065868492579847044
-0.04444353900102184
-0.021692634611433736
-0.04444353900102184
-0.05928222003509023
-0.06109253729508839
-0.02169263461143374
-0.06109253729508837
0.05269537077710548
increment_80
0.008518968877238802
-0.050281916276412104
-0.023777768857282108
-0.050281916276412104
-0.06880602765410324
-0.06935385358690677
-0.023777768857282104
-0.06935385358690677
0.06028705877686436
increment_90
0.010569905619594946
-0.05599413667040492
-0.025577375770700576
-0.05599413667040492
-0.07851393846761469
-0.07744087402562018
-0.02557737577070057
-0.07744087402562018
0.06794403284801971
increment_100
0.01269143252679241
-0.06161511710668534
-0.027095181384439695
-0.06161511710668534
-0.08837423302751675
-0.0853398485156149
-0.027095181384439695
-0.0853398485156149
0.07568280050072443
increment_110
0.014845713792403343
-0.06718149662814478
-0.02834219953288457
-0.06718149662814478
-0.09836435729419085
-0.09303062689792929
-0.02834219953288457
-0.09303062689792928
0.0835186435017875
increment_120
0.016990455609494783
-0.07272172467301982
-0.029344956085163656
-0.07272172467301982
-0.10846557861349755
-0.1004877723628007
-0.029344956085163652
-0.10048777236280071
0.09147512300400279
