inc
eps_11
eps_12
eps_13
eps_21
eps_22
eps_23
eps_31
eps_32
eps_33
increment_0
0.0
0.0
0.0
0.0
-1.8037520691376998e-16
1.101923717763199e-16
0.0
1.1019237177631987e-16
6.935290445125433e-17
increment_10
0.0029894410691774015
0.004115218589392276
0.004357495749357624
0.004115218589392277
0.010042046198823361
-0.0015692019656640373
0.004357495749357624
-0.0015692019656640373
-0.013031487268000849
increment_20
0.006402796961055529
0.008615535596856306
0.008919264274364989
0.008615535596856306
0.02116377694635214
-0.003366374030953095
0.008919264274364989
-0.003366374030953095
-0.02756657390740774
increment_30
0.009518800557124535
0.01303093734892431
0.013549939975851114
0.01303093734892431
0.032427427186617244
-0.0049234849341890635
0.013549939975851114
-0.004923484934189063
-0.04194622774374171
increment_40
0.01231743180563458
0.017355911249812336
0.01828859918435733
0.017355911249812336
0.04383694070595995
-0.0062256385605758005
0.01828859918435733
-0.0062256385605758005
-0.05615437251159444
increment_50
0.01478350316555429
0.021585218841993586
0.02315942078476622
0.021585218841993586
0.05539605446944126
-0.007254822226332514
0.02315942078476622
-0.007254822226332514
-0.07017955763499568
increment_60
0.016895147480597686
0.02572473991933532
0.028192674878777815
0.025724739919335327
0.06711176589073384
-0.00798845212660487
0.028192674878777815
-0.00798845212660487
-0.0840069133713314
increment_70
0.01863648873779464
0.029761218619126246
0.033419910067371286
0.029761218619126246
0.07898083555311752
-0.008407076829983769
0.033419910067371286
-0.008407076829983769
-0.09761732429091226
increment_80
0.02003337459114789
0.033677232016946675
0.03885072692275398
0.033677232016946675
0.09097231084957656
-0.008506702636313064
0.03885072692275398
-0.008506702636313064
-0.11100568544072431
increment_90
0.021122322402644157
0.037468689188204264
0.0444821598172731
0.037468689188204264
0.1030560745038707
-0.008277374033501933
0.04448215981727309
-0.008277374033501933
-0.12417839690651494
increment_100
0.021918948831329776
0.04113230449218496
0.05032113436103953
0.04113230449218496
0.11521652512321515
-0.0076947176870593515
0.05032113436103953
-0.0076947176870593515
-0.13713547395454515
increment_110
0.022421004094983082
0.044649671962751755
0.0563770311439823
0.044649671962751755
0.12744719998317539
-0.006737887427155568
0.0563770311439823
-0.006737887427155568
-0.1498682040781584
increment_120
0.022643730433903955
0.047993939141137996
0.062645619190184
0.047993939141137996
0.13973075230553328
-0.005398044401184958
0.062645619190184
-0.005398044401184958
-0.16237448273943725
