inc
quat_01
quat_02
quat_03
quat_04
increment_0
[0.08757063  0.08757063  0.08757063  0.08757063  0.08757063  0.08757063 
  0.08757063  0.08757063  0.08757063  0.08757063]
[0.52332038  0.52332038  0.52332038  0.52332038  0.52332038  0.52332038 
  0.52332038  0.52332038  0.52332038  0.52332038]
[0.6641796  0.6641796  0.6641796  0.6641796  0.6641796  0.6641796  0.6641796 
  0.6641796  0.6641796  0.6641796]
[0.5266238  0.5266238  0.5266238  0.5266238  0.5266238  0.5266238  0.5266238 
  0.5266238  0.5266238  0.5266238]
increment_10
[0.08836861  0.08741006  0.08826133  0.08718508  0.08694512  0.08695566 
  0.08831276  0.08729197  0.08830572  0.08672461]
[0.51657264  0.52095149  0.52273015  0.51949784  0.51735233  0.52198484 
  0.52272893  0.52086325  0.52226514  0.51928444]
[0.66484436  0.66475532  0.66408031  0.66500491  0.66471049  0.664679 
  0.66380676  0.6640041    0.66501841  0.66508337]
[0.53228345  0.52827019  0.52721957  0.52942349  0.53192771  0.52742048 
  0.52755654  0.52932046  0.52649002  0.52960987]
increment_20
[0.09033155  0.08765922  0.08918031  0.08755218  0.08666751  0.08619496 
  0.0894383    0.08696241  0.08939837  0.08660756]
[0.50796899  0.5183681    0.52268093  0.51503768  0.50974833  0.52066749 
  0.52329106  0.51801175  0.52114335  0.51418281]
[0.66548464  0.66441945  0.66340981  0.66563493  0.66529236  0.66485745 
  0.66221281  0.6629838    0.66585209  0.66601303]
[0.53938661  0.53118469  0.52795734  0.53291739  0.53854569  0.52862119 
  0.52881136  0.53343589  0.5263635    0.5334246  ]
increment_30
[0.09224949  0.08811209  0.09004746  0.08794957  0.08632915  0.0854768 
  0.09073173  0.08659546  0.090465      0.08671927]
[0.49927341  0.51590658  0.52248648  0.51044356  0.50278855  0.51927457 
  0.5238089    0.51543778  0.51982525  0.50906589]
[0.66617203  0.66377949  0.66293298  0.66592249  0.66563981  0.66502893 
  0.66049223  0.66197628  0.66682657  0.66676068]
[0.54628832  0.53429715  0.52860117  0.53689802  0.54467843  0.5298907 
  0.53022826  0.53722669  0.526251      0.53736568]
increment_40
[0.09382016  0.08866019  0.09104143  0.08827808  0.08595503  0.08481026 
  0.09209561  0.08629882  0.09163923  0.0867174  ]
[0.49076944  0.51366847  0.52207205  0.50576068  0.49686063  0.51782584 
  0.52428778  0.5130014    0.51827519  0.50428773]
[0.66692433  0.66298608  0.66259759  0.6660478    0.66567484  0.66517159 
  0.65871283  0.66103285  0.6678494    0.66740742]
[0.55277036  0.53733931  0.52926049  0.54110392  0.55010749  0.53123476 
  0.53173127  0.54075655  0.52627963  0.54105574]
increment_50
[0.09504339  0.08928713  0.09216347  0.08859417  0.08554635  0.08421221 
  0.09348874  0.08607154  0.09292787  0.08652448]
[0.48277316  0.51161921  0.52131943  0.50120515  0.49204319  0.51631013 
  0.52473656  0.51058081  0.5165494    0.50011533]
[0.6677308    0.66212436  0.66243166  0.66606009  0.66542394  0.665282 
  0.65691829  0.66018359  0.66883331  0.66797927]
[0.55859861  0.54024524  0.53001532  0.54525996  0.55478492  0.53266501 
  0.53326331  0.54411079  0.52650083  0.54424431]
increment_60
[0.09598819  0.08996995  0.09341186  0.08890592  0.0851457    0.0836786 
  0.09490714  0.08590317  0.09428184  0.08620368]
[0.47546066  0.50969419  0.52021565  0.49689301  0.48819798  0.51472319 
  0.52513995  0.50811605  0.51473063  0.49654184]
[0.66857556  0.66127205  0.66241443  0.66603212  0.66495581  0.66537136 
  0.65514709  0.65942601  0.66974676  0.66850152]
[0.56367557  0.5429885    0.53090209  0.54917601  0.5587904    0.53417121 
  0.53479244  0.54735369  0.52688006  0.54691942]
increment_70
[0.09669718  0.09068426  0.09478576  0.08919902  0.08478698  0.08320004 
  0.09637279  0.08579347  0.09565308  0.08582366]
[0.46884608  0.50784278  0.51879853  0.4928377    0.48513655  0.51308272 
  0.52545806  0.50557322  0.51286378  0.49345778]
[0.66945214  0.6604626    0.66251459  0.6660215    0.6643398    0.66543749 
  0.65343465  0.65874813  0.67059227  0.66898695]
[0.56803771  0.54558338  0.53191932  0.55278377  0.56223334  0.5357395 
  0.5363108    0.55053256  0.5273777    0.54917227]
increment_80
[0.09718026  0.0914137    0.09627635  0.08946835  0.08446914  0.08276175 
  0.09790928  0.08573658  0.09700469  0.085428    ]
[0.46291809  0.50603759  0.51708973  0.48902003  0.48272675  0.51141367 
  0.52564897  0.50293465  0.51094987  0.49078794]
[0.67035657  0.65970411  0.66271698  0.66606815  0.66363646  0.66547339 
  0.65181419  0.65814856  0.67138701  0.66943388]
[0.5717385    0.54805107  0.53306217  0.55606478  0.56517829  0.53735623 
  0.53781521  0.55366637  0.52797708  0.55107851]
increment_90
[0.09746683  0.09215895  0.09786324  0.08971587  0.08417255  0.08234518 
  0.09951964  0.08571782  0.09829326  0.08504612]
[0.45776791  0.50425279  0.51508006  0.48546009  0.48089032  0.50975107 
  0.52567434  0.50020891  0.5089737    0.48850323]
[0.67125699  0.65899596  0.66300776  0.66618141  0.66289593  0.66545582 
  0.65031195  0.65760835  0.672142      0.66983026]
[0.57477196  0.55041818  0.53435572  0.5590008    0.56765171  0.53901918 
  0.53931132  0.55677173  0.52868642  0.55268361]
increment_100
[0.0976024    0.09292831  0.09951938  0.08994085  0.08388354  0.08193992 
  0.10118827  0.08572594  0.09945622  0.08470505]
[0.45353654  0.50245878  0.51275693  0.4822218    0.47956024  0.50812429 
  0.52550461  0.49742007  0.50694549  0.48658042]
[0.67209233  0.65833324  0.66336097  0.66633972  0.66215946  0.66535901 
  0.64894496  0.65708961  0.67285463  0.6701668  ]
[0.57712242  0.5527177    0.53584368  0.56157294  0.56967568  0.5407337 
  0.54081076  0.55987282  0.5295105    0.55402257]
increment_110
[0.09760819  0.09372872  0.1012402    0.09013939  0.08358231  0.08153741 
  0.10289402  0.08576056  0.1004373    0.08440727]
[0.45025801  0.50064469  0.51012504  0.47934411  0.47864341  0.50653933 
  0.52513362  0.49459432  0.50490553  0.48497193]
[0.67280985  0.65770041  0.6637466    0.66651819  0.6614614    0.66517616 
  0.64771716  0.65656358  0.67351407  0.67045085]
[0.57884996  0.55497747  0.53755309  0.56378863  0.57129966  0.54250368 
  0.54231908  0.56297944  0.53043525  0.55513359]
increment_120
[0.09750044  0.09456662  0.10303652  0.09030487  0.08325156  0.08113373 
  0.10461254  0.08583332  0.1012161    0.08413834]
[0.44787314  0.49881148  0.50719676  0.47683635  0.47803692  0.50499274 
  0.52457107  0.49175512  0.50290261  0.48362369]
[0.67337289  0.65708044  0.66414919  0.66669785  0.66082245  0.6649107 
  0.64663011  0.65601316  0.67410849  0.67069773]
[0.58006229  0.5572159    0.53948196  0.56567315  0.57259371  0.54432841 
  0.54382985  0.56608857  0.53143392  0.55605164]
