inc
quat_01
quat_02
quat_03
quat_04
increment_0
[0.91470975  0.91470975  0.91470975  0.91470975  0.91470975  0.91470975 
  0.91470975  0.91470975  0.91470975  0.91470975  0.91470975  0.91470975 
  0.91470975  0.91470975  0.91470975  0.91470975  0.91470975  0.91470975 
  0.91470975  0.91470975  0.91470975  0.91470975  0.91470975  0.91470975 
  0.91470975  0.91470975  0.91470975  0.91470975  0.91470975  0.91470975 
  0.91470975  0.91470975  0.91470975  0.91470975]
[-0.19068437  -0.19068437  -0.19068437  -0.19068437  -0.19068437  -0.19068437 
  -0.19068437  -0.19068437  -0.19068437  -0.19068437  -0.19068437  -0.19068437 
  -0.19068437  -0.19068437  -0.19068437  -0.19068437  -0.19068437  -0.19068437 
  -0.19068437  -0.19068437  -0.19068437  -0.19068437  -0.19068437  -0.19068437 
  -0.19068437  -0.19068437  -0.19068437  -0.19068437  -0.19068437  -0.19068437 
  -0.19068437  -0.19068437  -0.19068437  -0.19068437]
[0.29014401  0.29014401  0.29014401  0.29014401  0.29014401  0.29014401 
  0.29014401  0.29014401  0.29014401  0.29014401  0.29014401  0.29014401 
  0.29014401  0.29014401  0.29014401  0.29014401  0.29014401  0.29014401 
  0.29014401  0.29014401  0.29014401  0.29014401  0.29014401  0.29014401 
  0.29014401  0.29014401  0.29014401  0.29014401  0.29014401  0.29014401 
  0.29014401  0.29014401  0.29014401  0.29014401]
[-0.20678976  -0.20678976  -0.20678976  -0.20678976  -0.20678976  -0.20678976 
  -0.20678976  -0.20678976  -0.20678976  -0.20678976  -0.20678976  -0.20678976 
  -0.20678976  -0.20678976  -0.20678976  -0.20678976  -0.20678976  -0.20678976 
  -0.20678976  -0.20678976  -0.20678976  -0.20678976  -0.20678976  -0.20678976 
  -0.20678976  -0.20678976  -0.20678976  -0.20678976  -0.20678976  -0.20678976 
  -0.20678976  -0.20678976  -0.20678976  -0.20678976]
increment_10
[0.91427471  0.91464603  0.91454015  0.9143141    0.91439714  0.91456535 
  0.91440293  0.9144867    0.91454278  0.91443487  0.91446736  0.914493 
  0.9144052    0.91437592  0.9144543    0.91440814  0.91457671  0.91439011 
  0.91455988  0.9144305    0.91448445  0.91441162  0.91461345  0.91458214 
  0.91425939  0.91444786  0.91436482  0.91455531  0.9143933    0.91430221 
  0.91447055  0.91438828  0.91448447  0.91447605]
[-0.19096792  -0.19024633  -0.19061534  -0.19085478  -0.1909507    -0.19067511 
  -0.19064539  -0.19062532  -0.19056919  -0.19078451  -0.19094015  -0.19063119 
  -0.19070362  -0.19082152  -0.19076271  -0.19089596  -0.19093333  -0.19068635 
  -0.1904914    -0.19070747  -0.19058322  -0.19088536  -0.19050482  -0.19034724 
  -0.19075434  -0.19073115  -0.19081337  -0.19057082  -0.19092693  -0.1905628 
  -0.19032309  -0.19044976  -0.19055385  -0.19061339]
[0.28915507  0.28905698  0.28885945  0.28924914  0.28853629  0.28839022 
  0.28942346  0.28907443  0.28886013  0.28872329  0.28816582  0.28910885 
  0.28929089  0.28918859  0.28879001  0.28871949  0.28771615  0.28949794 
  0.28909394  0.28919102  0.28921818  0.28886549  0.28865464  0.28921614 
  0.28991259  0.28910621  0.28917448  0.28896304  0.28880544  0.28999255 
  0.28970078  0.28999812  0.28937015  0.28918238]
[-0.20981507  -0.20898574  -0.20938559  -0.2096166    -0.21014877  -0.20986737 
  -0.20917859  -0.20931328  -0.20941518  -0.20987854  -0.21036102  -0.20923283 
  -0.20929894  -0.20946068  -0.20972182  -0.20989888  -0.2105073    -0.20909422 
  -0.20908837  -0.20932292  -0.20916277  -0.20969237  -0.20944845  -0.20895327 
  -0.20902926  -0.20934263  -0.20953603  -0.20921689  -0.20981709  -0.20890573 
  -0.20879221  -0.20862419  -0.2089792    -0.2092215  ]
increment_20
[0.91381248  0.91458719  0.914434      0.91396096  0.91400743  0.91432182 
  0.91403114  0.9141827    0.91434898  0.91406305  0.91415038  0.91424007 
  0.91400206  0.91390883  0.91410768  0.91395606  0.91436962  0.91399695 
  0.91421844  0.91409686  0.91404735  0.91404109  0.91451403  0.91434128 
  0.91363451  0.91405482  0.91382041  0.9143711    0.91397863  0.91372182 
  0.91413013  0.91396008  0.91411587  0.91426732]
[-0.19135799  -0.18968622  -0.19048682  -0.19102646  -0.19124281  -0.19063279 
  -0.19040099  -0.19051916  -0.19046159  -0.19093987  -0.19114726  -0.19042281 
  -0.19057356  -0.19090443  -0.19085163  -0.19116743  -0.19107708  -0.19052385 
  -0.19029461  -0.19054163  -0.19051049  -0.19101228  -0.19015282  -0.18998199 
  -0.19082865  -0.19068231  -0.19099152  -0.19019388  -0.19113142  -0.19061029 
  -0.19000783  -0.19019763  -0.19040577  -0.19021128]
[0.28740586  0.28772077  0.28718841  0.28778446  0.28671262  0.28659769 
  0.28891151  0.2878217    0.2870549    0.28702704  0.28611211  0.28799643 
  0.28874938  0.28829649  0.287156      0.28711481  0.28526202  0.28896766 
  0.28834445  0.28824752  0.28863411  0.28731079  0.28687223  0.28832123 
  0.28988683  0.28816205  0.28836247  0.28784583  0.2872899    0.28971803 
  0.28910985  0.28977692  0.28860658  0.28818028]
[-0.21383811  -0.21158019  -0.21224527  -0.21298911  -0.21403848  -0.21339286 
  -0.21171839  -0.21244082  -0.21281404  -0.2136497    -0.21431675  -0.21204316 
  -0.21190976  -0.21262947  -0.21336409  -0.21378593  -0.21457709  -0.21167884 
  -0.21177841  -0.21221258  -0.21192815  -0.21329721  -0.21262718  -0.21156022 
  -0.21171213  -0.21238333  -0.21284168  -0.2118881    -0.21348621  -0.21176312 
  -0.21137321  -0.21102408  -0.21176414  -0.21186569]
increment_30
[0.91333941  0.91447249  0.91430139  0.9136154    0.91357483  0.91402157 
  0.91364457  0.91381901  0.91412058  0.91364954  0.91378565  0.91397818 
  0.91354226  0.9134132    0.91374735  0.91348909  0.91412586  0.91357008 
  0.91381149  0.91373719  0.91359232  0.91363298  0.91443991  0.91406456 
  0.91296826  0.9136619    0.91322003  0.91422096  0.91353302  0.91309361 
  0.91378204  0.91354583  0.91373246  0.91406491]
[-0.19173909  -0.18915409  -0.19034167  -0.19124694  -0.19148337  -0.19063039 
  -0.19008879  -0.19042029  -0.19042947  -0.19106437  -0.19132154  -0.19021765 
  -0.19040775  -0.19096265  -0.19097413  -0.19141164  -0.19111525  -0.19030601 
  -0.19012623  -0.19035923  -0.19037526  -0.19118642  -0.18976305  -0.1896637 
  -0.1909184    -0.19056029  -0.19119535  -0.18967565  -0.19133861  -0.19068693 
  -0.18971353  -0.18993419  -0.19021758  -0.18977407]
[0.28555706  0.28652531  0.28561159  0.2861663    0.28514896  0.28485726 
  0.2885643    0.28675695  0.28507747  0.28550646  0.28420297  0.28680193 
  0.28858523  0.28749316  0.28536792  0.28554199  0.28307008  0.28863369 
  0.28776053  0.28738637  0.28818621  0.28566182  0.28499203  0.28742508 
  0.2899189    0.28730088  0.28766884  0.28680399  0.28574906  0.28955313 
  0.28848345  0.28944087  0.28792742  0.28716032]
[-0.21795506  -0.2141589    -0.21505592  -0.21642631  -0.2177274    -0.21698149 
  -0.21412727  -0.21551191  -0.21645094  -0.21731309  -0.21822128  -0.21495532 
  -0.21425215  -0.21577136  -0.2171631    -0.2176351    -0.21844956  -0.21415863 
  -0.21446317  -0.21507393  -0.21460438  -0.21707107  -0.21579892  -0.21424399 
  -0.21444382  -0.21532977  -0.21614846  -0.21439837  -0.21724278  -0.2146102 
  -0.21398239  -0.21350179  -0.21449492  -0.21449962]
increment_40
[0.91284297  0.91431289  0.91412571  0.9132524    0.91311924  0.9136812 
  0.91325086  0.91341954  0.91385841  0.91320359  0.91338432  0.91370088 
  0.91306685  0.91289764  0.9133663    0.91300577  0.91385797  0.9131494 
  0.91335471  0.91335935  0.91313174  0.9131918    0.9143588    0.91377289 
  0.91227281  0.91327484  0.91258473  0.91408998  0.91304821  0.91243727 
  0.91341107  0.91314144  0.91334832  0.91386085]
[-0.19206669  -0.18866303  -0.190178      -0.19145419  -0.1916652    -0.19064115 
  -0.18973941  -0.19031801  -0.19041292  -0.1911594    -0.19146847  -0.19000968 
  -0.19020876  -0.19100291  -0.19109702  -0.19162408  -0.19108699  -0.19004419 
  -0.18998943  -0.19017954  -0.19020247  -0.19137397  -0.18936124  -0.18933867 
  -0.19100625  -0.19037245  -0.19140609  -0.18908553  -0.19156614  -0.19076916 
  -0.18943735  -0.18963676  -0.18997769  -0.18931268]
[0.28377034  0.28537601  0.28412915  0.2845368    0.28373923  0.28314034 
  0.288288      0.28580436  0.28308636  0.2841087    0.28237269  0.28559078 
  0.28855061  0.28673533  0.28354768  0.28400476  0.28100861  0.28830518 
  0.28728905  0.28653435  0.28779222  0.28400538  0.2831034    0.28655028 
  0.29002923  0.28651041  0.28704004  0.28578133  0.28420796  0.28944618 
  0.28787297  0.28908176  0.28732537  0.28615676]
[-0.22204165  -0.21679194  -0.21789248  -0.2198958    -0.2212911    -0.22062222 
  -0.21647597  -0.21853984  -0.22015412  -0.22090617  -0.22211386  -0.21791036 
  -0.2164904    -0.21890327  -0.22100823  -0.22145422  -0.22222407  -0.21661372 
  -0.21714556  -0.21795529  -0.21723049  -0.22090198  -0.21895839  -0.21693067 
  -0.21715886  -0.21817236  -0.21945577  -0.21682991  -0.22106836  -0.21745403 
  -0.21661685  -0.21596839  -0.21713466  -0.21710222]
increment_50
[0.91232281  0.91411726  0.91390882  0.91286942  0.91265087  0.91330864 
  0.91285291  0.91299356  0.91355859  0.91273085  0.91294531  0.91340469 
  0.91259353  0.91237075  0.91294804  0.9125083    0.91357213  0.91273834 
  0.91285912  0.91295595  0.91266547  0.9127193    0.9142589    0.91347742 
  0.91155957  0.91288733  0.91192571  0.91396945  0.91252679  0.91176592 
  0.91300391  0.91273514  0.91296293  0.91365199]
[-0.19233447  -0.18821624  -0.18998999  -0.19161465  -0.19179718  -0.19065163 
  -0.18937909  -0.19020604  -0.19038153  -0.19123074  -0.19160108  -0.18978654 
  -0.18998669  -0.19102534  -0.19121844  -0.19180163  -0.19101331  -0.1897469 
  -0.18986547  -0.19002608  -0.1900098    -0.19155516  -0.18895156  -0.1889804 
  -0.19107893  -0.19013784  -0.19162353  -0.188462      -0.19180748  -0.19083808 
  -0.18918742  -0.189308      -0.18969333  -0.18883968]
[0.28208162  0.28422315  0.28274759  0.28294548  0.28240846  0.28144435 
  0.28801376  0.28494029  0.28119913  0.28279008  0.28059869  0.2844183 
  0.28850875  0.2859907    0.2817819    0.28248722  0.27901821  0.28796074 
  0.28693306  0.2856672    0.2874259    0.28239078  0.28124122  0.28572055 
  0.29020382  0.28579014  0.28642036  0.28474391  0.28267199  0.28938713 
  0.28732605  0.28876469  0.28680065  0.2851562  ]
[-0.22606303  -0.21950283  -0.22074482  -0.22337211  -0.22478367  -0.22429526 
  -0.21882229  -0.22152528  -0.22381383  -0.22446151  -0.22601827  -0.22086008 
  -0.2187254    -0.22203211  -0.2248563    -0.22525921  -0.22593961  -0.21905126 
  -0.21979254  -0.22089766  -0.21982803  -0.22473439  -0.22210664  -0.2195659 
  -0.21984026  -0.22092605  -0.22278983  -0.21923237  -0.22494731  -0.22026988 
  -0.21926174  -0.21838497  -0.21968277  -0.21969424]
increment_60
[0.91177709  0.91389103  0.91365839  0.91246755  0.91216121  0.91290789 
  0.91244953  0.91254465  0.9132184    0.91224183  0.91246436  0.91309285 
  0.91212556  0.91182721  0.91248729  0.91199957  0.91327602  0.91233457 
  0.9123231    0.9125278    0.91219343  0.91221556  0.91414172  0.91318271 
  0.91083063  0.91249136  0.91124496  0.91385479  0.91198546  0.91107863 
  0.91255129  0.9123292    0.91257305  0.91343039]
[-0.19255304  -0.18780396  -0.18977435  -0.19171692  -0.19190693  -0.19065341 
  -0.18902844  -0.19007933  -0.19032115  -0.1912823    -0.19173732  -0.18953496 
  -0.18975387  -0.1910402    -0.19133124  -0.19195117  -0.19090416  -0.18942571 
  -0.18974854  -0.18990498  -0.18980397  -0.19171941  -0.18853103  -0.18858104 
  -0.19114143  -0.18987105  -0.19185133  -0.18782453  -0.19203213  -0.19089414 
  -0.18896732  -0.18894552  -0.18937308  -0.18837366]
[0.28049781  0.28306802  0.28145754  0.28139124  0.28113764  0.27977586 
  0.2877026    0.28416807  0.27949536  0.28148888  0.27885713  0.28331582 
  0.28840275  0.2852702    0.28011881  0.28095108  0.27705692  0.28759454 
  0.28672576  0.28475959  0.28708017  0.28084833  0.27939744  0.28494012 
  0.29042932  0.28515375  0.28578539  0.28367296  0.28113964  0.28938863 
  0.28688043  0.28849606  0.28635827  0.28414781]
[-0.23001488  -0.22227313  -0.22359718  -0.22686243  -0.22824393  -0.22798228 
  -0.22120426  -0.22445628  -0.22735952  -0.22801303  -0.22996586  -0.22376346 
  -0.22100743  -0.22515706  -0.22867608  -0.22908082  -0.22961267  -0.22147893 
  -0.22237443  -0.22392207  -0.22240183  -0.22854027  -0.22525104  -0.22213432 
  -0.22249345  -0.22359749  -0.22616897  -0.22163262  -0.22883766  -0.22304567 
  -0.2219034    -0.22073749  -0.2221423    -0.22230677]
increment_70
[0.91120322  0.91364238  0.91338262  0.91204433  0.91163507  0.91248206 
  0.91203834  0.91207736  0.91284173  0.91174409  0.91194382  0.91277207 
  0.91165569  0.91125645  0.9119892    0.91147905  0.91297853  0.91193304 
  0.91174699  0.91208358  0.91171444  0.91168445  0.91401546  0.91288957 
  0.91008389  0.91208095  0.91054337  0.91374433  0.91144016  0.91037034 
  0.91205603  0.91193235  0.9121753    0.91320057]
[-0.19273154  -0.18740788  -0.1895299    -0.19176465  -0.19201843  -0.19064197 
  -0.18869566  -0.18992869  -0.19022769  -0.1913142    -0.19188178  -0.18924682 
  -0.18952395  -0.19105372  -0.19142389  -0.19208245  -0.19076119  -0.18908798 
  -0.18963468  -0.18980783  -0.18958138  -0.19185682  -0.18809172  -0.18814404 
  -0.19120061  -0.1895779    -0.19209102  -0.18717581  -0.19221501  -0.19094032 
  -0.18877018  -0.18854425  -0.18902343  -0.18791371]
[0.27903272  0.28191693  0.28023295  0.27987293  0.27994154  0.27813142 
  0.28734476  0.28349449  0.27799369  0.28016612  0.27711755  0.28228419 
  0.28822494  0.28461706  0.27857078  0.27936767  0.27509305  0.28721858 
  0.28668083  0.28378237  0.28677227  0.27938844  0.27754943  0.2842004 
  0.29070673  0.28462245  0.28511866  0.28257438  0.27961357  0.28947354 
  0.28654036  0.28825353  0.28600245  0.28310739]
[-0.23388882  -0.22507497  -0.22645109  -0.23037493  -0.23169628  -0.23167876 
  -0.22363588  -0.22731663  -0.23076591  -0.23157835  -0.23397801  -0.22660193 
  -0.22336286  -0.22826144  -0.23244552  -0.23294632  -0.23324703  -0.22389586 
  -0.22487823  -0.22703327  -0.22493851  -0.23230264  -0.22839343  -0.22464325 
  -0.22512047  -0.2261827    -0.22960654  -0.22402732  -0.23269398  -0.22577135 
  -0.22453116  -0.22302548  -0.2245194    -0.2249519  ]
increment_80
[0.91060094  0.91337496  0.91308614  0.91159752  0.91106669  0.91203228 
  0.91161722  0.91159329  0.91243205  0.9112394    0.91138748  0.91244816 
  0.91117735  0.91065722  0.9114577    0.91094489  0.91268913  0.91152859 
  0.91113358  0.91162598  0.91122846  0.91112901  0.91388828  0.91259674 
  0.9093192    0.91165632  0.9098202    0.91363888  0.91090367  0.90964132 
  0.9115228    0.91154583  0.91176701  0.91297496]
[-0.19287099  -0.18701818  -0.18925448  -0.19176663  -0.19213735  -0.19061526 
  -0.18838385  -0.18975035  -0.19010237  -0.19132417  -0.19202998  -0.18891784 
  -0.18930955  -0.19106275  -0.1914911    -0.19219835  -0.19058631  -0.18873864 
  -0.18951954  -0.18972817  -0.18933767  -0.19196204  -0.18762109  -0.1876766 
  -0.19125881  -0.18925913  -0.19234262  -0.18651379  -0.19234619  -0.19097188 
  -0.18859053  -0.18810613  -0.18865208  -0.18744385]
[0.27770649  0.28077552  0.27906838  0.27840243  0.27882878  0.27651155 
  0.2869348    0.28292863  0.27669393  0.27881667  0.27536216  0.28131986 
  0.28797432  0.28404932  0.27714794  0.27772959  0.2730947    0.28684626 
  0.28679967  0.28273032  0.28651111  0.27801965  0.27569049  0.28349517 
  0.29103491  0.28420016  0.28441613  0.28145199  0.27808964  0.28965834 
  0.28630207  0.28802955  0.2857301    0.2820121  ]
[-0.23766743  -0.22789358  -0.22929736  -0.23389659  -0.2351494    -0.23538121 
  -0.22612826  -0.23009534  -0.23402846  -0.23515755  -0.23806096  -0.22936335 
  -0.22580638  -0.2313319    -0.23614622  -0.23686593  -0.2368432    -0.22630196 
  -0.22729692  -0.23022785  -0.22743202  -0.23600757  -0.23151954  -0.22710169 
  -0.22772205  -0.22867883  -0.23310724  -0.22640974  -0.23648172  -0.2284304 
  -0.22713633  -0.22525377  -0.22682511  -0.22761965]
increment_90
[0.90997337  0.91309242  0.91276846  0.91112626  0.91045509  0.91156163 
  0.91118837  0.91109119  0.91199666  0.91072535  0.91080118  0.91212019 
  0.91068722  0.91003344  0.9108968    0.91039338  0.91241743  0.91112073 
  0.91048782  0.91115566  0.91073738  0.91054924  0.9137695    0.91230049 
  0.90853616  0.91122008  0.9090723    0.91354021  0.91037959  0.90889537 
  0.91095748  0.91116947  0.91134668  0.91276508]
[-0.19296893  -0.18662896  -0.18895022  -0.19173029  -0.19226203  -0.19056713 
  -0.18808788  -0.18955112  -0.1899413    -0.19131346  -0.19216934  -0.1885527 
  -0.18911658  -0.19106286  -0.19152754  -0.19230064  -0.1903846    -0.18837692 
  -0.18940006  -0.18966214  -0.18907237  -0.19203593  -0.18710387  -0.18718971 
  -0.19131452  -0.18891464  -0.19260617  -0.18583769  -0.19243586  -0.19098247 
  -0.18842653  -0.18763341  -0.18826816  -0.18694637]
[0.27652865  0.27964321  0.2779754    0.27700177  0.27779985  0.27492213 
  0.28646799  0.2824625    0.27558179  0.27744523  0.27359161  0.28042589 
  0.28765862  0.28356176  0.27586423  0.27604077  0.271035      0.28648215 
  0.28706844  0.28160114  0.28628668  0.27675394  0.27381967  0.28282031 
  0.29142286  0.28388062  0.28368643  0.28029795  0.27656991  0.28994805 
  0.28614503  0.28782227  0.28552816  0.28085137]
[-0.24133664  -0.23071961  -0.2321233    -0.23739938  -0.23860866  -0.23907609 
  -0.22868056  -0.23280495  -0.23714779  -0.23875226  -0.24219781  -0.2320473 
  -0.22833357  -0.23436478  -0.23975642  -0.24084404  -0.24039171  -0.2286944 
  -0.22963288  -0.23350467  -0.22988912  -0.23964461  -0.23460653  -0.22952235 
  -0.23029006  -0.2310866    -0.23666946  -0.22878308  -0.2401802    -0.23100873 
  -0.2297236    -0.22742525  -0.22907639  -0.23028998]
increment_100
[0.90932972  0.91279431  0.91242392  0.91063261  0.90980107  0.91107377 
  0.91076017  0.91056668  0.91154387  0.91019926  0.91019024  0.91177651 
  0.91018755  0.90938759  0.91031484  0.90982076  0.91217505  0.91071656 
  0.90981237  0.91067212  0.91024484  0.90994402  0.9136714    0.91199307 
  0.90773498  0.910776      0.90829657  0.91345042  0.90986766  0.90814242 
  0.91036298  0.91080411  0.91091451  0.91257636]
[-0.19302072  -0.18624334  -0.18862729  -0.19165663  -0.19239034  -0.19049208 
  -0.18779888  -0.18934762  -0.18974043  -0.19128531  -0.19228755  -0.1881655 
  -0.1889419    -0.19105424  -0.19152539  -0.1923916    -0.1901633    -0.18799635 
  -0.18927808  -0.18960779  -0.18878606  -0.19208232  -0.18652522  -0.18669526 
  -0.19136313  -0.18854255  -0.19288341  -0.18514578  -0.19250811  -0.19096458 
  -0.18828269  -0.18712488  -0.18787693  -0.18641188]
[0.27548298  0.27851504  0.27697701  0.27570005  0.27684413  0.2733658 
  0.28592183  0.28207727  0.27463976  0.27605183  0.27181359  0.27963626 
  0.28728181  0.283145      0.27471896  0.27430452  0.26887857  0.28611042 
  0.28747381  0.28039467  0.28608044  0.27560035  0.27192293  0.28218848 
  0.29188723  0.28365609  0.28293641  0.27909952  0.27505229  0.29032019 
  0.28604419  0.28763566  0.28538524  0.27962483]
[-0.24489097  -0.233558      -0.23491716  -0.24084324  -0.2420853    -0.24275192 
  -0.23129247  -0.23547444  -0.2401236    -0.24236877  -0.24636679  -0.23465061 
  -0.23093017  -0.23736343  -0.2432579    -0.24488507  -0.24388297  -0.23107042 
  -0.23189235  -0.23686282  -0.23231903  -0.24320918  -0.23763592  -0.23191201 
  -0.23280722  -0.23340525  -0.24029215  -0.23115542  -0.24377799  -0.23350388 
  -0.23230927  -0.22953405  -0.23128399  -0.2329484  ]
increment_110
[0.90867729  0.91247928  0.91205377  0.91011816  0.90910807  0.91056985 
  0.91033595  0.91001627  0.91107899  0.90966056  0.90955567  0.91140904 
  0.90968069  0.90872006  0.9097249    0.90922629  0.91197243  0.91031711 
  0.90911024  0.91016841  0.90975593  0.90931418  0.91360501  0.91167236 
  0.9069149    0.91032655  0.90749348  0.91336806  0.90937342  0.90738674 
  0.90973982  0.91044586  0.91047292  0.91240751]
[-0.19301898  -0.18586234  -0.18829342  -0.19154434  -0.19251703  -0.19038867 
  -0.1875096    -0.1891524    -0.1894952    -0.19123933  -0.19237947  -0.18776876 
  -0.18878051  -0.19103911  -0.19147098  -0.19246685  -0.18993123  -0.18759492 
  -0.18915442  -0.18956767  -0.18847834  -0.19210253  -0.18587332  -0.18620164 
  -0.19140408  -0.18814296  -0.19316919  -0.18443996  -0.19258884  -0.19091613 
  -0.18816468  -0.18658672  -0.18747869  -0.18584011]
[0.27457935  0.27739997  0.27606813  0.27453383  0.27595342  0.27184974 
  0.28529834  0.2817622    0.2738744    0.2746428    0.27004373  0.27896952 
  0.28684785  0.28279488  0.27370671  0.27253887  0.26659567  0.28573738 
  0.28800394  0.27913781  0.28587333  0.27456392  0.26999724  0.28158933 
  0.2924392    0.28352227  0.28217756  0.27785019  0.27352652  0.29076842 
  0.28597973  0.28748006  0.28529349  0.27834432]
[-0.24830514  -0.23640224  -0.23767601  -0.24418616  -0.24557976  -0.24639891 
  -0.23395185  -0.23812144  -0.24293918  -0.24600103  -0.25054943  -0.23717599 
  -0.23358354  -0.24033094  -0.24662543  -0.24897115  -0.24730379  -0.23342033 
  -0.23407885  -0.24029075  -0.23472645  -0.24669614  -0.24057949  -0.23428593 
  -0.23526402  -0.23563304  -0.2439612    -0.23353791  -0.2472504    -0.23591114 
  -0.23491085  -0.23157923  -0.23344897  -0.23558528]
increment_120
[0.90801935  0.91214931  0.91166349  0.90958338  0.90838281  0.91005092 
  0.9099146    0.90944092  0.9106054    0.90911079  0.90889288  0.91101683 
  0.90916698  0.90803099  0.90914384  0.90861113  0.91181467  0.90991852 
  0.90838788  0.90963267  0.90927462  0.90866175  0.91357572  0.91134298 
  0.90607317  0.90987176  0.90666703  0.91329181  0.90890694  0.90662797 
  0.90908764  0.9100847    0.91002504  0.9122522  ]
[-0.19295686  -0.18548224  -0.1879546    -0.19139063  -0.19263296  -0.19025818 
  -0.18721286  -0.18897038  -0.18920413  -0.19117045  -0.19245065  -0.18737142 
  -0.18862502  -0.19102009  -0.19134989  -0.1925208    -0.18970184  -0.18717602 
  -0.18902845  -0.18954598  -0.18814974  -0.19209753  -0.18514837  -0.18571158 
  -0.1914416    -0.18772136  -0.19345094  -0.18372332  -0.19270027  -0.19083933 
  -0.18807806  -0.18603643  -0.18707308  -0.18523771]
[0.27385225  0.2763013    0.27521266  0.27354514  0.27512584  0.2703733 
  0.28462384  0.28149874  0.27330415  0.27323066  0.26829718  0.27841149 
  0.28637534  0.28250598  0.27281574  0.27077001  0.26416394  0.28537856 
  0.28862735  0.2778859    0.28564988  0.27364461  0.2680538    0.28098965 
  0.29308484  0.28347083  0.28143036  0.2765441    0.27197363  0.29129681 
  0.28593193  0.28736524  0.28524319  0.27702877]
[-0.25154216  -0.23924376  -0.24041784  -0.24738788  -0.24907625  -0.25001486 
  -0.23663482  -0.24076104  -0.24556963  -0.24963259  -0.25474125  -0.23964 
  -0.23627349  -0.24327233  -0.24982848  -0.25307146  -0.25064842  -0.23573819 
  -0.23620744  -0.2437625    -0.23711494  -0.25010195  -0.24340635  -0.23666433 
  -0.23766111  -0.23777797  -0.2476461    -0.23593891  -0.2505696    -0.2382273 
  -0.23754839  -0.23357549  -0.23557252  -0.23819734]
