inc
quat_01
quat_02
quat_03
quat_04
increment_0
[0.18742164  0.18742164  0.18742164  0.18742164  0.18742164  0.18742164 
  0.18742164  0.18742164  0.18742164  0.18742164  0.18742164  0.18742164 
  0.18742164  0.18742164  0.18742164  0.18742164  0.18742164  0.18742164 
  0.18742164  0.18742164  0.18742164  0.18742164  0.18742164  0.18742164 
  0.18742164  0.18742164  0.18742164  0.18742164  0.18742164  0.18742164 
  0.18742164  0.18742164  0.18742164  0.18742164  0.18742164  0.18742164 
  0.18742164  0.18742164  0.18742164  0.18742164  0.18742164  0.18742164 
  0.18742164  0.18742164  0.18742164  0.18742164  0.18742164  0.18742164 
  0.18742164  0.18742164  0.18742164  0.18742164  0.18742164  0.18742164 
  0.18742164]
[0.71084254  0.71084254  0.71084254  0.71084254  0.71084254  0.71084254 
  0.71084254  0.71084254  0.71084254  0.71084254  0.71084254  0.71084254 
  0.71084254  0.71084254  0.71084254  0.71084254  0.71084254  0.71084254 
  0.71084254  0.71084254  0.71084254  0.71084254  0.71084254  0.71084254 
  0.71084254  0.71084254  0.71084254  0.71084254  0.71084254  0.71084254 
  0.71084254  0.71084254  0.71084254  0.71084254  0.71084254  0.71084254 
  0.71084254  0.71084254  0.71084254  0.71084254  0.71084254  0.71084254 
  0.71084254  0.71084254  0.71084254  0.71084254  0.71084254  0.71084254 
  0.71084254  0.71084254  0.71084254  0.71084254  0.71084254  0.71084254 
  0.71084254]
[-0.12364205  -0.12364205  -0.12364205  -0.12364205  -0.12364205  -0.12364205 
  -0.12364205  -0.12364205  -0.12364205  -0.12364205  -0.12364205  -0.12364205 
  -0.12364205  -0.12364205  -0.12364205  -0.12364205  -0.12364205  -0.12364205 
  -0.12364205  -0.12364205  -0.12364205  -0.12364205  -0.12364205  -0.12364205 
  -0.12364205  -0.12364205  -0.12364205  -0.12364205  -0.12364205  -0.12364205 
  -0.12364205  -0.12364205  -0.12364205  -0.12364205  -0.12364205  -0.12364205 
  -0.12364205  -0.12364205  -0.12364205  -0.12364205  -0.12364205  -0.12364205 
  -0.12364205  -0.12364205  -0.12364205  -0.12364205  -0.12364205  -0.12364205 
  -0.12364205  -0.12364205  -0.12364205  -0.12364205  -0.12364205  -0.12364205 
  -0.12364205]
[-0.66654982  -0.66654982  -0.66654982  -0.66654982  -0.66654982  -0.66654982 
  -0.66654982  -0.66654982  -0.66654982  -0.66654982  -0.66654982  -0.66654982 
  -0.66654982  -0.66654982  -0.66654982  -0.66654982  -0.66654982  -0.66654982 
  -0.66654982  -0.66654982  -0.66654982  -0.66654982  -0.66654982  -0.66654982 
  -0.66654982  -0.66654982  -0.66654982  -0.66654982  -0.66654982  -0.66654982 
  -0.66654982  -0.66654982  -0.66654982  -0.66654982  -0.66654982  -0.66654982 
  -0.66654982  -0.66654982  -0.66654982  -0.66654982  -0.66654982  -0.66654982 
  -0.66654982  -0.66654982  -0.66654982  -0.66654982  -0.66654982  -0.66654982 
  -0.66654982  -0.66654982  -0.66654982  -0.66654982  -0.66654982  -0.66654982 
  -0.66654982]
increment_10
[0.18754695  0.188529      0.18945791  0.1893035    0.18602565  0.18656917 
  0.18690247  0.18730256  0.18861716  0.18889326  0.18801146  0.18754595 
  0.18760867  0.18642747  0.18708342  0.18697634  0.18759393  0.18794837 
  0.18885231  0.1887004    0.18745185  0.1877183    0.18693682  0.18646642 
  0.18703841  0.18715642  0.1872024    0.18741386  0.18749983  0.18797115 
  0.18834242  0.1867387    0.18651362  0.18735393  0.1868385    0.18698013 
  0.18725522  0.18730965  0.18770678  0.18814725  0.1883155    0.18675155 
  0.18659212  0.18722425  0.18721135  0.18742298  0.18736793  0.18760077 
  0.18844726  0.18709592  0.18754854  0.18729754  0.18814309  0.1873341 
  0.18805736]
[0.71332041  0.71357784  0.71125874  0.70974537  0.71168101  0.71176545 
  0.71266791  0.71323428  0.71174115  0.71128495  0.71106152  0.71126094 
  0.71126841  0.71199196  0.71175978  0.7120008    0.71195061  0.7123856 
  0.71159847  0.71141392  0.71025751  0.71088507  0.71135001  0.71203091 
  0.71199684  0.71181742  0.71177103  0.71186153  0.71183637  0.711661 
  0.71164125  0.71018609  0.71132604  0.71167871  0.7120747    0.71181768 
  0.71205265  0.71160847  0.7115979    0.71138911  0.71147466  0.71115331 
  0.71164732  0.71253177  0.71150107  0.71233098  0.71115156  0.71051092 
  0.71100697  0.71185428  0.71247306  0.71135137  0.71102482  0.71207712 
  0.71124245]
[-0.12557305  -0.12487955  -0.12334888  -0.12317661  -0.12431121  -0.12483225 
  -0.12507272  -0.12535456  -0.12458784  -0.12386147  -0.12405437  -0.12413715 
  -0.12429054  -0.12470381  -0.12459916  -0.12447132  -0.12478578  -0.12453157 
  -0.12399735  -0.12409035  -0.12403169  -0.1237959    -0.1245465    -0.12449793 
  -0.12444792  -0.12429113  -0.1245199    -0.12418852  -0.12451973  -0.1243165 
  -0.12414118  -0.12419449  -0.1242819    -0.12423819  -0.1247701    -0.12435219 
  -0.12419449  -0.12427422  -0.12415631  -0.12384968  -0.12440828  -0.12444165 
  -0.12400177  -0.1242702    -0.12414881  -0.12411091  -0.12380521  -0.12401803 
  -0.12319204  -0.12434138  -0.12375482  -0.12438442  -0.12362953  -0.12445243 
  -0.1234267  ]
[-0.66349946  -0.6630751    -0.66558378  -0.66727297  -0.66592141  -0.66558155 
  -0.66447629  -0.66370238  -0.66507592  -0.66562105  -0.66607336  -0.66597625 
  -0.66592199  -0.66540304  -0.66548694  -0.66528309  -0.66510401  -0.66458563 
  -0.66527218  -0.66549529  -0.66709235  -0.6663924    -0.66597594  -0.66538901 
  -0.66527427  -0.66546236  -0.66545628  -0.66536188  -0.66530266  -0.66539527 
  -0.66534415  -0.66733808  -0.6661696    -0.66556501  -0.66518675  -0.66550023 
  -0.6652009    -0.66564585  -0.66556728  -0.66572322  -0.66548002  -0.66625754 
  -0.66585661  -0.66468224  -0.6658117    -0.66487118  -0.66620491  -0.66678311 
  -0.66616848  -0.66543055  -0.6647499    -0.66590343  -0.66615436  -0.66510428 
  -0.66598383]
increment_20
[0.18786446  0.18990207  0.19196375  0.19116088  0.18432241  0.18541308 
  0.18625147  0.18734272  0.19020876  0.19096506  0.18901526  0.18776417 
  0.18756421  0.18506689  0.18658611  0.18663075  0.18783215  0.18871945 
  0.1906935    0.19057627  0.18736609  0.18820591  0.18630839  0.18530801 
  0.18666398  0.1869483    0.18692791  0.18746811  0.18778502  0.18898173 
  0.18960076  0.18584601  0.1852389    0.18731802  0.18604204  0.18644095 
  0.18722044  0.18727967  0.18814098  0.18923125  0.18938735  0.18596126 
  0.18544846  0.18730595  0.18705643  0.1875204    0.18758816  0.18804916 
  0.18999437  0.18686768  0.1878285    0.18747194  0.18928674  0.18717472 
  0.18885538]
[0.71603619  0.71651049  0.71148777  0.70892861  0.71274787  0.71304875 
  0.71480098  0.71572667  0.71250277  0.71141894  0.71105351  0.71177279 
  0.71172674  0.71334519  0.71288523  0.71343065  0.71314069  0.71393132 
  0.7120222    0.71177934  0.70979509  0.71109364  0.71197582  0.71338629 
  0.71333632  0.71301142  0.71299742  0.71291963  0.71273834  0.71208722 
  0.71215196  0.70966195  0.71170817  0.71269859  0.71338305  0.71301886 
  0.71332305  0.712629      0.71206319  0.71174917  0.71214845  0.71154893 
  0.71261027  0.71440503  0.7121773    0.71401004  0.7114307    0.70961902 
  0.71091963  0.71297812  0.71425629  0.71188057  0.71102726  0.71350718 
  0.71164997]
[-0.12760105  -0.12611129  -0.12273568  -0.12291126  -0.12503229  -0.12635738 
  -0.12670926  -0.12723672  -0.12543566  -0.12393893  -0.12434474  -0.12460219 
  -0.12504353  -0.12595387  -0.12571726  -0.12536385  -0.12600809  -0.12549107 
  -0.12414988  -0.12443196  -0.12453791  -0.12389372  -0.12569239  -0.12546333 
  -0.12536985  -0.12491252  -0.12555596  -0.12474268  -0.12532785  -0.12491315 
  -0.12446178  -0.1247497    -0.12491352  -0.12486088  -0.12595948  -0.12514257 
  -0.12453041  -0.12492491  -0.12459358  -0.12374281  -0.12530425  -0.12537178 
  -0.12445756  -0.12456597  -0.12470088  -0.12444231  -0.12379554  -0.12438764 
  -0.12228205  -0.12500514  -0.1233618    -0.1250405    -0.1233193    -0.12535402 
  -0.12249658]
[-0.66008869  -0.65927677  -0.6647338    -0.66766051  -0.66511852  -0.66424188 
  -0.66205341  -0.66064276  -0.66364624  -0.66487185  -0.66574359  -0.6652807 
  -0.66530356  -0.66409676  -0.66421039  -0.66367883  -0.6635295    -0.66252474 
  -0.66426439  -0.66450549  -0.66751419  -0.66601405  -0.66526764  -0.66407823 
  -0.66376972  -0.66412492  -0.66402435  -0.66410886  -0.66410374  -0.66454074 
  -0.66437971  -0.66804094  -0.66599898  -0.66436619  -0.66378249  -0.66421624 
  -0.66378529  -0.66443961  -0.66486497  -0.66505065  -0.66428597  -0.66588171 
  -0.66506074  -0.66258981  -0.66502862  -0.66297803  -0.66584661  -0.66753732 
  -0.66598988  -0.66416593  -0.66282748  -0.66516555  -0.66588521  -0.66344518 
  -0.66549421]
increment_30
[0.18844255  0.19150768  0.19451664  0.19296368  0.18270135  0.18437697 
  0.18574032  0.18766889  0.19201133  0.19319062  0.19019433  0.1879496 
  0.18756845  0.18377634  0.18604578  0.18632371  0.18818422  0.1897136 
  0.19258415  0.19243277  0.18725042  0.18877159  0.18592638  0.1842038 
  0.18631977  0.18680026  0.18673885  0.18755365  0.188234      0.19004303 
  0.19095658  0.18498488  0.18377647  0.18726631  0.1853127    0.18582298 
  0.18723407  0.18733196  0.1885995    0.19032868  0.19052963  0.18524361 
  0.18406608  0.18755871  0.18700744  0.18761221  0.18788804  0.18839897 
  0.19157199  0.18677253  0.18798222  0.18785594  0.19035249  0.18713883 
  0.1895593  ]
[0.71855296  0.71897974  0.71147733  0.70820516  0.71375254  0.71437721 
  0.71684214  0.71785934  0.71296334  0.7113028    0.71093525  0.71209727 
  0.71207522  0.71463288  0.71399846  0.7148045    0.71425334  0.71508148 
  0.71231779  0.71201946  0.70928871  0.71127567  0.71248748  0.71464107 
  0.71451407  0.71417448  0.71416214  0.71383735  0.71346472  0.71236621 
  0.71250251  0.70915082  0.71204779  0.71355367  0.71462519  0.71411197 
  0.71446369  0.71357834  0.7124582    0.71200993  0.71268794  0.71190263 
  0.71353462  0.71605752  0.71275944  0.71552554  0.71168111  0.70882137 
  0.71070834  0.71408909  0.71580047  0.71241711  0.71101612  0.71480837 
  0.71212634]
[-0.12939163  -0.12699451  -0.1219969    -0.12269243  -0.12575174  -0.12789022 
  -0.12829765  -0.12888416  -0.12604138  -0.12383217  -0.12450618  -0.12501802 
  -0.12568643  -0.12716681  -0.12685801  -0.12623593  -0.12715743  -0.12624294 
  -0.12421935  -0.12468885  -0.12510971  -0.1240371    -0.12675468  -0.12647776 
  -0.12625715  -0.12552936  -0.12656613  -0.12528041  -0.12599705  -0.12546227 
  -0.12468045  -0.12528728  -0.12562189  -0.1254083    -0.12706126  -0.12592173 
  -0.12476607  -0.1255199    -0.12499379  -0.12357485  -0.12610163  -0.1263185 
  -0.12497451  -0.12465637  -0.12522051  -0.124704      -0.12375955  -0.12480822 
  -0.12119041  -0.12553061  -0.1228674    -0.12555981  -0.12307938  -0.12613061 
  -0.12141218]
[-0.65683245  -0.65594613  -0.66413857  -0.66794988  -0.66435234  -0.66280798 
  -0.65967992  -0.65791126  -0.66251679  -0.66437286  -0.66550387  -0.66480291 
  -0.66480815  -0.66283837  -0.66294812  -0.6621197    -0.66201197  -0.66085546 
  -0.66338847  -0.66366452  -0.66797781  -0.66563278  -0.66462487  -0.66284272 
  -0.66243016  -0.66279925  -0.66263267  -0.66299674  -0.66306923  -0.66383526 
  -0.66357407  -0.66872177  -0.66590787  -0.66335906  -0.66243904  -0.66306684 
  -0.66250923  -0.66329288  -0.66423647  -0.66448936  -0.66322902  -0.66552467 
  -0.66435638  -0.66071488  -0.66432072  -0.66126679  -0.66550105  -0.6682073 
  -0.66596299  -0.66289883  -0.66120797  -0.66438448  -0.66563764  -0.66190567 
  -0.66498303]
increment_40
[0.18932894  0.19334186  0.1971162    0.19476461  0.18113269  0.18347689 
  0.18539778  0.18827618  0.19406031  0.19555477  0.19150396  0.18807294 
  0.18762955  0.18252611  0.18550569  0.18602371  0.18866566  0.19096454 
  0.19458855  0.19435235  0.18712357  0.18934781  0.18578102  0.18317551 
  0.18602121  0.18667737  0.1866409    0.18770622  0.18881315  0.19115761 
  0.19250505  0.18420376  0.18223257  0.18719936  0.1846371    0.18513377 
  0.18728382  0.18741733  0.18912302  0.19148434  0.19186924  0.18461604 
  0.18254865  0.18789937  0.18700516  0.18772682  0.18818831  0.18869759 
  0.19314898  0.18672142  0.18803707  0.18830965  0.19139561  0.18715716 
  0.19020365]
[0.7209286    0.72102746  0.7111991    0.70746268  0.71469886  0.71576362 
  0.71881829  0.71974613  0.71304171  0.71094885  0.71072613  0.71225626 
  0.71237113  0.71589238  0.7151239    0.71614876  0.71529233  0.71588872 
  0.71243041  0.71204424  0.70873253  0.71143567  0.71290638  0.71578731 
  0.71563835  0.71530491  0.7152847    0.71462923  0.71406071  0.71251183 
  0.71257321  0.70870866  0.71238185  0.7143212    0.71580288  0.7151642 
  0.71551039  0.71445217  0.71281415  0.71213111  0.71291162  0.71223685 
  0.71444976  0.71754998  0.71329509  0.71691325  0.71185764  0.70807877 
  0.7103758    0.715201      0.71718493  0.71293378  0.71096745  0.71600951 
  0.7126251  ]
[-0.13093137  -0.12752658  -0.12110762  -0.12246907  -0.12649969  -0.12942191 
  -0.12982505  -0.13031517  -0.12638979  -0.12353333  -0.12457142  -0.12536778 
  -0.12622958  -0.12836388  -0.12800835  -0.12710708  -0.12824003  -0.12677934 
  -0.12416433  -0.12481001  -0.12573192  -0.12420426  -0.12772784  -0.12750604 
  -0.12712519  -0.12615574  -0.1275491    -0.12578136  -0.12655303  -0.12594137 
  -0.12474094  -0.12586337  -0.12635399  -0.12589056  -0.12808935  -0.12669871 
  -0.1249204    -0.12606903  -0.12534065  -0.12332957  -0.12667948  -0.12726503 
  -0.12552564  -0.12462889  -0.12572337  -0.12488092  -0.12367594  -0.12518867 
  -0.11997342  -0.1259838    -0.12231332  -0.12601144  -0.12284973  -0.12683048 
  -0.1202401  ]
[-0.6536616    -0.65305076  -0.66383281  -0.66825492  -0.66362212  -0.66126291 
  -0.65732289  -0.65538961  -0.66176864  -0.66411564  -0.66533943  -0.6645318 
  -0.66437084  -0.6615928    -0.66166405  -0.66058302  -0.66054269  -0.65951716 
  -0.66269255  -0.66305552  -0.66848669  -0.66526686  -0.66402974  -0.66169288 
  -0.66113315  -0.66149465  -0.66125955  -0.6620049    -0.6621565    -0.663268 
  -0.66303916  -0.66929771  -0.66583636  -0.66245995  -0.66115694  -0.66197666 
  -0.66133543  -0.66222311  -0.6636401    -0.66407292  -0.66249191  -0.66516104 
  -0.66368731  -0.65900189  -0.66365113  -0.65969599  -0.6652429    -0.6688389 
  -0.66608264  -0.66162732  -0.65979337  -0.66361586  -0.66543291  -0.66046696 
  -0.66447751]
increment_50
[0.19053996  0.19537819  0.19974446  0.19655784  0.1795987    0.18270968 
  0.18524297  0.18915468  0.19634947  0.19805097  0.1929369    0.18812003 
  0.18772834  0.181294      0.18498493  0.18572359  0.18928045  0.19246048 
  0.19667451  0.19631525  0.18698787  0.18988049  0.18582798  0.18221496 
  0.18576568  0.1865549    0.18662136  0.18792798  0.18950856  0.19233879 
  0.19426413  0.1835099    0.18065749  0.18710977  0.18399981  0.18439072 
  0.18736272  0.18751892  0.1897126    0.1926944    0.19339004  0.18406895 
  0.18096349  0.18827331  0.18702323  0.1878494    0.18846867  0.18895966 
  0.19472897  0.18666017  0.18801722  0.18877903  0.19245035  0.18719115 
  0.19080464]
[0.72315553  0.72264706  0.71068484  0.70669369  0.71559208  0.71719426 
  0.72073473  0.72142435  0.71271667  0.71037914  0.7104386    0.71229487 
  0.71263061  0.71715245  0.71627723  0.7174735    0.71626628  0.71638151 
  0.71235981  0.71187868  0.70812452  0.71158031  0.71323096  0.71682503 
  0.71675431  0.71640617  0.71638537  0.71530406  0.71454745  0.71252541 
  0.71233392  0.70835257  0.71273425  0.71504433  0.7169233    0.71620238 
  0.71648702  0.71525061  0.71316487  0.71211392  0.71280953  0.71254418 
  0.7153717    0.71891101  0.71380305  0.71820629  0.71194781  0.70739551 
  0.70993351  0.71631237  0.71845914  0.71340644  0.71088056  0.71714531 
  0.71310415]
[-0.13219371  -0.12771325  -0.12008199  -0.12224332  -0.12731091  -0.13093783 
  -0.13127408  -0.13152401  -0.12647326  -0.12304856  -0.12454799  -0.12565793 
  -0.12669308  -0.1295627    -0.12916879  -0.1279902    -0.12925548  -0.12710741 
  -0.12399331  -0.12481455  -0.12637854  -0.12437798  -0.12861799  -0.1285219 
  -0.12797734  -0.12679069  -0.12850824  -0.12624498  -0.12700781  -0.12633892 
  -0.12463137  -0.12650801  -0.12706991  -0.12633934  -0.12904702  -0.12748412 
  -0.12499957  -0.12658081  -0.12562751  -0.12300628  -0.12703904  -0.12819975 
  -0.12608946  -0.12452856  -0.12620502  -0.12499025  -0.12353438  -0.12551849 
  -0.1186417    -0.12641019  -0.12170557  -0.12641545  -0.12258906  -0.12748887 
  -0.11902732]
[-0.65058852  -0.65061349  -0.66378425  -0.66858478  -0.66292097  -0.65962478 
  -0.65497604  -0.65304583  -0.66142751  -0.66407556  -0.66523691  -0.66442227 
  -0.66397631  -0.66033201  -0.66033546  -0.65905768  -0.65911194  -0.65848325 
  -0.66218449  -0.66265405  -0.66904683  -0.6649278    -0.66349603  -0.66063735 
  -0.65983041  -0.6602148    -0.65988643  -0.66112433  -0.66134519  -0.66283618 
  -0.66280378  -0.6697436    -0.66575221  -0.66161915  -0.65993327  -0.66090999 
  -0.66023986  -0.66123408  -0.66304052  -0.66380124  -0.66209059  -0.66480391 
  -0.66302111  -0.6574289    -0.66300815  -0.65823231  -0.66509332  -0.66942583 
  -0.66633264  -0.66035978  -0.65852391  -0.66289733  -0.66526958  -0.65909685 
  -0.66400946]
increment_60
[0.19204135  0.19755317  0.20238023  0.1983405    0.17809985  0.18208521 
  0.18528887  0.19026535  0.19883147  0.20065924  0.1944735    0.18812158 
  0.18785106  0.1800919    0.18450057  0.18543506  0.19002424  0.1941572 
  0.19879158  0.19828982  0.18685306  0.19036139  0.1860297    0.18131081 
  0.18555418  0.18641826  0.18667587  0.18821807  0.19032272  0.19358317 
  0.19621504  0.18290115  0.17908819  0.18699594  0.18339037  0.1836187 
  0.18746713  0.18763904  0.19035953  0.19394055  0.19504748  0.18357944 
  0.17936455  0.18864426  0.18704985  0.18797477  0.1887302    0.18920019 
  0.19631552  0.18653898  0.18795955  0.18923371  0.19353656  0.18724369 
  0.19136523]
[0.72516231  0.72388179  0.71002812  0.70590241  0.71643821  0.71862419 
  0.72256329  0.72289409  0.71203146  0.70965018  0.71009698  0.71223874 
  0.71284308  0.71842155  0.71745443  0.71876519  0.71716577  0.71656746 
  0.71214672  0.71158788  0.70748524  0.71170001  0.71345647  0.71777955 
  0.71786836  0.71748065  0.71746072  0.71585722  0.71492739  0.71240212 
  0.71181156  0.70807731  0.71313285  0.71571855  0.71800017  0.71722301 
  0.71741231  0.71595631  0.71352986  0.71196723  0.71241373  0.71282744 
  0.71630542  0.72015915  0.71429144  0.71942198  0.71195034  0.70678461 
  0.70938048  0.71742969  0.71964371  0.71383552  0.71075566  0.71823288 
  0.71355083]
[-0.1331519    -0.12761255  -0.11896932  -0.12201812  -0.12819981  -0.13241003 
  -0.13261639  -0.1324998    -0.12632104  -0.12241533  -0.12445166  -0.12588281 
  -0.12710786  -0.13076588  -0.13033848  -0.1288795    -0.13019937  -0.12724275 
  -0.12373841  -0.12474079  -0.12703238  -0.12455384  -0.12943244  -0.12951468 
  -0.12881021  -0.12743315  -0.12943887  -0.12667173  -0.12736265  -0.12664953 
  -0.124367      -0.12721798  -0.12775312  -0.12678547  -0.12994001  -0.12828122 
  -0.12501043  -0.12705404  -0.12585264  -0.12261683  -0.12720876  -0.12912197 
  -0.12664215  -0.12438762  -0.12665821  -0.12504675  -0.12332744  -0.12579813 
  -0.11719954  -0.12683818  -0.12102408  -0.12678545  -0.12226928  -0.1281045 
  -0.11781161]
[-0.6477116    -0.64860075  -0.663889      -0.66893528  -0.66223979  -0.65794516 
  -0.6526739    -0.6508971    -0.66145313  -0.66418897  -0.66517225  -0.66443944 
  -0.66363417  -0.659043      -0.65896173  -0.65755648  -0.65773259  -0.65775629 
  -0.66182911  -0.66239231  -0.66963672  -0.66462921  -0.66303851  -0.6596551 
  -0.65851545  -0.65896171  -0.65851941  -0.66036102  -0.66063215  -0.66254711 
  -0.66283996  -0.67006662  -0.66561858  -0.66083653  -0.65875589  -0.65986306 
  -0.65920258  -0.66034492  -0.66241943  -0.66366772  -0.6619978    -0.66445704 
  -0.6623418    -0.6559816    -0.66238794  -0.65685676  -0.66505486  -0.66995047 
  -0.6667112    -0.65909781  -0.65737152  -0.66223478  -0.66514676  -0.65777699 
  -0.66358495]
increment_70
[0.19375601  0.19980385  0.2050117    0.20011527  0.17663067  0.18161865 
  0.1855335    0.19154929  0.20142874  0.20337189  0.19609151  0.1881212 
  0.18798025  0.1789449    0.18407134  0.18517164  0.19087936  0.19598919 
  0.20089731  0.20025999  0.18673469  0.19081115  0.186345      0.18045321 
  0.18538841  0.18626167  0.18680348  0.18856962  0.19125631  0.19488309 
  0.19831298  0.18236467  0.17756855  0.18686176  0.18281052  0.1828418 
  0.18759553  0.18777969  0.19105664  0.19519594  0.19679823  0.18312186 
  0.17778799  0.18899555  0.18707266  0.18811428  0.1889788    0.18944496 
  0.1979038    0.18632991  0.1878877    0.1896723    0.19465393  0.18732939 
  0.19188048]
[0.72688925  0.72482975  0.70933135  0.70508952  0.71723667  0.72001224 
  0.72426597  0.72415073  0.71110265  0.70880736  0.70972441  0.71209059 
  0.71299688  0.71970408  0.71863521  0.72000654  0.71798043  0.71647191 
  0.71184924  0.71122285  0.70684848  0.71177341  0.71359418  0.7186832 
  0.71897026  0.71853785  0.71849875  0.71629031  0.71519234  0.71214436 
  0.71107271  0.7078829    0.71358195  0.71633152  0.71904065  0.7182161 
  0.71829775  0.71656347  0.71390124  0.71170825  0.71177775  0.71310176 
  0.71724531  0.72131631  0.71476901  0.72056276  0.71187646  0.706242 
  0.70871828  0.71855781  0.72074982  0.71423299  0.7105915    0.71928214 
  0.71396926]
[-0.13381439  -0.12731555  -0.11781876  -0.1217912    -0.1291643    -0.1338119 
  -0.13382535  -0.13324573  -0.12600358  -0.12166734  -0.12430004  -0.12604293 
  -0.12750675  -0.13197583  -0.13150972  -0.12976904  -0.13106934  -0.12721895 
  -0.12343715  -0.12461624  -0.12768777  -0.12473583  -0.13018081  -0.13048736 
  -0.12961596  -0.12808655  -0.1303326    -0.12706872  -0.12761763  -0.1268768 
  -0.12398087  -0.12798975  -0.12841283  -0.12725534  -0.13077649  -0.12909205 
  -0.1249677    -0.12749166  -0.12601766  -0.12217938  -0.1272269    -0.1300403 
  -0.12717424  -0.12421837  -0.12708902  -0.12505149  -0.1230707    -0.12602328 
  -0.11567369  -0.12728571  -0.12025654  -0.12712514  -0.12188255  -0.1286662 
  -0.11661361]
[-0.6451235    -0.64690881  -0.66403161  -0.66930528  -0.66158125  -0.65627084 
  -0.65046668  -0.64896854  -0.66172697  -0.66440128  -0.6651232    -0.66456797 
  -0.66335579  -0.65771357  -0.65756093  -0.65609606  -0.65642212  -0.65732152 
  -0.66156949  -0.66221506  -0.67021729  -0.66438745  -0.66265514  -0.65871401 
  -0.65720059  -0.65772622  -0.65717381  -0.65971451  -0.66002627  -0.66239963 
  -0.66308092  -0.67027125  -0.66541743  -0.66011962  -0.65761567  -0.6588397 
  -0.65820918  -0.65956157  -0.66178692  -0.66365812  -0.66216026  -0.66410977 
  -0.66164742  -0.65463979  -0.66178354  -0.65556422  -0.66511091  -0.67041105 
  -0.66721217  -0.65784054  -0.65632025  -0.66161534  -0.66506707  -0.65649518 
  -0.66319759]
increment_80
[0.19563638  0.20209322  0.20764164  0.20187025  0.17518793  0.18133827 
  0.18598127  0.19298379  0.20408897  0.20619599  0.19778451  0.18813366 
  0.18809512  0.17786882  0.18370915  0.18494228  0.19183559  0.19792089 
  0.20297739  0.2022369    0.18662836  0.19123504  0.1867197    0.17963012 
  0.18526094  0.18608206  0.18699742  0.1889782    0.19230956  0.19625091 
  0.20053331  0.18189007  0.17614059  0.18672138  0.18226489  0.1820772 
  0.18773937  0.18793437  0.19180103  0.19645286  0.19861863  0.18267386 
  0.17625268  0.18931367  0.1870767    0.1882819    0.18921366  0.18972078 
  0.19947833  0.18601751  0.18780576  0.19009655  0.19579598  0.18745019 
  0.19235234]
[0.72832512  0.72556417  0.70862053  0.70427349  0.71800125  0.72135554 
  0.72582272  0.72519444  0.71001919  0.70785748  0.70932139  0.7118494 
  0.71310412  0.72100549  0.71982133  0.72119926  0.71870788  0.716132 
  0.71148859  0.71078709  0.70623158  0.71176748  0.71366806  0.71954327 
  0.72006881  0.71958604  0.71951145  0.71661913  0.71533064  0.71175897 
  0.71014904  0.70776565  0.71406443  0.71689201  0.72003957  0.71919218 
  0.71915804  0.71708859  0.71426109  0.71134391  0.71094961  0.71336541 
  0.71818935  0.7224043    0.71525108  0.7216316    0.711741      0.70574154 
  0.70796193  0.71969918  0.72179667  0.71460791  0.71038872  0.7203082 
  0.71435801]
[-0.13420139  -0.1268817    -0.11664136  -0.12157071  -0.13020744  -0.13512603 
  -0.13487724  -0.133767      -0.12556833  -0.12081095  -0.12409517  -0.1261609 
  -0.12791884  -0.13320112  -0.1326802    -0.13066847  -0.1318627    -0.12706243 
  -0.1231043    -0.12444117  -0.12834831  -0.12492478  -0.13088059  -0.13144398 
  -0.13039639  -0.12875667  -0.13119106  -0.12744644  -0.12777417  -0.12701949 
  -0.12348845  -0.12882441  -0.12907483  -0.1277623    -0.13156883  -0.12991964 
  -0.12489618  -0.12790251  -0.12612899  -0.12169524  -0.12712315  -0.13095851 
  -0.12769217  -0.12402278  -0.12751328  -0.12499714  -0.12279414  -0.12617805 
  -0.11410216  -0.12776543  -0.11940928  -0.12743475  -0.12143356  -0.12917441 
  -0.11544064]
[-0.64285218  -0.64545798  -0.66418122  -0.6696774    -0.66093072  -0.65460184 
  -0.64838297  -0.64726863  -0.66215787  -0.66469972  -0.6650901    -0.6648004 
  -0.66312858  -0.65633165  -0.65612817  -0.6546707    -0.65518723  -0.65714337 
  -0.66138453  -0.66211505  -0.67077085  -0.66423642  -0.66233218  -0.65780923 
  -0.65587809  -0.65649914  -0.6558385    -0.6591674    -0.65953989  -0.66238267 
  -0.66349479  -0.67036412  -0.66515124  -0.65945262  -0.65651517  -0.65782322 
  -0.65724164  -0.65886688  -0.66116181  -0.66376682  -0.66252622  -0.66376948 
  -0.66093401  -0.65338404  -0.66117968  -0.65434966  -0.66524021  -0.67083083 
  -0.66781658  -0.65658706  -0.65534722  -0.66102891  -0.6650306    -0.65523469 
  -0.6628474  ]
increment_90
[0.19764707  0.2043876    0.21027508  0.20359067  0.17378129  0.18127527 
  0.18663294  0.19455011  0.20675736  0.20913151  0.19955225  0.18816502 
  0.1881966    0.17687372  0.18342074  0.18475909  0.19288817  0.19992712 
  0.20503091  0.20423724  0.1865229    0.19162845  0.18710584  0.17882619 
  0.18516122  0.18588151  0.18724979  0.18943758  0.1934762    0.19769813 
  0.20286039  0.18147784  0.17483627  0.18659635  0.18176007  0.18133579 
  0.18788855  0.18809833  0.19259287  0.19771327  0.2004895    0.18220919 
  0.17477541  0.18957145  0.18706301  0.18847488  0.18944629  0.19003586 
  0.20103313  0.18559721  0.18771316  0.19050551  0.19696628  0.18759547 
  0.19278761]
[0.72945465  0.72614604  0.70790005  0.70348521  0.71874517  0.72264977 
  0.727215      0.72602028  0.70886565  0.70679705  0.70888716  0.71152921 
  0.71317334  0.72232476  0.72101099  0.72234264  0.71934123  0.71558627 
  0.71106958  0.71026806  0.70563652  0.71166851  0.71370593  0.72036604 
  0.7211738    0.72062631  0.72051384  0.71686308  0.71533178  0.71124926 
  0.70905831  0.70770169  0.71456475  0.71741307  0.72099162  0.72016568 
  0.72000576  0.71754695  0.7145917    0.71087228  0.70997045  0.71361276 
  0.71914337  0.72344603  0.71574535  0.72263513  0.71154993  0.70525599 
  0.70713163  0.72085133  0.72280676  0.71495387  0.71015        0.7213294 
  0.71470873]
[-0.13432821  -0.12636115  -0.11543668  -0.12136732  -0.1313263    -0.13632534 
  -0.13574969  -0.13407012  -0.12505965  -0.11984722  -0.12383534  -0.12626002 
  -0.12835657  -0.1344436    -0.13384547  -0.13158046  -0.1325702    -0.12679426 
  -0.12274258  -0.12420668  -0.12901816  -0.12511611  -0.13155249  -0.13238888 
  -0.13115485  -0.12944429  -0.13201701  -0.12781251  -0.12783784  -0.12707252 
  -0.12289663  -0.12971407  -0.12975191  -0.12830486  -0.13233128  -0.13076717 
  -0.12481721  -0.12829319  -0.12618904  -0.12116331  -0.12691816  -0.13188105 
  -0.12818848  -0.12382051  -0.12792911  -0.12489178  -0.12250645  -0.12626175 
  -0.11250323  -0.12827832  -0.11850276  -0.12770937  -0.1209254    -0.1296365 
  -0.11429147]
[-0.64092705  -0.64418204  -0.66433146  -0.67002191  -0.6602718    -0.65294103 
  -0.6464507    -0.64580958  -0.66266203  -0.6650854    -0.66507345  -0.66511542 
  -0.66294073  -0.65489507  -0.65466432  -0.65327771  -0.65403936  -0.65718236 
  -0.66126897  -0.66210206  -0.67129771  -0.66419306  -0.66204924  -0.6569377 
  -0.6545396    -0.65527854  -0.65449891  -0.65869924  -0.65918503  -0.66248964 
  -0.66406355  -0.67037181  -0.66482625  -0.65881572  -0.65545617  -0.65679424 
  -0.6562852    -0.65824483  -0.66056265  -0.66399512  -0.6630518    -0.66344859 
  -0.66019246  -0.65219398  -0.66056806  -0.65320573  -0.66543141  -0.67123642 
  -0.66850098  -0.65534091  -0.65442436  -0.66048386  -0.66503256  -0.65397723 
  -0.66254194]
increment_100
[0.19974543  0.20666409  0.21291042  0.20526775  0.17241672  0.18144323 
  0.18746415  0.19621225  0.20937883  0.21217239  0.20139283  0.18823139 
  0.18829662  0.17598326  0.18321636  0.18464107  0.19401515  0.20197938 
  0.2070627    0.20627777  0.18639719  0.19199801  0.18748614  0.17804065 
  0.18508574  0.18566869  0.18755957  0.18992841  0.19474032  0.19922347 
  0.20527912  0.1811387    0.17366132  0.18650147  0.18130715  0.18063241 
  0.18803593  0.18827324  0.19343136  0.19897375  0.20239401  0.18170689 
  0.17337579  0.18973286  0.18705009  0.1886784    0.18970192  0.19038915 
  0.20257431  0.1850754    0.18761209  0.19090403  0.19818112  0.18774615 
  0.19320256]
[0.73028583  0.72664363  0.70718898  0.70275247  0.71946974  0.72385633 
  0.72842884  0.72664727  0.70774071  0.70562412  0.7084272    0.71116328 
  0.71320971  0.72364295  0.72218358  0.72341681  0.71989081  0.71488105 
  0.71060888  0.70965397  0.70504838  0.71149578  0.71372953  0.72117086 
  0.72228066  0.72164149  0.7215095    0.71704316  0.71519694  0.71061961 
  0.70783239  0.70763998  0.71508513  0.71790542  0.72189602  0.72114419 
  0.72084319  0.71795013  0.71487732  0.71029619  0.7088742    0.7138448 
  0.72011683  0.72446475  0.71624648  0.72358115  0.7113013    0.70476475 
  0.70624141  0.72201746  0.72380182  0.71525027  0.70988112  0.72237179 
  0.7150087  ]
[-0.13423188  -0.12580481  -0.11421115  -0.12118759  -0.13250713  -0.13737481 
  -0.1364399    -0.13418366  -0.12453139  -0.11878026  -0.12352159  -0.1263605 
  -0.12881828  -0.13569406  -0.13499339  -0.1324923    -0.13319244  -0.12644028 
  -0.12235714  -0.12390296  -0.12969867  -0.12531334  -0.13221225  -0.13333708 
  -0.13189326  -0.13014272  -0.13280732  -0.12817686  -0.12782091  -0.12703692 
  -0.12221782  -0.13063546  -0.13045177  -0.12887216  -0.13307993  -0.13163841 
  -0.12474747  -0.12866767  -0.12620008  -0.12059272  -0.12662849  -0.13281666 
  -0.12864643  -0.12364336  -0.12831964  -0.1247588    -0.12219902  -0.12629161 
  -0.11088426  -0.12882384  -0.11755793  -0.12793887  -0.12035988  -0.13006593 
  -0.11315341]
[-0.63934824  -0.64300245  -0.66446122  -0.67031163  -0.65960415  -0.65133596 
  -0.64469588  -0.6445768    -0.66314065  -0.66555896  -0.6650671    -0.66546882 
  -0.66278363  -0.65342015  -0.65319172  -0.6519368    -0.65297405  -0.6573905 
  -0.66120253  -0.66218486  -0.67181927  -0.6642342    -0.66178473  -0.65607572 
  -0.65319069  -0.65408223  -0.6531521    -0.65829097  -0.65896234  -0.66271517 
  -0.66475303  -0.67034976  -0.66443761  -0.65819524  -0.65443379  -0.65573953 
  -0.65533629  -0.65768186  -0.66000626  -0.66433889  -0.66370118  -0.66315002 
  -0.65941087  -0.65104884  -0.65995251  -0.65212424  -0.66568089  -0.67164652 
  -0.66924689  -0.65409655  -0.65352335  -0.66000329  -0.6650613    -0.6526969 
  -0.66229271]
increment_110
[0.20188528  0.20892464  0.21553725  0.20689823  0.17110291  0.18182481 
  0.18844391  0.19792216  0.21192189  0.21529525  0.20331781  0.18832991 
  0.18839612  0.17521651  0.18310224  0.18460395  0.19519173  0.2040478 
  0.20909058  0.20837134  0.1862656    0.19236482  0.18785993  0.17728399 
  0.18504066  0.18544753  0.18792512  0.19042126  0.1960837    0.20082117 
  0.20777583  0.18087363  0.17260035  0.1864381    0.180911      0.17998064 
  0.1881752    0.18846276  0.19431143  0.20022916  0.20432561  0.18115807 
  0.17206662  0.18977202  0.18705375  0.1888781    0.19000066  0.19078241 
  0.20410376  0.18446333  0.1875086    0.19129897  0.19945522  0.18788382 
  0.19361122]
[0.73086415  0.72710897  0.70651349  0.70209131  0.72017345  0.72494724 
  0.72945747  0.72712486  0.70672587  0.70435326  0.70793104  0.71079852 
  0.71321837  0.72493562  0.72331865  0.72440904  0.72037224  0.71408127 
  0.71011382  0.70894017  0.7044423    0.71126406  0.713755      0.72197725 
  0.72337425  0.72261537  0.72250022  0.717191      0.71493906  0.70988491 
  0.70650998  0.70753951  0.71562959  0.71837703  0.7227538    0.7221274 
  0.72167498  0.71831228  0.71511151  0.70962494  0.70768836  0.71405751 
  0.7211137    0.72548284  0.71674171  0.7244837    0.71099412  0.7042594 
  0.70529878  0.72320054  0.72480462  0.71547175  0.709598      0.72346157 
  0.71524469]
[-0.13396856  -0.12523896  -0.11297621  -0.12103395  -0.13373282  -0.13825938 
  -0.13695682  -0.13415831  -0.12402525  -0.11762514  -0.12314685  -0.12649353 
  -0.12929604  -0.13693774  -0.13610913  -0.13339247  -0.13373406  -0.12603212 
  -0.12194724  -0.12352336  -0.13038187  -0.12552344  -0.13286642  -0.13430663 
  -0.13260981  -0.13084925  -0.1335597    -0.12855719  -0.12773935  -0.12692007 
  -0.12146811  -0.1315637    -0.13118931  -0.12944985  -0.13382834  -0.1325296 
  -0.12470583  -0.12902481  -0.12616857  -0.11999102  -0.1262685    -0.13377114 
  -0.1290556    -0.12351515  -0.12867099  -0.1246265    -0.12186957  -0.12628999 
  -0.10925704  -0.12940189  -0.11658598  -0.12811156  -0.11973976  -0.13048082 
  -0.11201723]
[-0.63806924  -0.64185531  -0.66454402  -0.67053091  -0.65893059  -0.64982735 
  -0.64313569  -0.64351986  -0.6635099    -0.66610717  -0.66507922  -0.6658053 
  -0.66265299  -0.65193219  -0.65173461  -0.65066071  -0.651981      -0.65769928 
  -0.66117196  -0.66236485  -0.67235909  -0.66433657  -0.66152019  -0.65519537 
  -0.65184683  -0.6529278    -0.65179705  -0.65791326  -0.65885961  -0.66304265 
  -0.66552111  -0.67034586  -0.66398251  -0.65758499  -0.65344329  -0.65465632 
  -0.65438809  -0.65716197  -0.65949988  -0.66478785  -0.664443      -0.66287925 
  -0.65858391  -0.6499271    -0.65934512  -0.65108883  -0.66598417  -0.67206518 
  -0.67004342  -0.65284716  -0.65261512  -0.65961527  -0.6650945    -0.65136609 
  -0.66211167]
increment_120
[0.20403129  0.21117829  0.21814691  0.20848249  0.16985782  0.18239793 
  0.18954244  0.19963995  0.21436782  0.21846768  0.20534953  0.18843755 
  0.18848465  0.17458578  0.18307503  0.184656      0.19640245  0.20610394 
  0.21113388  0.21052411  0.18615364  0.19273713  0.18823658  0.17658331 
  0.1850374    0.18522097  0.18834201  0.19089573  0.19748765  0.2024951 
  0.21033357  0.18069559  0.17164381  0.18640562  0.18056783  0.17939316 
  0.1883004    0.18867216  0.19522824  0.20147571  0.20628299  0.18057288 
  0.17084957  0.18968932  0.18708065  0.18907921  0.19034773  0.19122458 
  0.20561382  0.18377462  0.18741084  0.19169454  0.20079481  0.18799576 
  0.19402715]
[0.73124423  0.72756508  0.70589729  0.70150954  0.72084466  0.72591305 
  0.73030478  0.72749999  0.70587115  0.70301455  0.70737082  0.71046803 
  0.71320238  0.72617666  0.72440262  0.72532423  0.72079053  0.71325594 
  0.70957443  0.70812997  0.70381096  0.71098544  0.71378832  0.72279089 
  0.72443538  0.723537      0.72348777  0.7173371    0.71458306  0.70905162 
  0.70512792  0.70738281  0.71620131  0.71882635  0.72356984  0.72310613 
  0.72250921  0.71864702  0.71529156  0.70887336  0.70643084  0.71424678 
  0.72213125  0.72651536  0.71721373  0.72535316  0.71063361  0.70374089 
  0.70430744  0.72439802  0.72583274  0.71559138  0.70932119  0.72461254 
  0.71540531]
[-0.1335915    -0.12466851  -0.11174425  -0.12090526  -0.13498718  -0.13897913 
  -0.137317      -0.13404303  -0.12356694  -0.11640485  -0.12269726  -0.12668243 
  -0.12977835  -0.13815206  -0.13718031  -0.13427497  -0.13419685  -0.12560031 
  -0.12150798  -0.12306671  -0.13106364  -0.12575176  -0.13351312  -0.13530092 
  -0.13329932  -0.13156615  -0.1342735    -0.1289675    -0.12760919  -0.12672297 
  -0.1206647    -0.13247668  -0.13197666  -0.13002188  -0.13458275  -0.13342525 
  -0.1247114    -0.12935802  -0.12610184  -0.11936041  -0.12585029  -0.13474782 
  -0.12942123  -0.12344674  -0.12897729  -0.12451283  -0.12152224  -0.12627295 
  -0.10763206  -0.13000789  -0.1155874    -0.12821966  -0.1190704    -0.13089273 
  -0.11087213]
[-0.63702938  -0.64071098  -0.66455561  -0.67067229  -0.65826268  -0.64843353 
  -0.64177304  -0.64258861  -0.6637195    -0.66670258  -0.66513418  -0.66609161 
  -0.66255074  -0.65046235  -0.65031219  -0.64944372  -0.65105936  -0.65803624 
  -0.66118259  -0.66263574  -0.67291848  -0.66448371  -0.66124691  -0.65428229 
  -0.65052735  -0.65182647  -0.65043321  -0.65753607  -0.65885171  -0.66346275 
  -0.66632908  -0.67037944  -0.6634578    -0.65699006  -0.65247945  -0.65355438 
  -0.65342977  -0.65667022  -0.65904647  -0.66532638  -0.66525521  -0.66263716 
  -0.65771348  -0.64880991  -0.65876411  -0.65008337  -0.66633322  -0.67248573 
  -0.67088697  -0.65159217  -0.6516775    -0.6593496    -0.66510686  -0.64997027 
  -0.66200912]
