inc
eps_11
eps_12
eps_13
eps_21
eps_22
eps_23
eps_31
eps_32
eps_33
increment_0
0.0
0.0
0.0
0.0
-9.228921332929615e-17
-1.0943044830213009e-16
0.0
-1.094304483021301e-16
-1.297553915957353e-16
increment_10
-0.002967395369351103
-0.002541216037514334
-0.0030315390292513216
-0.002541216037514334
0.008056038421550712
0.001500857619031903
-0.003031539029251322
0.001500857619031903
-0.005088643052199637
increment_20
-0.006835430898458162
-0.005403881934593516
-0.006418727096167465
-0.005403881934593516
0.017651403561496738
0.0035565984942440535
-0.006418727096167465
0.0035565984942440535
-0.010815972663038595
increment_30
-0.010655301062776608
-0.00824892465615712
-0.009758786331086011
-0.00824892465615712
0.027139090373120282
0.005652073310927534
-0.009758786331086011
0.005652073310927534
-0.01648378931034375
increment_40
-0.014462695091904816
-0.011066263458747401
-0.013057535500311029
-0.011066263458747401
0.03653701479672846
0.007788770421859849
-0.013057535500311029
0.007788770421859849
-0.02207431970482362
increment_50
-0.018254110677786324
-0.013853288441460648
-0.016314588149605732
-0.013853288441460648
0.04583692811156949
0.009962366715933911
-0.016314588149605732
0.009962366715933911
-0.02758281743378321
increment_60
-0.02202324900054454
-0.016610817321747434
-0.019532063418759568
-0.016610817321747434
0.05503769552309383
0.01216198816422788
-0.019532063418759564
0.012161988164227878
-0.03301444652254932
increment_70
-0.025767776335252207
-0.01934140888796324
-0.02271626053397029
-0.01934140888796324
0.06414598387118159
0.014377587187777765
-0.02271626053397029
0.014377587187777765
-0.03837820753592942
increment_80
-0.029488761807320244
-0.022045337183974605
-0.025871208486489508
-0.022045337183974605
0.07316703789802645
0.016602078747341726
-0.025871208486489508
0.016602078747341726
-0.04367827609070623
increment_90
-0.03318626135832739
-0.024722149854168048
-0.02899858272506283
-0.024722149854168044
0.08210359809655686
0.01882985909612028
-0.02899858272506283
0.018829859096120276
-0.048917336738229567
increment_100
-0.036862679442463755
-0.027373399021059324
-0.03210532444697649
-0.027373399021059324
0.0909630291245432
0.0210594156329656
-0.03210532444697649
0.0210594156329656
-0.054100349682079475
increment_110
-0.04052923096978074
-0.030001531240541956
-0.03520149820045515
-0.030001531240541956
0.09975926198253218
0.02329518642360716
-0.03520149820045515
0.023295186423607162
-0.05923003101275136
increment_120
-0.04419645114228217
-0.03260860855945353
-0.03829330231850979
-0.03260860855945353
0.10850275070871611
0.025541478258018627
-0.03829330231850979
0.025541478258018627
-0.0643062995664339
