inc
eps_11
eps_12
eps_13
eps_21
eps_22
eps_23
eps_31
eps_32
eps_33
increment_0
1.1102230246251562e-16
-1.886174743958714e-16
-1.171633685451045e-16
-1.886174743958714e-16
6.465575732577139e-17
7.464398428240891e-17
-1.171633685451045e-16
7.464398428240885e-17
-9.144606094513662e-18
increment_10
-0.003919177690486087
-0.004422881642840372
-0.003780114999798342
-0.004422881642840372
0.009854978150514577
0.0020484582247278496
-0.003780114999798343
0.0020484582247278496
-0.005935800460028546
increment_20
-0.008744792473076825
-0.010012377094557413
-0.008169965765076241
-0.010012377094557412
0.02097077173356236
0.004702754045669424
-0.008169965765076241
0.004702754045669424
-0.012225979260485438
increment_30
-0.013374295024584438
-0.015439540047654623
-0.012316831852038274
-0.015439540047654623
0.03149320830520232
0.007361444027926754
-0.012316831852038274
0.007361444027926754
-0.018118913280618022
increment_40
-0.01782862274888038
-0.020701877823989263
-0.016245542995884956
-0.020701877823989263
0.04150512449028801
0.010021805600585557
-0.016245542995884956
0.010021805600585557
-0.023676501741407667
increment_50
-0.022126595205754235
-0.02579638116562866
-0.01997496417450749
-0.025796381165628657
0.05107527516031986
0.01268058384454186
-0.019974964174507486
0.01268058384454186
-0.028948679954565563
increment_60
-0.026290812557415322
-0.03071536382888352
-0.0235150774476011
-0.03071536382888352
0.060241315394747176
0.015335629572489342
-0.023515077447601097
0.015335629572489344
-0.03395050283733167
increment_70
-0.03034259369640507
-0.035452712709206996
-0.026872246089701988
-0.035452712709206996
0.06902199642516134
0.017984533805652146
-0.026872246089701988
0.017984533805652146
-0.03867940272875612
increment_80
-0.03429713382783551
-0.04002600912299594
-0.030074560389800973
-0.04002600912299594
0.07748044494068275
0.020627616649161636
-0.030074560389800973
0.020627616649161632
-0.04318331111284716
increment_90
-0.038169168437045625
-0.044461292992263465
-0.03315789560727709
-0.044461292992263465
0.08569124940783794
0.023268325347249527
-0.03315789560727709
0.023268325347249527
-0.04752208097079235
increment_100
-0.04196743080286328
-0.04877622477607653
-0.036145637776895403
-0.04877622477607652
0.09370010775092158
0.025907073850919712
-0.03614563777689541
0.025907073850919712
-0.051732676948058345
increment_110
-0.04569340539237678
-0.05298082326527856
-0.03904751857363786
-0.05298082326527856
0.10152574876464872
0.028539419212906134
-0.03904751857363786
0.028539419212906134
-0.055832343372271935
increment_120
-0.04934372875477908
-0.057084415472152136
-0.0418692644055452
-0.057084415472152136
0.10918149661061743
0.031159921137299745
-0.041869264405545205
0.031159921137299745
-0.05983776785583845
