inc
eps_11
eps_12
eps_13
eps_21
eps_22
eps_23
eps_31
eps_32
eps_33
increment_0
0.0
0.0
0.0
0.0
2.5938125787715355e-18
-2.385821086353939e-17
0.0
-2.385821086353939e-17
2.194507923462598e-16
increment_10
0.00012525863576344097
-0.0019525515700159007
6.60741726645654e-05
-0.0019525515700159007
0.003759228869115146
-6.947769599069978e-05
6.60741726645654e-05
-6.947769599069976e-05
-0.003884487504878648
increment_20
0.00035736876209751834
-0.004362471636236788
-0.00023718339666916878
-0.004362471636236788
0.008175639261100437
-0.0002370273525602904
-0.00023718339666916878
-0.0002370273525602904
-0.008533008023197978
increment_30
0.000541167503144358
-0.006796996141914499
-0.0006296991209819943
-0.006796996141914498
0.012668875213281727
-0.00041726622712611307
-0.0006296991209819943
-0.0004172662271261131
-0.013210042716426094
increment_40
0.0006791669689935856
-0.009231292822700066
-0.0010777882738700075
-0.009231292822700066
0.017216123934334207
-0.0005821699172919804
-0.0010777882738700073
-0.0005821699172919804
-0.017895290903327796
increment_50
0.0007797881035454523
-0.011655574280265564
-0.0015741735622865727
-0.011655574280265564
0.021799019348411688
-0.0007239875385517448
-0.0015741735622865729
-0.0007239875385517449
-0.022578807451956985
increment_60
0.0008453969204482249
-0.01406292930794859
-0.0021167041142669198
-0.01406292930794859
0.026409970511227617
-0.0008401526607580723
-0.0021167041142669198
-0.0008401526607580723
-0.02725536743167588
increment_70
0.0008729594261074719
-0.016449923486831743
-0.002705029547262498
-0.016449923486831743
0.031050080913081392
-0.0009277258416438585
-0.0027050295472624978
-0.0009277258416438589
-0.03192304033918885
increment_80
0.0008601425824244583
-0.01881687252862105
-0.0033405561717129257
-0.018816872528621055
0.035720893299020715
-0.000984208659959522
-0.0033405561717129257
-0.000984208659959522
-0.03658103588144508
increment_90
0.0008044314952554422
-0.02116461160309462
-0.004024336555380208
-0.02116461160309462
0.04042324843311298
-0.0010090098365720195
-0.004024336555380208
-0.0010090098365720195
-0.04122767992836825
increment_100
0.0007011278088617081
-0.023492321621265327
-0.0047556412556376436
-0.02349232162126533
0.04515858044833375
-0.0010016493886272424
-0.0047556412556376436
-0.0010016493886272424
-0.0458597082571954
increment_110
0.0005461548040738073
-0.025798061103371704
-0.005531861168815254
-0.025798061103371704
0.04992568251003938
-0.0009619504515037137
-0.005531861168815254
-0.0009619504515037137
-0.05047183731411324
increment_120
0.00033696514565729503
-0.028077875838680152
-0.006345105957635266
-0.028077875838680152
0.054717635773240125
-0.0008909378420481501
-0.006345105957635266
-0.0008909378420481499
-0.055054600918897474
