inc
eps_11
eps_12
eps_13
eps_21
eps_22
eps_23
eps_31
eps_32
eps_33
increment_0
1.1102230246251564e-16
0.0
0.0
0.0
3.324134031551263e-16
-1.473884547293963e-17
0.0
-1.473884547293963e-17
6.535042324205475e-19
increment_10
-0.004932865334246775
0.000849509588624855
7.169045630981028e-05
0.0008495095886248552
-0.001237426761242093
-0.0039028264345468576
7.169045630981028e-05
-0.0039028264345468576
0.006170292095488832
increment_20
-0.010113483219832142
0.0016264158821258851
6.862772886591945e-05
0.0016264158821258851
-0.003073911864550593
-0.008853580797594752
6.862772886591947e-05
-0.008853580797594752
0.013187395084382793
increment_30
-0.015390843129096821
0.0024085213143745943
1.1275947764699761e-05
0.002408521314374594
-0.00486882706604937
-0.013789279752831476
1.1275947764699642e-05
-0.013789279752831476
0.020259670195146223
increment_40
-0.02074192640903138
0.0032347598371050977
-0.00011785733474325623
0.0032347598371050973
-0.0066557953218362095
-0.018701717764613504
-0.00011785733474325646
-0.018701717764613504
0.027397721730867523
increment_50
-0.026152174418744158
0.004117079835664658
-0.00032715146841339507
0.004117079835664657
-0.008443766681321758
-0.023583580569446382
-0.0003271514684133949
-0.023583580569446382
0.03459594110006585
increment_60
-0.03161064446278119
0.005061000392288072
-0.0006227889278529429
0.005061000392288071
-0.010236740312081605
-0.028429649203599135
-0.0006227889278529429
-0.028429649203599135
0.04184738477486287
increment_70
-0.03711102940355197
0.006072335240035992
-0.001011496608557099
0.006072335240035992
-0.012038046790949058
-0.03323781011083207
-0.0010114966085570992
-0.03323781011083207
0.04914907619450102
increment_80
-0.0426496722176308
0.007156752476806953
-0.0014997618494489789
0.007156752476806951
-0.013850163064849399
-0.03800513910972239
-0.0014997618494489793
-0.038005139109722384
0.0564998352824802
increment_90
-0.048219525044460074
0.00831990463644529
-0.0020938092686160516
0.008319904636445288
-0.01567732692345198
-0.04272751944198198
-0.0020938092686160516
-0.04272751944198198
0.06389685196791205
increment_100
-0.05380933355079073
0.009564971300891068
-0.002799748890889876
0.009564971300891068
-0.017522867069300136
-0.04739923133218769
-0.002799748890889876
-0.04739923133218769
0.07133220062009095
increment_110
-0.05941108452114558
0.010892777535000776
-0.0036208473289280627
0.010892777535000779
-0.019386572720925734
-0.05201548469661662
-0.0036208473289280627
-0.05201548469661662
0.07879765724207136
increment_120
-0.06502085433622523
0.012300340755064094
-0.004554700502926387
0.012300340755064094
-0.021265317389907744
-0.056573292895231705
-0.004554700502926387
-0.056573292895231705
0.08628617172613309
