inc
eps_11
eps_12
eps_13
eps_21
eps_22
eps_23
eps_31
eps_32
eps_33
increment_0
8.323700546721624e-17
-7.086830864953207e-18
-9.182655955791558e-17
-7.086830864953205e-18
2.195797069869899e-16
-3.19385493494822e-17
-9.182655955791558e-17
-3.19385493494822e-17
-1.9179440999169058e-16
increment_10
0.004802250345042627
-0.0027773831779123194
-0.00022983451676440288
-0.00277738317791232
0.0007597911841754856
0.002259723188755717
-0.00022983451676440288
0.0022597231887557167
-0.00556204152921814
increment_20
0.01038624458206414
-0.005974409215040791
-0.00044241707562883253
-0.005974409215040791
0.0015489304239783663
0.004812261311787306
-0.00044241707562883253
0.004812261311787306
-0.011935175006042437
increment_30
0.016012472783316044
-0.009166722514424774
-0.0007518584718752166
-0.009166722514424772
0.0022849200405508593
0.0074271396551228025
-0.0007518584718752166
0.0074271396551228025
-0.018297392823866977
increment_40
0.02166877156637859
-0.012344100707171266
-0.0011716471458966538
-0.012344100707171266
0.002984303902854485
0.010099140618321081
-0.0011716471458966538
0.01009914061832108
-0.02465307546923305
increment_50
0.027334458089446744
-0.015507985913388435
-0.0017069261881113309
-0.01550798591338843
0.0036539676788707232
0.012823435694608358
-0.0017069261881113309
0.012823435694608358
-0.030988425768317524
increment_60
0.032976162144460607
-0.018654393100424178
-0.002363899070909272
-0.018654393100424178
0.00430850589234061
0.015590666784215898
-0.002363899070909273
0.015590666784215898
-0.03728466803680118
increment_70
0.03856241133782317
-0.021778944407295688
-0.00314619641936741
-0.021778944407295688
0.0049639155142035644
0.018391847225062274
-0.0031461964193674097
0.018391847225062274
-0.04352632685202684
increment_80
0.044075032308826076
-0.024882038293497288
-0.00405283008718197
-0.02488203829349729
0.005632484894340472
0.021225169510124892
-0.00405283008718197
0.021225169510124892
-0.04970751720316659
increment_90
0.04950227975572743
-0.027961366982611733
-0.005078683487761503
-0.027961366982611736
0.006319650957315455
0.024085566813292197
-0.005078683487761503
0.024085566813292197
-0.055821930713042964
increment_100
0.05484442564554154
-0.031014851331100993
-0.006213862794384186
-0.031014851331100993
0.007022062993462993
0.026971928830558673
-0.006213862794384186
0.026971928830558673
-0.06186648863900449
increment_110
0.06009354867624086
-0.03404036523976871
-0.007451283511332509
-0.03404036523976871
0.007741924617127594
0.029879591895111923
-0.007451283511332509
0.029879591895111923
-0.06783547329336845
increment_120
0.06523748377238081
-0.03703515522732314
-0.008785934347848409
-0.03703515522732314
0.008481154874437388
0.03279936915668833
-0.008785934347848409
0.032799369156688324
-0.07371863864681813
