inc
eps_11
eps_12
eps_13
eps_21
eps_22
eps_23
eps_31
eps_32
eps_33
increment_0
-1.948567849887642e-17
-7.816830794319852e-17
2.421625580036258e-19
-7.816830794319852e-17
-3.135760883347856e-16
1.6593333105499132e-18
2.421625580036258e-19
1.6593333105499132e-18
2.2203946437114647e-16
increment_10
0.008104526871097152
0.003032921190312343
0.003430144527497113
0.003032921190312343
-0.006011708367082117
0.0035566388527586493
0.003430144527497113
0.0035566388527586493
-0.0020928185040151475
increment_20
0.017221692924049754
0.006911883172942052
0.00772574469093027
0.006911883172942051
-0.012914834488916248
0.007677393745681303
0.00772574469093027
0.007677393745681303
-0.004306858435133395
increment_30
0.026264943872262716
0.01080893446203605
0.012018224624868418
0.01080893446203605
-0.019737836003183358
0.011865206170862607
0.012018224624868418
0.01186520617086261
-0.006527107869079249
increment_40
0.035225257622609536
0.014710037185674976
0.0162869487308218
0.014710037185674976
-0.026476210475710922
0.016103496067957954
0.01628694873082181
0.016103496067957954
-0.008749047146898638
increment_50
0.04410092395027651
0.018619829721375766
0.020525546243160116
0.018619829721375766
-0.033130128072111485
0.020386133634665703
0.02052554624316012
0.020386133634665703
-0.010970795878165096
increment_60
0.05289269727047767
0.022538944241494274
0.02472351781681599
0.022538944241494274
-0.03969538700892055
0.024710846392282677
0.024723517816815987
0.02471084639228268
-0.013197310261557068
increment_70
0.061592994804295205
0.026462821709985505
0.02886033605544926
0.026462821709985512
-0.04615280917283052
0.029072786034861686
0.02886033605544926
0.029072786034861686
-0.015440185631464792
increment_80
0.07019507157046032
0.030389472601951833
0.03292102502342047
0.030389472601951833
-0.05248878457075032
0.033465943304437855
0.03292102502342047
0.033465943304437855
-0.017706286999709945
increment_90
0.07870075537753467
0.034320225365017894
0.036900435912813834
0.034320225365017894
-0.05870374866945665
0.03788739852672157
0.036900435912813834
0.03788739852672157
-0.019997006708078052
increment_100
0.08711477724971926
0.0382538290217756
0.04079879239616398
0.0382538290217756
-0.06480425666853927
0.042334688509954484
0.04079879239616398
0.042334688509954484
-0.02231052058117984
increment_110
0.09543376938576996
0.04218607301237672
0.044617492917974476
0.04218607301237672
-0.0707907994452564
0.04679772710930465
0.044617492917974476
0.04679772710930466
-0.024642969940513494
increment_120
0.10365349636648907
0.04611106329948676
0.04835792024261231
0.04611106329948676
-0.07666229087855138
0.05126585266514632
0.04835792024261231
0.05126585266514633
-0.02699120548793773
