inc
eps_11
eps_12
eps_13
eps_21
eps_22
eps_23
eps_31
eps_32
eps_33
increment_0
-1.1102230246251568e-16
0.0
0.0
0.0
-1.1389031425129917e-16
1.761214866675243e-17
0.0
1.7612148666752436e-17
-2.1917659313624774e-16
increment_10
-0.0034485368379398745
0.0012134625821251873
-0.0015247393840256015
0.0012134625821251873
0.0013088308758573816
-0.0027011047508655023
-0.0015247393840256015
-0.0027011047508655023
0.002139705962082502
increment_20
-0.00708862455938619
0.0028909764854382677
-0.003612283145185315
0.0028909764854382677
0.0024491975838774544
-0.006324258451487277
-0.003612283145185315
-0.006324258451487277
0.004639426975508775
increment_30
-0.010590831624008732
0.004610073972323653
-0.005791925102509272
0.004610073972323653
0.0035775734193844114
-0.009993498548566265
-0.005791925102509272
-0.009993498548566265
0.007013258204624363
increment_40
-0.013955185138528649
0.006341808756364548
-0.008063869052595755
0.006341808756364549
0.004668542132274521
-0.013677761476935252
-0.008063869052595754
-0.013677761476935252
0.009286643006254116
increment_50
-0.017169234800790488
0.008078593168651435
-0.010426669131184618
0.008078593168651435
0.005716661579479266
-0.01737044910732076
-0.010426669131184618
-0.01737044910732076
0.011452573221311078
increment_60
-0.020234882592919872
0.009815509734728407
-0.012864992012924988
0.009815509734728407
0.006741304038453615
-0.021063619509898414
-0.012864992012924988
-0.02106361950989841
0.013493578554466295
increment_70
-0.02316622811551628
0.011549185732473278
-0.015357675340369444
0.011549185732473278
0.007767712612427577
-0.02474951210176157
-0.015357675340369444
-0.02474951210176157
0.015398515503088721
increment_80
-0.02597338447724493
0.013285143323074467
-0.017896002904603425
0.013285143323074467
0.008792384069361834
-0.028439753498287364
-0.01789600290460342
-0.028439753498287364
0.017181000407883132
increment_90
-0.028660619448493647
0.015034934270793117
-0.020478679862115004
0.015034934270793117
0.009800554114383606
-0.032153075735131584
-0.020478679862115004
-0.032153075735131584
0.018860065334110027
increment_100
-0.031227350591021722
0.016808831506606756
-0.023102682586938837
0.016808831506606756
0.010785088032116993
-0.03590104244518707
-0.023102682586938837
-0.03590104244518707
0.0204422625589048
increment_110
-0.033673158789832854
0.018617531245200346
-0.025761936706783176
0.01861753124520035
0.011745042268715894
-0.0396880754373753
-0.025761936706783176
-0.0396880754373753
0.021928116521116883
increment_120
-0.03599578766310245
0.02046937244686289
-0.028453791961369435
0.02046937244686289
0.012675148544701396
-0.04351455948523332
-0.028453791961369435
-0.04351455948523332
0.023320639118401078
