inc
eps_11
eps_12
eps_13
eps_21
eps_22
eps_23
eps_31
eps_32
eps_33
increment_0
-1.1102230246251568e-16
0.0
0.0
0.0
3.186590868647732e-16
7.86814612180251e-17
0.0
7.86814612180251e-17
-9.661448193974207e-17
increment_10
0.007975667333414383
0.0003606377751649675
-0.0033182385032377464
0.00036063777516496756
-0.0065713793052866116
0.0026685765805747343
-0.0033182385032377464
0.0026685765805747343
-0.0014042880281278328
increment_20
0.01792184454262179
0.0007428597593398413
-0.007230295494432273
0.0007428597593398413
-0.014325883187053344
0.0063089150695473635
-0.007230295494432273
0.0063089150695473635
-0.0035959613555685333
increment_30
0.02810251932295694
0.0009932813976825674
-0.01104714465987768
0.0009932813976825678
-0.02210225711687591
0.010090841843858436
-0.01104714465987768
0.010090841843858436
-0.006000262206081061
increment_40
0.038492857358737795
0.0010987529278651735
-0.014747399494658897
0.0010987529278651735
-0.029885935611314106
0.01399152790840473
-0.014747399494658897
0.01399152790840473
-0.008606921747423717
increment_50
0.049067112827758205
0.0010447821036672171
-0.01833645817176212
0.001044782103667217
-0.03766682471802651
0.017996490717792815
-0.01833645817176212
0.017996490717792815
-0.011400288109731677
increment_60
0.0597854828943863
0.0008181393976043053
-0.021819175348707538
0.0008181393976043057
-0.045428371574865255
0.02208348285368367
-0.02181917534870754
0.022083482853683667
-0.014357111319521115
increment_70
0.07060987140387337
0.00039628973815912917
-0.0251955239710492
0.00039628973815912917
-0.05314443796115791
0.026225921705023754
-0.0251955239710492
0.026225921705023754
-0.017465433442715363
increment_80
0.08150155146244402
-0.00024545803459351387
-0.02846282293411121
-0.00024545803459351387
-0.06077843651139089
0.030394071317749106
-0.028462822934111204
0.030394071317749106
-0.020723114951053067
increment_90
0.09240954916768575
-0.0011144375853639008
-0.03161928873581005
-0.0011144375853639006
-0.06829482169993636
0.03455525864285474
-0.03161928873581005
0.03455525864285474
-0.02411472746774933
increment_100
0.10329369906146735
-0.002199900734000447
-0.034666348117802774
-0.0021999007340004475
-0.07567388079880255
0.0386876950898214
-0.034666348117802774
0.0386876950898214
-0.027619818262664627
increment_110
0.11413124833719268
-0.0034825931236191895
-0.03760853263217943
-0.0034825931236191895
-0.08291343170198222
0.042785000996522694
-0.03760853263217943
0.042785000996522694
-0.031217816635210494
increment_120
0.12490395483211833
-0.004941662455295898
-0.04044931551958042
-0.004941662455295898
-0.09001609662347913
0.0468445571714862
-0.04044931551958042
0.0468445571714862
-0.03488785820863902
