inc
Fp11
Fp12
Fp13
Fp21
Fp22
Fp23
Fp31
Fp32
Fp33
increment_0
[-0.68894806  -0.68894806  -0.68894806  -0.68894806  -0.68894806  -0.68894806 
  -0.68894806  -0.68894806  -0.68894806  -0.68894806  -0.68894806  -0.68894806 
  -0.68894806  -0.68894806  -0.68894806  -0.68894806  -0.68894806]
[-0.72479317  -0.72479317  -0.72479317  -0.72479317  -0.72479317  -0.72479317 
  -0.72479317  -0.72479317  -0.72479317  -0.72479317  -0.72479317  -0.72479317 
  -0.72479317  -0.72479317  -0.72479317  -0.72479317  -0.72479317]
[-0.00504253  -0.00504253  -0.00504253  -0.00504253  -0.00504253  -0.00504253 
  -0.00504253  -0.00504253  -0.00504253  -0.00504253  -0.00504253  -0.00504253 
  -0.00504253  -0.00504253  -0.00504253  -0.00504253  -0.00504253]
[-0.57044178  -0.57044178  -0.57044178  -0.57044178  -0.57044178  -0.57044178 
  -0.57044178  -0.57044178  -0.57044178  -0.57044178  -0.57044178  -0.57044178 
  -0.57044178  -0.57044178  -0.57044178  -0.57044178  -0.57044178]
[0.54649595  0.54649595  0.54649595  0.54649595  0.54649595  0.54649595 
  0.54649595  0.54649595  0.54649595  0.54649595  0.54649595  0.54649595 
  0.54649595  0.54649595  0.54649595  0.54649595  0.54649595]
[-0.61313811  -0.61313811  -0.61313811  -0.61313811  -0.61313811  -0.61313811 
  -0.61313811  -0.61313811  -0.61313811  -0.61313811  -0.61313811  -0.61313811 
  -0.61313811  -0.61313811  -0.61313811  -0.61313811  -0.61313811]
[0.44715404  0.44715404  0.44715404  0.44715404  0.44715404  0.44715404 
  0.44715404  0.44715404  0.44715404  0.44715404  0.44715404  0.44715404 
  0.44715404  0.44715404  0.44715404  0.44715404  0.44715404]
[-0.41954385  -0.41954385  -0.41954385  -0.41954385  -0.41954385  -0.41954385 
  -0.41954385  -0.41954385  -0.41954385  -0.41954385  -0.41954385  -0.41954385 
  -0.41954385  -0.41954385  -0.41954385  -0.41954385  -0.41954385]
[-0.78995964  -0.78995964  -0.78995964  -0.78995964  -0.78995964  -0.78995964 
  -0.78995964  -0.78995964  -0.78995964  -0.78995964  -0.78995964  -0.78995964 
  -0.78995964  -0.78995964  -0.78995964  -0.78995964  -0.78995964]
increment_10
[-0.68209875  -0.68367189  -0.68309736  -0.68349622  -0.68386334  -0.68453135 
  -0.68474378  -0.68936996  -0.68374965  -0.68451267  -0.68787201  -0.68435848 
  -0.68489553  -0.68350206  -0.68451591  -0.68297049  -0.68457204]
[-0.71939242  -0.72072025  -0.72027071  -0.72031357  -0.72028277  -0.72048237 
  -0.72309167  -0.7210948    -0.72026692  -0.72074735  -0.7220868    -0.7208134 
  -0.72073443  -0.71989717  -0.7204807    -0.71953998  -0.72060544]
[  0.00486859    0.00308206    0.00392005    0.00186282  -0.00031182  -0.00177246 
  -0.00639516  -0.00210791    0.0006395    -0.00160423  -0.00537598  -0.00298494 
  -0.00389482  -0.0004498    -0.00305707    0.00065793  -0.00273785]
[-0.57285201  -0.57224556  -0.57252379  -0.57142863  -0.57066325  -0.57029329 
  -0.56994936  -0.56674308  -0.57082097  -0.57082281  -0.56818931  -0.57032609 
  -0.57044688  -0.57053654  -0.57042705  -0.57047188  -0.57050684]
[0.54503341  0.54516809  0.54501467  0.54577784  0.54631785  0.54641966 
  0.54405226  0.54582862  0.54615105  0.54621327  0.5453629    0.54606944 
  0.54649149  0.54642685  0.54648658  0.54647225  0.54643471]
[-0.61902285  -0.61627849  -0.61702957  -0.61490316  -0.61355756  -0.61328869 
  -0.61340867  -0.61381186  -0.613937      -0.61380968  -0.61344709  -0.6131891 
  -0.61315003  -0.61331516  -0.61314026  -0.61319192  -0.61326282]
[0.44364458  0.4441705    0.4439498    0.44390183  0.44424635  0.44485653 
  0.4470064    0.44550669  0.44398309  0.44512086  0.44684476  0.44535407 
  0.44589881  0.44410569  0.44542602  0.44341908  0.44537219]
[-0.42207306  -0.42155037  -0.4217328    -0.42147288  -0.42092144  -0.4203548 
  -0.41827703  -0.4201305    -0.42123454  -0.42025419  -0.41873565  -0.419804 
  -0.41938356  -0.42089014  -0.41975917  -0.42142692  -0.41988866]
[-0.79633182  -0.7961654    -0.79643833  -0.79813174  -0.79915948  -0.79874459 
  -0.79781016  -0.79625781  -0.79896491  -0.79777313  -0.79618171  -0.79889492 
  -0.79805217  -0.80013814  -0.79872021  -0.80115606  -0.79840075]
increment_20
[-0.67422618  -0.67767637  -0.6760812    -0.67679867  -0.6770028    -0.68109194 
  -0.67976671  -0.69357634  -0.67819556  -0.67910203  -0.68743487  -0.67953955 
  -0.68012483  -0.67696471  -0.68002906  -0.67606398  -0.67988516]
[-0.71319012  -0.71581357  -0.71505999  -0.71477427  -0.71403956  -0.71530919 
  -0.72232603  -0.71658796  -0.71486112  -0.71573382  -0.7201752    -0.7172897 
  -0.7159531    -0.71405306  -0.71551735  -0.71347342  -0.71587813]
[  0.01627494    0.01189866    0.01582952    0.01061189    0.00809125    0.00328979 
  -0.00844026    0.00191987    0.00953577    0.00266218  -0.0072554    -0.00027431 
  -0.00256188    0.00524376  -0.00019736    0.00726065  -0.00159166]
[-0.57536079  -0.57401399  -0.57539201  -0.57262187  -0.57056301  -0.56863477 
  -0.56898386  -0.55886373  -0.57125814  -0.57128489  -0.56459574  -0.56891033 
  -0.57044675  -0.57069618  -0.56969057  -0.57051794  -0.57049108]
[0.54399043  0.54371849  0.54295458  0.54484082  0.54598897  0.54583534 
  0.53991545  0.54460219  0.54497428  0.5458045    0.54269826  0.54401471 
  0.54649013  0.54631862  0.54628774  0.5464363    0.5463768  ]
[-0.625661      -0.61966522  -0.62228171  -0.61712798  -0.61423064  -0.61418824 
  -0.61389722  -0.61483336  -0.61650463  -0.61476492  -0.61403464  -0.6135235 
  -0.61315043  -0.61365429  -0.61323068  -0.61327374  -0.61328235]
[0.43921005  0.44082856  0.43992983  0.4398085    0.43934009  0.44197537 
  0.44699132  0.44345175  0.44006975  0.44265774  0.44723385  0.44304393 
  0.44441182  0.44039041  0.44317697  0.43909108  0.44409041]
[-0.42498762  -0.42365653  -0.42468766  -0.42391906  -0.42370323  -0.42159887 
  -0.4166513    -0.4210424    -0.42363039  -0.42107818  -0.41710785  -0.4202628 
  -0.41917981  -0.42256484  -0.42025043  -0.42358936  -0.419572    ]
[-0.80380875  -0.80389232  -0.80342874  -0.80831701  -0.81219162  -0.80855 
  -0.80703677  -0.80325065  -0.8083987    -0.80743871  -0.80303752  -0.80978674 
  -0.80771424  -0.81235814  -0.80898571  -0.81423816  -0.80792115]
increment_30
[-0.66636862  -0.67214541  -0.66915484  -0.67038192  -0.67021094  -0.67750227 
  -0.67533624  -0.69808741  -0.67296174  -0.67368922  -0.68679532  -0.67552663 
  -0.67554907  -0.67063836  -0.67568815  -0.66937559  -0.67550686]
[-0.70722134  -0.71094138  -0.70994643  -0.7092599    -0.70780382  -0.70996561 
  -0.72109535  -0.71225635  -0.70957369  -0.71064955  -0.718545      -0.7135832 
  -0.71131808  -0.70836493  -0.71054236  -0.70754817  -0.7113676  ]
[  0.02878227    0.02007611    0.027753        0.01939951    0.01702744    0.00902462 
  -0.01071624    0.00548345    0.01834415    0.00733693  -0.00965348    0.00238039 
  -0.00155152    0.01057518    0.00276712    0.01338014  -0.00103705]
[-0.57802836  -0.57538755  -0.57823136  -0.57362686  -0.57047502  -0.56682244 
  -0.56804244  -0.55089082  -0.57157905  -0.57163871  -0.56123247  -0.56702893 
  -0.57044736  -0.57084806  -0.56876742  -0.57057976  -0.57049868]
[0.54327179  0.54231452  0.54088681  0.5438411    0.54553345  0.54525923 
  0.53647064  0.54337035  0.54373618  0.54537268  0.5398754    0.54218297 
  0.54648831  0.54621776  0.54603044  0.54638771  0.54633383]
[-0.63131689  -0.62289222  -0.62732528  -0.61945054  -0.61518168  -0.61504391 
  -0.61434011  -0.61583909  -0.6191911    -0.61575774  -0.61463751  -0.6139018 
  -0.61315219  -0.61398874  -0.61335179  -0.61338609  -0.61331384]
[0.43420853  0.43771368  0.43589251  0.4357515    0.434318      0.43870224 
  0.44716747  0.44166608  0.43628157  0.43998837  0.44787609  0.44084435 
  0.4430993    0.43685828  0.44087818  0.43502783  0.44309139]
[-0.42769827  -0.42552576  -0.42765641  -0.42634162  -0.42662222  -0.42315558 
  -0.41493188  -0.42176394  -0.42595475  -0.42206794  -0.41526596  -0.42068855 
  -0.41883321  -0.42408207  -0.42076925  -0.42551328  -0.41900037]
[-0.81197344  -0.81162338  -0.81044368  -0.81842449  -0.82515396  -0.8189588 
  -0.81578254  -0.8098936    -0.81751833  -0.81738959  -0.80978423  -0.82038301 
  -0.81715314  -0.82438464  -0.8194271    -0.82710891  -0.81700854]
increment_40
[-0.65842203  -0.66702194  -0.66216229  -0.66429725  -0.6636203    -0.67360555 
  -0.6712217    -0.70241023  -0.66795948  -0.66841507  -0.68578652  -0.67171439 
  -0.67116444  -0.66449505  -0.67105953  -0.66293155  -0.67130157]
[-0.70135565  -0.70614378  -0.70479497  -0.70385016  -0.70178121  -0.70444233 
  -0.71968564  -0.70807215  -0.70441039  -0.70562363  -0.71723576  -0.70988076 
  -0.70682138  -0.70281713  -0.70555893  -0.70178405  -0.70699534]
[  0.04224384    0.02826777    0.03985039    0.02842003    0.02589524    0.01547043 
  -0.0131706      0.00864363    0.02681156    0.01231524  -0.01234513    0.00432102 
  -0.00088538    0.01561987    0.0058142      0.01897381  -0.00072276]
[-0.58082175  -0.57647704  -0.58102635  -0.57451839  -0.57059108  -0.56497144 
  -0.56713374  -0.54325423  -0.57184096  -0.57196887  -0.55810217  -0.56541598 
  -0.57044965  -0.57100994  -0.56807943  -0.57066224  -0.57053275]
[0.54237197  0.54085946  0.53884128  0.54271778  0.5449385    0.54471822 
  0.53338302  0.54217044  0.5424994    0.54485582  0.53678192  0.54065362 
  0.54648536  0.54610549  0.54581206  0.54632156  0.54628853]
[-0.63626509  -0.62618394  -0.63223498  -0.62202381  -0.61648092  -0.61582318 
  -0.61476571  -0.61684234  -0.62187543  -0.61693918  -0.61526817  -0.61423865 
  -0.61315705  -0.61431818  -0.61345018  -0.61354003  -0.61338228]
[0.4288555    0.43464226  0.43171815  0.43173818  0.42955337  0.43499991 
  0.44747408  0.44011646  0.43267282  0.43727547  0.44863384  0.43904189 
  0.44197044  0.43348617  0.43851341  0.43125934  0.44222057]
[-0.43056278  -0.427391      -0.43072585  -0.42878757  -0.42938923  -0.42504816 
  -0.41314746  -0.42230982  -0.42813465  -0.4231313    -0.41331856  -0.42080996 
  -0.41833399  -0.42545927  -0.42132182  -0.42718009  -0.41832083]
[-0.82084011  -0.81915448  -0.81769721  -0.82815872  -0.83747776  -0.83005724 
  -0.82419688  -0.81630598  -0.82641214  -0.82719634  -0.81662197  -0.83047834 
  -0.82636933  -0.83625566  -0.83010042  -0.83970739  -0.82584754]
increment_50
[-0.65035866  -0.66240012  -0.65506492  -0.6585868    -0.65728798  -0.66937849 
  -0.66725981  -0.70651496  -0.6631411    -0.66332075  -0.68440902  -0.66804754 
  -0.66694155  -0.65854966  -0.6662037    -0.65673198  -0.66719709]
[-0.69548748  -0.70142122  -0.69957072  -0.69857015  -0.69604224  -0.69872673 
  -0.71819588  -0.70399088  -0.69935632  -0.70070287  -0.71618621  -0.70622424 
  -0.70244678  -0.69741578  -0.70057837  -0.69618805  -0.70271664]
[  0.0562404      0.03646427    0.05215333    0.03759467    0.03459666    0.02272581 
  -0.01569738    0.01163092    0.03495091    0.01745119  -0.01526476    0.00544853 
  -0.00048291    0.02032566    0.00893332    0.02407944  -0.00047757]
[-0.58360193  -0.57718425  -0.58377995  -0.5752862    -0.57098181  -0.56309757 
  -0.56626743  -0.53593404  -0.57206095  -0.57230747  -0.55521998  -0.56413073 
  -0.57045416  -0.57117849  -0.56758116  -0.57076629  -0.57059348]
[0.5413659    0.53935412  0.53682211  0.54147497  0.544174      0.54419766 
  0.5304947    0.5409841    0.54127494  0.54425226  0.5334819    0.53941078 
  0.54648092  0.54598497  0.54562414  0.54623814  0.54623042]
[-0.64081731  -0.62951782  -0.63705037  -0.62483874  -0.61821265  -0.61656041 
  -0.61518633  -0.61788373  -0.62453769  -0.61832221  -0.61592059  -0.61452219 
  -0.61316612  -0.61464053  -0.61352857  -0.61373616  -0.61349643]
[0.42323932  0.43161113  0.42738729  0.42781049  0.42515634  0.43084023 
  0.4478362    0.43870348  0.42922145  0.43460732  0.44947442  0.437673 
  0.44098287  0.43029582  0.43609007  0.42776558  0.44140598]
[-0.43364541  -0.429258      -0.43391031  -0.43122644  -0.43193547  -0.42730288 
  -0.41134768  -0.42276926  -0.43018318  -0.42420062  -0.41129809  -0.42058751 
  -0.41771995  -0.42667821  -0.42190347  -0.42861255  -0.41760124]
[-0.83024029  -0.82648109  -0.82522307  -0.83744655  -0.84890254  -0.84185889 
  -0.8324366    -0.8225589    -0.83513747  -0.83672279  -0.82355702  -0.84003926 
  -0.83540004  -0.84794554  -0.84098081  -0.85201877  -0.83454543]
increment_60
[-0.64222315  -0.65832401  -0.64783911  -0.65323419  -0.65126565  -0.66484314 
  -0.66336563  -0.71041486  -0.65847572  -0.65842701  -0.68276125  -0.66451584 
  -0.66286205  -0.65284988  -0.66120331  -0.65081768  -0.6631513  ]
[-0.6895987    -0.69679127  -0.6942534    -0.69343119  -0.69061945  -0.69283012 
  -0.71664282  -0.69997447  -0.69439254  -0.69590427  -0.71527231  -0.70262286 
  -0.69818251  -0.69218358  -0.69561925  -0.69079012  -0.69850214]
[  0.07042638    0.04459761    0.06468687    0.04683549    0.04311272    0.03080213 
  -0.01825357    0.01468938    0.04285976    0.02262074  -0.01832406    0.00575617 
  -0.00030294    0.02454211    0.01208187    0.0286256    -0.00021938]
[-0.58633778  -0.57749659  -0.58649006  -0.5759597    -0.57165648  -0.56121215 
  -0.56547309  -0.5288834    -0.57224639  -0.5726552    -0.55255295  -0.56316632 
  -0.57046177  -0.571341      -0.56721603  -0.5708958    -0.57068215]
[0.54030783  0.53779602  0.53483369  0.54012337  0.54322113  0.54367859 
  0.52776666  0.53977945  0.5400543    0.54357441  0.53010615  0.538438 
  0.54647439  0.54586718  0.5454534    0.54613647  0.54615661]
[-0.64523815  -0.63289571  -0.64178338  -0.62787929  -0.62042467  -0.61729737 
  -0.61560025  -0.61902281  -0.62719761  -0.61988249  -0.61658454  -0.6147483 
  -0.61318125  -0.61494273  -0.61359253  -0.61397957  -0.61366129]
[0.41749974  0.42865989  0.42288125  0.4240064    0.42117201  0.42624618 
  0.44822347  0.43733189  0.42588753  0.43203383  0.45036669  0.43673189 
  0.44011491  0.42734874  0.43363353  0.42458483  0.4406083  ]
[-0.43687817  -0.4310957    -0.43722351  -0.43362379  -0.43423976  -0.42990525 
  -0.40955238  -0.42322985  -0.43213664  -0.42523054  -0.40924203  -0.42002039 
  -0.41700996  -0.42768615  -0.42249506  -0.42978426  -0.41687318]
[-0.83989197  -0.83354377  -0.83305362  -0.84625824  -0.85928143  -0.85430525 
  -0.84057077  -0.82869282  -0.84372645  -0.84593114  -0.83055274  -0.84906991 
  -0.84426697  -0.85938857  -0.85202193  -0.86395533  -0.84316866]
increment_70
[-0.63410439  -0.65472584  -0.64049466  -0.64815935  -0.64559132  -0.6601036 
  -0.65952971  -0.71409952  -0.65396335  -0.65371754  -0.68097316  -0.66107147 
  -0.65892245  -0.64745171  -0.65611818  -0.64522076  -0.65913162]
[-0.68374085  -0.69227269  -0.68884908  -0.68843888  -0.68550791  -0.68678561 
  -0.71499651  -0.69600449  -0.68949948  -0.69122639  -0.71434996  -0.69905633 
  -0.6940259    -0.68715067  -0.69069669  -0.6856087    -0.69433288]
[  0.08458322    0.05260196    0.0774279      0.05611551    0.051433        0.03967675 
  -0.02082864    0.0180206      0.05064901    0.02770094  -0.02140808    0.00536464 
  -0.00033989    0.02811158    0.0151992      0.03252833    0.00013588]
[-0.58905902  -0.57751266  -0.5891602    -0.57662585  -0.5725615    -0.55928682 
  -0.56477932  -0.52210674  -0.57237339  -0.57301227  -0.55005271  -0.56250561 
  -0.57047385  -0.57149001  -0.56695518  -0.57104637  -0.57080343]
[0.5392136    0.53618827  0.53287463  0.53866778  0.54208881  0.54312948 
  0.52523767  0.53852377  0.53882624  0.54284943  0.52680833  0.53771521 
  0.54646484  0.54575875  0.54529723  0.54602081  0.54606353]
[-0.64964348  -0.63633045  -0.64644615  -0.63115324  -0.62309068  -0.61809593 
  -0.61599668  -0.62033008  -0.62987436  -0.6215623    -0.61724646  -0.61491547 
  -0.61320528  -0.61521797  -0.61364403  -0.61426176  -0.61388705]
[0.41177383  0.425829      0.4182159    0.42034562  0.41759257  0.42127389 
  0.44863293  0.43593498  0.42262615  0.42958044  0.45127255  0.43614873 
  0.43936426  0.42471519  0.4311766    0.42175169  0.43979013]
[-0.44013993  -0.43286867  -0.44065369  -0.43596283  -0.43630957  -0.43282142 
  -0.40776543  -0.42375507  -0.43403735  -0.42618739  -0.40719693  -0.41916233 
  -0.41620716  -0.42842576  -0.42307058  -0.43066766  -0.41616871]
[-0.84953599  -0.84029037  -0.84116122  -0.8545711    -0.86861641  -0.86725184 
  -0.84858904  -0.83470167  -0.85220715  -0.85486062  -0.83755836  -0.85765569 
  -0.85296625  -0.87049364  -0.8631734    -0.87546214  -0.85175997]
increment_80
[-0.62609168  -0.65145756  -0.63308827  -0.64324583  -0.64023788  -0.65528568 
  -0.65577376  -0.7175556    -0.64961838  -0.64911764  -0.67913677  -0.65765244 
  -0.65510593  -0.64238826  -0.65097646  -0.6399394    -0.65511669]
[-0.67797613  -0.68786334  -0.68339914  -0.68358737  -0.68067159  -0.68063972 
  -0.71325627  -0.69208394  -0.68465909  -0.6866457    -0.71332591  -0.69547383 
  -0.68996655  -0.68233456  -0.68580844  -0.68063953  -0.69019962]
[  0.09854899    0.06042255    0.09027583    0.06539122    0.05963187    0.04924897 
  -0.02344854    0.0217708      0.05841187    0.03263058  -0.0244322      0.00451053 
  -0.00055377    0.03093929    0.0182801      0.03577462    0.00066076]
[-0.59179554  -0.57736701  -0.59180379  -0.57738089  -0.57365624  -0.55729085 
  -0.56418189  -0.51564396  -0.572404      -0.57339802  -0.54768091  -0.56211161 
  -0.57049233  -0.57162192  -0.56677919  -0.57120541  -0.57096611]
[0.53807206  0.53455221  0.53093591  0.53712778  0.54079201  0.54252457 
  0.52291491  0.53718341  0.53758205  0.54211052  0.52368668  0.53722485 
  0.54645096  0.54566282  0.54515783  0.54590056  0.54594413]
[-0.65408931  -0.63980365  -0.65106384  -0.63463832  -0.62617233  -0.61900646 
  -0.61637185  -0.62188596  -0.63257863  -0.62329325  -0.61789659  -0.61502555 
  -0.61324222  -0.61546246  -0.61368374  -0.61456012  -0.61419157]
[0.40618048  0.42312831  0.413462      0.41683409  0.41435707  0.41601291 
  0.44907911  0.43448042  0.41939781  0.42723141  0.452164      0.43579964 
  0.43871177  0.42243648  0.42872309  0.41925599  0.4389269  ]
[-0.44333647  -0.43455693  -0.4441483    -0.43823017  -0.43819085  -0.43598911 
  -0.40597405  -0.42437917  -0.43592232  -0.42706693  -0.40519572  -0.41811407 
  -0.41532837  -0.42886464  -0.4236275    -0.43127004  -0.41551197]
[-0.85896087  -0.84675871  -0.84942274  -0.86242288  -0.87700526  -0.88051958 
  -0.85646451  -0.84052339  -0.86060722  -0.86362615  -0.84453971  -0.86594735 
  -0.86151599  -0.88120021  -0.87442424  -0.88655639  -0.86033413]
increment_90
[-0.61825469  -0.64832031  -0.62569378  -0.63838422  -0.63510944  -0.65048158 
  -0.65211957  -0.72079987  -0.6454188    -0.64453626  -0.67729647  -0.65421142 
  -0.65138174  -0.63766063  -0.64577431  -0.63493019  -0.65109309]
[-0.67235339  -0.68352677  -0.67795813  -0.67886411  -0.67604561  -0.67444377 
  -0.71142693  -0.68823097  -0.67985418  -0.68211759  -0.71215349  -0.69183262 
  -0.68598764  -0.67773272  -0.68093373  -0.67585401  -0.68609892]
[  0.11220242    0.06807042    0.10310282    0.07459371    0.06783513    0.05937814 
  -0.02613239    0.02595879    0.06624659    0.03745056  -0.02732556    0.00346891 
  -0.00085949    0.03300493    0.02141782    0.03845801    0.00141374]
[-0.59457368  -0.57718171  -0.59443435  -0.57829841  -0.57491609  -0.55522965 
  -0.56366623  -0.50951143  -0.57233678  -0.57381488  -0.54540946  -0.56191645 
  -0.57052125  -0.57173322  -0.56666257  -0.57135927  -0.57117946]
[0.53687461  0.53292214  0.52900951  0.53553256  0.53935824  0.54184573 
  0.52079355  0.53574083  0.53631339  0.54138697  0.52078242  0.53692763 
  0.54642995  0.54558201  0.54503291  0.54578504  0.5457908  ]
[-0.65861885  -0.64326662  -0.65565864  -0.63828665  -0.6296055    -0.62007116 
  -0.61672494  -0.62372893  -0.63532746  -0.62501065  -0.61853042  -0.61508832 
  -0.61330006  -0.61567039  -0.61371403  -0.6148503    -0.614594    ]
[0.40081316  0.42051136  0.40870591  0.41347195  0.41135929  0.41056703 
  0.44957221  0.43297564  0.41616523  0.42492119  0.45301359  0.43554576 
  0.43811867  0.42051516  0.426228      0.41703422  0.43800334]
[-0.44639129  -0.43618015  -0.4476417    -0.44041134  -0.43995808  -0.43933279 
  -0.40416813  -0.42509336  -0.4378272    -0.42790672  -0.40326575  -0.41698969 
  -0.41440748  -0.42900117  -0.42420372  -0.43164262  -0.41492046]
[-0.86800096  -0.85310419  -0.85768727  -0.86989177  -0.88465086  -0.89392467 
  -0.86418029  -0.84609239  -0.86895236  -0.87240035  -0.85149522  -0.87411768 
  -0.86995419  -0.89150247  -0.88582485  -0.89732659  -0.86889076]
increment_100
[-0.61062643  -0.64513178  -0.61835262  -0.63353094  -0.63007853  -0.64575714 
  -0.64859584  -0.72384037  -0.64129228  -0.63992081  -0.67550169  -0.65073119 
  -0.64771834  -0.63324743  -0.64051519  -0.63013316  -0.64705206]
[-0.66689524  -0.67919869  -0.67255761  -0.67425802  -0.67155362  -0.66823787 
  -0.70948889  -0.68446458  -0.67506971  -0.67760497  -0.7108015    -0.68811757 
  -0.68207492  -0.67332966  -0.67605818  -0.67121583  -0.68203049]
[  0.12548646    0.07566674    0.11583983    0.08368474    0.07613022    0.06995508 
  -0.02886321    0.03041982    0.07422218    0.04224317  -0.03001065    0.00248248 
  -0.00115348    0.03434708    0.02470012    0.0407253      0.00244376]
[-0.59740675  -0.57702068  -0.59705801  -0.57939584  -0.57631851  -0.55311092 
  -0.56322288  -0.5036945    -0.57221824  -0.57424634  -0.54319466  -0.56183582 
  -0.57057032  -0.57182128  -0.56658039  -0.57150022  -0.5714518  ]
[0.53563612  0.53132705  0.52709631  0.53389961  0.53783371  0.54107951 
  0.51889747  0.53422108  0.53501999  0.54069285  0.51811565  0.53676709 
  0.54639502  0.54551814  0.54492074  0.5456788    0.54559707]
[-0.66325439  -0.64667028  -0.66023569  -0.64206403  -0.63328386  -0.62132253 
  -0.61705065  -0.62579413  -0.6381303    -0.62667865  -0.61914682  -0.61511955 
  -0.61339775  -0.61583646  -0.61373703  -0.61511852  -0.61511195]
[0.3957177    0.41787543  0.40399163  0.41025411  0.40848258  0.4050186 
  0.45010904  0.43145991  0.41290034  0.42258395  0.4537913    0.43526861 
  0.43754457  0.41892535  0.42365159  0.41500499  0.43700802]
[-0.44924826  -0.43780629  -0.45109508  -0.44250158  -0.44168323  -0.44279471 
  -0.40235275  -0.42584299  -0.43977668  -0.42875233  -0.40143674  -0.41588824 
  -0.41348197  -0.42885706  -0.42483498  -0.43185294  -0.41440843]
[-0.87657599  -0.85954815  -0.86587577  -0.87703336  -0.89183083  -0.90732054 
  -0.87171549  -0.85143209  -0.87727849  -0.88131352  -0.85843131  -0.88230866 
  -0.87830838  -0.90143084  -0.89741047  -0.90787822  -0.87742272]
increment_110
[-0.60323571  -0.64176929  -0.61109141  -0.62869978  -0.62503165  -0.6412337 
  -0.64521338  -0.72667827  -0.63716324  -0.6352487    -0.67378505  -0.6472223 
  -0.64409342  -0.62911045  -0.6352104    -0.62548964  -0.64299633]
[-0.66162139  -0.67482516  -0.66721882  -0.66975277  -0.66713551  -0.66205924 
  -0.70740471  -0.68079931  -0.67030739  -0.67309191  -0.70925485  -0.68434636 
  -0.67822144  -0.66910145  -0.6711733    -0.66668671  -0.67799834]
[  0.13835174    0.08339345    0.12844304    0.09269877    0.08457137    0.08091392 
  -0.03156654    0.03496781    0.08233637    0.04706604  -0.03242189    0.00165962 
  -0.00134529    0.03505494    0.02816273    0.042705        0.0037569  ]
[-0.60027963  -0.57692013  -0.59968569  -0.58063409  -0.57786223  -0.55088218 
  -0.56284488  -0.49818147  -0.57212445  -0.57469177  -0.54099669  -0.56180599 
  -0.57065828  -0.57188645  -0.56651656  -0.57162796  -0.57178729]
[0.53437045  0.52977049  0.52519995  0.53223099  0.53625456  0.54020377 
  0.51725727  0.53265447  0.533704      0.54002656  0.51568606  0.53668949 
  0.54633314  0.54547082  0.5448238    0.54558094  0.54535995]
[-0.66800204  -0.65001424  -0.66480618  -0.64595788  -0.63712707  -0.62279865 
  -0.61734222  -0.6280093    -0.64099773  -0.62829977  -0.6197464    -0.61513344 
  -0.61357188  -0.61596065  -0.61375275  -0.61536445  -0.6157554  ]
[0.39094061  0.41512278  0.39935081  0.40715542  0.40564286  0.39943798 
  0.45065991  0.42997965  0.4096111    0.4201915    0.45447143  0.43491652 
  0.43696627  0.41762035  0.42097953  0.4131029    0.43594523]
[-0.45187242  -0.43951173  -0.45447205  -0.44451981  -0.44341462  -0.4463356 
  -0.40055648  -0.42656786  -0.44176446  -0.42962564  -0.39973297  -0.41485297 
  -0.41257747  -0.42847187  -0.42553522  -0.43195312  -0.41397497]
[-0.88463806  -0.86623729  -0.87392807  -0.8838875    -0.89876495  -0.92055066 
  -0.87908356  -0.85657691  -0.88558243  -0.89040843  -0.86536751  -0.89058119 
  -0.88657208  -0.91103779  -0.90919224  -0.91830874  -0.8859126  ]
increment_120
[-0.59610031  -0.63815535  -0.60392835  -0.62387756  -0.61987602  -0.63700981 
  -0.64195112  -0.72933885  -0.63298458  -0.63048556  -0.67214724  -0.64369744 
  -0.64048596  -0.6251962    -0.62985335  -0.62094096  -0.63893344]
[-0.65654298  -0.67036689  -0.66195675  -0.66530714  -0.66274263  -0.65592116 
  -0.70517989  -0.6772362    -0.66557386  -0.66855145  -0.70751269  -0.68054845 
  -0.67441896  -0.66501623  -0.66626377  -0.66222464  -0.67400154]
[  0.15076925    0.09135898    0.14088083    0.10174697    0.09327627    0.09225038 
  -0.03420147    0.03955109    0.09056446    0.05199951  -0.03448861    0.00099753 
  -0.0013589      0.03526207    0.03184008    0.04450526    0.00530475]
[-0.60313691  -0.57689463  -0.60232757  -0.58196278  -0.5795613    -0.54847014 
  -0.56251928  -0.49295464  -0.572116      -0.57514504  -0.53878428  -0.56179461 
  -0.57080676  -0.57193209  -0.56646232  -0.5717413    -0.57217601]
[0.53305352  0.52825727  0.52332782  0.53052933  0.53463041  0.53919891 
  0.51584582  0.53104795  0.53236445  0.53938854  0.51346983  0.53665316 
  0.54622942  0.54543752  0.54474345  0.54549204  0.54508662]
[-0.67286201  -0.65329051  -0.66938121  -0.64995173  -0.64111655  -0.62452615 
  -0.61760237  -0.63036374  -0.6439445    -0.62987068  -0.62033293  -0.61513935 
  -0.61386565  -0.61604863  -0.6137611    -0.61558542  -0.61650714]
[0.38654111  0.4121897    0.39480549  0.40410808  0.40276618  0.39386125 
  0.45120329  0.42855207  0.40631862  0.41770012  0.45502242  0.43448951 
  0.43637046  0.41653602  0.41819564  0.41126877  0.43482816]
[-0.45428661  -0.441344      -0.45774025  -0.44651793  -0.44520466  -0.44994614 
  -0.39879422  -0.4272473    -0.44377348  -0.43055861  -0.39818102  -0.41388136 
  -0.41171011  -0.42789965  -0.42631571  -0.43198562  -0.41360456]
[-0.89218152  -0.8732841    -0.88179944  -0.89055864  -0.90559083  -0.93352689 
  -0.88633025  -0.86151903  -0.89384017  -0.89976249  -0.8723532    -0.89894716 
  -0.8947337    -0.92039719  -0.92120466  -0.92872778  -0.89437001]
