inc
Fp11
Fp12
Fp13
Fp21
Fp22
Fp23
Fp31
Fp32
Fp33
increment_0
[-0.86921942  -0.86921942  -0.86921942  -0.86921942  -0.86921942  -0.86921942 
  -0.86921942  -0.86921942  -0.86921942  -0.86921942  -0.86921942  -0.86921942 
  -0.86921942  -0.86921942  -0.86921942  -0.86921942  -0.86921942  -0.86921942 
  -0.86921942  -0.86921942  -0.86921942  -0.86921942  -0.86921942  -0.86921942 
  -0.86921942  -0.86921942  -0.86921942  -0.86921942  -0.86921942  -0.86921942 
  -0.86921942  -0.86921942  -0.86921942  -0.86921942  -0.86921942  -0.86921942 
  -0.86921942  -0.86921942  -0.86921942  -0.86921942  -0.86921942  -0.86921942 
  -0.86921942  -0.86921942  -0.86921942  -0.86921942  -0.86921942  -0.86921942 
  -0.86921942  -0.86921942  -0.86921942  -0.86921942  -0.86921942]
[-0.4541436  -0.4541436  -0.4541436  -0.4541436  -0.4541436  -0.4541436 
  -0.4541436  -0.4541436  -0.4541436  -0.4541436  -0.4541436  -0.4541436 
  -0.4541436  -0.4541436  -0.4541436  -0.4541436  -0.4541436  -0.4541436 
  -0.4541436  -0.4541436  -0.4541436  -0.4541436  -0.4541436  -0.4541436 
  -0.4541436  -0.4541436  -0.4541436  -0.4541436  -0.4541436  -0.4541436 
  -0.4541436  -0.4541436  -0.4541436  -0.4541436  -0.4541436  -0.4541436 
  -0.4541436  -0.4541436  -0.4541436  -0.4541436  -0.4541436  -0.4541436 
  -0.4541436  -0.4541436  -0.4541436  -0.4541436  -0.4541436  -0.4541436 
  -0.4541436  -0.4541436  -0.4541436  -0.4541436  -0.4541436]
[0.19547683  0.19547683  0.19547683  0.19547683  0.19547683  0.19547683 
  0.19547683  0.19547683  0.19547683  0.19547683  0.19547683  0.19547683 
  0.19547683  0.19547683  0.19547683  0.19547683  0.19547683  0.19547683 
  0.19547683  0.19547683  0.19547683  0.19547683  0.19547683  0.19547683 
  0.19547683  0.19547683  0.19547683  0.19547683  0.19547683  0.19547683 
  0.19547683  0.19547683  0.19547683  0.19547683  0.19547683  0.19547683 
  0.19547683  0.19547683  0.19547683  0.19547683  0.19547683  0.19547683 
  0.19547683  0.19547683  0.19547683  0.19547683  0.19547683  0.19547683 
  0.19547683  0.19547683  0.19547683  0.19547683  0.19547683]
[-0.46064737  -0.46064737  -0.46064737  -0.46064737  -0.46064737  -0.46064737 
  -0.46064737  -0.46064737  -0.46064737  -0.46064737  -0.46064737  -0.46064737 
  -0.46064737  -0.46064737  -0.46064737  -0.46064737  -0.46064737  -0.46064737 
  -0.46064737  -0.46064737  -0.46064737  -0.46064737  -0.46064737  -0.46064737 
  -0.46064737  -0.46064737  -0.46064737  -0.46064737  -0.46064737  -0.46064737 
  -0.46064737  -0.46064737  -0.46064737  -0.46064737  -0.46064737  -0.46064737 
  -0.46064737  -0.46064737  -0.46064737  -0.46064737  -0.46064737  -0.46064737 
  -0.46064737  -0.46064737  -0.46064737  -0.46064737  -0.46064737  -0.46064737 
  -0.46064737  -0.46064737  -0.46064737  -0.46064737  -0.46064737]
[0.6002274  0.6002274  0.6002274  0.6002274  0.6002274  0.6002274  0.6002274 
  0.6002274  0.6002274  0.6002274  0.6002274  0.6002274  0.6002274  0.6002274 
  0.6002274  0.6002274  0.6002274  0.6002274  0.6002274  0.6002274  0.6002274 
  0.6002274  0.6002274  0.6002274  0.6002274  0.6002274  0.6002274  0.6002274 
  0.6002274  0.6002274  0.6002274  0.6002274  0.6002274  0.6002274  0.6002274 
  0.6002274  0.6002274  0.6002274  0.6002274  0.6002274  0.6002274  0.6002274 
  0.6002274  0.6002274  0.6002274  0.6002274  0.6002274  0.6002274  0.6002274 
  0.6002274  0.6002274  0.6002274  0.6002274]
[-0.6538586  -0.6538586  -0.6538586  -0.6538586  -0.6538586  -0.6538586 
  -0.6538586  -0.6538586  -0.6538586  -0.6538586  -0.6538586  -0.6538586 
  -0.6538586  -0.6538586  -0.6538586  -0.6538586  -0.6538586  -0.6538586 
  -0.6538586  -0.6538586  -0.6538586  -0.6538586  -0.6538586  -0.6538586 
  -0.6538586  -0.6538586  -0.6538586  -0.6538586  -0.6538586  -0.6538586 
  -0.6538586  -0.6538586  -0.6538586  -0.6538586  -0.6538586  -0.6538586 
  -0.6538586  -0.6538586  -0.6538586  -0.6538586  -0.6538586  -0.6538586 
  -0.6538586  -0.6538586  -0.6538586  -0.6538586  -0.6538586  -0.6538586 
  -0.6538586  -0.6538586  -0.6538586  -0.6538586  -0.6538586]
[0.17961515  0.17961515  0.17961515  0.17961515  0.17961515  0.17961515 
  0.17961515  0.17961515  0.17961515  0.17961515  0.17961515  0.17961515 
  0.17961515  0.17961515  0.17961515  0.17961515  0.17961515  0.17961515 
  0.17961515  0.17961515  0.17961515  0.17961515  0.17961515  0.17961515 
  0.17961515  0.17961515  0.17961515  0.17961515  0.17961515  0.17961515 
  0.17961515  0.17961515  0.17961515  0.17961515  0.17961515  0.17961515 
  0.17961515  0.17961515  0.17961515  0.17961515  0.17961515  0.17961515 
  0.17961515  0.17961515  0.17961515  0.17961515  0.17961515  0.17961515 
  0.17961515  0.17961515  0.17961515  0.17961515  0.17961515]
[-0.65839248  -0.65839248  -0.65839248  -0.65839248  -0.65839248  -0.65839248 
  -0.65839248  -0.65839248  -0.65839248  -0.65839248  -0.65839248  -0.65839248 
  -0.65839248  -0.65839248  -0.65839248  -0.65839248  -0.65839248  -0.65839248 
  -0.65839248  -0.65839248  -0.65839248  -0.65839248  -0.65839248  -0.65839248 
  -0.65839248  -0.65839248  -0.65839248  -0.65839248  -0.65839248  -0.65839248 
  -0.65839248  -0.65839248  -0.65839248  -0.65839248  -0.65839248  -0.65839248 
  -0.65839248  -0.65839248  -0.65839248  -0.65839248  -0.65839248  -0.65839248 
  -0.65839248  -0.65839248  -0.65839248  -0.65839248  -0.65839248  -0.65839248 
  -0.65839248  -0.65839248  -0.65839248  -0.65839248  -0.65839248]
[-0.73092937  -0.73092937  -0.73092937  -0.73092937  -0.73092937  -0.73092937 
  -0.73092937  -0.73092937  -0.73092937  -0.73092937  -0.73092937  -0.73092937 
  -0.73092937  -0.73092937  -0.73092937  -0.73092937  -0.73092937  -0.73092937 
  -0.73092937  -0.73092937  -0.73092937  -0.73092937  -0.73092937  -0.73092937 
  -0.73092937  -0.73092937  -0.73092937  -0.73092937  -0.73092937  -0.73092937 
  -0.73092937  -0.73092937  -0.73092937  -0.73092937  -0.73092937  -0.73092937 
  -0.73092937  -0.73092937  -0.73092937  -0.73092937  -0.73092937  -0.73092937 
  -0.73092937  -0.73092937  -0.73092937  -0.73092937  -0.73092937  -0.73092937 
  -0.73092937  -0.73092937  -0.73092937  -0.73092937  -0.73092937]
increment_10
[-0.86646016  -0.86526162  -0.86318762  -0.8619381    -0.86833598  -0.86506578 
  -0.86399099  -0.86342668  -0.86320871  -0.86086347  -0.86232891  -0.86542521 
  -0.86505875  -0.86473337  -0.86533749  -0.86354028  -0.86377227  -0.86272945 
  -0.86465503  -0.86566009  -0.86622705  -0.86620319  -0.8660451    -0.86541574 
  -0.86459925  -0.86201046  -0.86674141  -0.86673955  -0.86636229  -0.86670304 
  -0.86597976  -0.86469548  -0.86259175  -0.86478767  -0.8651641    -0.86637359 
  -0.8652963    -0.86477135  -0.86269142  -0.86395961  -0.86155619  -0.8665103 
  -0.86396662  -0.86465268  -0.85835232  -0.86165981  -0.86371503  -0.8591097 
  -0.86194339  -0.85699424  -0.86053899  -0.85890236  -0.85172929]
[-0.45123257  -0.45148536  -0.45082732  -0.45078571  -0.45169325  -0.45113754 
  -0.45122049  -0.45088383  -0.4511957    -0.45023213  -0.45090034  -0.45071554 
  -0.45139147  -0.45108576  -0.45156052  -0.45128273  -0.4513557    -0.45065139 
  -0.45132996  -0.45117531  -0.45124087  -0.45184314  -0.45196696  -0.45183569 
  -0.45113345  -0.44994251  -0.45085629  -0.45165921  -0.45183504  -0.45197427 
  -0.45195439  -0.45073513  -0.44996386  -0.45086184  -0.45151385  -0.45187616 
  -0.45180583  -0.45185333  -0.45008458  -0.45065927  -0.45024453  -0.45135287 
  -0.45171091  -0.45080392  -0.44725        -0.44977415  -0.4512128    -0.44924896 
  -0.45081734  -0.44734932  -0.44999198  -0.4494247    -0.44631571]
[0.20037975  0.19852127  0.20089576  0.20115341  0.19884302  0.20059557 
  0.20013963  0.1981695    0.19759142  0.20101657  0.19975478  0.20114466 
  0.20081426  0.20070959  0.19995511  0.19756334  0.19520052  0.19236179 
  0.20111158  0.2005909    0.19943997  0.19562188  0.19429095  0.18942719 
  0.19504886  0.20238584  0.20072631  0.19823955  0.19952485  0.19818394 
  0.19975859  0.20019827  0.20323424  0.20019803  0.2005931    0.19929457 
  0.19987212  0.20061947  0.20313976  0.20122648  0.20272545  0.20018823 
  0.20101934  0.20181618  0.20708575  0.20073947  0.1963845    0.2048357 
  0.20310589  0.20640388  0.19989453  0.20412269  0.21294146]
[-0.4624618    -0.46342352  -0.46457172  -0.46587176  -0.46131015  -0.46347404 
  -0.46444304  -0.4635759    -0.46446807  -0.46573506  -0.46550583  -0.46231694 
  -0.46412408  -0.46363        -0.46393582  -0.46425016  -0.46401497  -0.46323598 
  -0.46437793  -0.46301656  -0.46225375  -0.46245677  -0.46234784  -0.46161412 
  -0.46202363  -0.46387582  -0.46153079  -0.46238029  -0.4633108    -0.46276933 
  -0.46440534  -0.46277153  -0.46381391  -0.46290433  -0.46401563  -0.46322705 
  -0.46419178  -0.46493734  -0.46379626  -0.4633117    -0.46490572  -0.46240061 
  -0.46561405  -0.46346203  -0.462238      -0.46321771  -0.46335642  -0.46541839 
  -0.46622034  -0.46345633  -0.46473275  -0.46628174  -0.46788616]
[0.59772661  0.59821733  0.59793942  0.59789903  0.5978808    0.59784278 
  0.59802631  0.59847801  0.59850714  0.597962      0.59806793  0.59774821 
  0.59778359  0.59787966  0.59794231  0.59852987  0.59872773  0.59908177 
  0.59778759  0.59780353  0.59800256  0.59870003  0.5990166    0.59979556 
  0.5989801    0.59789855  0.59757561  0.59816011  0.59801604  0.59830212 
  0.59831887  0.59798219  0.59760589  0.59799806  0.59790906  0.5980995 
  0.59808064  0.59789705  0.59770249  0.59796152  0.59791725  0.59786477 
  0.59792129  0.59766759  0.59757744  0.59829463  0.59884758  0.5978 
  0.59765926  0.59781727  0.5984012    0.59771882  0.59700301]
[-0.65783593  -0.65769372  -0.65859097  -0.65927042  -0.65709059  -0.65817959 
  -0.65842154  -0.65744945  -0.65784447  -0.65914775  -0.65896824  -0.65773955 
  -0.65856519  -0.65821023  -0.65827902  -0.65771104  -0.65736224  -0.65668388 
  -0.65868228  -0.65800822  -0.65739556  -0.65663114  -0.65618829  -0.6548809 
  -0.65629167  -0.65830794  -0.65757553  -0.65725594  -0.65788586  -0.65727284 
  -0.65803613  -0.65767337  -0.65863698  -0.65771635  -0.65835743  -0.65774248 
  -0.65822992  -0.65881526  -0.65851027  -0.65795677  -0.65877985  -0.65763523 
  -0.65911073  -0.65839039  -0.65792138  -0.65750395  -0.65688825  -0.65917311 
  -0.65972764  -0.65821222  -0.65810573  -0.65971465  -0.66134795]
[0.17871539  0.17950626  0.17830202  0.17854619  0.17944513  0.17860066 
  0.17891763  0.17880676  0.17962504  0.1780001    0.179103      0.17773886 
  0.17897318  0.17847102  0.1793179    0.17962252  0.18069422  0.18097003 
  0.17880946  0.17856953  0.17876688  0.18048047  0.1808343    0.18213583 
  0.17946144  0.17651481  0.17818756  0.17962339  0.17951744  0.1798161 
  0.1790545    0.1780557    0.17649873  0.17817938  0.17897813  0.17953109 
  0.17943229  0.17945782  0.17649378  0.17756929  0.17684328  0.17868911 
  0.17933203  0.17786538  0.17142741  0.17650734  0.17948785  0.17505564 
  0.17791283  0.17187172  0.17744694  0.17600313  0.16969044]
[-0.65880379  -0.65831817  -0.65888646  -0.65875376  -0.65846269  -0.65881342 
  -0.65861838  -0.65851525  -0.65813369  -0.65892016  -0.65844893  -0.65922518 
  -0.65867467  -0.65886113  -0.65849094  -0.65814858  -0.65754829  -0.65719107 
  -0.65874884  -0.65884368  -0.65870919  -0.65777044  -0.65753912  -0.65665781 
  -0.65800053  -0.6596722    -0.65910309  -0.65830328  -0.658425      -0.65823427 
  -0.65807835  -0.65899002  -0.65976307  -0.65894722  -0.65867075  -0.65840878 
  -0.65845143  -0.65835135  -0.65975306  -0.65924025  -0.65955341  -0.65880254 
  -0.65851697  -0.65917096  -0.66190233  -0.65955844  -0.65814114  -0.66033182 
  -0.65915058  -0.66164457  -0.65907514  -0.65987669  -0.66277355]
[-0.73191131  -0.73305584  -0.73378372  -0.73389959  -0.7311994    -0.73255561 
  -0.73303387  -0.73563399  -0.73505759  -0.73571016  -0.7342483    -0.73328323 
  -0.73166958  -0.73278692  -0.73179261  -0.73483788  -0.73573327  -0.73926425 
  -0.73181354  -0.73227728  -0.73281465  -0.73391111  -0.73470659  -0.73830302 
  -0.7368273    -0.73579919  -0.73252196  -0.73233841  -0.73120984  -0.73183612 
  -0.73087993  -0.73412039  -0.73475704  -0.73380249  -0.73168103  -0.73135747 
  -0.73148586  -0.7311185    -0.7346422    -0.73407986  -0.73499313  -0.7319405 
  -0.73122802  -0.73274286  -0.74147595  -0.73770373  -0.73607408  -0.73712831 
  -0.73269038  -0.74214153  -0.73776831  -0.73668265  -0.74182391]
increment_20
[-0.86411492  -0.86039205  -0.85630652  -0.85331671  -0.86788785  -0.86009043 
  -0.85788976  -0.85738375  -0.85692471  -0.85108141  -0.85500242  -0.86078816 
  -0.86098773  -0.85988549  -0.86145968  -0.8572581    -0.85738409  -0.85519971 
  -0.85967376  -0.86222453  -0.86379207  -0.86347467  -0.86326891  -0.86052734 
  -0.85836716  -0.85477563  -0.8647367    -0.8656833    -0.8625303    -0.86410017 
  -0.86153526  -0.85923243  -0.85534446  -0.86223101  -0.86070044  -0.86301265 
  -0.86080354  -0.85855564  -0.85699451  -0.85958626  -0.85330523  -0.86438881 
  -0.85706491  -0.8598876    -0.84695415  -0.85494053  -0.85770309  -0.84836276 
  -0.85399198  -0.84344598  -0.85075362  -0.84681176  -0.83207628]
[-0.44734226  -0.44775123  -0.44618225  -0.4466357    -0.44834302  -0.44683142 
  -0.44682647  -0.44654451  -0.44739045  -0.44567094  -0.44743114  -0.4456839 
  -0.44758728  -0.44689408  -0.44788499  -0.4476722    -0.44801486  -0.44655783 
  -0.44763771  -0.44720272  -0.44712375  -0.44853561  -0.44872081  -0.44870874 
  -0.44699433  -0.44453083  -0.44650528  -0.44810188  -0.44848188  -0.44862721 
  -0.44886187  -0.44613465  -0.44459627  -0.44652125  -0.44796642  -0.4485499 
  -0.44833622  -0.44973869  -0.44457417  -0.44584675  -0.44525941  -0.44772858 
  -0.44837368  -0.44634389  -0.43801493  -0.44443964  -0.44763541  -0.44321304 
  -0.44653655  -0.43845525  -0.4452205    -0.44386162  -0.43751938]
[0.20630921  0.20175217  0.20784226  0.20715691  0.20314098  0.20788593 
  0.20662195  0.20102315  0.19863899  0.20779403  0.20396617  0.20937725 
  0.20748092  0.20747254  0.2057095    0.19982786  0.19371177  0.18806407 
  0.20808521  0.20703224  0.20439716  0.19378746  0.19194957  0.18134127 
  0.195995      0.21055218  0.20709161  0.20023616  0.20544708  0.20271466 
  0.20605929  0.20605156  0.21309407  0.20605133  0.20713988  0.20475928 
  0.20526068  0.20772894  0.2126647    0.20853289  0.21160363  0.20570701 
  0.20852505  0.20964069  0.2238271    0.20596942  0.19579717  0.21658177 
  0.21224764  0.22197352  0.2037437    0.21371632  0.23268905]
[-0.46377005  -0.46657004  -0.46849055  -0.47198171  -0.46170959  -0.4665665 
  -0.46812711  -0.46630329  -0.46801302  -0.47216411  -0.47140954  -0.4636848 
  -0.46742774  -0.46670919  -0.46707077  -0.4686402    -0.46805271  -0.46605671 
  -0.46875419  -0.46529581  -0.46294026  -0.46334842  -0.46322504  -0.46294981 
  -0.46367898  -0.466768      -0.46116576  -0.46230311  -0.46710793  -0.46514913 
  -0.47016856  -0.46521462  -0.46723686  -0.46343714  -0.46815026  -0.46651325 
  -0.46821958  -0.47127158  -0.46549579  -0.46474882  -0.46976336  -0.46404623 
  -0.4724833    -0.46619202  -0.46219498  -0.46499505  -0.46683795  -0.47091822 
  -0.47249685  -0.46619998  -0.47008838  -0.47349191  -0.47722655]
[0.5942287    0.59546008  0.59473105  0.5950559    0.59455637  0.59438535 
  0.59481587  0.5959211    0.59630343  0.59510117  0.59544502  0.59409539 
  0.59431749  0.59451838  0.59463517  0.59606098  0.59693254  0.59784318 
  0.59436182  0.59435024  0.59473626  0.59661416  0.59707282  0.59911458 
  0.59680628  0.5945298    0.59365258  0.59526265  0.59468339  0.5951061 
  0.5956789    0.59486129  0.59391019  0.59460069  0.59450802  0.59482885 
  0.59487855  0.59470894  0.59397541  0.59449771  0.59451589  0.59444939 
  0.59456868  0.59411338  0.59325848  0.59541766  0.59685222  0.59415355 
  0.59411324  0.59384565  0.5959909    0.59450926  0.59283557]
[-0.66280714  -0.66266278  -0.66448365  -0.66577839  -0.66141053  -0.66396536 
  -0.66420211  -0.66198526  -0.66234345  -0.6658591    -0.66519569  -0.6629335 
  -0.66445809  -0.66387421  -0.66390102  -0.66294773  -0.66161294  -0.65992645 
  -0.66504085  -0.66339445  -0.66179202  -0.65968035  -0.65906393  -0.65643939 
  -0.66125473  -0.66390497  -0.66227        -0.66080359  -0.66385192  -0.66239891 
  -0.66408748  -0.66274837  -0.66487778  -0.66220272  -0.66456949  -0.66338814 
  -0.6641513    -0.66582064  -0.66395927  -0.66295973  -0.66536028  -0.66266716 
  -0.66657732  -0.66411593  -0.66328403  -0.6619718    -0.66112073  -0.66637065 
  -0.66714909  -0.66450647  -0.66375399  -0.66722209  -0.67103164]
[0.17783745  0.17964029  0.17639542  0.17764542  0.17943514  0.17697268 
  0.17744439  0.17817898  0.18018566  0.1764063    0.17945739  0.17477765 
  0.1782225    0.17708685  0.17891023  0.18031684  0.18264584  0.18268765 
  0.17821466  0.17749263  0.17768062  0.18225534  0.18272511  0.18562094 
  0.17804567  0.17318251  0.1770987    0.17995694  0.17952433  0.18002739 
  0.17779494  0.17626666  0.17291801  0.17654135  0.17865263  0.17958323 
  0.17950008  0.17957583  0.17252828  0.17502006  0.17408039  0.17822029 
  0.17929912  0.1758333    0.16025422  0.17384181  0.18085667  0.17026556 
  0.1762574    0.16206417  0.17633115  0.17263851  0.1596803  ]
[-0.6592643    -0.65804686  -0.65961558  -0.65896334  -0.658463      -0.65952777 
  -0.65916551  -0.65848393  -0.65749797  -0.659419      -0.65808535  -0.66062122 
  -0.65901268  -0.65943424  -0.65863458  -0.65753747  -0.6561773    -0.65568875 
  -0.65901673  -0.65931887  -0.65911991  -0.65657435  -0.65623898  -0.65424239 
  -0.65749326  -0.66104396  -0.66021761  -0.65799573  -0.65841677  -0.65808816 
  -0.65715612  -0.6596427    -0.66138893  -0.65963393  -0.65881585  -0.65836246 
  -0.65836031  -0.65727735  -0.66151531  -0.66032957  -0.66070943  -0.65901434 
  -0.65850004  -0.66007507  -0.66664802  -0.66048178  -0.65707315  -0.6624098 
  -0.65989568  -0.66589045  -0.65917487  -0.66119034  -0.66719308]
[-0.73293494  -0.73644673  -0.73778748  -0.73795193  -0.73128223  -0.73468928 
  -0.7363699    -0.74143615  -0.74078798  -0.74078319  -0.73722658  -0.73669839 
  -0.73246564  -0.73495347  -0.73285148  -0.73905954  -0.74188556  -0.74949257 
  -0.73243914  -0.73353274  -0.73519304  -0.73886761  -0.73993043  -0.74797162 
  -0.74388423  -0.74120279  -0.73443005  -0.73477083  -0.73128259  -0.73244333 
  -0.73066595  -0.73833189  -0.73880743  -0.73623326  -0.73202318  -0.73156179 
  -0.73242947  -0.73122249  -0.73880691  -0.73746226  -0.73907992  -0.73243052 
  -0.73126989  -0.73484955  -0.75364375  -0.7448829    -0.7420801    -0.74299259 
  -0.7344143    -0.75433434  -0.7453762    -0.74315794  -0.75280741]
increment_30
[-0.86148984  -0.85547199  -0.849307      -0.84494603  -0.86708969  -0.85496767 
  -0.85194492  -0.85162071  -0.85079916  -0.84121466  -0.84770089  -0.85602042 
  -0.8568795    -0.85513316  -0.85748244  -0.85117066  -0.85099016  -0.84757553 
  -0.85489962  -0.85861515  -0.86146328  -0.86073036  -0.86037302  -0.85571474 
  -0.85200448  -0.84758689  -0.86270683  -0.8646193    -0.85847515  -0.86133504 
  -0.85674294  -0.85392249  -0.84786745  -0.85985728  -0.85627104  -0.85941027 
  -0.85583758  -0.85231664  -0.8516669    -0.85462256  -0.84536804  -0.86190135 
  -0.84999265  -0.85455872  -0.83591846  -0.84862783  -0.85104944  -0.8373919 
  -0.84546271  -0.83074919  -0.84002619  -0.83412806  -0.81299718]
[-0.44346165  -0.44405181  -0.44148106  -0.44246341  -0.44500169  -0.44256517 
  -0.44242485  -0.4423164    -0.44334344  -0.44107693  -0.4439728    -0.44072172 
  -0.44378339  -0.44273391  -0.4441874    -0.44416988  -0.44470555  -0.44247044 
  -0.44405369  -0.44326162  -0.44309759  -0.44526365  -0.44548684  -0.44549599 
  -0.44293036  -0.43912388  -0.44229928  -0.44449161  -0.44514775  -0.44529866 
  -0.44601725  -0.44159623  -0.43908603  -0.44214349  -0.44443555  -0.44521658 
  -0.44483118  -0.44808658  -0.43917048  -0.4407266    -0.44036772  -0.44421705 
  -0.44509622  -0.44151101  -0.42919384  -0.43927923  -0.44394583  -0.43702444 
  -0.44189432  -0.42959173  -0.4400948    -0.43803684  -0.42897521]
[0.21236216  0.20532592  0.2152954    0.21302651  0.20761428  0.21529869 
  0.21334147  0.20379154  0.20070263  0.21474667  0.20817571  0.21762615 
  0.21417087  0.21416244  0.21166717  0.20213833  0.19278594  0.18465167 
  0.2148291    0.2135212    0.20930463  0.19182304  0.18949036  0.17342389 
  0.19804546  0.21914967  0.21328942  0.20234208  0.2114366    0.20775934 
  0.21244357  0.21161542  0.2234049    0.21224659  0.21365395  0.21027643 
  0.21068761  0.21475466  0.22191961  0.216735      0.22070987  0.2112626 
  0.21610526  0.2182          0.24071761  0.21049825  0.1948198    0.22917904 
  0.22211882  0.23856669  0.20927757  0.22396492  0.25236494]
[-0.46532177  -0.46988586  -0.47248428  -0.47791026  -0.46247104  -0.46985234 
  -0.47166682  -0.46899171  -0.47122556  -0.47867459  -0.47741674  -0.46530331 
  -0.47067021  -0.46971685  -0.47024283  -0.47309156  -0.47234474  -0.46906229 
  -0.47304992  -0.46775773  -0.46365746  -0.46422956  -0.46421462  -0.46435127 
  -0.46535772  -0.46972435  -0.46088867  -0.4620678    -0.471123      -0.46780531 
  -0.47611451  -0.46757666  -0.4706533    -0.46378459  -0.47221619  -0.4700277 
  -0.47252149  -0.47765804  -0.46701279  -0.46626604  -0.47462849  -0.46618727 
  -0.47951576  -0.46877227  -0.46229834  -0.46662775  -0.4705339    -0.47654604 
  -0.47860908  -0.46869771  -0.47598296  -0.48074936  -0.48685718]
[0.59075279  0.59266235  0.59146482  0.59216318  0.59123444  0.59094804 
  0.59157423  0.5933536    0.59388876  0.59220577  0.5927739    0.59044786 
  0.59089515  0.59117642  0.59132603  0.59357107  0.59502799  0.59652386 
  0.59098796  0.59092402  0.59149105  0.59457205  0.59517716  0.5983917 
  0.59446986  0.59108591  0.58971571  0.59237789  0.59137328  0.59185317 
  0.59302821  0.59177255  0.59018199  0.5911455    0.59113867  0.59156567 
  0.59174188  0.59164363  0.59026905  0.59093839  0.59103707  0.59108952 
  0.5912343    0.59050388  0.5888666    0.59260676  0.59498405  0.59036625 
  0.59052045  0.58955403  0.59336506  0.59128051  0.58850124]
[-0.66786835  -0.66779388  -0.67050427  -0.67229678  -0.66590206  -0.66982401 
  -0.66996808  -0.66655425  -0.6669925    -0.67269051  -0.67152345  -0.66824328 
  -0.6702673    -0.66948644  -0.66954892  -0.66828549  -0.66618967  -0.66338698 
  -0.67129627  -0.66883619  -0.66618516  -0.66270191  -0.66196826  -0.65816681 
  -0.66663551  -0.66964269  -0.66702399  -0.66428263  -0.66989575  -0.6677343 
  -0.67024147  -0.66776719  -0.67115904  -0.6666753    -0.67070918  -0.66913733 
  -0.67013553  -0.67269938  -0.66929492  -0.66812545  -0.67205221  -0.66786854 
  -0.67410012  -0.66983814  -0.66881206  -0.66631818  -0.66538628  -0.67381311 
  -0.67454976  -0.67109471  -0.67000464  -0.67481232  -0.68106934]
[0.17693057  0.17970869  0.17425226  0.17681168  0.17942825  0.17532701 
  0.17583088  0.17768466  0.18017324  0.17473645  0.1799081    0.17193355 
  0.17737066  0.17571843  0.17837706  0.18111367  0.1845243    0.18404095 
  0.17774376  0.17642314  0.17667555  0.18405485  0.18462672  0.18895812 
  0.176006      0.16974121  0.17633987  0.18011254  0.1795329    0.18012456 
  0.17673701  0.17460975  0.16899414  0.17471348  0.17829046  0.17964661 
  0.17947949  0.1797232    0.16873026  0.17185047  0.17139764  0.17787967 
  0.17925773  0.17308757  0.1493644    0.17155871  0.18217959  0.16511544 
  0.17388867  0.15217171  0.17439898  0.16867708  0.15031015]
[-0.65974189  -0.65782665  -0.6604704    -0.65913836  -0.658463      -0.66024938 
  -0.6597928    -0.65840617  -0.65716182  -0.65995256  -0.65767497  -0.66197675 
  -0.65939614  -0.66000159  -0.65884177  -0.65689584  -0.65486912  -0.65438553 
  -0.65922939  -0.65979124  -0.65950315  -0.65537068  -0.6549013    -0.65178925 
  -0.65711064  -0.66249397  -0.66131984  -0.65777631  -0.6584064    -0.65801755 
  -0.65617111  -0.66022694  -0.66316333  -0.66042685  -0.6589774    -0.6583021 
  -0.65829615  -0.65586343  -0.6632044    -0.66170661  -0.66185738  -0.65916866 
  -0.6584412    -0.66129698  -0.67105287  -0.66122334  -0.65597703  -0.66467873 
  -0.66097075  -0.67025454  -0.65967345  -0.66276618  -0.67136199]
[-0.73399311  -0.73961012  -0.7417183    -0.74202588  -0.73134556  -0.7367445 
  -0.73959888  -0.7469972    -0.74646502  -0.74592106  -0.74016862  -0.73997147 
  -0.73336116  -0.73710395  -0.7339288    -0.74296875  -0.74762046  -0.75949532 
  -0.73293234  -0.73477983  -0.73739698  -0.74393063  -0.74529706  -0.75756307 
  -0.75071383  -0.74633894  -0.73616363  -0.73737151  -0.7313695    -0.73274608 
  -0.73050035  -0.74257933  -0.74304855  -0.73851118  -0.73239924  -0.73181923 
  -0.73369643  -0.73136948  -0.74276247  -0.74129136  -0.74264394  -0.73278676 
  -0.73132938  -0.73769393  -0.76514243  -0.75202383  -0.74897314  -0.74873456 
  -0.73689391  -0.76529749  -0.75325216  -0.75030818  -0.76267077]
increment_40
[-0.85849142  -0.85071374  -0.84210815  -0.83666035  -0.86627615  -0.8496927 
  -0.84606495  -0.84597678  -0.8442541    -0.83135303  -0.84048113  -0.85131895 
  -0.85264468  -0.85049491  -0.8530215    -0.84512164  -0.84474596  -0.83989155 
  -0.85027624  -0.85475407  -0.85904876  -0.85806529  -0.85737229  -0.85100728 
  -0.8454755    -0.84056941  -0.86057503  -0.86325315  -0.85450288  -0.8585999 
  -0.85171339  -0.84841028  -0.8401109    -0.85745039  -0.85201801  -0.85580595 
  -0.85046404  -0.84604298  -0.84662079  -0.84900463  -0.83786264  -0.85916969 
  -0.84291614  -0.84871182  -0.82519391  -0.84252343  -0.84403181  -0.82643044 
  -0.8362475    -0.81881512  -0.82847863  -0.82103765  -0.7947658  ]
[-0.4395336    -0.44039963  -0.43673908  -0.43832186  -0.44168031  -0.43830119 
  -0.43805265  -0.43814973  -0.43915055  -0.43648747  -0.44054059  -0.43585152 
  -0.43999888  -0.43860583  -0.44046041  -0.44076818  -0.44147994  -0.43839292 
  -0.44054819  -0.43932067  -0.43919661  -0.4420363    -0.44228918  -0.44229731 
  -0.43883164  -0.43385925  -0.43809553  -0.44085685  -0.44184152  -0.44200581 
  -0.44330975  -0.43709919  -0.43337743  -0.43782161  -0.44095809  -0.44190651 
  -0.44133975  -0.44658378  -0.43400457  -0.43542218  -0.43559925  -0.44077944 
  -0.44189013  -0.43642368  -0.42079052  -0.43431645  -0.44014226  -0.43078632 
  -0.43704578  -0.4210131    -0.43465116  -0.43204602  -0.42081099]
[0.21865139  0.20893103  0.22306121  0.21882136  0.21206464  0.22279927 
  0.22019854  0.20655309  0.20389147  0.22175269  0.21232746  0.22574178 
  0.22089507  0.22069253  0.21801398  0.20427792  0.19198288  0.18189737 
  0.22140351  0.22014968  0.21395643  0.18976972  0.1868693    0.16518797 
  0.20114764  0.22788825  0.21953352  0.20475701  0.21728481  0.21294565 
  0.21888973  0.2172942    0.23418347  0.21858482  0.22001689  0.21566702 
  0.21622729  0.22174661  0.2307436    0.2256361    0.22984842  0.21684325 
  0.22364529  0.22733054  0.25728034  0.21413776  0.19381255  0.2420685 
  0.23258427  0.25498268  0.2163358    0.23489219  0.27130167]
[-0.46712241  -0.47311976  -0.4766041    -0.4837741    -0.46323565  -0.47325403 
  -0.47520251  -0.47165948  -0.47471186  -0.48519075  -0.48336515  -0.46701935 
  -0.47400965  -0.47260148  -0.47381127  -0.47761815  -0.47663118  -0.47223162 
  -0.47727024  -0.47042074  -0.46458889  -0.46503118  -0.4652941    -0.46564225 
  -0.46714749  -0.47284079  -0.46086317  -0.46204837  -0.47503637  -0.47048513 
  -0.48216641  -0.47019165  -0.47399913  -0.46428126  -0.47613086  -0.47351187 
  -0.47717258  -0.48408296  -0.46866232  -0.46811934  -0.47936112  -0.468641 
  -0.48654127  -0.47136697  -0.46259457  -0.46824223  -0.47421052  -0.48214215 
  -0.48496448  -0.47121302  -0.48223398  -0.48813419  -0.49649061]
[0.5873109    0.58986485  0.58818088  0.58929338  0.58793804  0.58753263 
  0.58832249  0.59079269  0.59135        0.58930903  0.59011911  0.58684065 
  0.58750651  0.587873      0.58801956  0.59113316  0.59312949  0.59513356 
  0.58766083  0.58752007  0.5883183    0.59256573  0.59335249  0.59777405 
  0.59199965  0.58761274  0.58591859  0.58949546  0.58810341  0.5886032 
  0.59035699  0.58869396  0.58640649  0.58768389  0.58781167  0.58834158 
  0.58864788  0.58863459  0.58661581  0.58732826  0.58752655  0.58777477 
  0.58794464  0.58686211  0.58449726  0.58992986  0.59319329  0.58652647 
  0.58691959  0.58517074  0.59059022  0.58799676  0.58412394]
[-0.67300773  -0.67291209  -0.67662554  -0.67879221  -0.67036383  -0.67571504 
  -0.67575901  -0.67114319  -0.67197973  -0.67956838  -0.67782337  -0.67355226 
  -0.67608144  -0.67499837  -0.67538946  -0.67363932  -0.67081781  -0.66704916 
  -0.67745741  -0.67434832  -0.67060019  -0.66567208  -0.66486213  -0.65984638 
  -0.67213329  -0.67550807  -0.67172556  -0.6678872    -0.67584193  -0.67308013 
  -0.67647374  -0.67292105  -0.67746627  -0.67123001  -0.67672352  -0.6748271 
  -0.67624905  -0.67952758  -0.67462862  -0.67352083  -0.67872633  -0.67316435 
  -0.68156439  -0.6756074    -0.6744098    -0.67052057  -0.6696256    -0.68130924 
  -0.68207764  -0.6778101    -0.67668606  -0.68257306  -0.69116294]
[0.17584764  0.17976768  0.17194951  0.17597292  0.17941201  0.17362617 
  0.17417569  0.17721335  0.17965128  0.17301986  0.1803537    0.16920168 
  0.17648836  0.17436988  0.17769844  0.18201592  0.18637186  0.18514869 
  0.17734424  0.17529248  0.17586826  0.18585581  0.18654368  0.19225176 
  0.1735649    0.16644089  0.17531729  0.18012147  0.17955338  0.18017318 
  0.17582499  0.17296337  0.16468019  0.17290667  0.17795306  0.17973177 
  0.17942827  0.17987455  0.16534629  0.16828847  0.16882872  0.17760444 
  0.17920505  0.16983674  0.13894181  0.16970204  0.18325714  0.15983514 
  0.1710642    0.1428156    0.17162865  0.16428167  0.14180146]
[-0.6602722    -0.65762174  -0.66140497  -0.65931333  -0.65846701  -0.6609921 
  -0.6604506    -0.65832761  -0.65709281  -0.6605062    -0.65726416  -0.6632618 
  -0.65979203  -0.66055738  -0.65912049  -0.65620521  -0.65358837  -0.65321669 
  -0.65940846  -0.66029125  -0.6597936    -0.6541754    -0.65352872  -0.64927762 
  -0.65692185  -0.66390488  -0.66233935  -0.65763428  -0.65838674  -0.65797741 
  -0.65517624  -0.66080775  -0.66511689  -0.66122101  -0.65912773  -0.65823085 
  -0.65824241  -0.65435558  -0.66470885  -0.6632677    -0.66297632  -0.65929214 
  -0.65835566  -0.66274218  -0.67508383  -0.66175131  -0.65496812  -0.6670184 
  -0.66223688  -0.67440963  -0.66057617  -0.66454497  -0.67519224]
[-0.73520364  -0.74266356  -0.74569443  -0.74615362  -0.73142435  -0.73884038 
  -0.74270548  -0.75248741  -0.7520815    -0.75111904  -0.74315917  -0.74309303 
  -0.7342895    -0.73930671  -0.73505217  -0.74683923  -0.75316485  -0.76934332 
  -0.733349      -0.73607391  -0.73954427  -0.74902956  -0.75081461  -0.76727505 
  -0.75750611  -0.75098687  -0.73792138  -0.74002222  -0.73150723  -0.73291248 
  -0.73037065  -0.74679684  -0.74761613  -0.74058775  -0.73274949  -0.73215454 
  -0.73507395  -0.73153335  -0.74629039  -0.74539427  -0.74573426  -0.73307393 
  -0.73140732  -0.74105801  -0.77612659  -0.75931737  -0.75653597  -0.75440154 
  -0.73983831  -0.77520183  -0.76149073  -0.75774976  -0.77155768]
increment_50
[-0.85517945  -0.84612624  -0.83479091  -0.82843979  -0.86560062  -0.84423376 
  -0.84028368  -0.84025206  -0.83724709  -0.82159047  -0.8333458    -0.84663813 
  -0.84830357  -0.84590154  -0.84795157  -0.83917186  -0.83866078  -0.83220123 
  -0.84572466  -0.85049516  -0.85659709  -0.85553017  -0.85425814  -0.84643478 
  -0.83873058  -0.83376263  -0.85832278  -0.86158048  -0.85063862  -0.85597988 
  -0.84638512  -0.84257948  -0.83201472  -0.85502271  -0.84798971  -0.85227738 
  -0.84467307  -0.83969953  -0.84172241  -0.84286886  -0.83079195  -0.85622054 
  -0.83585647  -0.84239571  -0.81468031  -0.83648232  -0.83676267  -0.81563377 
  -0.82628947  -0.80755175  -0.81626582  -0.80752113  -0.77738058]
[-0.43555996  -0.43679273  -0.43199203  -0.43419895  -0.4383782    -0.43405314 
  -0.43372616  -0.4339985    -0.43483191  -0.43194677  -0.4371082    -0.43108655 
  -0.43623686  -0.43451128  -0.43672627  -0.43746008  -0.43834012  -0.43434771 
  -0.43709803  -0.43536573  -0.43543277  -0.43885371  -0.43913198  -0.43911901 
  -0.43464479  -0.42880003  -0.43388245  -0.43722941  -0.43856236  -0.43875083 
  -0.44070111  -0.43262583  -0.42750196  -0.43359709  -0.43753281  -0.43862569 
  -0.43785506  -0.44512431  -0.42905636  -0.42996908  -0.43098109  -0.43739203 
  -0.43873703  -0.43113928  -0.41268423  -0.42949605  -0.43620262  -0.42458644 
  -0.43206046  -0.41275774  -0.42894334  -0.42588114  -0.41304368]
[0.22514615  0.2125167    0.23103885  0.22461498  0.21641319  0.23036506 
  0.22708545  0.20957963  0.20831378  0.22876821  0.21652417  0.23371855 
  0.22763708  0.22714476  0.22478767  0.20614525  0.19126006  0.17972328 
  0.22787427  0.22702136  0.21822611  0.18769517  0.18413702  0.15661037 
  0.20551285  0.23662549  0.22584713  0.20739577  0.22291294  0.21813417 
  0.22543394  0.22328386  0.245374      0.2249227    0.2262055    0.2208997 
  0.22196252  0.22873325  0.23921649  0.23511017  0.23884999  0.22246396 
  0.23113365  0.23694777  0.27352357  0.21716967  0.19310227  0.2549431 
  0.24360327  0.27079343  0.22458978  0.24656448  0.28935154]
[-0.46911027  -0.47624181  -0.4808281    -0.48957453  -0.46384009  -0.47681574 
  -0.47871124  -0.47443975  -0.47857318  -0.49169153  -0.48922128  -0.46889789 
  -0.47743468  -0.47544134  -0.4779382    -0.48211717  -0.48086843  -0.47553248 
  -0.48144587  -0.47340673  -0.46568313  -0.46572755  -0.46646938  -0.46676455 
  -0.46910889  -0.47617991  -0.4611218    -0.46229877  -0.47880377  -0.47308105 
  -0.48835439  -0.47316534  -0.47737116  -0.46496238  -0.47984738  -0.47688775 
  -0.48219119  -0.49056987  -0.47053209  -0.4702384    -0.48396276  -0.47133863 
  -0.4935372    -0.47401517  -0.46309983  -0.46990699  -0.47780481  -0.48767412 
  -0.49174155  -0.47376523  -0.48873915  -0.49570271  -0.50595922]
[0.58390319  0.58707762  0.5848896    0.58643974  0.58467116  0.58414573 
  0.58507619  0.58821624  0.58867641  0.58641952  0.58746454  0.58328974 
  0.58415066  0.58460274  0.5847218    0.58876359  0.5912562    0.59368647 
  0.58437792  0.58413464  0.5852349    0.59057924  0.5915862    0.59726301 
  0.58937809  0.58413326  0.58228765  0.58662776  0.5848843    0.58537537 
  0.5876425    0.5856072    0.58258878  0.584241      0.5845252    0.58516153 
  0.58558239  0.58566332  0.58301696  0.58367551  0.58401715  0.58449928 
  0.58469829  0.5831984    0.58015043  0.58735751  0.5914154    0.582674 
  0.58331751  0.58078421  0.58770719  0.58463091  0.57970401]
[-0.67819527  -0.67798862  -0.68282281  -0.68527337  -0.67471232  -0.68165129 
  -0.68154288  -0.67584637  -0.67736982  -0.68647288  -0.68410902  -0.67887225 
  -0.68189618  -0.68045477  -0.68149271  -0.67893766  -0.67544813  -0.67087643 
  -0.68354218  -0.67999407  -0.67499245  -0.66859696  -0.66776538  -0.66147738 
  -0.67772035  -0.68150044  -0.67635757  -0.67162437  -0.68165695  -0.67835927 
  -0.68282709  -0.67828594  -0.68383902  -0.67585164  -0.68259221  -0.68041441 
  -0.68251969  -0.68634014  -0.68000107  -0.67910087  -0.68533885  -0.67852877 
  -0.68896122  -0.68142968  -0.68008592  -0.67465183  -0.67386528  -0.68879175 
  -0.6898102    -0.68454819  -0.68369563  -0.69056573  -0.70123009]
[0.17459173  0.17982094  0.16955662  0.17508878  0.17937943  0.17189771 
  0.17252478  0.17664637  0.17863468  0.17130422  0.18073118  0.16658508 
  0.1755862    0.17302622  0.1769097    0.18301705  0.1881732    0.18604778 
  0.17697011  0.1740685    0.17529769  0.18763804  0.1884784    0.19551183 
  0.17070802  0.16340581  0.17395607  0.18005632  0.17959914  0.18019456 
  0.17508141  0.17126292  0.16006013  0.17121061  0.1776427    0.17983159 
  0.17932104  0.18001838  0.16233442  0.16440865  0.1664447    0.17735522 
  0.17913962  0.1661695    0.12893431  0.16812418  0.1839677    0.15460602 
  0.16789785  0.13412408  0.1681664    0.15947605  0.13423073]
[-0.66085631  -0.65742785  -0.66238749  -0.65950906  -0.65847791  -0.66174512 
  -0.66111443  -0.65830672  -0.65728888  -0.66106226  -0.65688552  -0.66446338 
  -0.66019569  -0.66111108  -0.65945484  -0.65546397  -0.6523401    -0.65216415 
  -0.65957526  -0.66083367  -0.65997029  -0.65300253  -0.65213814  -0.64672499 
  -0.65697896  -0.66521648  -0.66326433  -0.65753417  -0.6583491    -0.65795124 
  -0.65421542  -0.66141955  -0.66722246  -0.66197168  -0.65926589  -0.65815297 
  -0.65821387  -0.65283997  -0.66604735  -0.66497883  -0.66402703  -0.6594032 
  -0.65826011  -0.66436301  -0.67884288  -0.66213969  -0.65411664  -0.66934137 
  -0.66362694  -0.67828103  -0.66180686  -0.6665188    -0.67874373]
[-0.73656626  -0.7456465    -0.74965805  -0.75033302  -0.73153153  -0.74097153 
  -0.74570497  -0.75792523  -0.75752198  -0.75627039  -0.74618928  -0.74605592 
  -0.73524266  -0.74153102  -0.73617908  -0.75074913  -0.75856388  -0.77902534 
  -0.73373867  -0.73743284  -0.74167826  -0.75409673  -0.7564526    -0.77707986 
  -0.76423889  -0.75504486  -0.73972472  -0.74269687  -0.7317469    -0.73300593 
  -0.73028009  -0.7509421    -0.7524804    -0.74244751  -0.73307297  -0.73256378 
  -0.73652519  -0.73170782  -0.74944246  -0.74970491  -0.74839441  -0.73333545 
  -0.73150189  -0.7448536    -0.78669589  -0.76678936  -0.76461349  -0.75991427 
  -0.74312772  -0.78430317  -0.77012131  -0.76541526  -0.7796302  ]
increment_60
[-0.85166069  -0.84165362  -0.827472      -0.82020623  -0.86507367  -0.83865357 
  -0.83463547  -0.83422062  -0.82987517  -0.81202474  -0.82624778  -0.84193242 
  -0.84390173  -0.84123802  -0.84232374  -0.83343454  -0.83271644  -0.82455364 
  -0.84117363  -0.84574506  -0.85423252  -0.85315448  -0.85103522  -0.8419726 
  -0.83173261  -0.82717091  -0.85598094  -0.85967001  -0.84689765  -0.85349731 
  -0.8406735    -0.83631881  -0.82357333  -0.85264046  -0.84423181  -0.84882628 
  -0.83846028  -0.8332694    -0.83686351  -0.8364039    -0.82413129  -0.85301105 
  -0.82878675  -0.8356934    -0.80436957  -0.83042003  -0.82927604  -0.80503819 
  -0.81561073  -0.79684834  -0.80352625  -0.79352305  -0.7607946  ]
[-0.43155684  -0.43321381  -0.42727159  -0.43005017  -0.43508433  -0.42985689 
  -0.42943878  -0.42983684  -0.4304191    -0.42749858  -0.43362407  -0.42642967 
  -0.43248126  -0.43046182  -0.43302875  -0.43423605  -0.43527311  -0.43034908 
  -0.43369704  -0.43139079  -0.43182646  -0.43571595  -0.43601385  -0.43596066 
  -0.43032427  -0.42396864  -0.42969561  -0.43361803  -0.43531137  -0.43553058 
  -0.43815054  -0.4281382    -0.42152598  -0.42948721  -0.43415603  -0.43537447 
  -0.43435015  -0.44361761  -0.42427202  -0.42439119  -0.42651766  -0.43402431 
  -0.43561973  -0.42576962  -0.40477536  -0.42474764  -0.43211036  -0.41849907 
  -0.42702486  -0.40482622  -0.42302691  -0.41951525  -0.40563702]
[0.23177384  0.21615614  0.23908753  0.23061539  0.22066955  0.23787327 
  0.23396491  0.21306206  0.21386894  0.23571567  0.22102922  0.24154619 
  0.23439353  0.23361014  0.23188349  0.20764533  0.19055721  0.17795483 
  0.23428198  0.23418699  0.221937      0.18565586  0.18134113  0.14780354 
  0.2113147    0.24527965  0.23217112  0.21019737  0.22825531  0.22325905 
  0.23212416  0.22983703  0.25686982  0.23115422  0.23219658  0.22598218 
  0.22804723  0.23573661  0.24744782  0.24499874  0.24759242  0.22817669 
  0.23859146  0.24693034  0.28946254  0.21996044  0.19296548  0.26762825 
  0.25510746  0.28594186  0.23381199  0.25903349  0.3065682  ]
[-0.47120548  -0.47928702  -0.48509207  -0.49534103  -0.46425955  -0.4805297 
  -0.48214285  -0.47751962  -0.48277267  -0.49816271  -0.49498741  -0.47097398 
  -0.48087546  -0.47838346  -0.48264831  -0.48644629  -0.48503665  -0.47892108 
  -0.48563633  -0.47680111  -0.46683098  -0.46630956  -0.46773039  -0.46775143 
  -0.47129078  -0.47976443  -0.46163395  -0.46276798  -0.48239371  -0.47555829 
  -0.49472613  -0.47657768  -0.48088293  -0.46577817  -0.48331343  -0.48015568 
  -0.48757144  -0.49712539  -0.47262782  -0.47247293  -0.48843232  -0.4742675 
  -0.50053157  -0.47675849  -0.46378236  -0.47163813  -0.48134066  -0.49323086 
  -0.49902043  -0.47638946  -0.49545926  -0.50349201  -0.51506286]
[0.58052507  0.58429145  0.58160166  0.58357277  0.58142901  0.58079985 
  0.58183743  0.5856141    0.58587481  0.58354246  0.58476858  0.5797968 
  0.58082213  0.58136046  0.58144436  0.58646844  0.58941666  0.59220191 
  0.58113762  0.58076523  0.58225773  0.58859994  0.58985981  0.5968281 
  0.58658739  0.58066196  0.57879725  0.58377664  0.58172641  0.58217819 
  0.58485796  0.58248108  0.57873564  0.58082933  0.5812788    0.58202576 
  0.58251713  0.58271208  0.57946489  0.57998887  0.58053177  0.58125706 
  0.58148616  0.57952982  0.57581347  0.58483746  0.58959231  0.57883073 
  0.57971644  0.57640911  0.58473254  0.58116466  0.57516085]
[-0.68339813  -0.68305101  -0.68905041  -0.69179105  -0.67894156  -0.68761366 
  -0.68729149  -0.68077191  -0.68313442  -0.69339042  -0.69043711  -0.68421793 
  -0.68768478  -0.68593326  -0.68785542  -0.68410049  -0.68005654  -0.67482025 
  -0.68958121  -0.68581741  -0.67928926  -0.67148623  -0.67069775  -0.66309022 
  -0.6834045    -0.68761016  -0.68093708  -0.6754657    -0.68731408  -0.68354368 
  -0.6893569    -0.68394064  -0.69032334  -0.68049998  -0.68829068  -0.68589965 
  -0.68898047  -0.69316379  -0.68542461  -0.68478113  -0.69185856  -0.68396321 
  -0.69631608  -0.68730392  -0.68584108  -0.67878826  -0.6781817    -0.69627547 
  -0.69778354  -0.6913071    -0.69099279  -0.69883104  -0.71127426]
[0.17320814  0.17983768  0.16714766  0.17406264  0.17931578  0.17022064 
  0.17087696  0.17592598  0.17719909  0.16966353  0.18092047  0.16410078 
  0.17464107  0.17169632  0.17609965  0.1841088    0.18993188  0.18680754 
  0.17661165  0.17274474  0.17502139  0.18938776  0.1904363    0.19873914 
  0.16742153  0.16068979  0.17238046  0.17994275  0.17968036  0.18019889 
  0.1745352    0.16941158  0.15527996  0.1696677    0.17735545  0.17994019 
  0.17909303  0.18014458  0.1595962    0.16026828  0.16428007  0.17708067 
  0.17906259  0.162211      0.11930639  0.16664621  0.18424535  0.14958288 
  0.16450232  0.12611649  0.16415853  0.15425385  0.12765188]
[-0.66148268  -0.65725983  -0.6633827    -0.65977496  -0.65850238  -0.6624721 
  -0.66178319  -0.65837054  -0.65771451  -0.6615897    -0.65660269  -0.66557934 
  -0.66061765  -0.66166124  -0.65980373  -0.6546732    -0.65111802  -0.65118989 
  -0.65973465  -0.66142138  -0.66000448  -0.65186192  -0.65074662  -0.64415486 
  -0.65731835  -0.66640098  -0.66409891  -0.65746335  -0.6582868    -0.65792837 
  -0.65333767  -0.66211211  -0.66942688  -0.66265744  -0.65939338  -0.65807021 
  -0.6582453    -0.651387      -0.66726354  -0.66681188  -0.66498712  -0.65952493 
  -0.65816214  -0.66606433  -0.68241469  -0.66248017  -0.65346517  -0.67157547 
  -0.66506184  -0.68188005  -0.66329511  -0.66868994  -0.68215153]
[-0.73804627  -0.74856738  -0.75357108  -0.75456191  -0.73168147  -0.74310298 
  -0.74862327  -0.76333203  -0.7627151    -0.76126754  -0.74922102  -0.74887823 
  -0.73624627  -0.74372092  -0.73724        -0.75475099  -0.76389035  -0.78858697 
  -0.73411358  -0.73886473  -0.74382591  -0.75907777  -0.76218315  -0.78692648 
  -0.77086117  -0.75849467  -0.74151914  -0.74538664  -0.73213374  -0.7330665 
  -0.73023218  -0.75497609  -0.7575311    -0.74409456  -0.73337924  -0.73304366 
  -0.73800812  -0.73188849  -0.75232946  -0.75419704  -0.75070433  -0.73363126 
  -0.73161004  -0.74896209  -0.79687979  -0.77441294  -0.77305773  -0.76516989 
  -0.74665964  -0.79271425  -0.7790785    -0.77332063  -0.78704413]
increment_70
[-0.84800512  -0.83722747  -0.82025028  -0.81181464  -0.86461944  -0.83306698 
  -0.82904974  -0.82775795  -0.82229162  -0.80267309  -0.81906282  -0.83716011 
  -0.83944409  -0.83638958  -0.83627161  -0.8280078    -0.82687863  -0.81693364 
  -0.83653943  -0.8404518    -0.85206664  -0.850951      -0.84771561  -0.83754237 
  -0.82445321  -0.82077154  -0.85357793  -0.8575953    -0.84328465  -0.8510834 
  -0.83456546  -0.8295309    -0.81482481  -0.85032648  -0.84079308  -0.84538558 
  -0.83180965  -0.82679538  -0.83193211  -0.82983926  -0.81785891  -0.84937859 
  -0.82167968  -0.82866071  -0.79425505  -0.82425425  -0.82159225  -0.79457744 
  -0.80432173  -0.78656645  -0.79026724  -0.7790489    -0.7449812  ]
[-0.42754024  -0.42964349  -0.42260692  -0.42581366  -0.43178825  -0.42573767 
  -0.42516704  -0.42567789  -0.4259456    -0.42314878  -0.43003092  -0.4218569 
  -0.42870936  -0.42648417  -0.42940889  -0.4310859    -0.43225814  -0.42638024 
  -0.43034243  -0.42739862  -0.42838934  -0.43262031  -0.43293493  -0.43282183 
  -0.42583358  -0.41937835  -0.42557122  -0.43001336  -0.43209201  -0.43234239 
  -0.43561081  -0.42359947  -0.41552954  -0.42549863  -0.43082555  -0.43215403 
  -0.43078112  -0.44203014  -0.41959857  -0.41872519  -0.42219128  -0.43064649 
  -0.43253139  -0.42050274  -0.39697178  -0.41999585  -0.42788707  -0.41258551 
  -0.42202573  -0.39723016  -0.41690745  -0.41295096  -0.39855972]
[0.23847783  0.21992662  0.24703737  0.23709845  0.22488687  0.24517706 
  0.24089726  0.21700261  0.2203459    0.2425869    0.22623338  0.24923487 
  0.24119028  0.24010776  0.23914412  0.20874634  0.18983428  0.17644381 
  0.24066659  0.2416568    0.22494413  0.18366699  0.1784982    0.1389387 
  0.21872363  0.25376084  0.23844623  0.21318229  0.23330237  0.22832558 
  0.2389707    0.23713967  0.26854295  0.23722884  0.23793528  0.23094498 
  0.23471133  0.24273541  0.25554648  0.25511049  0.25602237  0.23406715 
  0.24604136  0.25719685  0.30513507  0.22287182  0.19363148  0.28005305 
  0.26702621  0.30046606  0.24404301  0.27223432  0.32300222]
[-0.47336763  -0.48229505  -0.48933519  -0.50114037  -0.46454982  -0.48431725 
  -0.48552437  -0.48103765  -0.48720072  -0.50459942  -0.50072598  -0.4732257 
  -0.48428764  -0.48159242  -0.48787773  -0.49049714  -0.48914118  -0.48236062 
  -0.48992622  -0.48066137  -0.46792178  -0.46676944  -0.46906528  -0.46868268 
  -0.47370935  -0.48361496  -0.46234533  -0.46338252  -0.48580214  -0.47798286 
  -0.50129066  -0.48047715  -0.4846328    -0.46670564  -0.48646984  -0.48338581 
  -0.49329373  -0.50370029  -0.4749595    -0.47465711  -0.4927361    -0.47753134 
  -0.50754808  -0.47961549  -0.46459831  -0.47344265  -0.48491339  -0.49898358 
  -0.50672746  -0.47914229  -0.50242597  -0.51151415  -0.52364167]
[0.5771717    0.58149896  0.57833363  0.58065798  0.57820986  0.5775063 
  0.57860247  0.58299661  0.58296513  0.58067774  0.58198652  0.57635475 
  0.57751565  0.57815099  0.57819945  0.58424149  0.58760763  0.590697 
  0.57793655  0.57741252  0.5794002    0.58662201  0.58816682  0.59642695 
  0.58360705  0.57721826  0.57540027  0.58093103  0.57863266  0.57901702 
  0.58199562  0.57929572  0.57485463  0.57745659  0.57807651  0.57893494 
  0.5794156    0.57978042  0.57595236  0.57627808  0.57708191  0.57804568 
  0.57830104  0.57589161  0.57146899  0.58231688  0.5876798    0.57501197 
  0.57612233  0.57199737  0.58165171  0.57759614  0.57040617]
[-0.68860284  -0.68812719  -0.69525725  -0.69842062  -0.68308059  -0.69355087 
  -0.69302183  -0.68597925  -0.68918966  -0.70031841  -0.69689465  -0.6895876 
  -0.69343249  -0.69150766  -0.69443094  -0.68907893  -0.68464818  -0.67885494 
  -0.69561944  -0.69184498  -0.68342136  -0.67434119  -0.67366252  -0.66475401 
  -0.68920373  -0.69382065  -0.68549649  -0.67938855  -0.69280926  -0.68865836 
  -0.69607589  -0.68993348  -0.6969571    -0.68515404  -0.69378562  -0.69131645 
  -0.69566652  -0.69997741  -0.69091326  -0.69046855  -0.69825385  -0.68952076 
  -0.70365156  -0.6931958    -0.69167566  -0.68300291  -0.68268654  -0.70382381 
  -0.7059557    -0.69817447  -0.6986127    -0.70737716  -0.72132812]
[0.17174369  0.1797819    0.16479849  0.17276729  0.17919921  0.16865819 
  0.16919159  0.1750869    0.17543928  0.16810938  0.18075483  0.16172908 
  0.17361362  0.17043151  0.17535801  0.18527702  0.19165829  0.18745893 
  0.17627198  0.17133276  0.1750752    0.19110181  0.19241714  0.20194208 
  0.16366702  0.15833049  0.17075639  0.179759      0.17979741  0.18018786 
  0.17418204  0.16732524  0.1505045    0.16829392  0.17709642  0.1800581 
  0.17863536  0.18024684  0.1570343    0.15594806  0.16231793  0.176736 
  0.1789712    0.15803578  0.11000823  0.16509216  0.18409078  0.14488365 
  0.16092169  0.1188997    0.15963344  0.14866244  0.12214013]
[-0.66213806  -0.65713446  -0.66435259  -0.66017472  -0.65855034  -0.66314265 
  -0.66247459  -0.65850022  -0.65832181  -0.66208419  -0.65650448  -0.66662973 
  -0.6610755    -0.66218468  -0.66012498  -0.65383988  -0.64991281  -0.65027099 
  -0.65988509  -0.66204887  -0.65987819  -0.65075586  -0.64936084  -0.6416015 
  -0.65797161  -0.66743657  -0.66486263  -0.65743312  -0.65819986  -0.65790131 
  -0.65258236  -0.66292534  -0.67166894  -0.6632702    -0.65950628  -0.65798142 
  -0.65839357  -0.65002713  -0.66840031  -0.66872855  -0.66585954  -0.65967612 
  -0.65806067  -0.66769321  -0.68587385  -0.66286148  -0.65302784  -0.67366751 
  -0.66646342  -0.68525698  -0.66503083  -0.67103398  -0.68552902]
[-0.73960796  -0.75144574  -0.75743214  -0.75886086  -0.73189344  -0.74522751 
  -0.75150462  -0.76871324  -0.76763716  -0.76608505  -0.75219419  -0.75163519 
  -0.73734122  -0.7458254    -0.73817976  -0.75885201  -0.76920918  -0.79814481 
  -0.73447465  -0.74036825  -0.74602246  -0.7639565    -0.76799301  -0.79675766 
  -0.77731939  -0.76136841  -0.74324973  -0.74807345  -0.73267229  -0.73311505 
  -0.73022276  -0.7589014    -0.76262261  -0.74554172  -0.73369534  -0.73359361 
  -0.73947968  -0.73207559  -0.75506299  -0.75881819  -0.75276031  -0.73403598 
  -0.73173515  -0.75333679  -0.80671764  -0.78217208  -0.78163678  -0.77007045 
  -0.75040696  -0.80046048  -0.78829194  -0.78147039  -0.79390539]
increment_80
[-0.84425182  -0.83275237  -0.81320811  -0.80309219  -0.86411732  -0.82757987 
  -0.82338476  -0.82084809  -0.81471933  -0.79348301  -0.81171194  -0.83229755 
  -0.8348935    -0.83126        -0.82997247  -0.82292792  -0.82112922  -0.80934712 
  -0.83174488  -0.83462749  -0.85014884  -0.84894071  -0.84432769  -0.83305644 
  -0.81695763  -0.81449424  -0.85109832  -0.85545012  -0.83976318  -0.84864279 
  -0.82816983  -0.82219249  -0.80585001  -0.84804745  -0.8376922    -0.84190687 
  -0.82477192  -0.82033894  -0.82672472  -0.82342169  -0.81200721  -0.84509229 
  -0.81452985  -0.82136331  -0.78434976  -0.81782938  -0.813677      -0.78427905 
  -0.79257818  -0.77668814  -0.77643648  -0.76399627  -0.7300525  ]
[-0.42352066  -0.42605899  -0.41802422  -0.42144321  -0.42848414  -0.4217087 
  -0.42087699  -0.4215561    -0.42143738  -0.4188731    -0.42629042  -0.41732886 
  -0.42490114  -0.42260203  -0.42589399  -0.42799255  -0.42927485  -0.42243568 
  -0.42703212  -0.42339712  -0.42510013  -0.42956194  -0.42989584  -0.42970007 
  -0.42117726  -0.41501572  -0.42152445  -0.42640581  -0.42890711  -0.42918474 
  -0.43304787  -0.4190009    -0.40959989  -0.42162266  -0.42753003  -0.4289672 
  -0.42711545  -0.44038094  -0.41495844  -0.41301666  -0.41799183  -0.42723574 
  -0.42947123  -0.4155422    -0.38920783  -0.41513875  -0.4235496    -0.40691976 
  -0.41709956  -0.39008062  -0.41056296  -0.40614854  -0.39184855]
[0.24522534  0.22395767  0.25475753  0.24436304  0.22913791  0.2521496 
  0.24802897  0.22125911  0.22753227  0.2494957    0.23242409  0.25683213 
  0.24807277  0.24662454  0.24641838  0.20950345  0.18904234  0.17505102 
  0.24705779  0.24940447  0.22724416  0.18171848  0.17566781  0.13019476 
  0.22768422  0.26203151  0.2446578    0.21646123  0.23813343  0.23336646 
  0.24591832  0.24522441  0.28024305  0.24315713  0.24326667  0.23578768 
  0.2421005    0.24968905  0.26369734  0.26525746  0.26410165  0.24017213 
  0.25349215  0.26766468  0.3205503    0.22627557  0.19538332  0.2921001 
  0.27930621  0.31423422  0.25538653  0.28628632  0.33855371]
[-0.47558025  -0.48533275  -0.49351175  -0.5070985    -0.46481876  -0.4880854 
  -0.4889433    -0.48505189  -0.49167334  -0.51103078  -0.50647731  -0.47559775 
  -0.48767434  -0.48520425  -0.49349516  -0.49422924  -0.4931779    -0.48581258 
  -0.49439752  -0.48499002  -0.4688679    -0.46708259  -0.47047318  -0.46964249 
  -0.47632204  -0.48775052  -0.46324434  -0.46407404  -0.48908537  -0.48045369 
  -0.50798614  -0.48486878  -0.48868941  -0.46775273  -0.48924752  -0.48662607 
  -0.49927815  -0.51022723  -0.47758564  -0.4766285    -0.4968112    -0.48130484 
  -0.51458279  -0.48257712  -0.46551352  -0.47533938  -0.48865689  -0.50502243 
  -0.51467746  -0.48203116  -0.50967566  -0.51980361  -0.5316409  ]
[0.57383926  0.57868772  0.57509819  0.57766103  0.57501324  0.57427479 
  0.57536011  0.58038615  0.57995997  0.57780823  0.57908559  0.5729511 
  0.57422632  0.57498176  0.5749955    0.58206427  0.5858237    0.58918952 
  0.57477056  0.57407816  0.57665684  0.5846425    0.58650122  0.59601911 
  0.58044059  0.57381649  0.57205857  0.57806458  0.57559365  0.57589673 
  0.57908006  0.57604898  0.57095392  0.5741254    0.57493675  0.5758934 
  0.57625185  0.57688084  0.57246651  0.57255156  0.57367267  0.57487168 
  0.57513914  0.57232874  0.56710327  0.57974717  0.58563546  0.57123771 
  0.57253999  0.56743381  0.57844701  0.57391482  0.56541282]
[-0.69380624  -0.69326539  -0.7014049    -0.70526684  -0.68718193  -0.6994071 
  -0.69878999  -0.69147271  -0.69542126  -0.70729261  -0.70353915  -0.69497062 
  -0.69914696  -0.69723521  -0.70114498  -0.69387328  -0.68922681  -0.68295091 
  -0.70170158  -0.69807581  -0.68735377  -0.67715022  -0.6766681    -0.6665579 
  -0.6951104    -0.70012156  -0.69007756  -0.68339174  -0.69818256  -0.69374506 
  -0.70292312  -0.69626833  -0.70376324  -0.68981427  -0.69902176  -0.69668321 
  -0.70256836  -0.70673236  -0.69651153  -0.69607344  -0.70448757  -0.69527815 
  -0.71097671  -0.69904619  -0.69758989  -0.68737016  -0.6875136    -0.71145533 
  -0.71423439  -0.7052981    -0.7065968    -0.71623535  -0.73139914]
[0.17022995  0.1796027    0.16256968  0.17109989  0.17901335  0.16724795 
  0.16740079  0.17421742  0.17343325  0.16659933  0.18012136  0.15941318 
  0.17246832  0.16928493  0.17474541  0.18649372  0.19336719  0.18803277 
  0.17596059  0.16985271  0.17542265  0.19277974  0.19439355  0.20512458 
  0.15948133  0.1563162    0.16919024  0.17946049  0.17993865  0.18015745 
  0.17396932  0.16498858  0.14590877  0.16707319  0.17688694  0.18019241 
  0.17786654  0.1803191    0.15450764  0.15153871  0.16054328  0.17631241 
  0.1788591    0.15370048  0.10101969  0.16325672  0.18348749  0.1406353 
  0.1571291    0.1128946    0.15456906  0.14263492  0.11781708]
[-0.66281255  -0.65707656  -0.6652675    -0.66076275  -0.65862944  -0.66373775 
  -0.66322024  -0.65865017  -0.6590718    -0.66256804  -0.65665228  -0.66764801 
  -0.66158511  -0.66265589  -0.66038999  -0.65297977  -0.64871281  -0.6493866 
  -0.66002146  -0.66270687  -0.65960899  -0.64968423  -0.64798737  -0.63910076 
  -0.6589216    -0.66832347  -0.6655728    -0.65746872  -0.65809684  -0.65786383 
  -0.65195512  -0.66386341  -0.67388377  -0.66381712  -0.65958767  -0.65788208 
  -0.6587014    -0.64875521  -0.66952004  -0.67068758  -0.66664925  -0.65985628 
  -0.6579514    -0.66909099  -0.68927286  -0.6633813    -0.6528274    -0.67556261 
  -0.66779743  -0.68846036  -0.66702621  -0.67358159  -0.68886604]
[-0.74122494  -0.7542858    -0.76123079  -0.76319849  -0.73217743  -0.74736413 
  -0.75438659  -0.77407318  -0.77225586  -0.77071094  -0.75504422  -0.75441023 
  -0.73856169  -0.74781729  -0.73896428  -0.76303076  -0.77458085  -0.80778314 
  -0.73482233  -0.74193274  -0.74831211  -0.76873615  -0.77383088  -0.80651463 
  -0.78353716  -0.76375692  -0.74489004  -0.75066715  -0.73331484  -0.73316106 
  -0.73023862  -0.76272403  -0.76759271  -0.74682186  -0.73415098  -0.73422563 
  -0.74090101  -0.73227711  -0.75779913  -0.76348416  -0.75461059  -0.73465683 
  -0.73188552  -0.75795424  -0.81621893  -0.79014854  -0.79011518  -0.77449742 
  -0.75440969  -0.80739888  -0.79774639  -0.78992002  -0.80014279]
increment_90
[-0.8404338    -0.82814461  -0.80639228  -0.79391121  -0.86348691  -0.82228237 
  -0.81746305  -0.81359164  -0.80739326  -0.78437185  -0.80422615  -0.82739882 
  -0.83021786  -0.82583642  -0.82361804  -0.81812961  -0.81551062  -0.80183044 
  -0.82673668  -0.82841873  -0.84847595  -0.84717346  -0.84090677  -0.82842037 
  -0.80934893  -0.80822887  -0.84852343  -0.85336348  -0.83629032  -0.84607145 
  -0.82163567  -0.81429654  -0.7967934    -0.84580293  -0.83491206  -0.83840262 
  -0.81748446  -0.81388841  -0.82101515  -0.81741269  -0.80659467  -0.83998772 
  -0.80733816  -0.81385382  -0.77477607  -0.81086376  -0.80546398  -0.77427953 
  -0.78057434  -0.7673383    -0.76187275  -0.74816585  -0.71617921]
[-0.41950292  -0.42244312  -0.41353556  -0.41692831  -0.4251788    -0.41777831 
  -0.41652725  -0.4175098    -0.41691843  -0.41463758  -0.4224107    -0.41280351 
  -0.42105755  -0.41884204  -0.42249492  -0.42494008  -0.42630365  -0.41852499 
  -0.42376873  -0.41941995  -0.4219204    -0.42654029  -0.42689554  -0.42658282 
  -0.41640686  -0.41084141  -0.41754168  -0.42281535  -0.42575882  -0.42605885 
  -0.43045087  -0.41435501  -0.4038027    -0.41782783  -0.42426693  -0.42582033 
  -0.42335241  -0.43863352  -0.41023689  -0.40732525  -0.4139159    -0.42376969 
  -0.42642736  -0.4108993    -0.38153001  -0.41000819  -0.41907814  -0.4015456 
  -0.41222695  -0.38352053  -0.40392054  -0.39903209  -0.38557438]
[0.25199778  0.22836156  0.26218682  0.25260409  0.23346233  0.25868002 
  0.25554599  0.22559376  0.2352487    0.25667352  0.23962186  0.26441095 
  0.25505946  0.25307403  0.25356669  0.20997613  0.18805527  0.17363122 
  0.25346156  0.25730927  0.22896062  0.17976116  0.17292045  0.12169186 
  0.23788172  0.27013231  0.25081986  0.22006331  0.24286434  0.23841626 
  0.2528891    0.25405956  0.29181804  0.24897146  0.24789285  0.24044465 
  0.25008578  0.2566112    0.27214855  0.27522874  0.27181626  0.24644128 
  0.26094593  0.27824907  0.33560978  0.23071261  0.19852377  0.30364296 
  0.29183926  0.32700641  0.26816257  0.30164207  0.35305231]
[-0.47782345  -0.48845997  -0.49759029  -0.51334945  -0.46515587  -0.49174611 
  -0.49251067  -0.48950567  -0.49599914  -0.51751772  -0.51223183  -0.47797201 
  -0.49106979  -0.48926915  -0.49932107  -0.4976924    -0.49707743  -0.48924277 
  -0.4991164    -0.48969932  -0.46962276  -0.46719144  -0.47195853  -0.47069826 
  -0.47906815  -0.49218807  -0.46431162  -0.4647813    -0.49231358  -0.48307991 
  -0.51472605  -0.48976988  -0.49300791  -0.46885736  -0.49158876  -0.48985757 
  -0.50537115  -0.51670039  -0.48052676  -0.47822472  -0.5006226    -0.48568648 
  -0.52159567  -0.48566815  -0.46644626  -0.47735121  -0.49265004  -0.51126475 
  -0.52266642  -0.48507102  -0.51725503  -0.5284316    -0.53920481]
[0.57052487  0.57584928  0.57190152  0.57456202  0.57184155  0.5711148 
  0.57209674  0.57780953  0.57686534  0.57490107  0.57606156  0.56956699 
  0.57095393  0.57186536  0.57183956  0.57992718  0.5840661    0.58769488 
  0.5716371    0.57076988  0.57400693  0.5826653    0.58485875  0.59557748 
  0.57712523  0.57046187  0.56875351  0.5751635    0.57259468  0.57282519 
  0.57614755  0.57274687  0.56703486  0.57083176  0.57190372  0.57291289 
  0.57303566  0.57400664  0.56898412  0.56882498  0.5703082    0.57174854 
  0.57200558  0.56885066  0.56273011  0.57706707  0.58342139  0.56752407 
  0.5689858    0.56268868  0.57508811  0.57008706  0.56032276]
[-0.69900236  -0.69850544  -0.70747035  -0.71242003  -0.69128568  -0.70512954 
  -0.70466657  -0.69719271  -0.70171727  -0.71438216  -0.71036462  -0.7003338 
  -0.70484493  -0.70312586  -0.70790183  -0.69851888  -0.69375235  -0.68707589 
  -0.70786291  -0.70445802  -0.69109005  -0.6798743    -0.67972326  -0.6686074 
  -0.70110606  -0.70651372  -0.69469417  -0.68746055  -0.70348663  -0.69884687 
  -0.70981197  -0.702945      -0.71071846  -0.69445555  -0.70391902  -0.70197705 
  -0.70959457  -0.71342916  -0.7022586    -0.70149716  -0.71053752  -0.70126834 
  -0.71828109  -0.70485632  -0.70352659  -0.6919842    -0.69276232  -0.71910981 
  -0.72250902  -0.7127226    -0.7150079    -0.72548144  -0.74138075]
[0.16868194  0.17925658  0.16048504  0.16902999  0.17876269  0.16601415 
  0.1654199    0.17341771  0.17124739  0.16506142  0.17903488  0.15707437 
  0.17120546  0.1683189    0.17428863  0.18774019  0.19508325  0.18857805 
  0.17569721  0.16836746  0.17597889  0.1944255    0.19632593  0.20829131 
  0.1549833    0.15458117  0.16769461  0.17905824  0.18008614  0.18010244 
  0.17383332  0.1624291    0.14163096  0.16594762  0.17678883  0.18035838 
  0.1768037    0.18034324  0.15181154  0.14714503  0.15894401  0.17581426 
  0.17869395  0.14928243  0.09238389  0.16081034  0.18235897  0.1369017 
  0.15311608  0.10844034  0.14881687  0.13597026  0.11459273]
[-0.66350132  -0.65710724  -0.66611596  -0.66155916  -0.658738      -0.6642445 
  -0.66405952  -0.65876826  -0.6599325    -0.66308159  -0.65704211  -0.66867465 
  -0.66214657  -0.66304344  -0.6605852    -0.65210168  -0.64749824  -0.64850948 
  -0.66013366  -0.66336714  -0.65923911  -0.64864423  -0.64662937  -0.63667954 
  -0.66009254  -0.66908781  -0.66624579  -0.65756899  -0.65799045  -0.65780936 
  -0.65143598  -0.66490803  -0.6760304    -0.66432432  -0.65959649  -0.65776284 
  -0.65915785  -0.6476083    -0.67071374  -0.67264201  -0.66736139  -0.6600569 
  -0.65784771  -0.67025586  -0.69258059  -0.66419187  -0.65290994  -0.67723614 
  -0.66908916  -0.69145557  -0.66935466  -0.67643666  -0.69199058]
[-0.7428808    -0.75708846  -0.76496334  -0.76749692  -0.73251979  -0.74954401 
  -0.75731248  -0.77942934  -0.77651508  -0.77508412  -0.7577076    -0.75724613 
  -0.73990352  -0.74968772  -0.73959674  -0.76729949  -0.78009374  -0.81753997 
  -0.73515238  -0.74350093  -0.75071425  -0.77343152  -0.77963481  -0.81617118 
  -0.78946349  -0.7657858    -0.7464663    -0.75304028  -0.73398862  -0.73321321 
  -0.73026571  -0.7664336    -0.77232454  -0.74800257  -0.7349777    -0.7349733 
  -0.74230845  -0.73250531  -0.76075431  -0.76809453  -0.75627668  -0.73564133 
  -0.73209545  -0.76272846  -0.82534324  -0.79855769  -0.79836583  -0.77839462 
  -0.75867215  -0.81332102  -0.80747823  -0.79864493  -0.80558607]
increment_100
[-0.83656648  -0.82336626  -0.79979013  -0.78423304  -0.86269786  -0.81721141 
  -0.81113827  -0.80614508  -0.80046192  -0.77526329  -0.79666073  -0.82259385 
  -0.82540908  -0.82018482  -0.81732988  -0.81347641  -0.810062      -0.79436719 
  -0.82150083  -0.82203004  -0.84701658  -0.84568717  -0.83743729  -0.82356562 
  -0.80163367  -0.80189379  -0.84586499  -0.85147395  -0.8328342    -0.84325235 
  -0.81502563  -0.8057871    -0.78790389  -0.843686      -0.83240835  -0.83483539 
  -0.81004995  -0.80735643  -0.81475108  -0.81207575  -0.80157159  -0.83404244 
  -0.80004305  -0.80610438  -0.76572996  -0.80315502  -0.79699326  -0.76462032 
  -0.76848586  -0.75861425  -0.74644756  -0.73149624  -0.70332867]
[-0.41548364  -0.41879214  -0.40912141  -0.41229117  -0.42188425  -0.41393712 
  -0.41208686  -0.41355028  -0.41241643  -0.41040718  -0.41844542  -0.40824845 
  -0.417194      -0.41522158  -0.41920426  -0.42192784  -0.42333979  -0.41464001 
  -0.42055918  -0.41551879  -0.41882121  -0.4235593    -0.42393264  -0.42344341 
  -0.41161764  -0.40681644  -0.41359449  -0.41928504  -0.42265212  -0.42296797 
  -0.42779084  -0.40967929  -0.39820233  -0.41409077  -0.42105129  -0.42271882 
  -0.41950753  -0.43669639  -0.40534757  -0.40175392  -0.40996587  -0.42023053 
  -0.42335123  -0.40647031  -0.37408269  -0.40446078  -0.4144798    -0.3964621 
  -0.40740491  -0.37754574  -0.39687786  -0.39158622  -0.37972646]
[0.25879825  0.23317912  0.26939263  0.26184821  0.2378626    0.26468601 
  0.26356095  0.22978124  0.24332954  0.26434029  0.24763146  0.27202018 
  0.26213649  0.25929314  0.26048861  0.21018737  0.18683697  0.17218748 
  0.25985884  0.26519824  0.23023446  0.17765513  0.17014379  0.11336496 
  0.24889125  0.27811292  0.25693463  0.2237709    0.24755941  0.24351351 
  0.25985781  0.26363665  0.30306776  0.25465315  0.25166292  0.24487001 
  0.25842662  0.26358236  0.28105114  0.28474976  0.27918542  0.25288104 
  0.26844706  0.2889195    0.35012809  0.23673256  0.2030627    0.31465996 
  0.3044701    0.33874065  0.28284527  0.31861767  0.36652731]
[-0.48007779  -0.49170726  -0.50155368  -0.51997862  -0.46560948  -0.49522803 
  -0.49631471  -0.49423725  -0.50006479  -0.5240936    -0.51801255  -0.48017761 
  -0.49450774  -0.49372841  -0.50520943  -0.50100569  -0.50079678  -0.4926585 
  -0.50411067  -0.4946742    -0.4701853    -0.46703011  -0.47353443  -0.47184421 
  -0.48196047  -0.49692215  -0.46547361  -0.46541418  -0.49553609  -0.48599067 
  -0.52148278  -0.49523296  -0.49743443  -0.46987971  -0.49351979  -0.49311233 
  -0.51145513  -0.52316723  -0.48369272  -0.47934905  -0.50421325  -0.49065504 
  -0.52856732  -0.48899029  -0.46730322  -0.47948248  -0.4968735    -0.51764882 
  -0.53059779  -0.48835449  -0.52519154  -0.53749802  -0.54660275]
[0.5672261    0.57298296  0.56873546  0.57136097  0.56869877  0.568035 
  0.56880765  0.57528774  0.57369578  0.57193199  0.57293871  0.56618471 
  0.56770224  0.56882125  0.56873755  0.57783984  0.58233318  0.58621018 
  0.56853866  0.56749987  0.57143135  0.58071187  0.58327032  0.59511585 
  0.57372605  0.56715557  0.565481      0.57225405  0.56963049  0.56981577 
  0.57320929  0.56939806  0.56310652  0.56757301  0.56900559  0.57000391 
  0.5697979    0.57113306  0.56548142  0.56512745  0.56699394  0.56867869 
  0.5689008    0.56543731  0.55838753  0.57421044  0.58103395  0.5638788 
  0.56548244  0.5579467    0.57150169  0.56606496  0.5553655  ]
[-0.70418489  -0.70386247  -0.71345558  -0.71992        -0.6954101    -0.71067473 
  -0.71069976  -0.70303368  -0.7079932    -0.72162675  -0.71734455  -0.70561649 
  -0.71053799  -0.70912943  -0.71462382  -0.70306341  -0.69820214  -0.6912431 
  -0.71411425  -0.71092101  -0.69465348  -0.68244506  -0.68279329  -0.67099621 
  -0.70719012  -0.71299251  -0.69931621  -0.69151399  -0.70875185  -0.70400981 
  -0.7167159    -0.70998062  -0.71773726  -0.69901354  -0.70845871  -0.70720177 
  -0.71664591  -0.72011806  -0.70814099  -0.7066562    -0.71641771  -0.7074818 
  -0.72558736  -0.71070034  -0.70939311  -0.69693659  -0.69843072  -0.72674766 
  -0.73072001  -0.72026198  -0.72395288  -0.73521739  -0.75111822]
[0.16709396  0.17873094  0.15849941  0.16660205  0.1784638    0.16495146 
  0.16319234  0.17273252  0.16894949  0.1634114    0.17762581  0.15464244 
  0.16985042  0.167584      0.17398433  0.18901845  0.19680966  0.18909275 
  0.17550143  0.16697095  0.17666973  0.19606508  0.19821674  0.21144764 
  0.1503116    0.15305573  0.16622885  0.1786458    0.18023239  0.18001064 
  0.1737372    0.1596634    0.13779015  0.1648722    0.17684942  0.18057405 
  0.17550842  0.18027909  0.1487953    0.14294284  0.15751424  0.17520596 
  0.17840683  0.14485541  0.08420657  0.15745592  0.18072413  0.13366442 
  0.1489627    0.10521379  0.14220957  0.12864892  0.1120561  ]
[-0.66420776  -0.65723224  -0.66691998  -0.662546      -0.65886869  -0.66466252 
  -0.66501719  -0.65882756  -0.66087014  -0.66366989  -0.65761062  -0.66974457 
  -0.66274879  -0.66331849  -0.66070969  -0.65120213  -0.64626628  -0.64763968 
  -0.66021258  -0.66398746  -0.6588062    -0.64761921  -0.64525453  -0.63433982 
  -0.6613627    -0.6697591    -0.66690332  -0.65768777  -0.6578865    -0.65772774 
  -0.65102672  -0.66603673  -0.67806925  -0.66481194  -0.65950653  -0.65761291 
  -0.65972674  -0.64665779  -0.67204928  -0.67451318  -0.66799853  -0.66029296 
  -0.65778971  -0.67127147  -0.69569267  -0.66543367  -0.65326889  -0.67869666 
  -0.67034385  -0.69411284  -0.6721059    -0.67962388  -0.69473373]
[-0.7445762    -0.75985067  -0.76864304  -0.77166938  -0.73290064  -0.75184794 
  -0.76033846  -0.78485109  -0.78038035  -0.77916858  -0.76012733  -0.76014913 
  -0.74133937  -0.75148632  -0.74012865  -0.7716992    -0.785762      -0.82743115 
  -0.73545965  -0.74498531  -0.75322223  -0.77811668  -0.78548241  -0.8257721 
  -0.79514266  -0.76756464  -0.74805283  -0.75517691  -0.73464932  -0.73327904 
  -0.73029343  -0.77003661  -0.77671163  -0.74913348  -0.73627788  -0.73587311 
  -0.74379377  -0.7327898    -0.76406828  -0.7724836    -0.75776657  -0.73705665 
  -0.73243445  -0.76755479  -0.83399904  -0.80751309  -0.80633089  -0.7817844 
  -0.76310232  -0.81822197  -0.81741702  -0.80740722  -0.81022405]
increment_110
[-0.83261716  -0.81841842  -0.79330203  -0.77409754  -0.86172901  -0.81232963 
  -0.80434784  -0.79863922  -0.79395878  -0.76613744  -0.78902811  -0.81799244 
  -0.82046591  -0.81439004  -0.81116463  -0.80888105  -0.80472716  -0.78689112 
  -0.81607613  -0.81561553  -0.84573839  -0.84446829  -0.83385718  -0.81848411 
  -0.79375684  -0.79545195  -0.84312236  -0.84990445  -0.82940385  -0.84010008 
  -0.8083491    -0.79663199  -0.77941156  -0.84179276  -0.83015596  -0.83108668 
  -0.80251942  -0.80066198  -0.8080423    -0.8076146    -0.79688698  -0.82732817 
  -0.79254138  -0.79808804  -0.75727294  -0.79476477  -0.78836678  -0.75517457 
  -0.75644963  -0.75048091  -0.73029827  -0.71417943  -0.691259    ]
[-0.41145214  -0.41510427  -0.40472605  -0.40756312  -0.41860268  -0.41015247 
  -0.40755883  -0.40965467  -0.40794427  -0.40615111  -0.41445021  -0.40364502 
  -0.41332511  -0.41173013  -0.416002      -0.41895653  -0.42039599  -0.41075927 
  -0.41740529  -0.41173944  -0.41578102  -0.42061885  -0.42100465  -0.42025035 
  -0.40692289  -0.40290581  -0.40964682  -0.41583893  -0.41958931  -0.41991063 
  -0.42504312  -0.40500881  -0.39284355  -0.41040204  -0.41789374  -0.41966104 
  -0.41560496  -0.43452706  -0.40027572  -0.39638692  -0.40614116  -0.41662538 
  -0.42018488  -0.40223686  -0.36698586  -0.39845489  -0.40981978  -0.39163783 
  -0.40269407  -0.37204634  -0.38937129  -0.38388809  -0.37420363]
[0.26566274  0.23841931  0.27658187  0.2719916    0.2423431    0.27017366 
  0.27206912  0.2337316    0.25162752  0.27254875  0.25620452  0.27967533 
  0.26928327  0.26511046  0.26710674  0.2101613    0.18550497  0.17091956 
  0.26620946  0.27292249  0.23122037  0.17525087  0.1671075    0.10497166 
  0.26033704  0.28600995  0.26300336  0.22731509  0.25222999  0.24869436 
  0.26682658  0.27390809  0.31382562  0.26016635  0.2545899    0.24905957 
  0.26696046  0.27068524  0.29042196  0.29360204  0.28623414  0.25955044 
  0.27604305  0.29966894  0.36400896  0.24478142  0.20879972  0.32525068 
  0.31706505  0.3495919    0.29969765  0.33688627  0.37922132]
[-0.48236346  -0.49507513  -0.50542192  -0.52699354  -0.46620804  -0.4985007 
  -0.50042017  -0.49906856  -0.50383057  -0.53071454  -0.52387903  -0.48208647 
  -0.49801785  -0.49845288  -0.51105369  -0.50425048  -0.50441145  -0.49610718 
  -0.5093422    -0.49984102  -0.47058169  -0.4665762    -0.47522577  -0.47298895 
  -0.48503567  -0.50192194  -0.46665871  -0.46584853  -0.49875344  -0.4893005 
  -0.52826        -0.50125902  -0.50183531  -0.47071064  -0.49508806  -0.49650043 
  -0.51749867  -0.52964811  -0.48697367  -0.47994096  -0.50763343  -0.49617965 
  -0.5355025    -0.49260145  -0.46809887  -0.48170958  -0.50134007  -0.5242431 
  -0.53843282  -0.49188634  -0.53334873  -0.54698547  -0.5540072  ]
[0.56393739  0.57008653  0.56557551  0.56807126  0.56558401  0.56503436 
  0.56549672  0.57282216  0.57047243  0.56889769  0.56975011  0.56279207 
  0.56447309  0.56586666  0.5656952    0.57580684  0.58062052  0.584715 
  0.56547877  0.56427881  0.56890651  0.57880618  0.58178593  0.59468438 
  0.57031355  0.56389329  0.56223784  0.56936778  0.56669846  0.5668842 
  0.5702633    0.56601928  0.55919812  0.56434689  0.56624027  0.56717178 
  0.5665594    0.56825087  0.56194179  0.5614802    0.56373002  0.56564673 
  0.56582273  0.56208532  0.55410589  0.57110286  0.57849167  0.56030472 
  0.56205648  0.55333486  0.56760891  0.56185519  0.55064601]
[-0.7093704    -0.70933823  -0.71940119  -0.72774881  -0.69956995  -0.71603135 
  -0.71691548  -0.70890856  -0.71419468  -0.7289991    -0.72446069  -0.71077127 
  -0.71623812  -0.7151658    -0.72125321  -0.70754296  -0.70262255  -0.69551365 
  -0.72043347  -0.71741621  -0.69808635  -0.6848131    -0.68582341  -0.6737496 
  -0.7133453    -0.7195481    -0.70391364  -0.69544737  -0.71398138  -0.70927007 
  -0.72364076  -0.71736199  -0.72471893  -0.70343821  -0.71266933  -0.7124062 
  -0.72367945  -0.7268207    -0.71412653  -0.71149459  -0.72215236  -0.71392653 
  -0.73297093  -0.71661002  -0.71515867  -0.70231393  -0.70450198  -0.73439853 
  -0.73883739  -0.72775978  -0.73345439  -0.74541541  -0.76056504]
[0.16545085  0.17802671  0.15649961  0.16389112  0.17812543  0.1640103 
  0.16073551  0.17213046  0.16658772  0.16159519  0.17604314  0.15208081 
  0.16843337  0.16708904  0.17381215  0.19032923  0.19852693  0.18950643 
  0.17538033  0.1657509    0.17743705  0.19773304  0.20010291  0.21459655 
  0.14556107  0.15168357  0.16474209  0.1783062    0.1803787    0.17985292 
  0.17366766  0.15669553  0.13442865  0.1638317    0.17708223  0.18085565 
  0.1740465    0.18006613  0.1454376    0.1390813    0.1562527    0.17447834 
  0.17792351  0.14045041  0.0765673    0.1530729    0.17873597  0.13084967 
  0.14476787  0.10277037  0.13470817  0.12091292  0.10981585]
[-0.66493908  -0.65745086  -0.66773397  -0.6636872    -0.65901743  -0.66501234 
  -0.66608368  -0.65883871  -0.66185672  -0.66435717  -0.6582821    -0.67087571 
  -0.6633784    -0.66346996  -0.66076901  -0.65027952  -0.64503415  -0.64681502 
  -0.66025531  -0.66452808  -0.65834091  -0.6465857    -0.64381044  -0.63205809 
  -0.66260327  -0.67036186  -0.6675679    -0.6577813    -0.6577851    -0.6576017 
  -0.65073525  -0.66720763  -0.67995411  -0.66528538  -0.65931458  -0.65742183 
  -0.66037332  -0.64593649  -0.67353799  -0.67623396  -0.66856088  -0.6605728 
  -0.65781421  -0.67215287  -0.6985217    -0.66717568  -0.65383409  -0.67996878 
  -0.67149832  -0.69640189  -0.67531298  -0.68302997  -0.69708912]
[-0.74632036  -0.76256339  -0.7723075    -0.77566629  -0.7333137    -0.75438185 
  -0.76347426  -0.79041719  -0.78389555  -0.7830181    -0.7622927    -0.76311308 
  -0.74284124  -0.75333711  -0.74065263  -0.77624717  -0.79151466  -0.83742377 
  -0.73575371  -0.74631203  -0.75579085  -0.78289356  -0.79154933  -0.83543515 
  -0.80070664  -0.76917699  -0.74974664  -0.75715237  -0.73527741  -0.73335861 
  -0.73031556  -0.77359106  -0.78067617  -0.7502298    -0.73803018  -0.73696991 
  -0.74538671  -0.73319184  -0.76771463  -0.77650963  -0.75908148  -0.73882064 
  -0.73297822  -0.77239444  -0.84212238  -0.81676581  -0.81387744  -0.7847342 
  -0.76760227  -0.82228066  -0.82735434  -0.81604587  -0.81423845]
increment_120
[-0.82852848  -0.81334153  -0.78677241  -0.76365521  -0.86057666  -0.80755177 
  -0.79713625  -0.79116026  -0.78784362  -0.75707963  -0.78133928  -0.8136386 
  -0.81539828  -0.80854917  -0.80517864  -0.80435314  -0.79945023  -0.7793316 
  -0.81054594  -0.80929555  -0.84461322  -0.84351768  -0.83009126  -0.81319358 
  -0.78565363  -0.7889244    -0.84028674  -0.84877408  -0.82602135  -0.83655638 
  -0.80160613  -0.78691683  -0.77145426  -0.84019477  -0.82813867  -0.82704057 
  -0.79492193  -0.79379246  -0.80106087  -0.80414437  -0.79249254  -0.81993307 
  -0.78479221  -0.78991913  -0.74935443  -0.78588975  -0.77958086  -0.74583125 
  -0.74465491  -0.74285992  -0.71372878  -0.69650997  -0.67973293]
[-0.40739571  -0.41137018  -0.40028351  -0.40279279  -0.41532031  -0.40639883 
  -0.40298121  -0.40578954  -0.40349356  -0.4018527    -0.41045755  -0.39900038 
  -0.40946559  -0.40834223  -0.41286814  -0.41602182  -0.41747804  -0.4068617 
  -0.41430277  -0.4081111    -0.41278152  -0.41771417  -0.41810661  -0.4169779 
  -0.40239218  -0.39908116  -0.40566761  -0.41248688  -0.41656643  -0.41688151 
  -0.42220062  -0.4004322    -0.38773177  -0.40675629  -0.41479403  -0.41664021 
  -0.411677      -0.4321488    -0.39505301  -0.39126851  -0.40243905  -0.41297152 
  -0.41691221  -0.39822282  -0.36031848  -0.39201717  -0.40515971  -0.38703424 
  -0.39819111  -0.3669064    -0.38148506  -0.37605161  -0.36890628]
[0.27263892  0.24406885  0.28401269  0.28278484  0.246922      0.27522362 
  0.28096979  0.23749283  0.26005689  0.28117811  0.2651052    0.28735888 
  0.27646969  0.27038735  0.27332841  0.20987846  0.18416731  0.17006994 
  0.27245491  0.28036115  0.23206939  0.17247402  0.16368335  0.09635047 
  0.27201938  0.29383513  0.2690312    0.23047687  0.25688343  0.25398959 
  0.27380139  0.28469305  0.32401846  0.26548247  0.25676942  0.2530438 
  0.27558675  0.27793917  0.30018078  0.3016682    0.29298891  0.26656348 
  0.28368527  0.31038637  0.37724029  0.25509942  0.21562163  0.33551671 
  0.32943255  0.35974354  0.31830467  0.35579636  0.39137274]
[-0.48472321  -0.49851433  -0.50925866  -0.5343081    -0.46694244  -0.50160961 
  -0.5048542    -0.50387355  -0.50729555  -0.53725008  -0.52984685  -0.48367771 
  -0.50162406  -0.50328385  -0.51674709  -0.507411      -0.50799302  -0.499646 
  -0.5147153    -0.50512943  -0.47084612  -0.46581848  -0.47707694  -0.4740512 
  -0.48832274  -0.50711816  -0.4678224    -0.46595167  -0.50194832  -0.49309595 
  -0.53506536  -0.50774941  -0.50613289  -0.47127961  -0.49633677  -0.50013316 
  -0.52352746  -0.53612676  -0.49027827  -0.47996455  -0.51093382  -0.50226782 
  -0.54238934  -0.49646568  -0.46891683  -0.48399516  -0.50616851  -0.53110123 
  -0.54612807  -0.4955818    -0.54155942  -0.5567697    -0.56151342]
[0.56065231  0.56715534  0.56239225  0.56471979  0.56248931  0.56210388 
  0.5621718    0.57039517  0.56721002  0.56580669  0.56652654  0.55938575 
  0.56126621  0.56301054  0.56271913  0.57382777  0.57892054  0.58318481 
  0.56245956  0.56111466  0.56640741  0.57695978  0.58043086  0.59432208 
  0.56693337  0.56066822  0.55901733  0.56652538  0.5637923    0.56404106 
  0.56730618  0.56264481  0.5553501    0.56115029  0.5635898    0.56441465 
  0.5633303    0.56536788  0.55835957  0.55789311  0.56051324  0.56262026 
  0.562781      0.55880123  0.54990549  0.56768861  0.57580826  0.55679653 
  0.55873314  0.54886795  0.56344085  0.55751587  0.54617599]
[-0.71458737  -0.71491205  -0.72537527  -0.7358228    -0.70377072  -0.721235 
  -0.72331637  -0.71478109  -0.72029764  -0.7364164    -0.73167698  -0.71579133 
  -0.72195722  -0.72115067  -0.72773189  -0.71194894  -0.70706339  -0.69996164 
  -0.72677267  -0.72390022  -0.70143682  -0.68695131  -0.68880429  -0.6768706 
  -0.7195553    -0.72615514  -0.70847408  -0.69916575  -0.71917423  -0.71465679 
  -0.7305983    -0.72500913  -0.73157573  -0.70769931  -0.71659602  -0.71764967 
  -0.73069449  -0.73352106  -0.7201778    -0.71598253  -0.72777005  -0.72064923 
  -0.74052235  -0.72255966  -0.72083905  -0.70816713  -0.71102369  -0.74209497 
  -0.74681894  -0.73515631  -0.74336854  -0.75593185  -0.76975293]
[0.16373644  0.17713982  0.15435861  0.16101096  0.17773509  0.16314409 
  0.15813527  0.17154731  0.16417402  0.15961115  0.174392      0.14940835 
  0.16699134  0.16681479  0.17375552  0.19167219  0.20021923  0.18974174 
  0.17533059  0.1647677    0.17823361  0.19943843  0.20201491  0.21771287 
  0.14076197  0.15042257  0.16319818  0.17809535  0.18052389  0.17960098 
  0.17361883  0.15356595  0.13148691  0.16282208  0.17747433  0.18120746 
  0.17249181  0.17967586  0.14180298  0.13564093  0.15516096  0.17364683 
  0.17722573  0.13614587  0.0695078    0.14769249  0.17653813  0.12838533 
  0.1406767    0.10084044  0.12653565  0.11304629  0.10764569]
[-0.66570272  -0.65776412  -0.66861866  -0.66492586  -0.65918969  -0.66531582 
  -0.66721923  -0.65883169  -0.66287933  -0.66513904  -0.65899917  -0.67205986 
  -0.66401866  -0.66350141  -0.66076633  -0.64933278  -0.64381526  -0.64607818 
  -0.66026261  -0.66496103  -0.65786827  -0.64552792  -0.64226701  -0.629819 
  -0.66373937  -0.67091472  -0.66825533  -0.65782001  -0.65768698  -0.65741528 
  -0.65055618  -0.66833142  -0.68164885  -0.66574376  -0.65903214  -0.6571848 
  -0.66106233  -0.64542723  -0.67515246  -0.67776752  -0.66904744  -0.66089671 
  -0.65791898  -0.67288275  -0.70101401  -0.66941701  -0.65454093  -0.68107674 
  -0.67246879  -0.69838064  -0.678872      -0.68650976  -0.69910609]
[-0.74812591  -0.76523382  -0.77599922  -0.77945736  -0.73377252  -0.75719223 
  -0.76665647  -0.79614968  -0.78715173  -0.78671969  -0.7642591    -0.76610449 
  -0.74437787  -0.75537659  -0.74127274  -0.78096125  -0.7972936    -0.84746343 
  -0.73606138  -0.7474443    -0.75836049  -0.78781105  -0.79795457  -0.84524315 
  -0.80627835  -0.77068054  -0.75162386  -0.75904407  -0.73586077  -0.7334503 
  -0.73032923  -0.77716919  -0.78420202  -0.75129302  -0.74016953  -0.73829283 
  -0.74705205  -0.73374757  -0.7715855    -0.78009395  -0.76021933  -0.74075204 
  -0.73374759  -0.77716212  -0.84968918  -0.82591364  -0.82085355  -0.78730949 
  -0.77202629  -0.82570113  -0.83713937  -0.8245689    -0.81780017]
