inc
Fp11
Fp12
Fp13
Fp21
Fp22
Fp23
Fp31
Fp32
Fp33
increment_0
[-0.95940301  -0.95940301  -0.95940301  -0.95940301  -0.95940301  -0.95940301 
  -0.95940301  -0.95940301  -0.95940301  -0.95940301  -0.95940301  -0.95940301 
  -0.95940301  -0.95940301  -0.95940301  -0.95940301  -0.95940301  -0.95940301 
  -0.95940301  -0.95940301  -0.95940301  -0.95940301  -0.95940301  -0.95940301 
  -0.95940301  -0.95940301  -0.95940301  -0.95940301  -0.95940301  -0.95940301 
  -0.95940301  -0.95940301  -0.95940301  -0.95940301  -0.95940301  -0.95940301 
  -0.95940301  -0.95940301  -0.95940301  -0.95940301  -0.95940301  -0.95940301 
  -0.95940301  -0.95940301  -0.95940301  -0.95940301  -0.95940301  -0.95940301 
  -0.95940301  -0.95940301  -0.95940301  -0.95940301  -0.95940301  -0.95940301 
  -0.95940301  -0.95940301  -0.95940301]
[0.12602395  0.12602395  0.12602395  0.12602395  0.12602395  0.12602395 
  0.12602395  0.12602395  0.12602395  0.12602395  0.12602395  0.12602395 
  0.12602395  0.12602395  0.12602395  0.12602395  0.12602395  0.12602395 
  0.12602395  0.12602395  0.12602395  0.12602395  0.12602395  0.12602395 
  0.12602395  0.12602395  0.12602395  0.12602395  0.12602395  0.12602395 
  0.12602395  0.12602395  0.12602395  0.12602395  0.12602395  0.12602395 
  0.12602395  0.12602395  0.12602395  0.12602395  0.12602395  0.12602395 
  0.12602395  0.12602395  0.12602395  0.12602395  0.12602395  0.12602395 
  0.12602395  0.12602395  0.12602395  0.12602395  0.12602395  0.12602395 
  0.12602395  0.12602395  0.12602395]
[0.25231691  0.25231691  0.25231691  0.25231691  0.25231691  0.25231691 
  0.25231691  0.25231691  0.25231691  0.25231691  0.25231691  0.25231691 
  0.25231691  0.25231691  0.25231691  0.25231691  0.25231691  0.25231691 
  0.25231691  0.25231691  0.25231691  0.25231691  0.25231691  0.25231691 
  0.25231691  0.25231691  0.25231691  0.25231691  0.25231691  0.25231691 
  0.25231691  0.25231691  0.25231691  0.25231691  0.25231691  0.25231691 
  0.25231691  0.25231691  0.25231691  0.25231691  0.25231691  0.25231691 
  0.25231691  0.25231691  0.25231691  0.25231691  0.25231691  0.25231691 
  0.25231691  0.25231691  0.25231691  0.25231691  0.25231691  0.25231691 
  0.25231691  0.25231691  0.25231691]
[-0.12462992  -0.12462992  -0.12462992  -0.12462992  -0.12462992  -0.12462992 
  -0.12462992  -0.12462992  -0.12462992  -0.12462992  -0.12462992  -0.12462992 
  -0.12462992  -0.12462992  -0.12462992  -0.12462992  -0.12462992  -0.12462992 
  -0.12462992  -0.12462992  -0.12462992  -0.12462992  -0.12462992  -0.12462992 
  -0.12462992  -0.12462992  -0.12462992  -0.12462992  -0.12462992  -0.12462992 
  -0.12462992  -0.12462992  -0.12462992  -0.12462992  -0.12462992  -0.12462992 
  -0.12462992  -0.12462992  -0.12462992  -0.12462992  -0.12462992  -0.12462992 
  -0.12462992  -0.12462992  -0.12462992  -0.12462992  -0.12462992  -0.12462992 
  -0.12462992  -0.12462992  -0.12462992  -0.12462992  -0.12462992  -0.12462992 
  -0.12462992  -0.12462992  -0.12462992]
[-0.99196889  -0.99196889  -0.99196889  -0.99196889  -0.99196889  -0.99196889 
  -0.99196889  -0.99196889  -0.99196889  -0.99196889  -0.99196889  -0.99196889 
  -0.99196889  -0.99196889  -0.99196889  -0.99196889  -0.99196889  -0.99196889 
  -0.99196889  -0.99196889  -0.99196889  -0.99196889  -0.99196889  -0.99196889 
  -0.99196889  -0.99196889  -0.99196889  -0.99196889  -0.99196889  -0.99196889 
  -0.99196889  -0.99196889  -0.99196889  -0.99196889  -0.99196889  -0.99196889 
  -0.99196889  -0.99196889  -0.99196889  -0.99196889  -0.99196889  -0.99196889 
  -0.99196889  -0.99196889  -0.99196889  -0.99196889  -0.99196889  -0.99196889 
  -0.99196889  -0.99196889  -0.99196889  -0.99196889  -0.99196889  -0.99196889 
  -0.99196889  -0.99196889  -0.99196889]
[0.02156623  0.02156623  0.02156623  0.02156623  0.02156623  0.02156623 
  0.02156623  0.02156623  0.02156623  0.02156623  0.02156623  0.02156623 
  0.02156623  0.02156623  0.02156623  0.02156623  0.02156623  0.02156623 
  0.02156623  0.02156623  0.02156623  0.02156623  0.02156623  0.02156623 
  0.02156623  0.02156623  0.02156623  0.02156623  0.02156623  0.02156623 
  0.02156623  0.02156623  0.02156623  0.02156623  0.02156623  0.02156623 
  0.02156623  0.02156623  0.02156623  0.02156623  0.02156623  0.02156623 
  0.02156623  0.02156623  0.02156623  0.02156623  0.02156623  0.02156623 
  0.02156623  0.02156623  0.02156623  0.02156623  0.02156623  0.02156623 
  0.02156623  0.02156623  0.02156623]
[0.25300838  0.25300838  0.25300838  0.25300838  0.25300838  0.25300838 
  0.25300838  0.25300838  0.25300838  0.25300838  0.25300838  0.25300838 
  0.25300838  0.25300838  0.25300838  0.25300838  0.25300838  0.25300838 
  0.25300838  0.25300838  0.25300838  0.25300838  0.25300838  0.25300838 
  0.25300838  0.25300838  0.25300838  0.25300838  0.25300838  0.25300838 
  0.25300838  0.25300838  0.25300838  0.25300838  0.25300838  0.25300838 
  0.25300838  0.25300838  0.25300838  0.25300838  0.25300838  0.25300838 
  0.25300838  0.25300838  0.25300838  0.25300838  0.25300838  0.25300838 
  0.25300838  0.25300838  0.25300838  0.25300838  0.25300838  0.25300838 
  0.25300838  0.25300838  0.25300838]
[-0.01075553  -0.01075553  -0.01075553  -0.01075553  -0.01075553  -0.01075553 
  -0.01075553  -0.01075553  -0.01075553  -0.01075553  -0.01075553  -0.01075553 
  -0.01075553  -0.01075553  -0.01075553  -0.01075553  -0.01075553  -0.01075553 
  -0.01075553  -0.01075553  -0.01075553  -0.01075553  -0.01075553  -0.01075553 
  -0.01075553  -0.01075553  -0.01075553  -0.01075553  -0.01075553  -0.01075553 
  -0.01075553  -0.01075553  -0.01075553  -0.01075553  -0.01075553  -0.01075553 
  -0.01075553  -0.01075553  -0.01075553  -0.01075553  -0.01075553  -0.01075553 
  -0.01075553  -0.01075553  -0.01075553  -0.01075553  -0.01075553  -0.01075553 
  -0.01075553  -0.01075553  -0.01075553  -0.01075553  -0.01075553  -0.01075553 
  -0.01075553  -0.01075553  -0.01075553]
[0.9674043  0.9674043  0.9674043  0.9674043  0.9674043  0.9674043  0.9674043 
  0.9674043  0.9674043  0.9674043  0.9674043  0.9674043  0.9674043  0.9674043 
  0.9674043  0.9674043  0.9674043  0.9674043  0.9674043  0.9674043  0.9674043 
  0.9674043  0.9674043  0.9674043  0.9674043  0.9674043  0.9674043  0.9674043 
  0.9674043  0.9674043  0.9674043  0.9674043  0.9674043  0.9674043  0.9674043 
  0.9674043  0.9674043  0.9674043  0.9674043  0.9674043  0.9674043  0.9674043 
  0.9674043  0.9674043  0.9674043  0.9674043  0.9674043  0.9674043  0.9674043 
  0.9674043  0.9674043  0.9674043  0.9674043  0.9674043  0.9674043  0.9674043 
  0.9674043]
increment_10
[-0.95681609  -0.95384369  -0.95133314  -0.95631201  -0.95564924  -0.95581755 
  -0.9545661    -0.95235332  -0.95614101  -0.95485904  -0.95490439  -0.95515122 
  -0.95438882  -0.95497141  -0.95282043  -0.9593994    -0.95813163  -0.95547125 
  -0.95413403  -0.95368747  -0.95388268  -0.9536373    -0.95452467  -0.95939802 
  -0.95933118  -0.95878382  -0.95638239  -0.95483309  -0.95243058  -0.95359924 
  -0.95247601  -0.95940116  -0.95939262  -0.95858571  -0.95814805  -0.95690991 
  -0.95522747  -0.95329321  -0.95187548  -0.95940234  -0.95938642  -0.95898518 
  -0.95818168  -0.95689761  -0.95661304  -0.95598298  -0.95490809  -0.95891107 
  -0.95898558  -0.95820182  -0.95759741  -0.9565467    -0.95668182  -0.95624931 
  -0.95727893  -0.95656343  -0.95525768]
[0.12777698  0.12964929  0.12990396  0.12785863  0.12824516  0.12812543 
  0.12894559  0.12954836  0.12790512  0.12889457  0.12875473  0.12879898 
  0.128578      0.12860602  0.12813942  0.1260264    0.12683055  0.12836945 
  0.12921749  0.12931173  0.12926669  0.12833437  0.12790071  0.12602805 
  0.12608704  0.12645739  0.12805435  0.12904731  0.12936204  0.12959137 
  0.12897804  0.12602494  0.12603157  0.12663559  0.1269574    0.12786147 
  0.12896576  0.13012914  0.13005793  0.12602439  0.12603731  0.12640501 
  0.12695714  0.12821599  0.12796783  0.12914607  0.12900171  0.12631342 
  0.12638351  0.12700883  0.12766441  0.12869028  0.12837823  0.12870327 
  0.1276706    0.12842105  0.12948619]
[0.25312609  0.25475816  0.25405666  0.25357524  0.25375726  0.25292717 
  0.25383243  0.25238716  0.2537317    0.2540313    0.25329958  0.25333328 
  0.2521647    0.25286462  0.25147207  0.25231681  0.25265871  0.25338 
  0.25282302  0.25305207  0.25175433  0.25212705  0.25031227  0.25231307 
  0.25224886  0.2523906    0.25178682  0.25206439  0.25125835  0.25056566 
  0.24923704  0.25231537  0.25231013  0.25221564  0.25183631  0.25191937 
  0.25043544  0.25038663  0.24927586  0.25231654  0.25230332  0.25195131 
  0.25190443  0.25047557  0.2510386    0.24906404  0.25044849  0.25234204 
  0.25201246  0.25179913  0.25081946  0.24942056  0.25044619  0.25002328 
  0.25088852  0.25057721  0.24973387]
[-0.12134029  -0.12084018  -0.12201108  -0.12183323  -0.12149384  -0.12178481 
  -0.12143718  -0.12213701  -0.12165593  -0.12130912  -0.12156252  -0.1212081 
  -0.12208756  -0.12178599  -0.12288711  -0.12173179  -0.12154012  -0.12151131 
  -0.12158388  -0.1216998    -0.12180256  -0.12256225  -0.12285288  -0.12178449 
  -0.1215923    -0.121274      -0.1215265    -0.12147826  -0.12223001  -0.12176056 
  -0.1224975    -0.12219494  -0.12205029  -0.12148827  -0.1216237    -0.12130499 
  -0.12162095  -0.121485      -0.12207782  -0.12228208  -0.1219009    -0.12147819 
  -0.12156064  -0.12123528  -0.12156242  -0.12101668  -0.1217602    -0.12233331 
  -0.12160399  -0.12149753  -0.12119033  -0.1210521    -0.12113754  -0.12123359 
  -0.12177656  -0.12125494  -0.12110678]
[-0.98836274  -0.98788234  -0.98814902  -0.98857042  -0.98820168  -0.98829157 
  -0.98808587  -0.98817886  -0.98838384  -0.9881983    -0.98814536  -0.98800291 
  -0.98814589  -0.98819303  -0.98834741  -0.98875674  -0.98826048  -0.98807508 
  -0.98805193  -0.98805962  -0.98804832  -0.98827101  -0.98825434  -0.98886285 
  -0.98842469  -0.98824138  -0.98806955  -0.98807892  -0.98807031  -0.98797136 
  -0.98801127  -0.98891427  -0.98858983  -0.98836352  -0.98829435  -0.98810409 
  -0.98808022  -0.98788066  -0.98797903  -0.98897364  -0.98871418  -0.98844045 
  -0.98828821  -0.98815099  -0.9880501    -0.98788998  -0.98810479  -0.9886304 
  -0.98839341  -0.98838499  -0.98813863  -0.98792226  -0.98804778  -0.98807182 
  -0.98832001  -0.98816736  -0.98798172]
[0.01667013  0.01587456  0.01781528  0.0174651    0.01694133  0.01742582 
  0.01686204  0.0180331    0.01716194  0.01662025  0.01706785  0.01648628 
  0.01796403  0.0174415    0.01928806  0.01726692  0.0168855    0.01695558 
  0.01711955  0.01731104  0.01749566  0.01874779  0.01925216  0.01733601 
  0.01709443  0.01655449  0.0170171    0.01694131  0.01821672  0.01744102 
  0.01869213  0.01802208  0.01783884  0.01692526  0.01716717  0.01664841 
  0.01719225  0.01698821  0.01797621  0.01815847  0.0175618    0.01689647 
  0.01706125  0.01653314  0.01714196  0.0162189    0.01742291  0.01830929 
  0.01711873  0.0169365    0.01646212  0.01627073  0.01638498  0.01654161 
  0.01741983  0.01656018  0.01633641]
[0.25167781  0.25424804  0.25557378  0.25268533  0.25284053  0.25209441 
  0.25335223  0.25338833  0.25272766  0.25341526  0.25273623  0.25241447 
  0.25207776  0.25239088  0.25266695  0.25000641  0.25042972  0.25243961 
  0.25259328  0.25310609  0.25172089  0.25272831  0.25035729  0.25009054 
  0.24970544  0.24985979  0.2503525    0.25145819  0.25214795  0.25058484 
  0.25000142  0.25024176  0.24997848  0.24996125  0.24978593  0.25022918 
  0.24966683  0.25040253  0.25023499  0.25030734  0.25001768  0.24955601 
  0.24981679  0.24883141  0.24948475  0.24762516  0.24989418  0.25035541 
  0.24961924  0.24974985  0.2488151    0.24774376  0.2488112    0.24864146 
  0.24932293  0.24911108  0.24874257]
[-0.01299091  -0.01158232  -0.00853644  -0.01169553  -0.01170612  -0.01202201 
  -0.01141613  -0.01071442  -0.01167217  -0.01171035  -0.01180702  -0.01245647 
  -0.01171514  -0.01180716  -0.01038978  -0.01376707  -0.01343848  -0.01195124 
  -0.01195512  -0.01134098  -0.01260142  -0.01047535  -0.01353197  -0.01372924 
  -0.01390673  -0.01408809  -0.01371234  -0.01309701  -0.01193445  -0.0138914 
  -0.01476658  -0.01318451  -0.01329142  -0.01390994  -0.01395682  -0.01400985 
  -0.01462698  -0.01433187  -0.01465121  -0.0130826    -0.01353468  -0.0142497 
  -0.01398181  -0.01535034  -0.0144213    -0.0166093    -0.01440199  -0.01277176 
  -0.01401861  -0.01418129  -0.01523369  -0.01635914  -0.01542349  -0.01562618 
  -0.01447628  -0.0151816    -0.01579492]
[0.97411675  0.97636258  0.97826071  0.97395119  0.97491651  0.97502885 
  0.9758942    0.97820892  0.97428843  0.9754388    0.97579146  0.9758118 
  0.97671314  0.97586015  0.97804912  0.9719235    0.97343791  0.97540851 
  0.97676017  0.97698403  0.97747192  0.97714649  0.97732964  0.97178644 
  0.9724424    0.97310343  0.97547231  0.97654756  0.97885583  0.9783907 
  0.97992408  0.97163153  0.97206528  0.97313848  0.97372695  0.97496233 
  0.97700395  0.97885887  0.98042676  0.97153909  0.97195519  0.97286017 
  0.97368406  0.97560922  0.97567448  0.97737139  0.97721265  0.97232174 
  0.97286163  0.9736096    0.97491559  0.97670539  0.97593946  0.97644157 
  0.97481167  0.97580187  0.97749872]
increment_20
[-0.95257974  -0.94620075  -0.94148097  -0.95246467  -0.95140531  -0.95135808 
  -0.9486214    -0.94348177  -0.95236992  -0.94971187  -0.94930332  -0.95049204 
  -0.94903516  -0.94957765  -0.94416391  -0.95940728  -0.95622683  -0.95099817 
  -0.94808212  -0.94719157  -0.94761774  -0.94728945  -0.94793149  -0.95940011 
  -0.95921892  -0.95774563  -0.95295657  -0.94943172  -0.94452032  -0.9463466 
  -0.94468207  -0.95940116  -0.95938576  -0.95757626  -0.95645645  -0.95395429 
  -0.94985819  -0.94596146  -0.94382619  -0.95940597  -0.95937656  -0.95845659 
  -0.95666702  -0.95380662  -0.95272239  -0.95181452  -0.94974153  -0.95799636 
  -0.95796544  -0.9563819    -0.95493337  -0.95302962  -0.95404231  -0.9526209 
  -0.95476723  -0.95325123  -0.95075101]
[0.13055411  0.13457405  0.13481092  0.13027486  0.13083897  0.13079877 
  0.13254928  0.13418067  0.13020121  0.13226348  0.13234845  0.13183081 
  0.13160254  0.13178979  0.13031429  0.12601793  0.12784869  0.13115788 
  0.13302868  0.13319777  0.13293948  0.13063408  0.13115078  0.12602573 
  0.12618378  0.12697095  0.13042801  0.13268676  0.13318137  0.13406259 
  0.13272977  0.12602486  0.12603611  0.12739495  0.12823959  0.1300511 
  0.13258845  0.13515663  0.13467323  0.12602793  0.12604432  0.12689623 
  0.12817359  0.13095294  0.13036265  0.13294496  0.13250861  0.12682201 
  0.12723813  0.12854323  0.13013881  0.13205057  0.1308459    0.13192905 
  0.12960619  0.1312297    0.13354986]
[0.25498706  0.25852641  0.25662259  0.25552207  0.25587047  0.2535707 
  0.25600637  0.2523185    0.25563836  0.25621149  0.25465591  0.25502144 
  0.25222871  0.2534961    0.25062912  0.25232932  0.2533293    0.25504783 
  0.25390006  0.25398        0.25179825  0.2514899    0.24717265  0.25231676 
  0.2521169    0.25277957  0.25150662  0.25200971  0.25032951  0.24870137 
  0.24597614  0.25231548  0.25230934  0.25216076  0.25116432  0.25164736 
  0.24834291  0.24780884  0.24574112  0.25232349  0.2523044    0.25148114 
  0.25122834  0.24826306  0.24915729  0.24563503  0.24856583  0.25269102 
  0.25149565  0.25082394  0.24845105  0.24581357  0.2479655    0.24708691 
  0.24916595  0.24877182  0.24624489]
[-0.11756446  -0.11671818  -0.11900292  -0.11820213  -0.11792052  -0.11861039 
  -0.11791835  -0.11921097  -0.11818988  -0.11748252  -0.11794814  -0.1175159 
  -0.11910747  -0.1186506    -0.12125688  -0.11835604  -0.11825958  -0.11802391 
  -0.11807648  -0.11840012  -0.11869063  -0.12056694  -0.12039884  -0.11846655 
  -0.11813601  -0.11765414  -0.11798436  -0.11795585  -0.11964483  -0.11857982 
  -0.12000135  -0.11909701  -0.11922789  -0.11796656  -0.11824543  -0.11769329 
  -0.11842862  -0.11801698  -0.11915396  -0.11918081  -0.11853344  -0.11795308 
  -0.11813428  -0.11750237  -0.11810117  -0.11702766  -0.1184928    -0.11945542 
  -0.1181066    -0.11797263  -0.11743442  -0.11710592  -0.11736053  -0.11746157 
  -0.11859152  -0.11750863  -0.11712647]
[-0.98436286  -0.98348798  -0.98387713  -0.98463978  -0.98421488  -0.98430701 
  -0.98397571  -0.98393612  -0.98449169  -0.98410577  -0.98399159  -0.98394378 
  -0.9840915    -0.98418512  -0.98452554  -0.98517477  -0.98446239  -0.98405465 
  -0.98388313  -0.98391652  -0.98394999  -0.98444554  -0.98419663  -0.9853544 
  -0.98472249  -0.98445765  -0.98411715  -0.98394406  -0.98401236  -0.98372712 
  -0.9838882    -0.98536228  -0.98485468  -0.98460338  -0.9844495    -0.98420379 
  -0.98400338  -0.98355898  -0.98370102  -0.98540858  -0.98497755  -0.98471682 
  -0.98447134  -0.98416321  -0.98407164  -0.98367396  -0.9839699    -0.9849471 
  -0.98461749  -0.98458288  -0.98416876  -0.98375785  -0.98404039  -0.98397289 
  -0.98442791  -0.98414857  -0.98375009]
[0.0109542    0.00951206  0.01335538  0.01197935  0.01152638  0.01272581 
  0.01154707  0.01375283  0.01183994  0.01077891  0.01160996  0.01075499 
  0.01359544  0.01279784  0.01719882  0.01222853  0.01105924  0.01133872 
  0.01183907  0.01237526  0.0129005    0.01603412  0.01581223  0.0123816 
  0.01196234  0.01054735  0.01163234  0.01166107  0.01451026  0.01276469 
  0.01517912  0.01344901  0.01376785  0.01165614  0.01216713  0.01119602 
  0.01249881  0.01183029  0.01374056  0.01358226  0.01256695  0.01162814 
  0.01196256  0.01093686  0.01230785  0.01023919  0.01260663  0.01412236 
  0.01190427  0.01166744  0.01083392  0.01036109  0.01072309  0.01089657 
  0.01274133  0.01093736  0.01034283]
[0.25174385  0.2574221    0.25939497  0.25275825  0.25323451  0.25131991 
  0.2546006    0.25409661  0.25271987  0.25415412  0.25293982  0.25237953 
  0.25120354  0.25206988  0.25346036  0.24662414  0.24723585  0.25217891 
  0.2527744    0.25347191  0.2511923    0.25224873  0.24698839  0.24676908 
  0.24611803  0.24626805  0.24777839  0.25021329  0.25174317  0.24850095 
  0.24706561  0.2469458    0.2466329    0.24683339  0.24630693  0.24762318 
  0.24651298  0.24749438  0.24693298  0.24700497  0.2465268    0.24581353 
  0.24630401  0.24435055  0.24524606  0.24221478  0.24679553  0.24782669 
  0.24603395  0.24607057  0.24398294  0.24190337  0.24382649  0.24361473 
  0.2452625    0.24511376  0.24345238]
[-0.0146293    -0.0114042    -0.00553901  -0.0130854    -0.01272253  -0.01345399 
  -0.01171772  -0.01086867  -0.01291118  -0.01294515  -0.01310526  -0.01407627 
  -0.01305764  -0.01291108  -0.00815649  -0.017312      -0.01683912  -0.01346131 
  -0.0131586    -0.01212388  -0.01397105  -0.01032484  -0.01785049  -0.01722351 
  -0.01761654  -0.01803755  -0.01707272  -0.01556551  -0.0128418    -0.01711705 
  -0.01887256  -0.01636815  -0.01604919  -0.01746527  -0.01770583  -0.01749643 
  -0.01864242  -0.01865766  -0.01933605  -0.01627003  -0.01702868  -0.01825731 
  -0.01782521  -0.02055123  -0.01905589  -0.02289746  -0.01832622  -0.01504454 
  -0.01792196  -0.0183521    -0.02066544  -0.02286345  -0.02097712  -0.02138896 
  -0.0187955    -0.02001192  -0.02205727]
[0.98230259  0.98699458  0.99108141  0.98167604  0.98296462  0.9838962 
  0.98545873  0.99146502  0.98192443  0.98436333  0.98553668  0.98455121 
  0.98669109  0.98553786  0.99092401  0.97698079  0.98032012  0.98397886 
  0.9870328    0.98764442  0.98829419  0.98793543  0.98988003  0.97675016 
  0.97783375  0.97936236  0.98402158  0.98677655  0.9914736    0.99116641 
  0.99368873  0.9766107    0.97721942  0.97929171  0.98081788  0.98300881 
  0.98806579  0.99216449  0.99475427  0.97652836  0.97722201  0.97877541 
  0.9805912    0.98477473  0.9855129    0.98831386  0.98809476  0.97799091 
  0.97925143  0.9808968    0.98378212  0.98711986  0.98490219  0.98653726 
  0.98308236  0.98500312  0.98877547]
increment_30
[-0.94834571  -0.93927625  -0.93284932  -0.94906989  -0.94741331  -0.94748346 
  -0.94328555  -0.93541614  -0.9486942    -0.94454627  -0.94417827  -0.94621361 
  -0.94401997  -0.94453062  -0.93653237  -0.95943504  -0.95416042  -0.94664329 
  -0.94264936  -0.94098907  -0.94182934  -0.94146176  -0.9417154    -0.95941045 
  -0.95899714  -0.95643213  -0.94949183  -0.94428726  -0.93770695  -0.93915802 
  -0.93771675  -0.95940162  -0.95932693  -0.95666137  -0.95415404  -0.95106521 
  -0.94445518  -0.93932966  -0.9367562    -0.95942609  -0.95932942  -0.95782018 
  -0.9550842    -0.95071344  -0.94831264  -0.94782753  -0.94483524  -0.95710507 
  -0.9565585    -0.95470895  -0.95201909  -0.94977437  -0.95134754  -0.94855857 
  -0.95225502  -0.94983282  -0.94615319]
[0.13329327  0.13901804  0.1395001    0.13242354  0.13332374  0.13321543 
  0.1359089    0.13859354  0.13248551  0.13566732  0.13572862  0.13459515 
  0.13464542  0.13488842  0.13206677  0.12598853  0.12885326  0.13387703 
  0.13657789  0.13698557  0.13640128  0.13256199  0.13432784  0.12601462 
  0.12637245  0.12750555  0.13285238  0.13624587  0.13661458  0.13850801 
  0.1362983    0.12602426  0.12607525  0.12809293  0.12995443  0.13218812 
  0.13614451  0.13979033  0.13912546  0.12603423  0.12607549  0.12749734 
  0.1294491    0.133629      0.13311821  0.13650207  0.13601626  0.12730923 
  0.12837818  0.12994523  0.13282794  0.13513432  0.1333305    0.13536089 
  0.13149083  0.13408474  0.13765374]
[0.2570243    0.26202981  0.25921082  0.2572843    0.25798225  0.25411411 
  0.25798987  0.25212904  0.25759532  0.25836653  0.25581961  0.25676152 
  0.25222759  0.25417614  0.24986337  0.25237137  0.25390239  0.2567052 
  0.25487429  0.25463973  0.25191933  0.25083114  0.24403231  0.2523332 
  0.25185317  0.25334304  0.25126471  0.25196941  0.24959975  0.24687227 
  0.24252891  0.2523163    0.2523022    0.25206828  0.25029026  0.25141285 
  0.24639706  0.24541271  0.24282433  0.25235893  0.25232178  0.25086853 
  0.2505146    0.24638968  0.24711322  0.24275615  0.24637551  0.25306753 
  0.25096866  0.24992605  0.24594166  0.24261366  0.24561197  0.24444506 
  0.24776607  0.24711694  0.24291506]
[-0.11386392  -0.11283582  -0.11581089  -0.11458573  -0.11437132  -0.11540918 
  -0.11436315  -0.11624269  -0.11465921  -0.11368423  -0.11436996  -0.11392315 
  -0.1160114    -0.11542845  -0.1197454    -0.11493978  -0.11478897  -0.1146063 
  -0.11453679  -0.11511932  -0.11557216  -0.11871263  -0.11791548  -0.11511941 
  -0.11468054  -0.11403543  -0.11437351  -0.11438697  -0.11700127  -0.11540916 
  -0.11744918  -0.11607815  -0.11637314  -0.11448936  -0.11484098  -0.11412549 
  -0.11526157  -0.1145542    -0.115993      -0.11608911  -0.11516634  -0.11444103 
  -0.11473085  -0.11373939  -0.11474592  -0.11306375  -0.11514324  -0.11657254 
  -0.11464264  -0.11448858  -0.11366538  -0.11322075  -0.11358493  -0.11373149 
  -0.11539266  -0.11377967  -0.11315367]
[-0.98042672  -0.97931511  -0.9796324    -0.98075522  -0.98034567  -0.98041713 
  -0.97994789  -0.97974894  -0.98058318  -0.98004379  -0.97995134  -0.97998416 
  -0.98010739  -0.98021418  -0.98078225  -0.98155783  -0.98072551  -0.98009497 
  -0.97979798  -0.97981912  -0.97991694  -0.98067875  -0.9801837    -0.98181102 
  -0.98106811  -0.98075608  -0.98017528  -0.97985025  -0.97998283  -0.97951438 
  -0.97978721  -0.98180916  -0.9811944    -0.98089869  -0.98060273  -0.98033053 
  -0.97990858  -0.9792973    -0.97941515  -0.98186906  -0.98129789  -0.98100873 
  -0.98069685  -0.98015038  -0.98008604  -0.97948045  -0.97984679  -0.98127657 
  -0.98088119  -0.9807954    -0.98018022  -0.97965189  -0.98003492  -0.97985838 
  -0.98054166  -0.98014274  -0.97952575]
[0.0052737    0.00335018  0.00842551  0.00643485  0.00605495  0.00790572 
  0.00605434  0.00929007  0.00615923  0.00488282  0.00609553  0.00492115 
  0.00894929  0.00792667  0.01526175  0.00712812  0.00504831  0.00515372 
  0.00637393  0.00735581  0.00820696  0.01351661  0.01227262  0.00738455 
  0.00684721  0.00419497  0.00605747  0.00621942  0.01062814  0.00802472 
  0.01151353  0.00901024  0.00962666  0.0064403    0.00711042  0.00578126 
  0.00780275  0.0065983    0.00902854  0.00901739  0.0075614    0.00637615 
  0.00688113  0.00526924  0.00752143  0.00426359  0.00760005  0.00991233 
  0.00672717  0.00645059  0.00517032  0.00452425  0.00504787  0.00529651 
  0.00802036  0.00531006  0.00432605]
[0.25200826  0.26013134  0.26245774  0.25242909  0.25354516  0.25018107 
  0.25534945  0.25427117  0.25249665  0.2548623    0.25275697  0.25211477 
  0.25006569  0.25158249  0.25391513  0.24322618  0.24377292  0.25126927 
  0.25252538  0.25340831  0.2505173    0.25157752  0.24346402  0.24342422 
  0.24246853  0.24244239  0.24517025  0.24883898  0.25096818  0.24643453 
  0.24354616  0.24366692  0.24333695  0.24366825  0.24285232  0.24506217 
  0.24351058  0.24446089  0.24369573  0.24373562  0.24310661  0.24199466 
  0.242814      0.24016854  0.24119197  0.23727328  0.24324153  0.24530865 
  0.24265172  0.24241294  0.23910811  0.23639421  0.23898825  0.23907016 
  0.24151437  0.24131695  0.23835763]
[-0.01611002  -0.01146648  -0.0037704    -0.01480742  -0.01393944  -0.01530317 
  -0.01261704  -0.01164696  -0.01449963  -0.01426894  -0.01480654  -0.01587032 
  -0.01489436  -0.01433625  -0.00598827  -0.02088091  -0.02058484  -0.0156095 
  -0.01485844  -0.01335136  -0.01550882  -0.0101151    -0.02226952  -0.02073822 
  -0.0214198    -0.02221485  -0.02057192  -0.01825148  -0.0140337    -0.02034969 
  -0.02351605  -0.01944417  -0.01886541  -0.02103627  -0.02157417  -0.02093124 
  -0.02248198  -0.02300662  -0.02377893  -0.0194539    -0.02051687  -0.02235229 
  -0.02167866  -0.02552149  -0.02363688  -0.02876331  -0.02273835  -0.01731567 
  -0.02173535  -0.0224493    -0.02619639  -0.02902894  -0.02642687  -0.02680419 
  -0.02282353  -0.02470367  -0.02819291]
[0.9904406    0.99710328  1.0031792    0.98917896  0.99078269  0.99234301 
  0.99470105  1.00433007  0.98964225  0.99343773  0.99501156  0.99299513 
  0.99650168  0.99503344  1.00301931  0.98205994  0.98745865  0.99266482 
  0.99693859  0.99834855  0.99879243  0.99838573  1.00222182  0.98175026 
  0.98332295  0.98584013  0.99268947  0.99690597  1.00326995  1.00406478 
  1.00701538  0.98158144  0.98234975  0.98533191  0.98856178  0.99101058 
  0.9992581    1.00493856  1.00820183  0.98146235  0.98244538  0.98482663 
  0.98754489  0.99387783  0.99591332  0.99889712  0.99903411  0.98364933 
  0.98592155  0.9880363    0.99297977  0.9970913    0.99388306  0.99693894 
  0.99124627  0.99427303  1.0001336  ]
increment_40
[-0.94423294  -0.93308854  -0.92556492  -0.9460787    -0.94367237  -0.94403767 
  -0.93824499  -0.92816591  -0.94496743  -0.93933393  -0.93952819  -0.94229154 
  -0.93904745  -0.93978154  -0.92954461  -0.95946525  -0.95199206  -0.94233312 
  -0.93745504  -0.93517338  -0.93637673  -0.93591126  -0.93573356  -0.95941848 
  -0.95864916  -0.95486391  -0.9459465    -0.9392427    -0.9315259    -0.93212109 
  -0.93132242  -0.95940278  -0.95909422  -0.95573433  -0.95144542  -0.9481869 
  -0.93901013  -0.93309675  -0.93015423  -0.95946599  -0.95918638  -0.95708858 
  -0.95342376  -0.94746377  -0.94351311  -0.94393898  -0.93984454  -0.95621942 
  -0.95494012  -0.95311434  -0.94889745  -0.94669039  -0.94826764  -0.94418412 
  -0.94952578  -0.94621827  -0.94142431]
[0.13592677  0.14295689  0.14372573  0.13431477  0.13566551  0.13543167 
  0.13915807  0.14269561  0.13482177  0.13909095  0.13883202  0.13711745 
  0.13780511  0.13787705  0.13377899  0.12595634  0.12998466  0.13650148 
  0.14006439  0.14055345  0.13980642  0.13429709  0.1374236    0.12600517 
  0.1266786    0.1281233    0.13531546  0.13978647  0.13988197  0.1429023 
  0.13973904  0.12602291  0.12622659  0.12879889  0.13193731  0.13430261 
  0.13972934  0.14415669  0.14360408  0.12602573  0.12616883  0.12818691 
  0.13076555  0.13638689  0.13619671  0.13993847  0.13968031  0.12779214 
  0.12966961  0.13126448  0.13567412  0.13804395  0.13612234  0.13891858 
  0.1335218    0.13707371  0.14178343]
[0.25913521  0.26531773  0.26153039  0.25888583  0.26003145  0.25478155 
  0.25990032  0.25195941  0.25965487  0.26062025  0.25703248  0.2584992 
  0.25213106  0.25496873  0.24911917  0.25241809  0.25437283  0.25835903 
  0.25562628  0.25520509  0.25194041  0.25018988  0.24105219  0.25234988 
  0.25143312  0.25406436  0.25106839  0.25199801  0.24894661  0.24514972 
  0.23882943  0.25231818  0.25226751  0.25198077  0.24928485  0.25124524 
  0.24447437  0.24334002  0.24040384  0.25242506  0.25238171  0.25017168 
  0.24988306  0.24471115  0.24505129  0.24009554  0.24374063  0.25345588 
  0.25044509  0.24915627  0.24341515  0.2396464    0.24316554  0.24210002 
  0.24655812  0.24548221  0.2399259  ]
[-0.1102193    -0.10909015  -0.11252238  -0.11103267  -0.11084722  -0.11213046 
  -0.11077968  -0.11326498  -0.11119701  -0.1099156    -0.1108025    -0.11039489 
  -0.11282664  -0.1121479    -0.11821588  -0.11152715  -0.11124323  -0.11125659 
  -0.11098153  -0.1118927    -0.1123788    -0.11694428  -0.11542154  -0.11176233 
  -0.11123251  -0.11043544  -0.11072706  -0.11078964  -0.11428839  -0.11222924 
  -0.11485364  -0.113071      -0.11356605  -0.11104695  -0.11141344  -0.11058562 
  -0.11208452  -0.11110642  -0.11259558  -0.11300026  -0.1118121    -0.11094686 
  -0.11134981  -0.10996029  -0.11151554  -0.10909817  -0.11175847  -0.11370372 
  -0.11120144  -0.11102179  -0.10989215  -0.10935985  -0.10976865  -0.11003495 
  -0.11212224  -0.11007266  -0.10919507]
[-0.97653376  -0.97526222  -0.9754754    -0.97694241  -0.97653461  -0.97659234 
  -0.97596632  -0.97564075  -0.97669182  -0.97599998  -0.97599141  -0.97609231 
  -0.97614947  -0.97628281  -0.97707749  -0.97795144  -0.977007      -0.97618399 
  -0.97575638  -0.97578746  -0.97590994  -0.97696889  -0.97620669  -0.97825773 
  -0.97743978  -0.97708174  -0.9762517    -0.97578534  -0.97598671  -0.97533044 
  -0.97569082  -0.97826658  -0.97761278  -0.97723158  -0.97674489  -0.97647729 
  -0.9758163    -0.97508594  -0.97511375  -0.97834438  -0.97767914  -0.97731991 
  -0.97695675  -0.97612545  -0.9760822    -0.97528582  -0.97570976  -0.97765863 
  -0.97716117  -0.97702766  -0.97618189  -0.97556647  -0.97598636  -0.97573835 
  -0.9766566    -0.97614775  -0.97530739]
[-4.00308807e-04  -2.72652080e-03    3.17134026e-03    9.23143647e-04 
    5.51464997e-04    2.88569169e-03    4.09005507e-04    4.70368817e-03 
    2.34875774e-05  -1.06608698e-03    4.95699760e-04  -9.81358050e-04 
    4.08113405e-03    2.87524996e-03    1.32476616e-02    2.03183703e-03 
  -9.55743326e-04  -1.63983802e-03    7.40213998e-04    2.30149882e-03 
    3.30445898e-03    1.11052478e-02    8.66808170e-03    2.37342978e-03 
    1.75115132e-03  -2.44797169e-03    3.24626454e-04    6.46869637e-04 
    6.55083662e-03    3.18644408e-03    7.72515708e-03    4.58931261e-03 
    5.54786271e-03    1.26522186e-03    1.99741360e-03    3.70532935e-04 
    3.03714397e-03    1.31425697e-03    3.83381299e-03    4.45451475e-03 
    2.56450313e-03    1.14757413e-03    1.81597542e-03  -4.52615137e-04 
    2.77990875e-03  -1.74371844e-03    2.49072805e-03    5.70386342e-03 
    1.57033775e-03    1.24529853e-03  -5.17878070e-04  -1.29362734e-03 
  -7.07799294e-04  -2.82421893e-04    3.15472103e-03  -3.16228800e-04 
  -1.70707090e-03]
[0.25229464  0.26234952  0.26452622  0.25179028  0.25369263  0.24894229 
  0.25585908  0.25408105  0.25199626  0.25566547  0.2524042    0.25163327 
  0.24877542  0.25102997  0.25405161  0.23983982  0.24041862  0.24963591 
  0.25187459  0.25305334  0.24954433  0.25085542  0.24001702  0.24007168 
  0.23873551  0.23850278  0.24251487  0.24746131  0.24993099  0.24440462 
  0.2395023    0.24039449  0.24014709  0.24054326  0.23937818  0.24256898 
  0.24054117  0.24157751  0.2406209    0.24049358  0.23981634  0.23815413 
  0.23946285  0.23622363  0.23750773  0.23248112  0.23926936  0.24282678 
  0.23938152  0.2388557    0.23429729  0.23105062  0.23418815  0.23495057 
  0.23802721  0.23763224  0.23364597]
[-0.01756034  -0.01179966  -0.00320076  -0.01673526  -0.01532552  -0.01737673 
  -0.01385054  -0.01279939  -0.01642271  -0.01556091  -0.01669955  -0.01782734 
  -0.01706806  -0.01594502  -0.00430453  -0.02444434  -0.02437448  -0.01839636 
  -0.01700088  -0.01481731  -0.01745777  -0.00980775  -0.02651823  -0.02426216 
  -0.02532401  -0.02652722  -0.0241832    -0.02103429  -0.0155303    -0.02357134 
  -0.02867801  -0.02250579  -0.02163031  -0.02457449  -0.02554448  -0.02431172 
  -0.02632091  -0.02716396  -0.02811595  -0.02262254  -0.02395215  -0.02648392 
  -0.02543701  -0.0303474    -0.02797282  -0.03449887  -0.02761999  -0.01958464 
  -0.02549372  -0.02644631  -0.03172739  -0.03502176  -0.03194668  -0.03190161 
  -0.02671814  -0.02934853  -0.03405029]
[0.99851045  1.00674744  1.01444061  0.99642526  0.99846278  1.00041232 
  1.00384583  1.01664553  0.99753149  1.00264567  1.00412068  1.00119389 
  1.00645055  1.0043364    1.01470232  0.9871215    0.99471219  1.00156331 
  1.00688642  1.00889054  1.00920687  1.00866972  1.01439783  0.98676641 
  0.98895702  0.99253823  1.00151064  1.00704653  1.01465148  1.01697935 
  1.02013465  0.98654402  0.98754603  0.99134658  0.99679171  0.9990171 
  1.01062795  1.01735237  1.02125788  0.98635294  0.98765333  0.99097219 
  0.99450966  1.00310465  1.00670322  1.00938239  1.01040077  0.9892646 
  0.9927676    0.9950552    1.00241501  1.00682584  1.00332946  1.00756684 
  0.99956724  1.0037588    1.01154179]
increment_50
[-0.94027009  -0.92747556  -0.91931982  -0.9434736    -0.94019817  -0.94094352 
  -0.93330413  -0.92141662  -0.9412655    -0.9341499    -0.93537396  -0.9386744 
  -0.93410511  -0.9352587    -0.92285254  -0.95949407  -0.94983458  -0.93812787 
  -0.93240689  -0.92975582  -0.93115706  -0.93070212  -0.92982827  -0.95941369 
  -0.95818941  -0.953018      -0.94242813  -0.93428138  -0.92588506  -0.92526444 
  -0.92538622  -0.95940424  -0.95868101  -0.95475146  -0.94841503  -0.94530162 
  -0.93364746  -0.92718267  -0.92383962  -0.95951498  -0.95890412  -0.95631428 
  -0.95167202  -0.94406652  -0.93843167  -0.94011773  -0.9347048    -0.95536908 
  -0.95318768  -0.95153046  -0.94565681  -0.94369941  -0.94475318  -0.93960397 
  -0.94651228  -0.94238479  -0.93666685]
[0.13844661  0.14650587  0.14757087  0.13595367  0.13784331  0.13746767 
  0.14239657  0.14663125  0.13714667  0.14249256  0.14161079  0.13943939 
  0.14106749  0.14079123  0.13565549  0.125925      0.13118339  0.13895279 
  0.14351755  0.14387109  0.1432072    0.13591544  0.14049006  0.12600579 
  0.12707986  0.12882949  0.13771587  0.1433059    0.14303844  0.14721088 
  0.14310457  0.12602125  0.12648414  0.12954214  0.13411315  0.1364081 
  0.14328242  0.14827778  0.14811423  0.12599819  0.12635364  0.1289091 
  0.13213689  0.13922        0.13947539  0.14329043  0.14350406  0.12824681 
  0.13105272  0.13256086  0.13858648  0.14086249  0.13926615  0.14251614 
  0.13577193  0.1402004    0.14586491]
[0.2612549    0.26841691  0.26356811  0.26033329  0.26198845  0.25554986 
  0.26175125  0.25179018  0.26176194  0.26288619  0.25832314  0.26016695 
  0.25189742  0.25584291  0.24836956  0.25246576  0.25478054  0.25995305 
  0.25608862  0.25572009  0.25179463  0.24960171  0.23827423  0.25236421 
  0.25088946  0.25494823  0.25095469  0.25206448  0.24832396  0.24358481 
  0.23497291  0.25232055  0.25219116  0.25191147  0.24825061  0.25110722 
  0.24264163  0.24160823  0.23848183  0.25250297  0.25249917  0.24947131 
  0.24931749  0.24322008  0.2430959    0.23753395  0.24068434  0.25382934 
  0.24994088  0.24848134  0.24099413  0.23678884  0.24059258  0.24004292 
  0.24544647  0.24389951  0.23725037]
[-0.10663862  -0.10543249  -0.10914097  -0.10757049  -0.10735897  -0.1087792 
  -0.10718648  -0.11026467  -0.10785505  -0.10618223  -0.10724953  -0.10692542 
  -0.10957644  -0.10881309  -0.11659397  -0.10815004  -0.10769279  -0.10792055 
  -0.10742512  -0.10872941  -0.10911809  -0.11520651  -0.11291517  -0.10841532 
  -0.10778717  -0.10683374  -0.10707154  -0.10718817  -0.11148742  -0.10904858 
  -0.11219779  -0.11002436  -0.11091404  -0.10763942  -0.10795889  -0.10707025 
  -0.10889724  -0.1076906    -0.10900289  -0.10990158  -0.10847546  -0.10748322 
  -0.1079829    -0.10618793  -0.1083451    -0.10512717  -0.10836455  -0.11090866 
  -0.10778351  -0.10756354  -0.10612358  -0.10551201  -0.10590996  -0.10639888 
  -0.10877279  -0.10639577  -0.10526492]
[-0.97269322  -0.97127874  -0.97140317  -0.97322265  -0.97277266  -0.97281588 
  -0.97201451  -0.97158558  -0.97283525  -0.9719753    -0.97209756  -0.97226142 
  -0.97221196  -0.97238729  -0.97338883  -0.97438551  -0.97330719  -0.97232417 
  -0.97174835  -0.97182325  -0.97192595  -0.9733142    -0.97225612  -0.9747187 
  -0.97382963  -0.97342319  -0.9723633    -0.97175487  -0.97202639  -0.97117723 
  -0.97159571  -0.9747423    -0.97409093  -0.97359926  -0.97288782  -0.97264633 
  -0.97174671  -0.97092759  -0.9708086    -0.97484496  -0.97410781  -0.97366327 
  -0.97324367  -0.97210855  -0.97207352  -0.97109717  -0.97155628  -0.97409852 
  -0.97346005  -0.97328353  -0.97218315  -0.97149122  -0.97189221  -0.97163629 
  -0.97276974  -0.9721653    -0.97110598]
[-6.05191395e-03  -8.78648120e-03  -2.39522021e-03  -4.49992251e-03 
  -4.96482955e-03  -2.32183806e-03  -5.35290050e-03  -2.17176023e-05 
  -6.53967809e-03  -7.06033644e-03  -5.17515147e-03  -6.91222634e-03 
  -9.69441269e-04  -2.35013351e-03    1.10237562e-02  -3.01220571e-03 
  -6.92085064e-03  -8.88670939e-03  -5.04130623e-03  -2.78297083e-03 
  -1.79322710e-03    8.70487825e-03    4.99657861e-03  -2.62154411e-03 
  -3.32618931e-03  -9.39814243e-03  -5.54349401e-03  -5.01714633e-03 
    2.24298716e-03  -1.73657269e-03    3.78835306e-03    9.79148696e-05 
    1.71775039e-03  -3.86897643e-03  -3.19492016e-03  -5.05252731e-03 
  -1.80418923e-03  -3.99131517e-03  -1.78462055e-03  -1.29866666e-04 
  -2.41508953e-03  -4.03907201e-03  -3.24715045e-03  -6.19780187e-03 
  -1.96255025e-03  -7.78271154e-03  -2.67463699e-03    1.59862244e-03 
  -3.56793154e-03  -3.96456513e-03  -6.22029631e-03  -7.10821708e-03 
  -6.55224601e-03  -5.80382459e-03  -1.87368254e-03  -5.93066265e-03 
  -7.73864430e-03]
[0.25253816  0.26413777  0.26576903  0.25088912  0.25364076  0.24761397 
  0.2562399    0.25364653  0.25111833  0.25644898  0.25189739  0.25092854 
  0.24730996  0.25041735  0.2539728    0.2364924    0.23717648  0.24732624 
  0.25078084  0.25242943  0.24826755  0.2500536    0.23675515  0.23673665 
  0.23493233  0.23444169  0.23978527  0.2460701    0.24862622  0.24244944 
  0.23508286  0.23712066  0.23707422  0.23748892  0.23593125  0.24009188 
  0.23762168  0.23890021  0.23779168  0.2372726    0.23668107  0.23435848 
  0.23623198  0.2325197    0.23417597  0.22772427  0.23494425  0.24036277 
  0.23620286  0.23539727  0.2296345    0.22577802  0.22940934  0.23121604 
  0.23472881  0.23410117  0.22925164]
[-0.01902592  -0.01239139  -0.00361463  -0.01880809  -0.01687236  -0.01965009 
  -0.01529699  -0.01424611  -0.0186991    -0.01689453  -0.01873195  -0.01994581 
  -0.01955779  -0.0177371    -0.00316108  -0.02797026  -0.02815058  -0.02174433 
  -0.01958007  -0.01647319  -0.01981924  -0.00952805  -0.03050633  -0.02777461 
  -0.02930787  -0.03098647  -0.02788542  -0.02390053  -0.01738489  -0.02673327 
  -0.034183      -0.02562339  -0.02420293  -0.02806119  -0.02956698  -0.02768592 
  -0.03013196  -0.03108442  -0.03235876  -0.02579121  -0.02730741  -0.0305823 
  -0.02912388  -0.03502046  -0.03204656  -0.04020494  -0.03290121  -0.0217927 
  -0.02920088  -0.03037217  -0.0371689    -0.04094044  -0.03756631  -0.03668052 
  -0.03058379  -0.03391107  -0.0396604  ]
[1.00649906  1.01608874  1.02507953  1.00337318  1.00600475  1.00818415 
  1.01306034  1.02869274  1.00553085  1.01196686  1.01282608  1.00920559 
  1.01657072  1.01351501  1.02630901  0.99212719  1.00195459  1.01061305 
  1.01699519  1.01921956  1.01964547  1.01870291  1.0265384    0.99177456 
  0.99472228  0.99949779  1.01036154  1.01721342  1.02569032  1.02985322 
  1.0330706    0.99149832  0.99282712  0.99736997  1.0053958    1.00706578 
  1.02201245  1.0294479    1.03406119  0.99120785  0.99289328  0.99711559 
  1.00151953  1.0124357    1.01777947  1.01984635  1.0222393    0.99480589 
  0.99972305  1.00202112  1.0119571    1.01645734  1.01332211  1.01832742 
  1.00816416  1.01347561  1.02292547]
increment_60
[-0.93645471  -0.92225371  -0.91384362  -0.94122449  -0.93693444  -0.938177 
  -0.9284186    -0.91499428  -0.93775922  -0.92909603  -0.93168389  -0.93528103 
  -0.9292151    -0.93094236  -0.9162835    -0.95952877  -0.94781181  -0.93412351 
  -0.9275081    -0.92473948  -0.92607426  -0.92589669  -0.92393189  -0.95937955 
  -0.95764519  -0.95096457  -0.93906469  -0.92943842  -0.92074458  -0.9186414 
  -0.91980375  -0.95940566  -0.95816822  -0.95368158  -0.94518451  -0.94244767 
  -0.92851432  -0.921577      -0.91768433  -0.95956334  -0.95845189  -0.95555464 
  -0.94982157  -0.94057788  -0.93324293  -0.93631088  -0.92947874  -0.95455698 
  -0.95132423  -0.94992339  -0.9424277    -0.94067665  -0.94085973  -0.93495591 
  -0.94321597  -0.93840206  -0.9320179  ]
[0.1408602    0.14979157  0.15109576  0.1373605    0.13988623  0.13931677 
  0.14563593  0.15048498  0.13934289  0.14581413  0.14406809  0.14161926 
  0.14439779  0.14362767  0.13775918  0.12588646  0.13232356  0.14114355 
  0.14690572  0.14693488  0.1466317    0.13746903  0.14352673  0.12602614 
  0.12753077  0.12958761  0.13997016  0.14676775  0.14608143  0.15138198 
  0.14642149  0.12601965  0.12678641  0.13034713  0.13638988  0.13848051 
  0.14672404  0.15216951  0.15262708  0.12596041  0.12665263  0.12961122 
  0.13357057  0.14208573  0.14281361  0.14659181  0.14739363  0.12866587 
  0.13250206  0.13386837  0.14144404  0.14370401  0.14271539  0.14603087 
  0.13825835  0.14339064  0.1498073  ]
[0.26335626  0.27137716  0.26538654  0.26162195  0.26387174  0.25634696 
  0.2635398    0.25154046  0.26380668  0.26506997  0.25965981  0.261739 
  0.25149323  0.25675741  0.24756929  0.25252706  0.25516801  0.26146057 
  0.25626699  0.25622015  0.25147328  0.24908926  0.23571488  0.25238899 
  0.25028493  0.25594914  0.25089635  0.25212359  0.24769315  0.24220959 
  0.23106812  0.2523229    0.25208782  0.2518516    0.24728315  0.25096128 
  0.24096643  0.24016204  0.23698796  0.25257782  0.25267604  0.24881543 
  0.24881609  0.24190897  0.24135015  0.23499564  0.23738266  0.25417659 
  0.24949505  0.24786026  0.23879799  0.23393849  0.23792139  0.23828289 
  0.24431813  0.24244703  0.23482319]
[-0.10311851  -0.10185201  -0.10569254  -0.10419471  -0.10391715  -0.10538473 
  -0.10360187  -0.10723661  -0.10462658  -0.10249424  -0.10372578  -0.10350542 
  -0.10628122  -0.10544312  -0.11485804  -0.10481943  -0.10416        -0.10456237 
  -0.10386596  -0.1056164    -0.10581185  -0.11344959  -0.11041023  -0.10508609 
  -0.10432628  -0.1032092    -0.10342513  -0.10360462  -0.10859682  -0.10587726 
  -0.10947728  -0.10692351  -0.10842009  -0.10426144  -0.1044913    -0.10356752 
  -0.10569418  -0.10430601  -0.10528736  -0.10680662  -0.10515088  -0.1040543 
  -0.10462567  -0.1024323    -0.1052019    -0.10112606  -0.10499164  -0.10821949 
  -0.10439229  -0.10410699  -0.10237471  -0.10165479  -0.10202125  -0.10285355 
  -0.10536456  -0.10276075  -0.10137151]
[-0.96890239  -0.96734852  -0.96740436  -0.96958638  -0.96905921  -0.96908231 
  -0.96808827  -0.96756288  -0.96902474  -0.96797885  -0.96826249  -0.96848349 
  -0.96828925  -0.96852842  -0.96970366  -0.97086939  -0.96963859  -0.96851957 
  -0.96776923  -0.96792234  -0.96796135  -0.96970626  -0.96833059  -0.97120181 
  -0.97023263  -0.96977731  -0.96851838  -0.9677608    -0.96810045  -0.9670561 
  -0.96750152  -0.97123934  -0.97061833  -0.96999358  -0.96904156  -0.96884061 
  -0.96771016  -0.96682128  -0.96651154  -0.97137523  -0.97056685  -0.97004283 
  -0.96955595  -0.96810529  -0.96807659  -0.9669104    -0.96740251  -0.97058747 
  -0.96978065  -0.96955815  -0.96820086  -0.96740324  -0.9677627    -0.96756664 
  -0.96888241  -0.96820215  -0.96692815]
[-0.01168216  -0.01486895  -0.00822182  -0.00983116  -0.01047213  -0.00766214 
  -0.01119907  -0.00489064  -0.01334653  -0.01308462  -0.01089902  -0.0128391 
  -0.00616734  -0.00771644    0.00854613  -0.00798818  -0.01286312  -0.01641446 
  -0.01096286  -0.00794406  -0.00704606    0.00622862    0.00128316  -0.00758886 
  -0.00839824  -0.01656488  -0.01149937  -0.01073168  -0.00229998  -0.0067271 
  -0.00030265  -0.00448946  -0.00185614  -0.00897075  -0.00846441  -0.01052094 
  -0.00673387  -0.00931826  -0.00771442  -0.0047136    -0.00738594  -0.00917773 
  -0.00831726  -0.01195382  -0.00673352  -0.01388088  -0.00784563  -0.0023453 
  -0.00868402  -0.00919058  -0.01191635  -0.01295332  -0.01247241  -0.01122104 
  -0.00703572  -0.01151308  -0.0137547  ]
[0.25271454  0.26559881  0.26640031  0.24973516  0.25343989  0.24615126 
  0.25651798  0.25296796  0.24984326  0.25708749  0.25121412  0.25004221 
  0.24563578  0.24972491  0.25371219  0.23320158  0.2339521    0.2444266 
  0.24923444  0.2515247    0.24673853  0.24912919  0.23372663  0.23344647 
  0.23108544  0.2302917    0.236942      0.24462043  0.24703558  0.24057459 
  0.23044562  0.2338448    0.23409307  0.2345027    0.23255739  0.2375468 
  0.23475098  0.2363767    0.23520416  0.23407013  0.23370102  0.23063195 
  0.23311866  0.22902708  0.2311528    0.22291128  0.2304287    0.23790805 
  0.23314386  0.23200748  0.22518901  0.22051018  0.22466154  0.22782769 
  0.2315122    0.23077445  0.22505902]
[-0.0205272    -0.01319322  -0.00473351  -0.02101331  -0.01852609  -0.02211253 
  -0.01690226  -0.01600353  -0.02127844  -0.01834858  -0.0208905    -0.02219536 
  -0.02234959  -0.01970358  -0.00254409  -0.03143822  -0.03193433  -0.02554138 
  -0.0225741    -0.01833432  -0.02251798  -0.00940292  -0.03419449  -0.03125438 
  -0.03334337  -0.03555894  -0.03167736  -0.02685285  -0.01961344  -0.02980986 
  -0.03985325  -0.02881709  -0.02657632  -0.03150461  -0.03357743  -0.03112703 
  -0.03389947  -0.03482517  -0.03652133  -0.0289518    -0.03058266  -0.03461376 
  -0.03274866  -0.03955093  -0.03585899  -0.04596997  -0.03839775  -0.02389573 
  -0.0328271    -0.03426493  -0.04243303  -0.04687306  -0.04326681  -0.04111868 
  -0.03451158  -0.03832578  -0.04508758]
[1.01441768  1.02526415  1.0352679    1.01004435  1.01343499  1.01570014 
  1.0223842    1.04067131  1.01348592  1.02134385  1.02115631  1.01710123 
  1.02686139  1.02259223  1.03803221  0.99705188  1.00906691  1.01969069 
  1.02726199  1.02931008  1.03018813  1.0284156    1.0387045    0.9967719 
  1.00058331  1.00666399  1.01911635  1.02738652  1.03641777  1.04261449 
  1.04584344  0.99644165  0.99813669  1.00344592  1.0142236    1.01514655 
  1.03323203  1.04124735  1.04674418  0.99603291  0.99821707  1.00318305 
  1.00858919  1.02182935  1.02896516  1.03038719  1.03439284  1.00028045 
  1.00675306  1.0089895    1.02142682  1.02617124  1.02380782  1.02909311 
  1.01709584  1.02333242  1.03418957]
increment_70
[-0.93280639  -0.91736315  -0.90902367  -0.93927252  -0.93380875  -0.93569249 
  -0.923654      -0.90892721  -0.9345768    -0.92423987  -0.92839328  -0.93206712 
  -0.92439025  -0.92683414  -0.90981591  -0.95957764  -0.94600183  -0.93035787 
  -0.92277419  -0.92013216  -0.92111291  -0.92144797  -0.91809541  -0.95927818 
  -0.95701941  -0.94880417  -0.93591838  -0.92474678  -0.91601136  -0.91233348 
  -0.91450445  -0.95940688  -0.95759872  -0.95249417  -0.94189061  -0.93965337 
  -0.9236917    -0.91627736  -0.91159373  -0.95960635  -0.95782846  -0.95481846 
  -0.94786239  -0.93703108  -0.92811253  -0.93242741  -0.92428213  -0.95374906 
  -0.94937353  -0.94825161  -0.93928865  -0.93749043  -0.93668457  -0.93037273 
  -0.93964024  -0.9343858    -0.92754367]
[0.14315729  0.15285461  0.15428097  0.13857512  0.14183736  0.14098679 
  0.14881139  0.15424998  0.14132799  0.14901783  0.14623567  0.14368631 
  0.14777352  0.146355      0.14007106  0.12583145  0.13332729  0.14303415 
  0.15019662  0.14972845  0.15007133  0.13900932  0.14647653  0.12608911 
  0.12799085  0.13037497  0.14204377  0.15013917  0.14901995  0.1553555 
  0.14970278  0.12601826  0.12710357  0.13123612  0.13867669  0.14049231 
  0.15001751  0.15583388  0.15712458  0.12592087  0.12707136  0.13028201 
  0.13507026  0.14496393  0.14610076  0.14988873  0.15122248  0.12906688 
  0.13399418  0.13522533  0.14417595  0.14667985  0.14639153  0.14937592 
  0.14098809  0.146534      0.15356408]
[0.26541801  0.27421692  0.26705423  0.26276646  0.26571621  0.25715272 
  0.26527699  0.25115519  0.26570357  0.26710737  0.26101481  0.26322407 
  0.25090684  0.25770513  0.24667148  0.25261694  0.25555373  0.26290481 
  0.25619195  0.25674876  0.25097886  0.24863033  0.23336631  0.25245038 
  0.2496794    0.25700713  0.25087018  0.25216682  0.24701607  0.2410793 
  0.22721797  0.25232505  0.25197568  0.25179944  0.24641486  0.25078949 
  0.23944528  0.23890667  0.2357646    0.25264326  0.2528911    0.24822658 
  0.24838926  0.24074947  0.23985723  0.23246194  0.23398576  0.25450861 
  0.24912788  0.24725573  0.23688915  0.2310315    0.23517851  0.23681875 
  0.24310055  0.24123452  0.23263913]
[-0.09965958  -0.09836253  -0.10222186  -0.1008891    -0.10052144  -0.10198101 
  -0.10005121  -0.10417242  -0.10149543  -0.09885862  -0.1002592    -0.10012958 
  -0.10295011  -0.10207012  -0.11301651  -0.10152807  -0.10066272  -0.1011578 
  -0.10029253  -0.10254814  -0.10247195  -0.11163814  -0.10793278  -0.10177595 
  -0.1008197    -0.09957952  -0.09979551  -0.10004843  -0.10562915  -0.10272403 
  -0.10668599  -0.1037607    -0.10605057  -0.10090666  -0.10102008  -0.10006984 
  -0.1024657    -0.10096155  -0.10151901  -0.10373081  -0.10183845  -0.10065963 
  -0.10128077  -0.09869246  -0.1020763    -0.09706272  -0.10167412  -0.1056321 
  -0.10103228  -0.10064813  -0.09865575  -0.0977673    -0.09811462  -0.0994011 
  -0.10191463  -0.09917128  -0.0975126  ]
[-0.96516275  -0.96347535  -0.96347803  -0.96601497  -0.96538885  -0.96539126 
  -0.9641989    -0.96356882  -0.96526988  -0.96401742  -0.96448874  -0.9647546 
  -0.96437441  -0.96470981  -0.96602297  -0.9673941    -0.96601308  -0.96477092 
  -0.96381703  -0.96408616  -0.96401311  -0.96613397  -0.96443929  -0.96770717 
  -0.96665223  -0.9661467    -0.96471825  -0.96380148  -0.96420596  -0.96297729 
  -0.96340628  -0.96775528  -0.96719338  -0.96640576  -0.96521562  -0.96506494 
  -0.96370835  -0.96276339  -0.96223073  -0.96793598  -0.96704893  -0.96645789 
  -0.96589077  -0.96411202  -0.96410572  -0.96271804  -0.96326718  -0.96712167 
  -0.96612349  -0.96584621  -0.96424683  -0.9632805    -0.96360778  -0.96353784 
  -0.9649945    -0.96426748  -0.96277645]
[-0.01728598  -0.02100653  -0.01423099  -0.01508847  -0.01596678  -0.01307152 
  -0.01708592  -0.00991751  -0.02025277  -0.01913182  -0.01666065  -0.01872965 
  -0.01149602  -0.01316542    0.00582314  -0.01290974  -0.01877443  -0.02413107 
  -0.0170264    -0.01323367  -0.01243156    0.00361362  -0.00242331  -0.0125278 
  -0.01348421  -0.02381436  -0.01750689  -0.01647586  -0.0070589    -0.01177105 
  -0.00455768  -0.00918551  -0.00523086  -0.01405083  -0.01380574  -0.01605892 
  -0.01176909  -0.0146475    -0.01384999  -0.00927071  -0.01234903  -0.01426915 
  -0.01339118  -0.01772445  -0.01154238  -0.02007905  -0.01296358  -0.00613309 
  -0.01377197  -0.01443965  -0.01758994  -0.01886203  -0.01845426  -0.01653279 
  -0.01230636  -0.01702213  -0.01974175]
[0.2527992    0.266743      0.26655666  0.24835818  0.25315538  0.24457274 
  0.25669056  0.25198178  0.24816911  0.25749575  0.25034086  0.24903344 
  0.24373945  0.24896223  0.25324762  0.22996752  0.23069815  0.2410328 
  0.24724845  0.25031671  0.244976      0.24805927  0.23091395  0.23024235 
  0.22721412  0.2261267    0.23397701  0.24309677  0.24516425  0.23879719 
  0.22571889  0.2305647    0.23119003  0.23158702  0.22923818  0.23487122 
  0.23188528  0.23392017  0.2327509    0.23088618  0.23084876  0.22699139 
  0.23013393  0.22569867  0.22837451  0.21800571  0.22583618  0.23548551 
  0.23021298  0.2286636    0.22099551  0.21521975  0.21993544  0.22472911 
  0.22830948  0.22773734  0.22104722]
[-0.022079      -0.01420329  -0.00633746  -0.02333601  -0.02023754  -0.02470097 
  -0.01862318  -0.01812989  -0.02412353  -0.01997685  -0.02315887  -0.02452823 
  -0.02542755  -0.02178452  -0.00244377  -0.03484728  -0.03572659  -0.02969423 
  -0.0259581    -0.02041681  -0.02551237  -0.00952782  -0.03759224  -0.03467415 
  -0.03741628  -0.04017013  -0.03554924  -0.02988059  -0.02219266  -0.03276522 
  -0.04554921  -0.03209611  -0.02878529  -0.03490946  -0.03756838  -0.0346832 
  -0.03766513  -0.03845827  -0.04066363  -0.0320927    -0.03379694  -0.03856228 
  -0.03630056  -0.04397153  -0.03944143  -0.05184617  -0.04395994  -0.02587731 
  -0.0363559    -0.03815457  -0.04747236  -0.05287746  -0.04903501  -0.04523174 
  -0.03855104  -0.04249022  -0.05033479]
[1.02224918  1.03430213  1.04503138  1.01649303  1.02079779  1.02298995 
  1.03173284  1.05256776  1.02126748  1.03073171  1.02915884  1.02490252 
  1.0373214    1.03155083  1.04991251  1.00189516  1.01596146  1.02871337 
  1.03765528  1.03912543  1.04084224  1.0378636    1.05084376  1.00177991 
  1.00652407  1.01393072  1.02770728  1.03753397  1.04691958  1.0551366 
  1.05845961  1.00137598  1.00344233  1.00961715  1.02313387  1.02324405 
  1.0442012    1.05278422  1.0594586    1.00083034  1.00365033  1.00915874 
  1.01573131  1.03128252  1.0400938    1.04112378  1.04666274  1.00571755 
  1.01383297  1.01602169  1.03071654  1.03614815  1.03469475  1.03974277 
  1.02640223  1.03317301  1.04527013]
increment_80
[-0.92937675  -0.91282722  -0.90476696  -0.93756606  -0.93073661  -0.93342187 
  -0.91907865  -0.90329351  -0.93180191  -0.9196347    -0.9254692    -0.92898585 
  -0.91963148  -0.92289482  -0.90348146  -0.95964125  -0.94445178  -0.92680741 
  -0.91824675  -0.91591729  -0.91629528  -0.91722718  -0.91239279  -0.95905667 
  -0.95630576  -0.94666107  -0.93296632  -0.9202476    -0.91156774  -0.9064154 
  -0.90942534  -0.95940775  -0.95699391  -0.95116354  -0.93867721  -0.93689692 
  -0.91919503  -0.91127628  -0.9055127    -0.95964384  -0.9570674    -0.95408346 
  -0.94577947  -0.93348158  -0.92316696  -0.92836098  -0.91921407  -0.95289497 
  -0.94736529  -0.94647023  -0.93625115  -0.93405178  -0.93236754  -0.92595283 
  -0.93579587  -0.93044667  -0.92326176]
[0.14530719  0.15568123  0.1571272    0.13963231  0.14374863  0.14251063 
  0.15186126  0.15790411  0.14305061  0.15207319  0.14813275  0.14567049 
  0.15118223  0.14897867  0.14254043  0.12575719  0.13415538  0.14462654 
  0.15334751  0.15224992  0.15349476  0.14059988  0.14928816  0.12622695 
  0.12841324  0.1311667    0.14394984  0.15338585  0.15187737  0.15908405 
  0.15296402  0.12601722  0.12742451  0.13222794  0.14088703  0.14244606 
  0.1531508    0.15928582  0.16160576  0.12588352  0.12759516  0.130936 
  0.1366449    0.14782314  0.14928063  0.15326161  0.15488554  0.12947483 
  0.13550626  0.13666874  0.14676848  0.14986181  0.15017496  0.1525293 
  0.14393441  0.14953934  0.15712111]
[0.26740239  0.27691653  0.26859338  0.2637872    0.26756829  0.25796162 
  0.26697682  0.25060555  0.26739119  0.2689454    0.26234982  0.26463924 
  0.25015571  0.25868303  0.24568075  0.25274676  0.25594827  0.26433308 
  0.25590495  0.25733101  0.25034867  0.24815078  0.23121447  0.25258322 
  0.24914612  0.25805383  0.25086763  0.25219326  0.2462525    0.24026248 
  0.22349649  0.25232685  0.25187729  0.25175039  0.24564506  0.25058573 
  0.23806409  0.23769891  0.23462547  0.25269976  0.25309483  0.24771493 
  0.24803542  0.23969091  0.23860082  0.22994415  0.23064152  0.25484236 
  0.24883892  0.24664498  0.23529358  0.2280407    0.23243236  0.23562 
  0.24179128  0.24035107  0.23071621]
[-0.09626057  -0.09498512  -0.09877401  -0.09763806  -0.09716469  -0.09859431 
  -0.09655225  -0.10104966  -0.09844408  -0.09528617  -0.09687756  -0.09679474 
  -0.09958375  -0.09871601  -0.11108542  -0.09826988  -0.09722181  -0.09769524 
  -0.09669502  -0.09951675  -0.09910505  -0.1097473    -0.10550025  -0.09848653 
  -0.09723621  -0.09597792  -0.09617728  -0.09652563  -0.10259721  -0.09959104 
  -0.10381572  -0.1005497    -0.10375493  -0.09757042  -0.09755846  -0.09656681 
  -0.09921145  -0.09766245  -0.09774582  -0.10068843  -0.0985405    -0.09729685 
  -0.09794658  -0.09497275  -0.09895194  -0.09293252  -0.09843664  -0.10313479 
  -0.09770523  -0.09718927  -0.09496502  -0.09383591  -0.09420849  -0.0960083 
  -0.0984562    -0.0955897    -0.0936764  ]
[-0.96147394  -0.95966286  -0.95962367  -0.96249404  -0.96175159  -0.96174139 
  -0.96035676  -0.95960206  -0.96158107  -0.96010081  -0.96078036  -0.96106947 
  -0.96045893  -0.96093067  -0.9623513    -0.96395118  -0.96243903  -0.96107695 
  -0.95989377  -0.96031461  -0.96008056  -0.96258445  -0.96058966  -0.96423494 
  -0.96309975  -0.96253504  -0.9609586    -0.95987862  -0.96034024  -0.95895277 
  -0.95930602  -0.96429077  -0.96381176  -0.96282914  -0.96142265  -0.96131732 
  -0.95974221  -0.95874485  -0.95796773  -0.96453051  -0.96355144  -0.96290573 
  -0.96223972  -0.96013214  -0.96016662  -0.95850791  -0.95916576  -0.9636988 
  -0.96248837  -0.96214562  -0.96032098  -0.95910779  -0.9594456    -0.95954647 
  -0.96111146  -0.9603661    -0.95865651]
[-0.02286074  -0.02725999  -0.02037399  -0.02029124  -0.02145803  -0.01849922 
  -0.02298163  -0.01514362  -0.02713762  -0.02520111  -0.02248478  -0.0245791 
  -0.01695324  -0.01865503    0.00287822  -0.01779578  -0.02463275  -0.03199244 
  -0.02322361  -0.0187064    -0.01793709    0.00081486  -0.00608735  -0.01743891 
  -0.01860419  -0.03099723  -0.02356497  -0.02223573  -0.01201873  -0.01686597 
  -0.00899115  -0.01396702  -0.00849205  -0.01911827  -0.01919578  -0.02168661 
  -0.01690952  -0.01996394  -0.02011431  -0.01377759  -0.01730188  -0.01931722 
  -0.01847223  -0.0235046    -0.01641584  -0.02640044  -0.01798505  -0.00978386 
  -0.01883008  -0.01970867  -0.02323714  -0.02485785  -0.02447225  -0.02179674 
  -0.01763255  -0.02234094  -0.02564288]
[0.25273695  0.2674804    0.26629049  0.24679116  0.25286132  0.24291585 
  0.25675222  0.25062248  0.24611875  0.25759796  0.24920917  0.24794309 
  0.24163566  0.24815445  0.25258509  0.22678534  0.22740831  0.2372386 
  0.24485349  0.24877602  0.24301019  0.24681969  0.22828125  0.2271785 
  0.2233392    0.22202691  0.23089093  0.24148661  0.24300573  0.23714678 
  0.22099316  0.22728559  0.22835842  0.22874006  0.22594206  0.23203643 
  0.22900495  0.23140263  0.23029133  0.2277265    0.22805895  0.22345299 
  0.2272744    0.22246562  0.22574991  0.21304652  0.22127783  0.23313008 
  0.22739543  0.22536163  0.21707568  0.20990074  0.215251      0.22183392 
  0.22512553  0.2251532    0.2172808  ]
[-0.02371494  -0.0154846    -0.00830429  -0.02576223  -0.02195981  -0.02735406 
  -0.02042939  -0.02069005  -0.02719326  -0.02182664  -0.02557265  -0.02691521 
  -0.02876358  -0.02392693  -0.00278534  -0.03820271  -0.03950667  -0.03412233 
  -0.02969417  -0.02274836  -0.02875347  -0.00999524  -0.0407241    -0.03799935 
  -0.04150998  -0.04473402  -0.03950139  -0.03297635  -0.0251096    -0.03556343 
  -0.05118622  -0.03544232  -0.03087674  -0.03828298  -0.04154343  -0.03837892 
  -0.04144957  -0.04209285  -0.04486753  -0.03520004  -0.03699479  -0.04241969 
  -0.03978203  -0.04832714  -0.04287892  -0.0578292    -0.04944456  -0.02772142 
  -0.03979151  -0.04205158  -0.05226735  -0.05898369  -0.0548208    -0.04910518 
  -0.04266818  -0.04625805  -0.05534716]
[1.02995686  1.04318259  1.05441233  1.02276303  1.02815506  1.03010176 
  1.04101449  1.06430271  1.0287718    1.04008542  1.03686545  1.03264083 
  1.04794971  1.04041604  1.06190878  1.00666504  1.02257077  1.0376555 
  1.04810114  1.04866195  1.05156273  1.04721052  1.06288055  1.00683154 
  1.01252737  1.02116318  1.03615311  1.04760615  1.05731691  1.06728416 
  1.07094382  1.00629603  1.00873203  1.01592244  1.03197542  1.03138819 
  1.05489523  1.06412267  1.07233872  1.00559307  1.00919441  1.01506232 
  1.02297712  1.04076715  1.05105254  1.0521726    1.05886722  1.0111591 
  1.0209422    1.02317229  1.03980768  1.04651287  1.04581669  1.05020568 
  1.03607763  1.04284013  1.056125    ]
increment_90
[-0.92619711  -0.90867873  -0.9009666    -0.93605245  -0.92764746  -0.93128978 
  -0.91471878  -0.89813047  -0.92947468  -0.91531678  -0.92288579  -0.92598647 
  -0.91494705  -0.91905037  -0.89732324  -0.95970139  -0.94318082  -0.92341493 
  -0.91398168  -0.91203356  -0.91167821  -0.91310187  -0.90686162  -0.9586902 
  -0.95550055  -0.944658      -0.93011487  -0.9160062    -0.90729792  -0.90093558 
  -0.90448451  -0.95940811  -0.95637355  -0.94967427  -0.93566809  -0.93411889 
  -0.9150022    -0.90653706  -0.89944042  -0.95967723  -0.95620648  -0.95331341 
  -0.94358257  -0.93001037  -0.91845986  -0.92402488  -0.91433454  -0.95193197 
  -0.94532885  -0.94454959  -0.93327235  -0.93034976  -0.92807465  -0.92173229 
  -0.9317079    -0.92664824  -0.91916332]
[0.1472922    0.15825173  0.15966664  0.14056686  0.14566336  0.14393471 
  0.15476111  0.16142855  0.14448775  0.15495134  0.14977893  0.14760253 
  0.15460637  0.15153182  0.14511854  0.12567507  0.13480427  0.14595033 
  0.15632017  0.15452691  0.15684045  0.14229541  0.15194042  0.1264544 
  0.12876326  0.13193953  0.14573487  0.15645858  0.1546724    0.16254522 
  0.15622343  0.12601664  0.12774372  0.13333597  0.14295454  0.14437387 
  0.15611777  0.16256648  0.16606083  0.12584909  0.12820555  0.13159835 
  0.13828689  0.1506113    0.15235676  0.15681812  0.15831082  0.12991768 
  0.13701847  0.13821369  0.14925397  0.1532539    0.15391422  0.15552254 
  0.14701653  0.15236702  0.16047966]
[0.26928171  0.27945061  0.27000295  0.26471048  0.26946937  0.25877616 
  0.26863882  0.24987147  0.26883453  0.27056764  0.26363228  0.26600539 
  0.24930172  0.25970995  0.24467448  0.25292733  0.25634951  0.26579479 
  0.25545366  0.25795989  0.24963946  0.2475379    0.22924529  0.2528059 
  0.2487575    0.25902582  0.2509011    0.25221191  0.24541196  0.2398284 
  0.21996543  0.25232827  0.25181705  0.25168393  0.24495293  0.25035596 
  0.23679398  0.23636941  0.23340956  0.25274987  0.25323969  0.24728945 
  0.24775608  0.238693      0.23755317  0.22748953  0.22751142  0.25519564 
  0.24862254  0.24605407  0.23400874  0.22498502  0.22980981  0.23465536 
  0.24049753  0.23985013  0.22908604]
[-0.09292128  -0.09174305  -0.09539203  -0.0944286    -0.09384079  -0.09524306 
  -0.09311547  -0.09785439  -0.09545368  -0.09178996  -0.09360223  -0.09350154 
  -0.09617891  -0.0953949    -0.10907426  -0.09504852  -0.09386043  -0.09417519 
  -0.09307943  -0.09650835  -0.09572585  -0.10776945  -0.10312289  -0.09522049 
  -0.09356576  -0.09244499  -0.09255315  -0.09304135  -0.09950004  -0.09647056 
  -0.10086739  -0.09732034  -0.10147657  -0.09425322  -0.09413303  -0.0930503 
  -0.09595013  -0.09441064  -0.09401139  -0.09768232  -0.09526198  -0.09396242 
  -0.09461979  -0.09128321  -0.09579999  -0.08878064  -0.0952966    -0.10071778 
  -0.09440854  -0.09374048  -0.09129671  -0.08986149  -0.09032998  -0.0926274 
  -0.09504211  -0.09196478  -0.08983502]
[-0.95783691  -0.95591251  -0.95584347  -0.95901434  -0.95813934  -0.95813434 
  -0.95656804  -0.95566258  -0.95796717  -0.95623944  -0.95714057  -0.95742261 
  -0.95653864  -0.9571877    -0.95869477  -0.96053741  -0.95892134  -0.95743335 
  -0.95600466  -0.95660314  -0.95617069  -0.95904674  -0.95678782  -0.96078672 
  -0.95958454  -0.95894894  -0.95723145  -0.95599857  -0.9565013    -0.95499295 
  -0.95519966  -0.96085192  -0.96046804  -0.95926191  -0.95767464  -0.95759205 
  -0.9558154    -0.9547537    -0.95372187  -0.96115837  -0.96007554  -0.95938227 
  -0.95859744  -0.95617633  -0.95625649  -0.95426556  -0.95511391  -0.96031614 
  -0.95887385  -0.95846056  -0.95641902  -0.95488485  -0.95530391  -0.95558348 
  -0.95724603  -0.95650538  -0.95457676]
[-0.0284012    -0.03370897  -0.02666154  -0.02545661  -0.02695537  -0.02390947 
  -0.02886637  -0.02059365  -0.03388783  -0.03131485  -0.02841764  -0.03041303 
  -0.0225448    -0.02415681  -0.00027679  -0.02267626  -0.03040288  -0.03997036 
  -0.02951052  -0.02439564  -0.02353557  -0.00218215  -0.00969245  -0.02232175 
  -0.02378451  -0.0379692    -0.02971381  -0.02799908  -0.01719341  -0.0220273 
  -0.01360268  -0.01878456  -0.01173556  -0.02417512  -0.02457697  -0.0274133 
  -0.02211998  -0.02525655  -0.02640781  -0.01822936  -0.0222373    -0.02432807 
  -0.02356741  -0.02927881  -0.02140296  -0.03282181  -0.02287889  -0.01331414 
  -0.02386346  -0.02498285  -0.0288571    -0.03094323  -0.03048569  -0.0270958 
  -0.02292683  -0.02733561  -0.03132289]
[0.25249338  0.26769655  0.2655856    0.24507574  0.25262016  0.24122586 
  0.25669838  0.24885898  0.24375353  0.25733331  0.24774388  0.246786 
  0.23937529  0.24735644  0.2517868    0.22364314  0.22410505  0.2331335 
  0.24212474  0.24688924  0.24087895  0.24536443  0.22580033  0.22428155 
  0.21948174  0.2180701    0.22768161  0.23977778  0.24056194  0.23565893 
  0.21635566  0.22402008  0.22559309  0.22594361  0.22266135  0.22905615 
  0.226103      0.22868779  0.22774296  0.22459277  0.22527109  0.2200357 
  0.22453046  0.21926709  0.22321323  0.20817938  0.21688943  0.23088335 
  0.22467022  0.22214237  0.21344498  0.20457157  0.21068088  0.21907395 
  0.22207111  0.22319872  0.21392026]
[-0.02545487  -0.01711785  -0.01059761  -0.02827367  -0.02365517  -0.03002283 
  -0.02230561  -0.02370463  -0.03042573  -0.02393387  -0.02818445  -0.02935087 
  -0.03230595  -0.02607002  -0.00343254  -0.04151781  -0.04324083  -0.03875118 
  -0.03370401  -0.02535111  -0.03217584  -0.01089384  -0.0436117    -0.04121306 
  -0.04560536  -0.04916401  -0.0435507    -0.03613219  -0.02834723  -0.03818468 
  -0.05669786  -0.0388182    -0.03290437  -0.04164209  -0.04548188  -0.04221053 
  -0.04524845  -0.04585467  -0.04916302  -0.03827081  -0.04021515  -0.04617907 
  -0.04320006  -0.05264824  -0.0462635    -0.06382443  -0.05468981  -0.02940211 
  -0.04314735  -0.04592215  -0.05681682  -0.0651815    -0.06051986  -0.05284307 
  -0.04671231  -0.0494996    -0.05999987]
[1.03751227  1.05188228  1.06349354  1.02889261  1.03556152  1.037088 
  1.05018467  1.075823      1.03592278  1.04935896  1.04430234  1.04035983 
  1.05871368  1.04924301  1.07392946  1.01138193  1.02885198  1.04653169 
  1.05848683  1.05797436  1.06224967  1.05664352  1.07477128  1.01194342 
  1.0185716    1.02822082  1.04454983  1.0575162    1.0677237    1.07894429 
  1.08334957  1.01118779  1.01399462  1.02239283  1.04060622  1.03963903 
  1.06532499  1.07536791  1.0854418    1.01031878  1.01483849  1.02092951 
  1.03033154  1.0502104    1.06180133  1.06360092  1.07085451  1.01666031 
  1.02806307  1.03045502  1.04874974  1.05728354  1.05693642  1.06047098 
  1.04604793  1.05222567  1.06672168]
increment_100
[-0.92325716  -0.90492149  -0.89751165  -0.93467492  -0.92449683  -0.92923146 
  -0.91055938  -0.89341283  -0.92759034  -0.91128108  -0.92060917  -0.92302663 
  -0.9103598    -0.91521625  -0.89138461  -0.95971376  -0.94217665  -0.92011406 
  -0.91002598  -0.90838657  -0.90734983  -0.90898267  -0.9014898    -0.95819703 
  -0.95459506  -0.94287048  -0.92726049  -0.91208233  -0.90311397  -0.89589253 
  -0.89960399  -0.95940781  -0.95576623  -0.94802527  -0.93291679  -0.93127433 
  -0.91108104  -0.90197607  -0.89341671  -0.95970657  -0.95527442  -0.95248129 
  -0.9413114    -0.92667276  -0.91395509  -0.919397      -0.90968311  -0.95081776 
  -0.9432854    -0.94250245  -0.93028827  -0.92641248  -0.92396846  -0.91764522 
  -0.92742785  -0.92297738  -0.91521504]
[0.14912017  0.16056546  0.16194394  0.14141524  0.14760861  0.14530396 
  0.15751987  0.16481507  0.14564518  0.15763619  0.15120288  0.14950485 
  0.15801621  0.15405755  0.1477541    0.12561159  0.13530143  0.14704937 
  0.15910197  0.15660614  0.1600277    0.14413072  0.15443138  0.12675948 
  0.12904985  0.13267846  0.14745081  0.15931083  0.15741287  0.16573083 
  0.15949559  0.12601659  0.12805658  0.13456289  0.14485832  0.14630182 
  0.15892454  0.16572566  0.17045106  0.12581843  0.12888822  0.13228526 
  0.13997186  0.15328691  0.15538023  0.16061598  0.16145428  0.13041321 
  0.13851974  0.13983846  0.15168335  0.15682582  0.15744894  0.15843499 
  0.15011349  0.1550461    0.16365553]
[0.27105542  0.28180694  0.27129789  0.26556755  0.27144732  0.25959653 
  0.27025649  0.24894127  0.27002749  0.27200957  0.26483898  0.26734738 
  0.24842335  0.26082509  0.2437291    0.25319048  0.25673735  0.2673296 
  0.25487376  0.25861446  0.24888848  0.24671444  0.22742658  0.2531105 
  0.24853892  0.25988765  0.25097766  0.25223621  0.24454181  0.23978039 
  0.21668951  0.25232961  0.25180652  0.25156912  0.24431223  0.25011336 
  0.23559225  0.2348094    0.23201254  0.25279385  0.25328917  0.24696925 
  0.2475429    0.23775858  0.2366765    0.22517247  0.22470685  0.25557441 
  0.24848365  0.24553577  0.23301792  0.22190891  0.22749235  0.23389592 
  0.2393836    0.23970541  0.22779576]
[-0.08964002  -0.08865294  -0.09209928  -0.09125115  -0.09055008  -0.0919339 
  -0.08974518  -0.09459075  -0.09251021  -0.08838243  -0.09043583  -0.09025396 
  -0.09273747  -0.09211388  -0.10699439  -0.09188412  -0.09058893  -0.09059682 
  -0.08946834  -0.09350198  -0.09235279  -0.10570495  -0.10081401  -0.09198058 
  -0.08982776  -0.08901153  -0.08890025  -0.08960215  -0.0963171    -0.09336975 
  -0.09785098  -0.09410227  -0.09915372  -0.09096065  -0.09076184  -0.08952183 
  -0.09269912  -0.09121754  -0.09036398  -0.09469504  -0.09200636  -0.09065572 
  -0.09129819  -0.08763326  -0.09259178  -0.08466416  -0.09226693  -0.098369 
  -0.09112867  -0.09031284  -0.08764998  -0.08585308  -0.08650519  -0.08922704 
  -0.09172605  -0.08831366  -0.08596228]
[-0.95425099  -0.9522248    -0.95213816  -0.95556952  -0.95455136  -0.95456947 
  -0.95283388  -0.95174992  -0.9544299    -0.95244228  -0.95356685  -0.95380971 
  -0.95261704  -0.95347695  -0.95506109  -0.9571542    -0.95545684  -0.95383205 
  -0.95215371  -0.95294356  -0.95229496  -0.95551355  -0.9530393    -0.95736472 
  -0.95610659  -0.95539716  -0.95352818  -0.95216979  -0.95268697  -0.95110686 
  -0.95109344  -0.95744776  -0.95715706  -0.95570566  -0.95397537  -0.95388465 
  -0.95192959  -0.95078109  -0.94949695  -0.95781504  -0.95662117  -0.9558865 
  -0.9549652    -0.95225546  -0.95236605  -0.94998981  -0.9511267    -0.95697033 
  -0.95527636  -0.95479743  -0.95253934  -0.95062018  -0.95120892  -0.95164324 
  -0.95341338  -0.95269284  -0.95055538]
[-0.03390449  -0.04041298  -0.03315036  -0.0305975    -0.03245919  -0.02928824 
  -0.03473072  -0.02625579  -0.04043869  -0.03753578  -0.03447335  -0.03627689 
  -0.02826888  -0.02965616  -0.00362572  -0.0276174    -0.03604926  -0.04806134 
  -0.03581505  -0.03031281  -0.02919173  -0.00537791  -0.01322139  -0.0271747 
  -0.02905503  -0.04463542  -0.03600124  -0.03375047  -0.02262896  -0.02724116 
  -0.01837807  -0.02358961  -0.01506631  -0.02921593  -0.02990281  -0.03323241 
  -0.02736626  -0.03049623  -0.03260992  -0.02265468  -0.02714966  -0.02930388 
  -0.02868279  -0.03503127  -0.02655217  -0.03928141  -0.02761983  -0.01674498 
  -0.02889571  -0.03024642  -0.03445267  -0.03710828  -0.03645381  -0.03248599 
  -0.02809871  -0.03210613  -0.03660348]
[0.25207593  0.26732399  0.26441274  0.24326143  0.25247536  0.23953442 
  0.25653277  0.24670461  0.24113601  0.25666171  0.24592547  0.24555618 
  0.23702163  0.24664056  0.25091062  0.22051845  0.22082002  0.22878926 
  0.23916872  0.24466598  0.23859297  0.24366823  0.22344476  0.22153588 
  0.215644      0.2143084    0.2243376    0.23796646  0.2378379    0.2343396 
  0.211898      0.22078251  0.22287201  0.22316514  0.21940143  0.22596173 
  0.22316375  0.22572049  0.22508694  0.22147788  0.22243913  0.21676622 
  0.22187597  0.21609329  0.22073015  0.20358004  0.21276792  0.22876444 
  0.22202561  0.21905456  0.21010844  0.19926628  0.20634709  0.2164334 
  0.21929902  0.22176037  0.21118244]
[-0.02729286  -0.01915128  -0.01322225  -0.03084539  -0.02529614  -0.03268348 
  -0.02424298  -0.02713829  -0.03376811  -0.02632393  -0.03101182  -0.03184597 
  -0.03599173  -0.02815177  -0.00427274  -0.04481675  -0.0469018    -0.04353172 
  -0.03788484  -0.02823158  -0.03573142  -0.01225263  -0.04627972  -0.04432473 
  -0.04970207  -0.05339959  -0.04772685  -0.03933304  -0.03189774  -0.04062996 
  -0.06201822  -0.04218723  -0.03495118  -0.0450088    -0.04936425  -0.04615484 
  -0.04906541  -0.0497973    -0.05352027  -0.04132722  -0.04348676  -0.04982469 
  -0.04657427  -0.05692767  -0.04967301  -0.06969664  -0.0595748    -0.03091405 
  -0.04644256  -0.04971727  -0.0611324    -0.07143715  -0.065985      -0.05651446 
  -0.05048002  -0.05232472  -0.06412828]
[1.04491361  1.06039097  1.07237103  1.0349205    1.04304774  1.04400193 
  1.05924666  1.08712909  1.04269085  1.05853015  1.05149753  1.04809946 
  1.06954852  1.05809549  1.08587763  1.0160813    1.03480657  1.0553817 
  1.06869812  1.06716083  1.07276949  1.06629106  1.08652857  1.01710565 
  1.02465696  1.03500771  1.05301387  1.06717227  1.07822317  1.09008012 
  1.09572393  1.01603445  1.01921491  1.02904695  1.04895876  1.04803667 
  1.07552031  1.08664263  1.09874401  1.01501532  1.02057423  1.02678139 
  1.03776639  1.0595393    1.07239635  1.07539242  1.08251399  1.02226714 
  1.03518299  1.03783349  1.05761805  1.06842066  1.06779116  1.0706184 
  1.05619063  1.06136192  1.07703619]
increment_110
[-0.9205463    -0.90152856  -0.89431397  -0.93339348  -0.92127416  -0.92721784 
  -0.90657678  -0.88906517  -0.92610056  -0.90747647  -0.91860205  -0.92007905 
  -0.90590534  -0.91134143  -0.88571932  -0.95963522  -0.94138845  -0.91685084 
  -0.90639644  -0.90487813  -0.90339825  -0.90482053  -0.89625209  -0.95761016 
  -0.95359539  -0.94129776  -0.92433792  -0.90849121  -0.89897536  -0.891241 
  -0.89473947  -0.95940655  -0.95519702  -0.94622387  -0.93039946  -0.92834702 
  -0.90739157  -0.8974802    -0.88749452  -0.95973088  -0.95428185  -0.95157734 
  -0.93900066  -0.92347504  -0.90955854  -0.91451161  -0.90528515  -0.94952949 
  -0.94123353  -0.94036785  -0.92723164  -0.92226586  -0.92016007  -0.91356821 
  -0.92303695  -0.91938086  -0.91137182]
[0.15079829  0.16264163  0.16399476  0.14220248  0.1495904    0.14664157 
  0.16015202  0.16807        0.14655505  0.16013512  0.15243342  0.15138868 
  0.16137187  0.15658448  0.15039423  0.1255901    0.1356829    0.14798208 
  0.16170059  0.15854221  0.1629826    0.14613104  0.15675505  0.12712125 
  0.12931588  0.1333778    0.14914827  0.16192688  0.1600967    0.16863637 
  0.1627776    0.12601717  0.12836038  0.13590024  0.14662214  0.14823632 
  0.16160075  0.16880579  0.1747118    0.12579293  0.12964233  0.13300097 
  0.14168395  0.15583878  0.15841603  0.16462477  0.16429593  0.13097085 
  0.14002004  0.14150657  0.15411789  0.16053587  0.16066516  0.16136156 
  0.15311047  0.15763321  0.1666704  ]
[0.27272687  0.28399012  0.27250698  0.2663805    0.27351005  0.26041048 
  0.2718305    0.24784676  0.27099102  0.273351      0.2659596    0.26869595 
  0.24758129  0.2620337    0.24286606  0.25357915  0.25709845  0.26895905 
  0.25418706  0.25927646  0.24811911  0.24568129  0.2257146    0.2534792 
  0.24844817  0.26064827  0.25107348  0.25226858  0.24364446  0.2400167 
  0.213715      0.25233136  0.25183704  0.25137753  0.2436938    0.24986415 
  0.23444294  0.23300447  0.23039457  0.25283026  0.25320562  0.24676902 
  0.2473648    0.23692052  0.23588197  0.22309356  0.22224942  0.25597074 
  0.248414      0.24512247  0.23226602  0.21892007  0.22562515  0.23331736 
  0.23853551  0.23982405  0.22689146]
[-0.08641315  -0.08570901  -0.08888554  -0.08810283  -0.08729816  -0.08866288 
  -0.08644173  -0.09127346  -0.08960831  -0.08506478  -0.08736551  -0.08705636 
  -0.08926676  -0.08887729  -0.10485689  -0.0887995    -0.08739055  -0.08696412 
  -0.08588307  -0.0904734    -0.0889959    -0.10354561  -0.09859088  -0.08876514 
  -0.08606094  -0.08567788  -0.08520476  -0.08621043  -0.0930227    -0.09032455 
  -0.09478336  -0.09091219  -0.09673409  -0.0877032    -0.08743094  -0.08598795 
  -0.08944869  -0.08809945  -0.08684292  -0.09169944  -0.08877377  -0.08737271 
  -0.08797839  -0.08402416  -0.08931989  -0.08060934  -0.08935194  -0.09607772 
  -0.08784711  -0.08691017  -0.08402041  -0.08182498  -0.08274828  -0.08579394 
  -0.08854077  -0.08468167  -0.08204741]
[-0.95071328  -0.94859828  -0.94849872  -0.95215718  -0.95099292  -0.95103991 
  -0.94915167  -0.94786004  -0.95095729  -0.94871141  -0.95004767  -0.9502287 
  -0.94870038  -0.94979496  -0.95145337  -0.95380264  -0.95203408  -0.95026119 
  -0.94833947  -0.94932478  -0.94846109  -0.95197853  -0.94934664  -0.95396686 
  -0.9526562    -0.95188213  -0.94983845  -0.94839262  -0.94889121  -0.94729887 
  -0.94699529  -0.95408213  -0.95387115  -0.95216187  -0.95031531  -0.95019045 
  -0.94807704  -0.94681941  -0.94530238  -0.95449428  -0.9531849    -0.95241364 
  -0.95134309  -0.9483716    -0.94848132  -0.94569581  -0.94720709  -0.95365622 
  -0.95169019  -0.95115743  -0.94867323  -0.94632791  -0.94717429  -0.94771756 
  -0.94962254  -0.94892294  -0.94661235]
[-0.03937143  -0.04735767  -0.03989489  -0.03571644  -0.03796174  -0.03464082 
  -0.04057009  -0.03209564  -0.0468272    -0.0439296    -0.0406628    -0.04220453 
  -0.03411367  -0.03514475  -0.00715042  -0.03269581  -0.04158718  -0.05628047 
  -0.04208183  -0.0364439    -0.03488325  -0.00879003  -0.0166472    -0.03200153 
  -0.03441794  -0.0510025    -0.04243225  -0.03948031  -0.0283574    -0.03243459 
  -0.02329152  -0.02835458  -0.01857257  -0.03422597  -0.03518567  -0.03912868 
  -0.03266249  -0.0356452    -0.03863195  -0.02709842  -0.03203774  -0.03425237 
  -0.03382574  -0.0407586    -0.03187318  -0.04572278  -0.03218664  -0.0200952 
  -0.0339589    -0.03549506  -0.04004795  -0.04333544  -0.04235336  -0.03799243 
  -0.03308943  -0.03683957  -0.04133644]
[0.25149331  0.26639655  0.26276932  0.24138527  0.25244196  0.23783803 
  0.256267      0.24423186  0.23827677  0.25560169  0.24375774  0.24425792 
  0.23461882  0.24603262  0.2499549    0.21738765  0.21754936  0.2242725 
  0.23607082  0.24215182  0.23614636  0.24175533  0.22118532  0.21890729 
  0.21181743  0.21073531  0.22086507  0.23605189  0.23481032  0.23313675 
  0.20768138  0.21758028  0.22015691  0.22037104  0.21614272  0.22277061 
  0.22018349  0.22254123  0.22231974  0.21837062  0.21952121  0.21365587 
  0.21926598  0.21297286  0.21825034  0.19937932  0.20893226  0.22676888 
  0.21944458  0.21611142  0.20702027  0.19408005  0.20234635  0.21392754 
  0.21686985  0.22058379  0.20924826]
[-0.02922259  -0.02155882  -0.01618299  -0.03345491  -0.02687107  -0.03534293 
  -0.02622952  -0.03090024  -0.03722019  -0.02898484  -0.034059      -0.03440017 
  -0.03976969  -0.03014925  -0.00527718  -0.0481236    -0.05050475  -0.0484338 
  -0.04215615  -0.03136866  -0.03939319  -0.01403134  -0.04875153  -0.04735699 
  -0.05381026  -0.05744203  -0.05204259  -0.04256764  -0.03578332  -0.04291121 
  -0.06710684  -0.04552837  -0.03710939  -0.04839684  -0.05321766  -0.05019068 
  -0.05291622  -0.05388868  -0.05789985  -0.04440389  -0.0468392    -0.05335085 
  -0.04994185  -0.06113879  -0.05317885  -0.07533142  -0.06406123  -0.03227026 
  -0.04971109  -0.0534153    -0.06527025  -0.0776656    -0.07110296  -0.06015101 
  -0.05384864  -0.05494719  -0.06759601]
[1.05216166  1.06870465  1.0811267    1.04087115  1.05061528  1.05088265 
  1.06821544  1.09825898  1.04911369  1.0676092    1.0584886    1.05587907 
  1.08037913  1.06702603  1.09767373  1.02079518  1.04049757  1.06424378 
  1.0786678    1.07632426  1.0829935    1.07621043  1.0981873    1.02230433 
  1.0307906    1.04151962  1.06162897  1.07653907  1.08887208  1.10074783 
  1.10809113  1.02082848  1.02438917  1.03589446  1.0570699    1.05659892 
  1.08552553  1.09806583  1.11217843  1.01969508  1.02641273  1.03263209 
  1.04526632  1.06872615  1.08298103  1.08747238  1.09379998  1.02801767 
  1.04231758  1.04526344  1.06652066  1.07985711  1.07819316  1.08079109 
  1.06639582  1.07037326  1.08706627]
increment_120
[-0.91806163  -0.89844769  -0.891353      -0.93220011  -0.91801185  -0.92526045 
  -0.9027413    -0.88501043  -0.92493567  -0.90384083  -0.91682622  -0.91713538 
  -0.90161876  -0.90743076  -0.88035236  -0.95947821  -0.94074271  -0.91358791 
  -0.90307131  -0.90144658  -0.8998493    -0.90063387  -0.89108624  -0.95695154 
  -0.95253564  -0.93989918  -0.92131514  -0.9051962    -0.89487486  -0.88689819 
  -0.88990461  -0.95940362  -0.95467886  -0.94429121  -0.92805382  -0.92533563 
  -0.90387182  -0.89297658  -0.8817189    -0.95974934  -0.95322532  -0.95059603 
  -0.93667382  -0.92039443  -0.90518021  -0.90944049  -0.90114972  -0.94805036 
  -0.93915243  -0.93818643  -0.92403452  -0.91797087  -0.9167056    -0.9094068 
  -0.91863556  -0.91581265  -0.90760868]
[0.15232861  0.16451503  0.16581843  0.14293347  0.15158844  0.14794216 
  0.16267535  0.17119169  0.14726152  0.16246913  0.1534974    0.15325117 
  0.16463146  0.15911312  0.15299734  0.12559975  0.135986      0.14879847 
  0.16413853  0.16037799  0.16567662  0.14829878  0.15889977  0.12752581 
  0.12960458  0.13403876  0.15086782  0.16433354  0.16270588  0.17128914 
  0.16601384  0.12601875  0.12865314  0.13732322  0.14828863  0.15017457 
  0.16419291  0.17181566  0.1787564    0.12577355  0.13046978  0.13375164 
  0.14341084  0.15827959  0.16150262  0.16874179  0.1668263    0.13160003 
  0.14154398  0.14318088  0.15662369  0.16429864  0.16351401  0.16435875 
  0.1559338    0.16017423  0.16952794]
[0.27429658  0.28602121  0.27365657  0.26715177  0.27563796  0.26120006 
  0.27336773  0.24665441  0.27176043  0.27469275  0.26699466  0.27009052 
  0.24680656  0.26331622  0.24203555  0.25410095  0.25743907  0.27068847 
  0.25343005  0.25992466  0.24734995  0.24448507  0.2240547    0.25390007 
  0.24841984  0.26133877  0.25117726  0.25228898  0.24271586  0.24039484 
  0.21112815  0.2523343    0.25188558  0.25109612  0.24305533  0.24961493 
  0.23334591  0.23101551  0.22856605  0.2528579    0.25298363  0.24667872 
  0.24719394  0.23620186  0.23507086  0.22138287  0.22012438  0.25636577 
  0.24838189  0.24484695  0.23167744  0.21621149  0.2242448    0.23290004 
  0.23792965  0.24009824  0.22640867]
[-0.0832378    -0.08288353  -0.08573213  -0.08498746  -0.08408427  -0.08543046 
  -0.08319733  -0.08793612  -0.08674229  -0.08182405  -0.08437562  -0.08391128 
  -0.08578647  -0.08567799  -0.1026784    -0.08578853  -0.08424309  -0.08327343 
  -0.08234252  -0.08740018  -0.08565866  -0.10127608  -0.09647981  -0.08556877 
  -0.08231465  -0.08242845  -0.08147177  -0.08285901  -0.08960375  -0.08736643 
  -0.09170046  -0.08775134  -0.09419325  -0.08449747  -0.08410569  -0.08245766 
  -0.08617816  -0.08507099  -0.08348098  -0.08866916  -0.08557038  -0.08410354 
  -0.08466452  -0.08044736  -0.08600587  -0.0766081    -0.08655778  -0.09383176 
  -0.08455444  -0.08353176  -0.08039993  -0.07780061  -0.07906388  -0.08233286 
  -0.08549017  -0.0811023    -0.07810476]
[-0.94722172  -0.94502346  -0.94491955  -0.94877993  -0.94746255  -0.9475452 
  -0.94550957  -0.94399808  -0.94753635  -0.94503323  -0.94657413  -0.94667366 
  -0.94480178  -0.94613378  -0.94787333  -0.95047733  -0.94864172  -0.94670735 
  -0.94455949  -0.94573408  -0.94467141  -0.94843692  -0.9457119    -0.95058727 
  -0.94922348  -0.94840087  -0.9461522    -0.94465681  -0.94510793  -0.94356064 
  -0.94292454  -0.95074973  -0.95060268  -0.94863203  -0.94667714  -0.94650382 
  -0.94424292  -0.94286864  -0.94114951  -0.95118647  -0.94976631  -0.94895292 
  -0.94773255  -0.94451649  -0.94459272  -0.94140105  -0.94335516  -0.95036616 
  -0.94811007  -0.9475387    -0.94480792  -0.94203171  -0.94320531  -0.94379703 
  -0.94587527  -0.94518165  -0.94276125]
[-0.04480165  -0.05448775  -0.04688272  -0.04080503  -0.04346643  -0.03996737 
  -0.04639585  -0.03804232  -0.0530991    -0.05054289  -0.0469785    -0.04823608 
  -0.04004409  -0.04063576  -0.0108192    -0.03791448  -0.0470692    -0.06465539 
  -0.04827652  -0.04275783  -0.04059805  -0.01245107  -0.0199194    -0.03681106 
  -0.03983197  -0.05713522  -0.04899051  -0.04519587  -0.03437233  -0.03753833 
  -0.02828357  -0.0330764    -0.02229501  -0.03917586  -0.04047645  -0.0450839 
  -0.03804298  -0.04067137  -0.04441203  -0.03160341  -0.03689033  -0.03919016 
  -0.0389899    -0.04647353  -0.037324      -0.0521375    -0.03654308  -0.02338607 
  -0.03906961  -0.04073143  -0.04567392  -0.04959368  -0.04817514  -0.04360853 
  -0.03788775  -0.04167013  -0.04546629]
[0.2507488    0.26501613  0.26069382  0.23945744  0.25248543  0.23611479 
  0.25591089  0.24155053  0.23519916  0.25422735  0.24127041  0.24289252 
  0.23219379  0.24550528  0.24887335  0.21425231  0.2142697    0.21962711 
  0.23291178  0.23940216  0.23355086  0.23965493  0.21900943  0.21636902 
  0.20801644  0.20731184  0.21729882  0.23402578  0.23147458  0.23197513 
  0.20378923  0.21441077  0.21740989  0.21754422  0.21282963  0.21949816 
  0.21717254  0.21923948  0.21943922  0.2152582    0.21651537  0.21068537 
  0.21666738  0.20992661  0.21572694  0.19564237  0.20538513  0.22487638 
  0.21689984  0.21332261  0.20411298  0.18917663  0.19869228  0.21156837 
  0.21472564  0.21945283  0.20818721]
[-0.03124039  -0.02426796  -0.01944649  -0.03609167  -0.02840216  -0.03801544 
  -0.02825892  -0.03486114  -0.04077634  -0.03186573  -0.03730975  -0.03701274 
  -0.04359507  -0.03208731  -0.0064758    -0.0514355    -0.054085      -0.05345136 
  -0.04644617  -0.0347318    -0.04313572  -0.01617955  -0.05102877  -0.05032923 
  -0.05791529  -0.06132824  -0.05647885  -0.04584597  -0.039999      -0.04505486 
  -0.07187532  -0.04883826  -0.03943887  -0.05179638  -0.05711232  -0.05429492 
  -0.05681571  -0.05804776  -0.06225931  -0.04753296  -0.05026743  -0.05677793 
  -0.05332311  -0.06527124  -0.05680922  -0.08065768  -0.0681318    -0.03350124 
  -0.05298971  -0.05699936  -0.06930624  -0.08371494  -0.07584493  -0.06375563 
  -0.05682561  -0.05754076  -0.07034513]
[1.0592507    1.07684055  1.08975627  1.04674227  1.05824827  1.05772546 
  1.07712597  1.10922755  1.05524932  1.07662237  1.06530527  1.06370226 
  1.09112959  1.07605462  1.10929671  1.02551647  1.04601431  1.07315382 
  1.08837292  1.08553315  1.09286053  1.08637241  1.1098277    1.02753661 
  1.03694987  1.04780352  1.07043449  1.08565897  1.09968629  1.1110814 
  1.12038569  1.02557688  1.0295253    1.04292356  1.06504122  1.06533067 
  1.09541592  1.10968405  1.12566935  1.02437362  1.03235913  1.03851087 
  1.05282009  1.07779191  1.0936964    1.09973793  1.10469865  1.03395329 
  1.04950836  1.05270209  1.07558264  1.09144964  1.08805698  1.09111088 
  1.07658306  1.07938397  1.09681356]
