inc
Fp11
Fp12
Fp13
Fp21
Fp22
Fp23
Fp31
Fp32
Fp33
increment_0
[0.01363453  0.01363453  0.01363453  0.01363453  0.01363453  0.01363453 
  0.01363453  0.01363453  0.01363453  0.01363453  0.01363453  0.01363453 
  0.01363453  0.01363453  0.01363453  0.01363453  0.01363453]
[0.84035489  0.84035489  0.84035489  0.84035489  0.84035489  0.84035489 
  0.84035489  0.84035489  0.84035489  0.84035489  0.84035489  0.84035489 
  0.84035489  0.84035489  0.84035489  0.84035489  0.84035489]
[0.54186507  0.54186507  0.54186507  0.54186507  0.54186507  0.54186507 
  0.54186507  0.54186507  0.54186507  0.54186507  0.54186507  0.54186507 
  0.54186507  0.54186507  0.54186507  0.54186507  0.54186507]
[0.96404727  0.96404727  0.96404727  0.96404727  0.96404727  0.96404727 
  0.96404727  0.96404727  0.96404727  0.96404727  0.96404727  0.96404727 
  0.96404727  0.96404727  0.96404727  0.96404727  0.96404727]
[-0.15487528  -0.15487528  -0.15487528  -0.15487528  -0.15487528  -0.15487528 
  -0.15487528  -0.15487528  -0.15487528  -0.15487528  -0.15487528  -0.15487528 
  -0.15487528  -0.15487528  -0.15487528  -0.15487528  -0.15487528]
[0.21593174  0.21593174  0.21593174  0.21593174  0.21593174  0.21593174 
  0.21593174  0.21593174  0.21593174  0.21593174  0.21593174  0.21593174 
  0.21593174  0.21593174  0.21593174  0.21593174  0.21593174]
[0.2653808  0.2653808  0.2653808  0.2653808  0.2653808  0.2653808  0.2653808 
  0.2653808  0.2653808  0.2653808  0.2653808  0.2653808  0.2653808  0.2653808 
  0.2653808  0.2653808  0.2653808]
[0.51943942  0.51943942  0.51943942  0.51943942  0.51943942  0.51943942 
  0.51943942  0.51943942  0.51943942  0.51943942  0.51943942  0.51943942 
  0.51943942  0.51943942  0.51943942  0.51943942  0.51943942]
[-0.81225348  -0.81225348  -0.81225348  -0.81225348  -0.81225348  -0.81225348 
  -0.81225348  -0.81225348  -0.81225348  -0.81225348  -0.81225348  -0.81225348 
  -0.81225348  -0.81225348  -0.81225348  -0.81225348  -0.81225348]
increment_10
[0.01370716  0.01279123  0.0131527    0.01113355  0.01500571  0.0117719 
  0.01328081  0.01351043  0.01378184  0.01033863  0.01360526  0.01360952 
  0.01389386  0.01375974  0.0136915    0.01385014  0.01361585]
[0.84014037  0.84056832  0.84028977  0.83857022  0.83667791  0.84082181 
  0.84043093  0.84014202  0.83871716  0.83999085  0.84021353  0.84034743 
  0.8397595    0.84002131  0.83996226  0.83984246  0.84030481]
[0.5419654    0.54276017  0.54254566  0.54670518  0.54342212  0.54384808 
  0.54227268  0.54221774  0.54315698  0.54649545  0.5420202    0.54190407 
  0.54206418  0.54200437  0.54202621  0.54205035  0.54193449]
[0.95450827  0.95311256  0.95404373  0.95540946  0.96507086  0.95188984 
  0.95437353  0.95457479  0.95947389  0.95154802  0.95526341  0.95482464 
  0.95666279  0.95604922  0.95668678  0.9561535    0.95490985]
[-0.15131583  -0.15071961  -0.15123211  -0.15444421  -0.15842024  -0.15036997 
  -0.15131905  -0.15142727  -0.15437393  -0.15325915  -0.1516939    -0.15125537 
  -0.15247468  -0.15196458  -0.15231177  -0.1522158    -0.15127438]
[0.22501752  0.22622456  0.22543318  0.22537729  0.21779317  0.2274555 
  0.22416416  0.22502777  0.22183352  0.2208786    0.22369285  0.22459458 
  0.22328035  0.22371416  0.22260338  0.22369543  0.22458944]
[0.2749779    0.27543898  0.27484325  0.27077909  0.26571493  0.27560079 
  0.2741538    0.27472205  0.2701005    0.26937976  0.27376852  0.27457475 
  0.27302234  0.27350166  0.27257639  0.27348124  0.27449773]
[0.51569534  0.51548936  0.51571688  0.51713661  0.51930459  0.51538328 
  0.51583115  0.51578453  0.5173012    0.51620722  0.51603586  0.51581128 
  0.51644677  0.51619526  0.51651417  0.51626684  0.51578861]
[-0.82125143  -0.82172487  -0.8212074    -0.81846555  -0.81258734  -0.8219612 
  -0.82133629  -0.82100808  -0.81686472  -0.8243482    -0.82071111  -0.82088547 
  -0.81941824  -0.81990391  -0.81952947  -0.81985104  -0.82084539]
increment_20
[0.01406444  0.01193207  0.01197016  0.00771339  0.0169063    0.00952522 
  0.01297295  0.01378022  0.0137295    0.00755739  0.01381252  0.01380162 
  0.01444627  0.01415787  0.01326345  0.0143887    0.0137825  ]
[0.83917269  0.83988021  0.83960445  0.83577451  0.8315081    0.84044952 
  0.83975527  0.83921714  0.83646531  0.83851628  0.83931143  0.83990192 
  0.83841206  0.83893896  0.83853283  0.83859065  0.83987613]
[0.54237978  0.54449133  0.54469187  0.55363953  0.54564653  0.54708656 
  0.543238      0.54270627  0.54526536  0.55158851  0.54241597  0.54205798 
  0.54251503  0.54246715  0.542342      0.54248711  0.54210765]
[0.94399867  0.94088808  0.94135299  0.94521179  0.96694205  0.93787635 
  0.9423973    0.94380935  0.95401033  0.93759115  0.94458354  0.94456217 
  0.94750867  0.94643617  0.94848641  0.94672252  0.9443354  ]
[-0.14800724  -0.14687026  -0.14742503  -0.15465896  -0.16358374  -0.14586741 
  -0.14768636  -0.14800686  -0.15369115  -0.15218279  -0.14832354  -0.14695328 
  -0.1499605    -0.14887117  -0.14910474  -0.14955121  -0.14681705]
[0.23559678  0.23865457  0.23824758  0.2372835    0.22001806  0.24186329 
  0.23338261  0.23583934  0.22954774  0.22652339  0.23334166  0.23496559 
  0.23282164  0.23371776  0.22938677  0.23347422  0.23526058]
[0.28582829  0.28680373  0.28628163  0.27660577  0.26572708  0.28735194 
  0.28432958  0.28573998  0.27551152  0.27453383  0.28414353  0.28503023 
  0.282754      0.28351522  0.28052813  0.28345069  0.28523511]
[0.51145684  0.51095181  0.51120644  0.51477017  0.51929451  0.51050484 
  0.51126937  0.511479      0.51436675  0.51214771  0.5117443    0.5110665 
  0.51262882  0.51202227  0.51298136  0.51235165  0.51091114]
[-0.83142923  -0.83242503  -0.83204065  -0.82537785  -0.81262585  -0.83317027 
  -0.83356975  -0.83134477  -0.82247048  -0.83931333  -0.83153561  -0.83110309 
  -0.82857378  -0.82944626  -0.82907899  -0.82919453  -0.83134628]
increment_30
[0.01444544  0.0110274    0.01063164  0.00440154  0.01859097  0.00724933 
  0.01267779  0.01416371  0.0134803    0.00505396  0.0140055    0.01413655 
  0.01496204  0.01453283  0.01259151  0.01492286  0.01405754]
[0.83820537  0.8390847    0.83883738  0.83307127  0.82634799  0.84006892 
  0.83894348  0.83818713  0.83436361  0.83697085  0.83829246  0.83911074 
  0.83704504  0.83779248  0.83707962  0.83730324  0.83921755]
[0.54276324  0.54637876  0.54711381  0.5603548    0.54814081  0.5503717 
  0.54427935  0.54314325  0.54749667  0.5564389    0.54286439  0.54234176 
  0.54298768  0.54301995  0.54264835  0.54296152  0.54234991]
[0.93354788  0.92901046  0.92863328  0.93502264  0.96856684  0.92408812 
  0.93082035  0.93356796  0.9481604    0.92461582  0.93437394  0.93494219 
  0.93843286  0.93681774  0.94058049  0.93745712  0.93387625]
[-0.14470935  -0.1432078    -0.14373917  -0.15467232  -0.16872686  -0.14134174 
  -0.14420293  -0.14482498  -0.15273896  -0.15111233  -0.14508459  -0.14326182 
  -0.14747241  -0.14592997  -0.14578084  -0.14692338  -0.14286642]
[0.24611623  0.25092291  0.25124262  0.24913261  0.22253305  0.25617108 
  0.24287398  0.24622367  0.23759555  0.23282546  0.24298104  0.24495038 
  0.24222654  0.24374155  0.23534261  0.24317556  0.24579938]
[0.29664534  0.29777641  0.29760619  0.28256486  0.26576427  0.29885275 
  0.29446956  0.2963416    0.28111207  0.28003481  0.29430957  0.29498374 
  0.29235949  0.2935094    0.2879547    0.29325112  0.29595555]
[0.50722645  0.5064938    0.5067377    0.51241895  0.51927281  0.50559601 
  0.50679476  0.50732199  0.51131295  0.5082244    0.50758105  0.50659167 
  0.50884227  0.50793589  0.50954446  0.50843759  0.50633436]
[-0.8415777    -0.84280659  -0.84275545  -0.83238822  -0.81269651  -0.84422562 
  -0.84536091  -0.84131177  -0.82828691  -0.85330454  -0.84187696  -0.84080645 
  -0.83770138  -0.83891908  -0.83875994  -0.83842183  -0.84165448]
increment_40
[0.01482189  0.01000782  0.00927289  0.00117639  0.02004585  0.00466662 
  0.01239203  0.01457503  0.0130672    0.00230919  0.01420236  0.01453909 
  0.01545216  0.01488746  0.01203768  0.01542247  0.01443249]
[0.837271      0.83835986  0.83809494  0.83051424  0.82120886  0.83975037 
  0.83813925  0.83713391  0.83223124  0.83546447  0.83716285  0.83813706 
  0.8357031    0.83660258  0.83563025  0.83604367  0.83830598]
[0.54312278  0.54835103  0.54953991  0.56683984  0.55091269  0.55399758 
  0.54530599  0.54356541  0.54997206  0.56164093  0.5433326    0.54270529 
  0.54347577  0.54363959  0.5430132    0.5434562    0.54269308]
[0.9230586    0.91698765  0.91585021  0.92482405  0.96991925  0.91004684 
  0.91944651  0.92351966  0.94191222  0.91176993  0.92475371  0.92566308 
  0.92933577  0.92729903  0.9326503    0.92833613  0.92357924]
[-0.14135657  -0.13942487  -0.14001601  -0.15458172  -0.17383047  -0.13667597 
  -0.14070545  -0.14172145  -0.15191298  -0.14991748  -0.14203878  -0.13997645 
  -0.14499285  -0.14312257  -0.14265426  -0.14426191  -0.13944059]
[0.25663182  0.26333006  0.26428409  0.26070009  0.22537017  0.27084615 
  0.25278701  0.25644387  0.24598508  0.24025346  0.25238677  0.25468039 
  0.25151083  0.25369177  0.24134779  0.25278006  0.2561963  ]
[0.30748561  0.30877948  0.30897802  0.28858256  0.26584659  0.31030553 
  0.30475743  0.30677775  0.286947      0.28590291  0.30409834  0.30466186 
  0.3018826    0.30338287  0.29538175  0.30287213  0.30659998]
[0.5030013    0.50198603  0.50225617  0.50996455  0.51923323  0.50061032 
  0.50236528  0.5032222    0.50835468  0.50434485  0.5035989    0.50234424 
  0.5050629    0.5039391    0.50611527  0.50451725  0.50206374]
[-0.85175698  -0.85324182  -0.85350951  -0.83962331  -0.81280619  -0.8552926 
  -0.85677503  -0.85113106  -0.83420104  -0.86675371  -0.8516653    -0.85017694 
  -0.84688474  -0.84825103  -0.84845312  -0.8475318    -0.85173327]
increment_50
[  0.01517331    0.00889412    0.0079279    -0.00202532    0.02123518    0.00176301 
    0.01211616    0.0149721      0.01251568  -0.00087194    0.01438082    0.01495357 
    0.01592606    0.01521994    0.01171425    0.01588617    0.01485554]
[0.83638553  0.83773929  0.83737845  0.82812242  0.81609173  0.83947851 
  0.83734382  0.83611229  0.83000841  0.83399147  0.83591177  0.83710856 
  0.83437085  0.83538577  0.83417049  0.83480547  0.83724888]
[0.54347036  0.55035092  0.5519251    0.57316657  0.55400743  0.55799663 
  0.54630262  0.54397744  0.55271223  0.56746183  0.54381605  0.54310452 
  0.54398563  0.5443129    0.54348425  0.5439787    0.54310631]
[0.91245323  0.90470373  0.90306725  0.91451029  0.97096873  0.89572007 
  0.90834898  0.91347448  0.93540517  0.89881348  0.91577289  0.91667787 
  0.92031475  0.91790459  0.92462116  0.91939886  0.91353131]
[-0.13789352  -0.13545818  -0.13626783  -0.15438663  -0.17889328  -0.13190325 
  -0.13718593  -0.13860523  -0.15134437  -0.14858897  -0.13920887  -0.13685201 
  -0.14258177  -0.14042317  -0.13985731  -0.14161086  -0.13632814]
[0.26719234  0.27593104  0.27729242  0.27199384  0.22857343  0.2859202 
  0.26293851  0.26663653  0.2546109    0.2492306    0.26137111  0.26418717 
  0.26057258  0.2635434    0.24769688  0.26224302  0.26639175]
[0.31838983  0.31994961  0.3203641    0.29465823  0.26597029  0.32172694 
  0.31507295  0.31720106  0.29290235  0.29219666  0.31339037  0.31405868 
  0.31122182  0.31310975  0.30294176  0.3122732    0.31702882]
[0.49878477  0.49739882  0.49777439  0.50737137  0.51917557  0.4955653 
  0.49799591  0.49913163  0.50556328  0.50051213  0.49982628  0.49820047 
  0.50132603  0.5000231    0.50267576  0.50062844  0.49799955]
[-0.86202152  -0.86384308  -0.86427761  -0.84718294  -0.81295056  -0.86637317 
  -0.867787      -0.86093003  -0.84008681  -0.87959963  -0.86092186  -0.85928779 
  -0.85605469  -0.8574302    -0.85807833  -0.85647238  -0.8615566  ]
increment_60
[  0.01550232    0.00779772    0.00659127  -0.00524961    0.02212893  -0.00137177 
    0.01184169    0.01533927    0.01182575  -0.00456159    0.01449175    0.01534944 
    0.01638547    0.0155424      0.01162241    0.01630517    0.01530188]
[0.83553238  0.83719231  0.83667739  0.82588284  0.81099434  0.83921382 
  0.83656191  0.83514785  0.82769067  0.83252471  0.83454866  0.83609854 
  0.83303013  0.83414061  0.83268828  0.83359281  0.8361002  ]
[0.54381752  0.55226232  0.55428588  0.57940958  0.55746592  0.56228983 
  0.54726504  0.54437639  0.5557203    0.57402244  0.54431288  0.54351235 
  0.54452105  0.54502528  0.54409421  0.54453653  0.54357257]
[0.90171691  0.89228176  0.89032053  0.90400743  0.97170626  0.88128735 
  0.89754391  0.90334913  0.92872481  0.88569888  0.90740197  0.90795946 
  0.91143901  0.90866923  0.91650239  0.91066758  0.903783    ]
[-0.13430072  -0.13136516  -0.13251858  -0.15407348  -0.18392298  -0.12710917 
  -0.13360762  -0.13542963  -0.15103833  -0.14714623  -0.13654791  -0.13373221 
  -0.14026696  -0.13783661  -0.1374092    -0.13896434  -0.13342055]
[0.27780089  0.28858406  0.29024711  0.2830588    0.23216393  0.30121802 
  0.27324645  0.27686265  0.26341632  0.2600412    0.26984227  0.27349744 
  0.26937606  0.27326403  0.25456249  0.27155231  0.27634901]
[0.32935123  0.3312751    0.33172304  0.30078713  0.26611278  0.33302453 
  0.32535703  0.32768149  0.29889255  0.29894724  0.32215731  0.32317151 
  0.32033132  0.32266749  0.31067905  0.32142345  0.327165    ]
[0.49460833  0.49275893  0.49330576  0.50465416  0.51910446  0.49050648 
  0.49366909  0.49502271  0.50293951  0.49675947  0.4962596    0.49407554 
  0.4976517    0.4961915    0.4992332    0.49676961  0.494094    ]
[-0.87239258  -0.87458481  -0.87502279  -0.85512626  -0.81311361  -0.87737869 
  -0.87841366  -0.87076976  -0.84588459  -0.89166182  -0.8697265    -0.86819202 
  -0.865158      -0.866439      -0.86752315  -0.86522393  -0.87110872]
increment_70
[  0.01583208    0.00683722    0.00520649  -0.00854915    0.0227181    -0.00461361 
    0.01154568    0.0156678      0.01098774  -0.00877941    0.01451165    0.01571233 
    0.01682352    0.0158495      0.01168493    0.01665511    0.01575893]
[0.83464828  0.83667455  0.8359886    0.82381116  0.80592404  0.83890947 
  0.83582258  0.83425868  0.82531355  0.83101812  0.83311001  0.83513903 
  0.83169341  0.83287406  0.83120354  0.83244154  0.83488767]
[0.54419161  0.55397223  0.5566981    0.58562527  0.56129324  0.56676008 
  0.54821793  0.5447571    0.55897554  0.58139487  0.54481845  0.54391829 
  0.54507707  0.54577719  0.54484979  0.54512877  0.54408284]
[0.89097482  0.87988038  0.87757371  0.89321673  0.97211963  0.86696052 
  0.88689395  0.89306421  0.9218922    0.87248784  0.8995052    0.89944516 
  0.90266179  0.89956464  0.90827773  0.9021143    0.89430089]
[-0.1306449    -0.1272286    -0.12877432  -0.15356109  -0.18890734  -0.12240401 
  -0.12992291  -0.13214432  -0.15091888  -0.14565379  -0.13398132  -0.13054878 
  -0.13801055  -0.13534451  -0.13519869  -0.13624344  -0.13066563]
[0.2883581    0.30112327  0.30322156  0.2941284    0.23615001  0.31651872 
  0.28374853  0.28718517  0.27238564  0.27276826  0.27785515  0.28265669 
  0.27798674  0.28287705  0.26208192  0.28073849  0.28609491]
[0.34023982  0.34271584  0.34304225  0.30708379  0.2662755    0.3441094 
  0.33563582  0.33828874  0.30488661  0.30608517  0.33049101  0.33204809 
  0.32927329  0.33207908  0.3186525    0.3303266    0.33703351]
[0.49055966  0.4881049    0.48885612  0.50181311  0.51901428  0.48549704 
  0.48932886  0.49086476  0.50044284  0.49313897  0.49285503  0.48993477 
  0.49402094  0.49243295  0.49578497  0.49289771  0.4903145  ]
[-0.88278368  -0.88541424  -0.88571929  -0.86343817  -0.81330284  -0.88820917 
  -0.88878805  -0.88071849  -0.85160002  -0.90272242  -0.87821145  -0.87694611 
  -0.87422572  -0.87530052  -0.87672096  -0.87381794  -0.88042332]
increment_80
[  0.01618541    0.00608849    0.00370688  -0.0119543      0.02299467  -0.00783126 
    0.01119924    0.01595438    0.01000045  -0.01342945    0.01449926    0.01604041 
    0.01723483    0.01614049    0.01181465    0.01690877    0.01621355]
[0.83366713  0.83615385  0.83530618  0.82193747  0.80089889  0.83853437 
  0.83513791  0.83345097  0.82293213  0.82942663  0.83163071  0.83421921 
  0.83037971  0.83160209  0.82973973  0.83139118  0.83364351]
[0.54462287  0.55541165  0.55925319  0.59182534  0.5654836    0.57126636 
  0.54922201  0.54511826  0.56242862  0.58948733  0.54534996  0.54433456 
  0.54564881  0.54655506  0.5457507    0.54575494  0.54462478]
[0.8804057    0.86762689  0.8647796    0.88205428  0.97214325  0.85290289 
  0.8762531    0.88257807  0.91490186  0.85936731  0.89186992  0.89106925 
  0.89391556  0.89054849  0.89991432  0.8937109    0.88501352]
[-0.12703227  -0.12311476  -0.12504462  -0.15274214  -0.19380734  -0.11786664 
  -0.12614739  -0.12872173  -0.15087369  -0.14420401  -0.13152062  -0.12732968 
  -0.13576436  -0.132913      -0.13310134  -0.1333593    -0.12802195]
[0.29873062  0.31342179  0.31630578  0.30551518  0.24057526  0.33162708 
  0.29450377  0.29763903  0.2815097    0.28714614  0.28559008  0.29170828 
  0.28651226  0.29240881  0.27032712  0.2898351    0.29568948]
[0.35088791  0.35422029  0.35430953  0.31372592  0.26651345  0.35494914 
  0.34592175  0.3490587    0.31088829  0.31344322  0.33855372  0.34075185 
  0.33813802  0.34138611  0.32690045  0.33898361  0.34670816]
[0.48672742  0.48347123  0.48443266  0.49883304  0.51888443  0.48058498 
  0.48494245  0.48664207  0.49801588  0.48970221  0.48954803  0.48579678 
  0.49040926  0.48872964  0.49232382  0.48896341  0.48661187]
[-0.89305971  -0.89627373  -0.89633907  -0.87204609  -0.81357291  -0.89881136 
  -0.89902682  -0.89081452  -0.85727471  -0.91262981  -0.88652135  -0.88558175 
  -0.88328626  -0.88405471  -0.88565648  -0.88228841  -0.88955647]
increment_90
[  0.01656798    0.00559032    0.00210992  -0.0154718      0.02295087  -0.01090431 
    0.01077586    0.01619751    0.00889636  -0.01832973    0.01456434    0.01633058 
    0.01762082    0.01643388    0.01191639    0.017053        0.01664664]
[0.83256607  0.83561175  0.83461539  0.8202621    0.7959541    0.83807321 
  0.83448741  0.83272308  0.82060043  0.82771337  0.83012935  0.83331704 
  0.82909588  0.83034398  0.82830374  0.83043459  0.83241991]
[0.54512433  0.55654712  0.56194181  0.59801477  0.5700153    0.57566702 
  0.55033496  0.54546324  0.5659878    0.59807139  0.54595344  0.54478525 
  0.54623433  0.54731743  0.54683062  0.54643874  0.5451758  ]
[0.87014318  0.85562382  0.8519934    0.87051386  0.97166409  0.83923094 
  0.86560348  0.87188479  0.90776089  0.84658928  0.8842682    0.88275589 
  0.88517564  0.8816033    0.89139217  0.88541873  0.87579575]
[-0.12355872  -0.1190677    -0.12135872  -0.15157153  -0.19855377  -0.11353543 
  -0.12234515  -0.12515786  -0.15079842  -0.14290985  -0.12926913  -0.12412314 
  -0.13351068  -0.13050615  -0.13105301  -0.13032183  -0.12541451]
[0.3088336    0.32538504  0.32945529  0.31745061  0.24550926  0.34638694 
  0.30547762  0.30823126  0.29074662  0.30259313  0.29325485  0.30070771 
  0.29501368  0.30185313  0.27922814  0.29888165  0.30522646]
[0.36119339  0.36572428  0.36548608  0.32081521  0.26693037  0.36554685 
  0.35615182  0.35999399  0.31692231  0.32077851  0.34649863  0.34935529 
  0.34696923  0.35062455  0.33536152  0.34741994  0.35631042]
[0.48313069  0.47888472  0.48005053  0.49571819  0.51868203  0.47579562 
  0.48053061  0.48235359  0.49560811  0.48649006  0.4862776    0.48168852 
  0.48680784  0.485065      0.48885671  0.4849695    0.48291864]
[-0.90310666  -0.90710273  -0.90684473  -0.88082482  -0.81401776  -0.90917191 
  -0.90913849  -0.90106326  -0.86296058  -0.92137178  -0.89478999  -0.8941306 
  -0.89233774  -0.89273695  -0.89435846  -0.89065116  -0.89860511]
increment_100
[  0.01696654    0.00533718    0.00052261  -0.01909607    0.02256642  -0.01371361 
    0.01028352    0.01639547    0.00772498  -0.02324198    0.01475374    0.01657403 
    0.01798904    0.01675064    0.01190728    0.01711529    0.01704085]
[0.83137557  0.83503807  0.83388851  0.81875082  0.79113192  0.83749544 
  0.83382409  0.83206725  0.81835417  0.82583571  0.82860843  0.83241665 
  0.82783795  0.82910966  0.82688663  0.82950127  0.83126863]
[0.54568292  0.55739493  0.56465073  0.60421271  0.57487637  0.57983602 
  0.55157457  0.54580133  0.56955627  0.60684048  0.54668415  0.54529635 
  0.54683363  0.54802819  0.54811731  0.54720898  0.54571145]
[0.86022179  0.84393328  0.83940035  0.8586634    0.97056734  0.82611075 
  0.85505264  0.86099272  0.90049818  0.83446783  0.87658487  0.87448802 
  0.87644727  0.87273233  0.88277698  0.87724393  0.86648155]
[-0.1202781    -0.11511393  -0.11777682  -0.15007978  -0.20307185  -0.1094761 
  -0.11861268  -0.12146365  -0.15062183  -0.14192244  -0.1272983    -0.12095721 
  -0.13125906  -0.12810518  -0.12903738  -0.12727456  -0.12273308]
[0.31867366  0.33697064  0.34247177  0.33004796  0.25102886  0.36060827 
  0.31652793  0.31896043  0.30003835  0.31829095  0.30102248  0.30967826 
  0.30349699  0.31119153  0.28856923  0.30787261  0.31481766]
[0.37116965  0.37715924  0.37648741  0.32834717  0.26762335  0.37585125 
  0.36621355  0.3710835    0.3230097    0.32778659  0.35440585  0.35786658 
  0.35576807  0.35981201  0.34387893  0.35565697  0.36598623]
[0.47969693  0.47436466  0.47574096  0.49249908  0.51837503  0.47117605 
  0.4761514    0.47800509  0.49318412  0.48354447  0.48302177  0.47762243 
  0.48321821  0.48143042  0.48541601  0.48098904  0.47917748]
[-0.91287577  -0.91784409  -0.91716804  -0.88961412  -0.8147205    -0.91923293 
  -0.919052      -0.91145512  -0.86869543  -0.92904341  -0.90303391  -0.90259009 
  -0.90137196  -0.90136498  -0.90283283  -0.8988719    -0.90770833]
increment_110
[  0.01735306    0.00526204  -0.00091753  -0.02278193    0.02182914  -0.01620386 
    0.00976075    0.01655279    0.00651406  -0.0279662      0.01499433    0.01676535 
    0.01834682    0.01710333    0.01176923    0.01716329    0.01739478]
[0.83016616  0.83443113  0.83310349  0.81734407  0.78644853  0.83677455 
  0.83310396  0.83145657  0.8162062    0.82377569  0.82705149  0.83149704 
  0.82659337  0.82787902  0.82546093  0.82848225  0.83019805]
[0.54625839  0.55804307  0.56722217  0.61040907  0.58006786  0.58372723 
  0.55291812  0.54615103  0.57308642  0.6155215    0.54760214  0.54589422 
  0.5474502    0.54868931  0.54960835  0.54807771  0.54622598]
[0.85052722  0.83253362  0.82719984  0.84664348  0.9688341    0.81366509 
  0.84476576  0.84997373  0.89312741  0.82322852  0.86887587  0.86633123 
  0.86776525  0.86398693  0.87419863  0.86925049  0.85699027]
[-0.1171449    -0.11125625  -0.11434627  -0.14836676  -0.20734192  -0.10572583 
  -0.11503796  -0.11769286  -0.1503059    -0.14134568  -0.12559861  -0.11787193 
  -0.12903422  -0.12574607  -0.1270996    -0.12444866  -0.11992454]
[0.32836862  0.34823198  0.35512656  0.34318658  0.25714767  0.37416253 
  0.32746072  0.32978076  0.30936671  0.33351188  0.30895238  0.3185856 
  0.31194247  0.32038863  0.29809061  0.31674036  0.32451369]
[0.38097153  0.38847843  0.38724536  0.33620156  0.2686031    0.38578037 
  0.37597945  0.38225946  0.32916601  0.33423993  0.3622278    0.36621466 
  0.36450739  0.36890947  0.35227647  0.36369832  0.37580058]
[0.4762916    0.4699169    0.47152958  0.48922182  0.51795984  0.46677846 
  0.47186204  0.47362463  0.49071918  0.48088158  0.47981385  0.47361771 
  0.47965188  0.47784253  0.48204405  0.47714429  0.47537647]
[-0.9224439    -0.92846571  -0.92725759  -0.89830933  -0.81568503  -0.92893408 
  -0.92867373  -0.92192638  -0.87450442  -0.93582667  -0.91113        -0.91089955 
  -0.9103591    -0.90990187  -0.91105412  -0.90687093  -0.91694469]
increment_120
[  0.01769826    0.0052829    -0.00212973  -0.0264653      0.02072693  -0.01838919 
    0.00923353    0.01668338    0.00525038  -0.03244735    0.01516716    0.01691514 
    0.01869696    0.01748824    0.01149998    0.01724393    0.01772215]
[0.82900281  0.83379645  0.83226377  0.81597664  0.7818882    0.83590589 
  0.83231588  0.83085397  0.81414839  0.82152944  0.82544652  0.83053632 
  0.82534539  0.82662256  0.8240129    0.82730303  0.82917019]
[0.54680587  0.55859243  0.56954864  0.61657496  0.5856196    0.58736601 
  0.55433527  0.54652791  0.57660289  0.62403741  0.54876293  0.54658548 
  0.54809424  0.54933229  0.55130131  0.54905244  0.54673613]
[0.84086331  0.82134921  0.81544118  0.8346144    0.96652653  0.80196131 
  0.83486949  0.83894188  0.88561901  0.81290946  0.86121214  0.8583758 
  0.85916757  0.85541316  0.86570739  0.8615389    0.84735749]
[-0.1140246    -0.10747926  -0.11104893  -0.14656271  -0.21140259  -0.10225158 
  -0.11164011  -0.11392189  -0.14984475  -0.14121463  -0.12412331  -0.11491134 
  -0.12686085  -0.12347882  -0.12527202  -0.12200555  -0.11701396]
[0.33807327  0.35927152  0.36733303  0.35657363  0.26383408  0.3869966 
  0.33813864  0.34061363  0.31877823  0.34797467  0.31699424  0.32736788 
  0.32034841  0.32942664  0.30765488  0.32539754  0.33428686]
[0.39080428  0.3996754    0.39778667  0.34419506  0.26979768  0.39522955 
  0.38534941  0.39342155  0.33540817  0.3400581    0.36986837  0.37431987 
  0.3731624    0.37786624  0.3604742    0.37149041  0.3857136  ]
[0.47280775  0.46553267  0.46740857  0.48593294  0.51745913  0.46263366 
  0.46767789  0.46925206  0.48819946  0.47849564  0.4766917    0.46969652 
  0.47612213  0.47432467  0.47876163  0.47352221  0.47155276]
[-0.9319785    -0.93897009  -0.93714696  -0.90689719  -0.81684467  -0.93823573 
  -0.93794311  -0.93238306  -0.88040763  -0.94185628  -0.91900002  -0.91899056 
  -0.91925532  -0.91829975  -0.91902996  -0.91455343  -0.92630131]
