inc
Fp11
Fp12
Fp13
Fp21
Fp22
Fp23
Fp31
Fp32
Fp33
increment_0
[0.28275712  0.28275712  0.28275712  0.28275712  0.28275712  0.28275712 
  0.28275712  0.28275712  0.28275712  0.28275712  0.28275712  0.28275712 
  0.28275712  0.28275712  0.28275712]
[0.74651784  0.74651784  0.74651784  0.74651784  0.74651784  0.74651784 
  0.74651784  0.74651784  0.74651784  0.74651784  0.74651784  0.74651784 
  0.74651784  0.74651784  0.74651784]
[0.60229522  0.60229522  0.60229522  0.60229522  0.60229522  0.60229522 
  0.60229522  0.60229522  0.60229522  0.60229522  0.60229522  0.60229522 
  0.60229522  0.60229522  0.60229522]
[-0.85250444  -0.85250444  -0.85250444  -0.85250444  -0.85250444  -0.85250444 
  -0.85250444  -0.85250444  -0.85250444  -0.85250444  -0.85250444  -0.85250444 
  -0.85250444  -0.85250444  -0.85250444]
[0.48339122  0.48339122  0.48339122  0.48339122  0.48339122  0.48339122 
  0.48339122  0.48339122  0.48339122  0.48339122  0.48339122  0.48339122 
  0.48339122  0.48339122  0.48339122]
[-0.19891985  -0.19891985  -0.19891985  -0.19891985  -0.19891985  -0.19891985 
  -0.19891985  -0.19891985  -0.19891985  -0.19891985  -0.19891985  -0.19891985 
  -0.19891985  -0.19891985  -0.19891985]
[-0.43964143  -0.43964143  -0.43964143  -0.43964143  -0.43964143  -0.43964143 
  -0.43964143  -0.43964143  -0.43964143  -0.43964143  -0.43964143  -0.43964143 
  -0.43964143  -0.43964143  -0.43964143]
[-0.45721334  -0.45721334  -0.45721334  -0.45721334  -0.45721334  -0.45721334 
  -0.45721334  -0.45721334  -0.45721334  -0.45721334  -0.45721334  -0.45721334 
  -0.45721334  -0.45721334  -0.45721334]
[0.77309208  0.77309208  0.77309208  0.77309208  0.77309208  0.77309208 
  0.77309208  0.77309208  0.77309208  0.77309208  0.77309208  0.77309208 
  0.77309208  0.77309208  0.77309208]
increment_10
[0.28094584  0.28123632  0.28105709  0.28269419  0.28270439  0.28270314 
  0.28274557  0.28261373  0.28279601  0.282722      0.28272242  0.28274014 
  0.28235428  0.28197252  0.27975322]
[0.74790434  0.74768171  0.74781893  0.74656292  0.74643787  0.74639858 
  0.74652517  0.74546123  0.74526477  0.74654449  0.74630862  0.74651995 
  0.7463658    0.74711845  0.7488166  ]
[0.60441016  0.60406977  0.60428196  0.60236785  0.60234109  0.60228733 
  0.60230749  0.60203189  0.60257157  0.60233638  0.60224174  0.6023089 
  0.60291916  0.60321584  0.60580883]
[-0.84549105  -0.84526489  -0.84477475  -0.84664006  -0.84668719  -0.84658453 
  -0.84661078  -0.84708125  -0.84845932  -0.84781962  -0.84663186  -0.84693951 
  -0.8454641    -0.84679843  -0.84347118]
[0.47826551  0.47804682  0.47785699  0.47940722  0.47950968  0.47959413 
  0.479766      0.47982174  0.4818647    0.47997117  0.479559      0.48008577 
  0.47976563  0.47942079  0.47701009]
[-0.20538086  -0.2059654    -0.20523033  -0.20219418  -0.20169055  -0.2006485 
  -0.1995418    -0.20115065  -0.20075419  -0.20320871  -0.20109115  -0.19862975 
  -0.19806772  -0.20276949  -0.20569155]
[-0.4438454    -0.44455229  -0.44410194  -0.44337198  -0.44305494  -0.44247928 
  -0.44189023  -0.44237922  -0.44189335  -0.44360931  -0.44273092  -0.44125497 
  -0.44091811  -0.44293014  -0.44348734]
[-0.45374839  -0.45325389  -0.45341006  -0.45384855  -0.45412747  -0.45442569 
  -0.45459723  -0.45548163  -0.45501632  -0.45400798  -0.45436761  -0.45500772 
  -0.45491741  -0.45429398  -0.45372743]
[0.77972703  0.78022354  0.78102334  0.781036      0.78120754  0.78177676 
  0.78200882  0.78152834  0.77905763  0.7788983    0.78163654  0.78180318 
  0.78386938  0.779752      0.78138159]
increment_20
[0.27766614  0.27836684  0.27753243  0.28201288  0.28201705  0.28251692 
  0.28274474  0.28205801  0.28213873  0.282718      0.28251047  0.2821896 
  0.28041936  0.28131685  0.27539969]
[0.75041906  0.74987899  0.75051989  0.74708375  0.7468995    0.74550935 
  0.74652337  0.74334157  0.74323281  0.7465473    0.74483429  0.74624674 
  0.74698661  0.74756866  0.75213739]
[0.60826447  0.60743169  0.6084172    0.60316914  0.60314183  0.60193963 
  0.60230613  0.60089239  0.60295509  0.60234131  0.60185457  0.60233985 
  0.60551446  0.60400656  0.61093803]
[-0.83609206  -0.8355974    -0.83452062  -0.83933833  -0.83934627  -0.83991261 
  -0.83911256  -0.84047165  -0.84452156  -0.8424752    -0.8405663    -0.84114859 
  -0.83571362  -0.84091742  -0.83190534]
[0.47120791  0.47103579  0.47030644  0.47446242  0.47456018  0.47546001 
  0.47532371  0.47584988  0.48009229  0.47605587  0.47567326  0.47597015 
  0.4745022    0.47514165  0.46868413]
[-0.2153672    -0.21447066  -0.21507384  -0.20615954  -0.20553302  -0.20159331 
  -0.19913557  -0.20122425  -0.20252718  -0.20819801  -0.20285493  -0.19899053 
  -0.20024792  -0.20843973  -0.21557787]
[-0.44939342  -0.44976256  -0.44959961  -0.44736138  -0.44696641  -0.44487861 
  -0.44409406  -0.44369745  -0.44425516  -0.44823099  -0.44529387  -0.44352968 
  -0.44322096  -0.44744765  -0.44861059]
[-0.44935613  -0.44886804  -0.44888395  -0.45013015  -0.45050039  -0.45238853 
  -0.45157998  -0.45524243  -0.45260239  -0.45028883  -0.45296443  -0.45224863 
  -0.45176615  -0.45065516  -0.44926546]
[0.78721373  0.78914079  0.78966326  0.79036548  0.79067658  0.79273273 
  0.79393774  0.79408399  0.78613368  0.7855601    0.79167625  0.79163406 
  0.7963732    0.78628718  0.79114662]
increment_30
[0.27429488  0.27558238  0.27402071  0.28122988  0.28102202  0.28229815 
  0.28274395  0.28147072  0.28120253  0.28271318  0.28226938  0.2813759 
  0.27834074  0.28082481  0.27100028]
[0.75301051  0.75200683  0.75321298  0.74768367  0.74763502  0.74459804 
  0.74652142  0.74136728  0.74142817  0.74655068  0.74338235  0.74584016 
  0.74788147  0.747701      0.75544254]
[0.6122709    0.61072073  0.61254915  0.60409707  0.60432012  0.60151961 
  0.60230464  0.59967729  0.60328788  0.6023471    0.60141109  0.60242204 
  0.60826802  0.60466988  0.61616729]
[-0.8266444    -0.82625819  -0.82457116  -0.83210516  -0.8320109    -0.83333135 
  -0.8316021    -0.83385076  -0.84095492  -0.8371559    -0.83461122  -0.83591768 
  -0.82601426  -0.83533074  -0.82048791]
[0.46403832  0.46420643  0.4628557    0.46956007  0.46952386  0.47142244 
  0.47091301  0.47191838  0.47793355  0.472186      0.47188855  0.47187844 
  0.46895832  0.47120642  0.46036575]
[-0.225937      -0.22300935  -0.22550194  -0.21011148  -0.21001405  -0.20225869 
  -0.19845525  -0.20098979  -0.20443462  -0.21297342  -0.20441755  -0.19943698 
  -0.2034219    -0.21432392  -0.22644573]
[-0.45519625  -0.45496358  -0.45533871  -0.45123365  -0.45094755  -0.44707902 
  -0.44617122  -0.44486572  -0.44669079  -0.45272561  -0.44770561  -0.44580594 
  -0.44598558  -0.45211849  -0.45418624]
[-0.44484623  -0.44457873  -0.44429983  -0.44649767  -0.44686571  -0.45048972 
  -0.44859295  -0.45495287  -0.45018627  -0.44663696  -0.45165194  -0.4495507 
  -0.44838938  -0.44696423  -0.44460347]
[0.79445328  0.79770109  0.79769584  0.79959225  0.79965671  0.80389503 
  0.80618903  0.80697893  0.79295286  0.79228482  0.8018001    0.80107605 
  0.80855117  0.79252931  0.80041219]
increment_40
[0.27091475  0.27281621  0.27064611  0.28054748  0.28002558  0.2820645 
  0.28274318  0.28090327  0.28024335  0.2827063    0.28202587  0.28047386 
  0.27622571  0.28034207  0.26653132]
[0.75561163  0.75408462  0.75580221  0.74820725  0.7483724    0.74365931 
  0.74651943  0.73949182  0.73954125  0.74655565  0.7420896    0.74539538 
  0.74883649  0.74778301  0.75872225]
[0.61630714  0.61402562  0.61652701  0.60491188  0.6055095    0.60106436 
  0.6023032    0.59850671  0.6036667    0.60235532  0.60095889  0.60249864 
  0.61109376  0.6053389    0.62152641]
[-0.81719924  -0.81720379  -0.81492515  -0.8251379    -0.82489648  -0.82687824 
  -0.82421618  -0.8273159    -0.83754465  -0.83189566  -0.82865883  -0.83097857 
  -0.81654963  -0.82982599  -0.80914774]
[0.4568361    0.45745119  0.45556535  0.46481963  0.46455904  0.4674643 
  0.4665676    0.46803205  0.47593184  0.46836313  0.46813583  0.46786464 
  0.46343811  0.46734567  0.45208058]
[-0.23674728  -0.23211662  -0.23608031  -0.21404118  -0.21492809  -0.20293451 
  -0.19784207  -0.20083256  -0.20632932  -0.21766743  -0.20580221  -0.1999786 
  -0.20720136  -0.22031575  -0.23801032]
[-0.46112176  -0.46037819  -0.46119047  -0.45511801  -0.45510411  -0.44925023 
  -0.44826946  -0.44611603  -0.44906628  -0.45715631  -0.45006064  -0.44808422 
  -0.44900331  -0.45682401  -0.46003532]
[-0.4402778    -0.44033258  -0.43969801  -0.44288552  -0.44318375  -0.4486539 
  -0.44559425  -0.45455759  -0.44783387  -0.44302831  -0.45021899  -0.44689333 
  -0.44491859  -0.44326848  -0.43982896]
[0.80158716  0.80567155  0.80538434  0.80863703  0.80823606  0.81506975 
  0.8184337    0.81982451  0.79961389  0.7989753    0.81205388  0.81027816 
  0.82034947  0.79863995  0.80931813]
increment_50
[0.26757389  0.27001318  0.26749159  0.27997009  0.27907844  0.28181549 
  0.28274244  0.28036015  0.27922646  0.28269789  0.28180121  0.27951524 
  0.27402766  0.27986336  0.26205839]
[0.75818268  0.75607598  0.75822375  0.74865084  0.74906229  0.74268694 
  0.74651741  0.73773716  0.7375468    0.74656176  0.74095863  0.74493138 
  0.74980702  0.74792044  0.76191585]
[0.62029731  0.61742999  0.62025019  0.60560628  0.60664724  0.6005764 
  0.60230182  0.59738766  0.60409362  0.60236521  0.60054427  0.60255147 
  0.61407488  0.60598707  0.62693546]
[-0.80780086  -0.80834994  -0.80565347  -0.81842606  -0.81801423  -0.82054947 
  -0.81699505  -0.82083434  -0.83435528  -0.8266894    -0.82274513  -0.82628858 
  -0.80725344  -0.82434634  -0.79794138]
[0.44965376  0.4507309    0.4485116    0.46023444  0.45969985  0.46358041 
  0.46229532  0.4641759    0.47410658  0.46458137  0.46441264  0.46393359 
  0.45799187  0.46343655  0.44390567]
[-0.24761535  -0.24175296  -0.24656704  -0.2179434    -0.22008241  -0.20364568 
  -0.19741087  -0.20071808  -0.20814524  -0.22229997  -0.20717734  -0.20070241 
  -0.21154938  -0.22632143  -0.25003701]
[-0.46710027  -0.46594116  -0.46707359  -0.45901745  -0.45936908  -0.45140562 
  -0.45043636  -0.44744561  -0.4513325    -0.46153682  -0.45246051  -0.4504037 
  -0.45220422  -0.46154433  -0.46606167]
[-0.43568372  -0.43622632  -0.43512144  -0.43929246  -0.43949157  -0.44688085 
  -0.44257123  -0.45402651  -0.44557678  -0.43945438  -0.44861621  -0.4442559 
  -0.44138913  -0.43956861  -0.43499455]
[0.80867794  0.81312334  0.81277778  0.81751089  0.81650748  0.82625088 
  0.83055979  0.83265979  0.80609156  0.80563342  0.82226933  0.81922246 
  0.83181178  0.80471497  0.81790084]
increment_60
[0.26432172  0.26715122  0.2646364    0.27949619  0.27820853  0.28155203 
  0.28274173  0.27984091  0.27813437  0.28269034  0.28160711  0.27850551 
  0.27178138  0.27940874  0.25767388]
[0.76068406  0.75786478  0.76041666  0.74901539  0.74967296  0.74168853 
  0.74651538  0.73612346  0.73544054  0.7465672    0.73998068  0.74444783 
  0.75072337  0.74811481  0.76495364]
[0.62417133  0.6209903    0.62362343  0.60618024  0.60769764  0.60005909 
  0.60230055  0.59631456  0.60456265  0.60237395  0.60019339  0.60258754 
  0.61718188  0.60658479  0.63227897]
[-0.79849029  -0.79967365  -0.79684004  -0.81194204  -0.81135461  -0.81433561 
  -0.80998912  -0.81436977  -0.83144615  -0.82152919  -0.81690285  -0.82185218 
  -0.79813677  -0.81889191  -0.7869642  ]
[0.44253067  0.44408423  0.44177325  0.45579457  0.45496747  0.45976701 
  0.45811167  0.46033747  0.47245956  0.46083891  0.46071989  0.4600871 
  0.45269537  0.45947488  0.43592556]
[-0.25843726  -0.25168318  -0.25675426  -0.2217527    -0.22528776  -0.2043812 
  -0.19726598  -0.20057299  -0.20994716  -0.2268504    -0.20867775  -0.20163558 
  -0.21629136  -0.23226872  -0.26231712]
[-0.47310941  -0.47150964  -0.47292101  -0.46290434  -0.46366706  -0.45354374 
  -0.45270737  -0.44882715  -0.45351232  -0.46586144  -0.45497498  -0.45277675 
  -0.45551156  -0.46626337  -0.47220178]
[-0.4310719    -0.43242821  -0.43060914  -0.43573289  -0.43582928  -0.44516297 
  -0.43952147  -0.45334252  -0.44341276  -0.43591528  -0.44682175  -0.44163692 
  -0.43783795  -0.43587018  -0.4301383  ]
[0.81576449  0.82018065  0.81989627  0.82626845  0.82457785  0.83744587 
  0.84243484  0.84555989  0.81229732  0.81228239  0.83231566  0.82786776 
  0.84300392  0.81079764  0.82616151]
increment_70
[0.26119149  0.26426453  0.26217313  0.27912856  0.27743057  0.28127895 
  0.28274103  0.27934665  0.27696471  0.28268515  0.28144756  0.27743742 
  0.2695678    0.27899705  0.25344881]
[0.76308892  0.7593202    0.76230876  0.74929863  0.75018834  0.74067877 
  0.74651319  0.73465286  0.73322924  0.74657079  0.73913469  0.74393772 
  0.7515202    0.74833885  0.76778901]
[0.62788078  0.62468772  0.62653632  0.60662874  0.60863995  0.59952339 
  0.60229945  0.59528732  0.60506035  0.60237977  0.59991559  0.60261713 
  0.62031222  0.60711233  0.63746513]
[-0.78929685  -0.79122349  -0.78859199  -0.80565932  -0.80489542  -0.80823356 
  -0.80324143  -0.80792523  -0.82886131  -0.81640413  -0.81116564  -0.81767471 
  -0.78926022  -0.81348183  -0.77629449]
[0.43549207  0.43760286  0.43544667  0.45149304  0.45037215  0.45602247 
  0.45403062  0.45652187  0.47098768  0.45713367  0.45706203  0.45632358 
  0.44762172  0.45549255  0.42820478]
[-0.26915908  -0.2615872    -0.26640894  -0.22537284  -0.23037926  -0.20514639 
  -0.19749141  -0.20036756  -0.21184081  -0.23128704  -0.21042009  -0.20272913 
  -0.22117997  -0.2381108    -0.27466101]
[-0.4791423    -0.47694109  -0.47866141  -0.46674237  -0.46793227  -0.45567423 
  -0.45510698  -0.45024394  -0.45565303  -0.4701194    -0.45765223  -0.45518024 
  -0.45885204  -0.47096587  -0.47839226]
[-0.42644369  -0.42908548  -0.42620339  -0.43222943  -0.43222514  -0.4434806 
  -0.43644741  -0.45250964  -0.44132875  -0.43241286  -0.44483793  -0.43904988 
  -0.43430016  -0.43218089  -0.42529817]
[0.82286603  0.82696382  0.82675667  0.83498184  0.83255767  0.84863412 
  0.85393832  0.85852568  0.81812932  0.81895468  0.84208592  0.83621693 
  0.85399273  0.81689996  0.83410254]
increment_80
[0.25817157  0.26143481  0.26017235  0.27886193  0.27674687  0.28100256 
  0.28273994  0.27887534  0.27569679  0.2826823    0.28132403  0.27630615 
  0.2674452    0.27863076  0.24942957]
[0.7654064    0.76040059  0.76384199  0.74950447  0.75061184  0.73967523 
  0.74651001  0.73331062  0.73092518  0.74657254  0.73841298  0.74339633 
  0.75216962  0.74857168  0.77038077]
[0.63144091  0.62841288  0.62890529  0.60695662  0.6094679    0.59898295 
  0.6022987    0.59430047  0.60557001  0.60238277  0.59971136  0.60264767 
  0.62338303  0.60757092  0.64243688]
[-0.7802013    -0.78307078  -0.78099648  -0.79952916  -0.7986083    -0.80223008 
  -0.79675627  -0.8015086    -0.82664712  -0.81129524  -0.80555119  -0.81373648 
  -0.78066095  -0.80811654  -0.76598319]
[0.4285252    0.43136822  0.42960972  0.44730603  0.44591175  0.45234066 
  0.45005422  0.45273485  0.46966798  0.45346013  0.45343932  0.45263572 
  0.44279951  0.45151213  0.42080341]
[-0.27978941  -0.27122448  -0.27534686  -0.22871743  -0.23525266  -0.20594482 
  -0.1980923    -0.20008922  -0.21385947  -0.23556879  -0.21248245  -0.20389542 
  -0.22603393  -0.24382192  -0.28689539]
[-0.48519914  -0.48217776  -0.48423755  -0.47050579  -0.47212486  -0.45781058 
  -0.45763054  -0.45168215  -0.45776937  -0.47429739  -0.46052258  -0.45757781 
  -0.46217963  -0.47563777  -0.48456691]
[-0.42179739  -0.42619768  -0.42194009  -0.4288033    -0.42868537  -0.44180487 
  -0.43335626  -0.4515482    -0.43932682  -0.42894809  -0.44265983  -0.43650855 
  -0.43079584  -0.42850573  -0.42051085]
[0.82999403  0.83355314  0.83337169  0.84374877  0.8405333    0.85980758 
  0.86503913  0.87155929  0.82352844  0.82569963  0.85151094  0.8443269 
  0.86483564  0.82304112  0.84174691]
increment_90
[0.25522338  0.25877025  0.25864319  0.27867849  0.27615126  0.28072861 
  0.2827348    0.27842159  0.2742787    0.28268089  0.28123518  0.27510492 
  0.26545124  0.27830351  0.24563653]
[0.76766729  0.76115072  0.76499761  0.74964631  0.75096475  0.73869706 
  0.7465014    0.73207994  0.72854891  0.74657312  0.73782638  0.74281989 
  0.75266864  0.74879911  0.77269874]
[0.6349056    0.63199983  0.63072209  0.60718412  0.61018754  0.59844906 
  0.60229926  0.59334051  0.60607688  0.60238396  0.59957121  0.60268335 
  0.62633326  0.60797282  0.6471725  ]
[-0.7711538    -0.77528307  -0.77407264  -0.79348814  -0.79247093  -0.79630301 
  -0.79049541  -0.79511094  -0.82485628  -0.80617383  -0.80004286  -0.8100009 
  -0.77235278  -0.80279328  -0.75604854]
[0.42159399  0.42543624  0.4242828    0.44320086  0.4415781    0.44871594 
  0.44617326  0.44897524  0.4684472    0.44980983  0.44984212  0.44901271 
  0.43822613  0.44755439  0.41376828]
[-0.29037158  -0.28045808  -0.28350753  -0.23171524  -0.2398711    -0.2067533 
  -0.1989627    -0.19970234  -0.21592488  -0.23963371  -0.214862      -0.20498777 
  -0.23072689  -0.24937421  -0.29887141]
[-0.49128374  -0.48723926  -0.48962156  -0.47417459  -0.47623104  -0.45995472 
  -0.4602332    -0.45311887  -0.45982504  -0.47837545  -0.46358381  -0.45990942 
  -0.46546839  -0.48025732  -0.49066317]
[-0.41712918  -0.42363234  -0.41784532  -0.42547513  -0.42519648  -0.440106 
  -0.4302623    -0.45048132  -0.43743028  -0.42552223  -0.44027268  -0.43403265 
  -0.4273333    -0.42485475  -0.41580688]
[0.83715894  0.83998553  0.8397498    0.85267373  0.84854119  0.87098457 
  0.87582628  0.8847107    0.82850095  0.83259266  0.86060667  0.8523124 
  0.87558784  0.82923725  0.84914398]
increment_100
[0.25234251  0.25637808  0.25751954  0.27855974  0.27562418  0.28046154 
  0.28270006  0.27798435  0.27266405  0.28268018  0.28117597  0.27381008 
  0.26363179  0.27800219  0.24207804]
[0.76987599  0.76163924  0.76579369  0.74973772  0.75128285  0.73775586 
  0.7464678    0.73094772  0.7261106    0.74657307  0.737395      0.74219883 
  0.75301345  0.74901673  0.7747054  ]
[0.63828709  0.63527794  0.63207486  0.60733221  0.61082527  0.5979308 
  0.60230467  0.59240501  0.60657677  0.60238426  0.59947843  0.60272662 
  0.62908796  0.60833833  0.65167135]
[-0.76216139  -0.76791845  -0.76775155  -0.78750757  -0.78646102  -0.79043011 
  -0.78443117  -0.78872133  -0.82350831  -0.80101527  -0.79458219  -0.80645496 
  -0.76436153  -0.79751459  -0.74650972]
[0.41470503  0.41984801  0.41941583  0.43917445  0.4373504    0.44514605 
  0.44237349  0.44523876  0.46728242  0.44617638  0.44624871  0.44544518 
  0.43390078  0.44363625  0.40715924]
[-0.30088907  -0.28920173  -0.29096112  -0.2343381    -0.24428632  -0.20754312 
  -0.19994259  -0.19919722  -0.21789385  -0.24342277  -0.21745385  -0.20581386 
  -0.23512819  -0.25476025  -0.31048121]
[-0.49738077  -0.49217001  -0.49481091  -0.47773112  -0.48026769  -0.46210383 
  -0.46285019  -0.45455049  -0.46175535  -0.48233531  -0.4667931    -0.46209165 
  -0.46869751  -0.48480564  -0.49662616]
[-0.41245067  -0.42121966  -0.41395051  -0.42223917  -0.42173084  -0.43836054 
  -0.42718536  -0.449317      -0.43566873  -0.4221361    -0.4376632    -0.43165416 
  -0.42391863  -0.42124042  -0.41121485]
[0.84434385  0.8462788    0.84591028  0.86180182  0.85656102  0.88219345 
  0.88643518  0.89801287  0.83312107  0.83970528  0.86950369  0.86029939 
  0.88629832  0.83547782  0.85631975]
increment_110
[0.24955943  0.25429238  0.25668873  0.27849076  0.27515107  0.28020215 
  0.28258214  0.27756807  0.27085883  0.28267977  0.28113754  0.27238986 
  0.26201788  0.27771766  0.23873273]
[0.77200956  0.7619085    0.7662613    0.74978959  0.75158341  0.73685078 
  0.74638183  0.72990163  0.72360067  0.74657266  0.73710461  0.7415201 
  0.7532093    0.74922352  0.77641706]
[0.64155283  0.63818699  0.63311481  0.6074179    0.61140123  0.59742994 
  0.60231909  0.59150674  0.60707641  0.60238412  0.59941628  0.60277969 
  0.63159112  0.60868172  0.65595863]
[-0.75327774  -0.76097798  -0.76191563  -0.78159851  -0.78056827  -0.78458546 
  -0.77857377  -0.78233706  -0.8225467    -0.79581207  -0.78911984  -0.8031159 
  -0.75670782  -0.79228049  -0.73733586]
[0.40789944  0.41460053  0.41492156  0.43524806  0.43321223  0.44162179 
  0.43862925  0.44152301  0.46617429  0.4425547    0.44264617  0.44192644 
  0.42981375  0.43976409  0.40095907]
[-0.31127905  -0.29744894  -0.29784422  -0.23662068  -0.24856918  -0.20829541 
  -0.20086093  -0.19861344  -0.21966346  -0.24694019  -0.22012431  -0.20622779 
  -0.23916855  -0.2599937    -0.32172189]
[-0.50346712  -0.49700086  -0.49980968  -0.48116438  -0.48425918  -0.46425758 
  -0.46541354  -0.45600061  -0.46352202  -0.48618526  -0.47008594  -0.46405961 
  -0.47186296  -0.48928049  -0.50244754]
[-0.40778005  -0.41887478  -0.41030634  -0.41905324  -0.41827296  -0.4365579 
  -0.42414875  -0.44804794  -0.43405108  -0.41878184  -0.43486502  -0.42940093 
  -0.42055207  -0.41766577  -0.40673482]
[0.85151833  0.85245063  0.85187882  0.87111101  0.86455705  0.89348339 
  0.89699324  0.91145158  0.8375037    0.84705797  0.87835593  0.86836412 
  0.89698403  0.84175037  0.86330279]
increment_120
[0.24690415  0.25247479  0.25604713  0.27845585  0.27470849  0.27994896 
  0.28239862  0.27717384  0.2689139    0.28267944  0.28111095  0.27084369 
  0.26061128  0.27743878  0.23559397]
[0.77404515  0.761999      0.76643487  0.7498141    0.7518795    0.73598105 
  0.74626543  0.72893198  0.72099443  0.74657182  0.73691113  0.74078287 
  0.7532588    0.74942331  0.77788216]
[0.64466856  0.64076938  0.6339792    0.60746027  0.61194481  0.59694202 
  0.60233834  0.59064983  0.60758927  0.60238381  0.59937199  0.60284468 
  0.6338333    0.60901855  0.66002783]
[-0.74454141  -0.75439555  -0.7564515    -0.77576713  -0.77477086  -0.77875575 
  -0.77285678  -0.77595083  -0.82186836  -0.79056114  -0.78363613  -0.79996921 
  -0.74938711  -0.78708123  -0.72849583]
[0.40120658  0.40964093  0.41071733  0.43142804  0.42913401  0.43813344 
  0.43491376  0.43783165  0.46516328  0.43893671  0.43903561  0.43845039 
  0.4259608    0.43592957  0.39510282]
[-0.32149754  -0.3052765    -0.30429128  -0.23861717  -0.25283537  -0.20899058 
  -0.20166764  -0.19793963  -0.22120493  -0.25023027  -0.22276833  -0.20620205 
  -0.24282313  -0.26512777  -0.33260247]
[-0.50953477  -0.50175795  -0.5046297    -0.4844724    -0.4882451    -0.46640995 
  -0.46791864  -0.45746608  -0.46512436  -0.48995175  -0.47340372  -0.46580903 
  -0.47495862  -0.49370107  -0.50814578]
[-0.4031238    -0.41656886  -0.40694679  -0.41587898  -0.41480957  -0.43470116 
  -0.42114186  -0.44667449  -0.43256571  -0.41544419  -0.4319447    -0.42727051 
  -0.4172358    -0.41412159  -0.40235024]
[0.8586707    0.85852927  0.85768435  0.8805762    0.87248981  0.90489153 
  0.90760027  0.92504669  0.84175562  0.85464766  0.8872764    0.87654394 
  0.90765623  0.84803823  0.87012859]
