inc
Fp11
Fp12
Fp13
Fp21
Fp22
Fp23
Fp31
Fp32
Fp33
increment_0
[-0.93175253  -0.93175253  -0.93175253  -0.93175253  -0.93175253  -0.93175253 
  -0.93175253  -0.93175253  -0.93175253  -0.93175253  -0.93175253  -0.93175253 
  -0.93175253  -0.93175253  -0.93175253  -0.93175253  -0.93175253  -0.93175253 
  -0.93175253  -0.93175253  -0.93175253]
[-0.31271022  -0.31271022  -0.31271022  -0.31271022  -0.31271022  -0.31271022 
  -0.31271022  -0.31271022  -0.31271022  -0.31271022  -0.31271022  -0.31271022 
  -0.31271022  -0.31271022  -0.31271022  -0.31271022  -0.31271022  -0.31271022 
  -0.31271022  -0.31271022  -0.31271022]
[0.18452518  0.18452518  0.18452518  0.18452518  0.18452518  0.18452518 
  0.18452518  0.18452518  0.18452518  0.18452518  0.18452518  0.18452518 
  0.18452518  0.18452518  0.18452518  0.18452518  0.18452518  0.18452518 
  0.18452518  0.18452518  0.18452518]
[0.28515609  0.28515609  0.28515609  0.28515609  0.28515609  0.28515609 
  0.28515609  0.28515609  0.28515609  0.28515609  0.28515609  0.28515609 
  0.28515609  0.28515609  0.28515609  0.28515609  0.28515609  0.28515609 
  0.28515609  0.28515609  0.28515609]
[-0.3156097  -0.3156097  -0.3156097  -0.3156097  -0.3156097  -0.3156097 
  -0.3156097  -0.3156097  -0.3156097  -0.3156097  -0.3156097  -0.3156097 
  -0.3156097  -0.3156097  -0.3156097  -0.3156097  -0.3156097  -0.3156097 
  -0.3156097  -0.3156097  -0.3156097]
[0.90502846  0.90502846  0.90502846  0.90502846  0.90502846  0.90502846 
  0.90502846  0.90502846  0.90502846  0.90502846  0.90502846  0.90502846 
  0.90502846  0.90502846  0.90502846  0.90502846  0.90502846  0.90502846 
  0.90502846  0.90502846  0.90502846]
[-0.22477371  -0.22477371  -0.22477371  -0.22477371  -0.22477371  -0.22477371 
  -0.22477371  -0.22477371  -0.22477371  -0.22477371  -0.22477371  -0.22477371 
  -0.22477371  -0.22477371  -0.22477371  -0.22477371  -0.22477371  -0.22477371 
  -0.22477371  -0.22477371  -0.22477371]
[0.89588104  0.89588104  0.89588104  0.89588104  0.89588104  0.89588104 
  0.89588104  0.89588104  0.89588104  0.89588104  0.89588104  0.89588104 
  0.89588104  0.89588104  0.89588104  0.89588104  0.89588104  0.89588104 
  0.89588104  0.89588104  0.89588104]
[0.38324136  0.38324136  0.38324136  0.38324136  0.38324136  0.38324136 
  0.38324136  0.38324136  0.38324136  0.38324136  0.38324136  0.38324136 
  0.38324136  0.38324136  0.38324136  0.38324136  0.38324136  0.38324136 
  0.38324136  0.38324136  0.38324136]
increment_10
[-0.92578247  -0.92892145  -0.9266146    -0.92872686  -0.92795496  -0.9281976 
  -0.92926043  -0.92748784  -0.92609489  -0.92910392  -0.93095635  -0.92828121 
  -0.92770847  -0.92818304  -0.92795075  -0.9322397    -0.9300436    -0.92897806 
  -0.92835379  -0.93036691  -0.92795069]
[-0.31128338  -0.31281181  -0.31132768  -0.31148946  -0.31380309  -0.31144774 
  -0.31168309  -0.31197584  -0.31019515  -0.3120382    -0.31347927  -0.31038739 
  -0.31153747  -0.31167869  -0.31083279  -0.31547965  -0.31219576  -0.31095256 
  -0.31055564  -0.31253251  -0.30978656]
[0.18202557  0.18356446  0.18278309  0.18458162  0.18211807  0.18490939 
  0.18453929  0.18209324  0.18484111  0.18642349  0.18610635  0.18721952 
  0.18332006  0.18354976  0.18517685  0.1859552    0.18771475  0.18591046 
  0.1863427    0.18696342  0.18854773]
[0.28274285  0.28279196  0.28324947  0.2840156    0.28227842  0.28497871 
  0.28425155  0.28169947  0.28519616  0.28606343  0.28527213  0.28726682 
  0.28338687  0.28285265  0.28476041  0.28443626  0.28735833  0.28553565 
  0.28619752  0.28640815  0.28861166]
[-0.31335462  -0.31514068  -0.31381761  -0.31571201  -0.31398602  -0.31452497 
  -0.31582917  -0.31456951  -0.31349815  -0.3146681    -0.31623988  -0.31389267 
  -0.31465731  -0.31532206  -0.31535069  -0.31648033  -0.31367483  -0.31586535 
  -0.31495894  -0.31545082  -0.31252485]
[0.91677556  0.91287195  0.91525326  0.91214665  0.91394352  0.91176129 
  0.91130725  0.91568768  0.91489263  0.90987813  0.90777071  0.91003824 
  0.91389641  0.91400861  0.91280407  0.90686092  0.90773392  0.91048232 
  0.91084814  0.90770763  0.90968054]
[-0.22382105  -0.2239327    -0.22397999  -0.22437488  -0.22417987  -0.22466705 
  -0.22436349  -0.22324469  -0.22450885  -0.22519667  -0.2254492    -0.22506882 
  -0.22394968  -0.22378423  -0.22461348  -0.2254443    -0.22508754  -0.22499629 
  -0.22500836  -0.22550949  -0.22496024]
[0.89379794  0.89283859  0.89380611  0.89300469  0.89304327  0.89371405 
  0.89315891  0.89331295  0.89366409  0.89323071  0.89243917  0.89435132 
  0.89351937  0.89292913  0.89292136  0.89154499  0.89397964  0.89318977 
  0.89361322  0.89312396  0.89513399]
[0.38162066  0.38180834  0.38188991  0.38255935  0.38223088  0.38305666 
  0.38246338  0.38064407  0.38280127  0.38395729  0.38437848  0.38374016 
  0.38187133  0.38155688  0.38296593  0.38436099  0.38411187  0.38360612 
  0.3836379    0.38448517  0.383571    ]
increment_20
[-0.91967271  -0.92605057  -0.92025199  -0.9249056    -0.92401539  -0.92380068 
  -0.9258675    -0.92112386  -0.91975108  -0.92613033  -0.92973147  -0.92385557 
  -0.92231951  -0.92352175  -0.92382386  -0.93316844  -0.92879792  -0.92473581 
  -0.92413547  -0.92910342  -0.92415611]
[-0.30955268  -0.31443605  -0.30958973  -0.30971935  -0.31698856  -0.31051303 
  -0.31027811  -0.31072248  -0.30742787  -0.3122078    -0.31486697  -0.30779574 
  -0.31022544  -0.31041519  -0.30864733  -0.31987698  -0.3116775    -0.30824814 
  -0.30791239  -0.31288954  -0.30730334]
[0.18010534  0.1820433    0.18064532  0.18525493  0.17884115  0.18526533 
  0.18454412  0.17882005  0.18508308  0.18878215  0.18874798  0.19069218 
  0.18111972  0.18220512  0.18624792  0.1881689    0.19157252  0.18809268 
  0.18870535  0.19011448  0.19329636]
[0.28052676  0.27927093  0.2809453    0.28344641  0.27854955  0.28470449 
  0.28441896  0.27809622  0.28523456  0.28717049  0.28609749  0.28997489 
  0.28171883  0.2803468    0.28465613  0.28401264  0.28999985  0.2868649 
  0.28765295  0.28790387  0.29236479]
[-0.31135071  -0.31443052  -0.31163884  -0.31566205  -0.31199731  -0.31287268 
  -0.31534701  -0.3125465    -0.31097151  -0.31304794  -0.31593408  -0.3114135 
  -0.31301649  -0.31459477  -0.31515865  -0.31705268  -0.31131505  -0.3149298 
  -0.31394576  -0.31545959  -0.30935599]
[0.92915967  0.92223479  0.9280041    0.92033146  0.92393015  0.9203256 
  0.91926882  0.92946477  0.92581812  0.9154278    0.91121179  0.91656965 
  0.92557292  0.9249194    0.92113174  0.90834225  0.91077625  0.91771328 
  0.91796928  0.91077436  0.91492114]
[-0.22292102  -0.22294762  -0.22306138  -0.22422893  -0.22396459  -0.22462838 
  -0.22400704  -0.22187485  -0.22414368  -0.22585963  -0.22641148  -0.22547786 
  -0.2227494    -0.22280345  -0.22457137  -0.22664025  -0.22496234  -0.2252542 
  -0.22530553  -0.22655052  -0.22534023]
[0.89116065  0.88856955  0.89121039  0.88966219  0.88876328  0.89071191 
  0.88988017  0.89053646  0.89150428  0.88980164  0.88812478  0.89223844 
  0.8906055    0.88965631  0.88962731  0.88585388  0.89105923  0.89056737 
  0.89095301  0.88907967  0.8931823  ]
[0.38008795  0.38012872  0.3803203    0.38231618  0.3820317    0.38301912 
  0.38146267  0.37830511  0.38239839  0.38510745  0.38606712  0.38443353 
  0.38005901  0.37988425  0.38291847  0.38645        0.38542427  0.38402702 
  0.38416005  0.3862986    0.38438928]
increment_30
[-0.91377991  -0.92340629  -0.91379354  -0.92081946  -0.92044074  -0.9193742 
  -0.92223029  -0.91471499  -0.91353767  -0.9230302    -0.92824298  -0.91958041 
  -0.91667216  -0.91877778  -0.91979562  -0.93400811  -0.92769664  -0.92033651 
  -0.91991735  -0.92791151  -0.9205294  ]
[-0.30767115  -0.31614741  -0.30791184  -0.30779481  -0.31985669  -0.30968178 
  -0.30876104  -0.30946426  -0.30487479  -0.3124011    -0.3161592    -0.30540232 
  -0.3088317    -0.30927557  -0.3065393    -0.32435076  -0.31136329  -0.30544858 
  -0.30542368  -0.31331804  -0.3048844  ]
[0.17873449  0.1806642    0.17823797  0.18613662  0.17555409  0.18543445 
  0.18457274  0.17558533  0.18495941  0.19072211  0.19142046  0.19408906 
  0.1788216    0.18074254  0.18725441  0.19052412  0.19534108  0.19037781 
  0.19087077  0.19333779  0.1980151  ]
[0.27882398  0.27577605  0.27844424  0.28325209  0.27518522  0.28428366 
  0.28435669  0.2746313    0.28480923  0.28793515  0.28705246  0.29263376 
  0.28020005  0.27783916  0.28437439  0.28377162  0.29251359  0.2883695 
  0.28892762  0.2895004    0.2960761  ]
[-0.30938181  -0.31384762  -0.3093401    -0.31520141  -0.31013242  -0.31116635 
  -0.31480185  -0.31039284  -0.30861146  -0.31147627  -0.3152159    -0.30890763 
  -0.31109587  -0.31365666  -0.31508622  -0.31740934  -0.30910162  -0.31372819 
  -0.31288453  -0.31521581  -0.30629842]
[0.94100525  0.93135394  0.94118184  0.9286195    0.93352268  0.92914624 
  0.92759441  0.9433071    0.93699325  0.92139996  0.91495781  0.92304608 
  0.93758915  0.93597723  0.92943483  0.9098248    0.91368188  0.92512643 
  0.92528323  0.91379055  0.92001423]
[-0.22217712  -0.22198046  -0.222072      -0.22414705  -0.22348618  -0.2245381 
  -0.22365293  -0.22058038  -0.2236056    -0.22642724  -0.22729978  -0.22587964 
  -0.2216072    -0.22184718  -0.22440939  -0.22791217  -0.22487356  -0.22549335 
  -0.22554445  -0.22751501  -0.2257052  ]
[0.8886023    0.88426478  0.88866893  0.88655863  0.88451007  0.88769285 
  0.8866838    0.88783761  0.88931151  0.88638941  0.88398445  0.89005805 
  0.88782974  0.88648012  0.88639052  0.88014324  0.88804107  0.88808249 
  0.88829565  0.88508693  0.89118032]
[0.37882173  0.37848047  0.37862076  0.38220198  0.3820524    0.38291715 
  0.38052651  0.37608212  0.381843      0.38611847  0.38768557  0.38512535 
  0.37830529  0.37825224  0.38287083  0.38869236  0.38678901  0.38441807 
  0.38460401  0.38806755  0.38522623]
increment_40
[-0.90802353  -0.92092568  -0.90736856  -0.91663067  -0.91723146  -0.91490932 
  -0.91842572  -0.90852032  -0.90743032  -0.91970578  -0.92657508  -0.91547654 
  -0.9106937    -0.91416051  -0.91584357  -0.93475794  -0.9266746    -0.91584501 
  -0.915715      -0.9265866    -0.91692192]
[-0.30567908  -0.31774878  -0.30635728  -0.30583127  -0.32227945  -0.30893529 
  -0.30717081  -0.30831017  -0.30255179  -0.31242942  -0.31740809  -0.30318387 
  -0.30733858  -0.30831286  -0.30434665  -0.3288062    -0.31115606  -0.3026619 
  -0.30309444  -0.3138307    -0.30249067]
[0.17775231  0.17942112  0.17555414  0.18698659  0.1722637    0.18539259 
  0.18462135  0.17237241  0.18440198  0.19220919  0.19412907  0.19734652 
  0.17641371  0.1792206    0.1885664    0.19300298  0.19902569  0.19257434 
  0.19280988  0.1968132    0.20278823]
[0.27750821  0.27229521  0.2756871    0.28307535  0.27221094  0.28366041 
  0.28390995  0.27110497  0.28389071  0.28835432  0.28808179  0.29515893 
  0.27847432  0.2752303    0.28392587  0.2836695    0.29493477  0.28982913 
  0.28998742  0.29126751  0.29980526]
[-0.30738659  -0.31345264  -0.3070121    -0.31460675  -0.30838907  -0.30943589 
  -0.31432291  -0.30831689  -0.30637841  -0.30996021  -0.31428137  -0.30650726 
  -0.30890252  -0.31272189  -0.31545463  -0.3177001    -0.30699064  -0.31239822 
  -0.31181291  -0.31463702  -0.30325034]
[0.95249145  0.94034725  0.95466756  0.93709912  0.94267419  0.93821768 
  0.93622652  0.95709215  0.94854101  0.92795578  0.91886229  0.92943901 
  0.95009646  0.94704822  0.93757577  0.91127394  0.91650373  0.93277167 
  0.93279978  0.91682529  0.92504358]
[-0.22154555  -0.22097599  -0.22099186  -0.22402849  -0.22272223  -0.22439569 
  -0.22327803  -0.21925662  -0.22290349  -0.22685121  -0.2281765    -0.22626878 
  -0.22054818  -0.22087193  -0.22401453  -0.22927288  -0.22480299  -0.22568109 
  -0.22572134  -0.2284601    -0.22607261]
[0.88614108  0.87997615  0.88615203  0.88355815  0.88039193  0.88470104 
  0.88354215  0.8851178    0.88705199  0.88306869  0.87997042  0.88781732 
  0.88524418  0.88328024  0.88312584  0.87446163  0.88499519  0.88566785 
  0.88562461  0.88121485  0.88920508]
[0.37774994  0.37676887  0.37675291  0.38205622  0.38223496  0.38273267 
  0.37967661  0.37379569  0.38105739  0.38690184  0.38928515  0.38581761 
  0.3765983    0.37658778  0.38315553  0.39103743  0.38817415  0.38474396 
  0.38496039  0.38984278  0.38608024]
increment_50
[-0.90239478  -0.91857935  -0.90098643  -0.91234691  -0.91422913  -0.91039777 
  -0.91457684  -0.90252875  -0.90135835  -0.91613696  -0.92477038  -0.9114664 
  -0.9044548    -0.90973049  -0.91190764  -0.93542735  -0.92566909  -0.9112608 
  -0.91149373  -0.92501742  -0.91327511]
[-0.30364414  -0.31922234  -0.30493241  -0.30386286  -0.3243154    -0.30827135 
  -0.30556531  -0.30727637  -0.30046279  -0.31225597  -0.3185634    -0.30112523 
  -0.30579017  -0.30749756  -0.30198438  -0.33315172  -0.31100501  -0.29993249 
  -0.30092878  -0.31432459  -0.30015451]
[0.17699723  0.1782722    0.17258669  0.18766887  0.16889719  0.18509175 
  0.18468039  0.16907035  0.18332282  0.19327678  0.19685828  0.20036362 
  0.17386471  0.17764438  0.19034166  0.1955887    0.20265443  0.19457015 
  0.1944815    0.20056818  0.20761827]
[0.27641307  0.26879076  0.27266802  0.28275383  0.26950861  0.28279371 
  0.28313263  0.26739744  0.2824767    0.28847438  0.28916134  0.29746647 
  0.27649546  0.27246809  0.28327571  0.28370009  0.29729924  0.2911421 
  0.29081531  0.29325114  0.30354373]
[-0.30537981  -0.31324061  -0.30466001  -0.31394201  -0.30670129  -0.30768862 
  -0.31397433  -0.30633084  -0.30416693  -0.30845222  -0.31324299  -0.30422911 
  -0.30649885  -0.31187945  -0.31642976  -0.31796956  -0.30493958  -0.31096046 
  -0.31067929  -0.31368658  -0.30017136]
[0.96375153  0.9492853    0.96845318  0.94588954  0.95157986  0.94758794 
  0.94504617  0.97092841  0.96058136  0.9351048    0.92288422  0.93588691 
  0.96308771  0.95811348  0.94556968  0.91269541  0.91929262  0.94071803 
  0.94057631  0.91997748  0.93006374]
[-0.22097308  -0.21991241  -0.21981932  -0.22381557  -0.22174796  -0.2241858 
  -0.22287286  -0.21784813  -0.22204813  -0.22712714  -0.22904211  -0.22663074 
  -0.21952799  -0.21983811  -0.22331401  -0.23068681  -0.22475289  -0.22579647 
  -0.22582349  -0.2293992    -0.22645321]
[0.88375437  0.87571281  0.88365817  0.88063225  0.87643157  0.88173889 
  0.88040651  0.88237689  0.88475797  0.87987809  0.87607098  0.88552357 
  0.88280553  0.88003879  0.87977847  0.86883714  0.88195682  0.88331313 
  0.88296689  0.8775163    0.88725914]
[0.37678107  0.3749557    0.37470982  0.38179885  0.38253287  0.38243458 
  0.37888408  0.37134737  0.37998668  0.38744391  0.3908618    0.38648513 
  0.37489411  0.37482512  0.38395658  0.39344953  0.38956514  0.38497005 
  0.38520288  0.39159267  0.38696284]
increment_60
[-0.89693101  -0.91632956  -0.89463055  -0.90797235  -0.91130628  -0.90579815 
  -0.91073381  -0.89669479  -0.89526909  -0.91234178  -0.92284949  -0.90744336 
  -0.8979846    -0.90541905  -0.90797187  -0.93605238  -0.92461896  -0.90659147 
  -0.9071883    -0.92317791  -0.90948164]
[-0.3016256    -0.32054093  -0.30363043  -0.30191248  -0.32598316  -0.30766085 
  -0.3039838    -0.30634392  -0.29860194  -0.31191826  -0.31957427  -0.29918011 
  -0.30423524  -0.3067461    -0.29946534  -0.33736978  -0.31081781  -0.29727172 
  -0.29891928  -0.31471296  -0.29784802]
[0.17636869  0.17720589  0.16933039  0.18813256  0.16529429  0.18451141 
  0.18469991  0.16563394  0.18167445  0.19399876  0.19959135  0.20304169 
  0.17108554  0.17599017  0.19254855  0.19828321  0.20624929  0.19633778 
  0.19580782  0.20447549  0.21247477]
[0.27540863  0.26527829  0.26939227  0.28220625  0.26695764  0.28169155 
  0.28211168  0.26347952  0.28060848  0.28837041  0.2902848    0.29948988 
  0.27425527  0.26954306  0.282489      0.28386335  0.29965225  0.29229548 
  0.29136718  0.29540248  0.30729013]
[-0.30342281  -0.3132072    -0.30227263  -0.31324166  -0.30503246  -0.3058928 
  -0.31372334  -0.30441394  -0.30188681  -0.30689339  -0.31214484  -0.30205329 
  -0.30390072  -0.31112014  -0.31795274  -0.31824437  -0.30290017  -0.30941246 
  -0.30942946  -0.31238254  -0.29699415]
[0.97483925  0.95819325  0.98255804  0.95505138  0.96047775  0.95731472 
  0.95401676  0.984896      0.97317169  0.94277521  0.92701381  0.9425805 
  0.97659891  0.9692728    0.95342781  0.9140534    0.92210663  0.94896872 
  0.94874122  0.9233401    0.93520724]
[-0.22042206  -0.2188042    -0.2185571    -0.22347433  -0.22054225  -0.22390482 
  -0.22242415  -0.2163381    -0.22107298  -0.22728212  -0.22988094  -0.22694113 
  -0.21850604  -0.21872061  -0.22238252  -0.23213893  -0.22470538  -0.22583919 
  -0.22582965  -0.23030204  -0.2268491  ]
[0.88139778  0.87148321  0.88118896  0.87775924  0.87263875  0.87882561 
  0.87727142  0.87962663  0.88246039  0.87682312  0.87229325  0.88319899 
  0.88048458  0.87678831  0.87634033  0.8632679    0.87897648  0.88102333 
  0.8803448    0.87402079  0.8853705  ]
[0.37584911  0.37306503  0.37249236  0.38140213  0.38287513  0.38201286 
  0.37808918  0.36870445  0.37861247  0.38778716  0.39240234  0.38707991 
  0.37314925  0.37292814  0.38527467  0.39592509  0.39093698  0.38508553 
  0.38528848  0.39326679  0.38785899]
increment_70
[-0.89162645  -0.91415698  -0.88832821  -0.90348027  -0.90843693  -0.90111464 
  -0.90695723  -0.89100726  -0.88910643  -0.90839903  -0.92085395  -0.9033895 
  -0.8913189    -0.90114692  -0.90398945  -0.93668074  -0.92358914  -0.90184866 
  -0.90274216  -0.92109531  -0.90542824]
[-0.29964356  -0.32171996  -0.30243056  -0.29997799  -0.32729121  -0.30708871 
  -0.30244549  -0.3054927    -0.29695978  -0.31149093  -0.32042803  -0.29730957 
  -0.30270347  -0.30602128  -0.29677571  -0.34149214  -0.31049522  -0.29466741 
  -0.29702656  -0.31508693  -0.29547666]
[0.17581419  0.17623528  0.1658609    0.18837993  0.16143103  0.18368601 
  0.18469365  0.16208513  0.17941424  0.19445532  0.20236284  0.20539612 
  0.16803838  0.17422113  0.19519086  0.201065      0.20974542  0.19791272 
  0.19673453  0.20819161  0.21726467]
[0.27443749  0.2618067    0.26592284  0.28141376  0.26453611  0.28039646 
  0.28094624  0.25937952  0.27830991  0.28809194  0.29147696  0.30123921 
  0.27178345  0.26643089  0.28166521  0.2841257    0.30198475  0.29334156 
  0.29161654  0.2974736    0.31103578]
[-0.30153024  -0.31333613  -0.2998664    -0.31249375  -0.30339217  -0.30403932 
  -0.31356329  -0.30255993  -0.29947407  -0.30528968  -0.31101297  -0.2999755 
  -0.30111881  -0.31040359  -0.31993461  -0.31856935  -0.30088316  -0.30773647 
  -0.30804233  -0.31083578  -0.29364534]
[0.98580591  0.96703171  0.99689882  0.96462772  0.96943326  0.96736771 
  0.96303426  0.99898161  0.9863748    0.95083282  0.93118739  0.94954651 
  0.9906081    0.98064031  0.96115266  0.91531246  0.92492518  0.95747668 
  0.95740743  0.92704295  0.94065121]
[-0.21987642  -0.21769685  -0.2172258    -0.2229817    -0.21908819  -0.22356521 
  -0.2219468    -0.21473468  -0.21999995  -0.22734849  -0.23069381  -0.22719188 
  -0.21746968  -0.21749293  -0.22128922  -0.23362521  -0.22457954  -0.22582431 
  -0.22572422  -0.23114115  -0.22723658]
[0.87905269  0.86728307  0.87874179  0.87494552  0.8690085    0.87596736 
  0.8741352    0.87687476  0.88018167  0.87386847  0.86863304  0.8808615 
  0.87826711  0.87355675  0.87283462  0.85772579  0.87608794  0.87881367 
  0.87777472  0.87067358  0.88359641]
[0.37492606  0.37117534  0.37013438  0.38087326  0.38321331  0.38148701 
  0.37728444  0.36587848  0.3769362    0.38798572  0.39391683  0.38758419 
  0.37135072  0.3708794    0.38713814  0.39846757  0.39226175  0.385101 
  0.38518298  0.39484308  0.38872129]
increment_80
[-0.8864642    -0.91203119  -0.88209307  -0.8988391    -0.90558625  -0.89639036 
  -0.9033253    -0.8854821    -0.88281634  -0.90439146  -0.91883337  -0.89936012 
  -0.88451776  -0.89685376  -0.89990222  -0.9373307    -0.9227264    -0.89703452 
  -0.8981175    -0.91878808  -0.90103998]
[-0.29770987  -0.32278753  -0.30131293  -0.29804903  -0.32830255  -0.30655 
  -0.30096103  -0.30470703  -0.29551664  -0.31103285  -0.321149      -0.29550132 
  -0.30122281  -0.30531514  -0.29388825  -0.34555083  -0.30999397  -0.29208911 
  -0.29518796  -0.31564026  -0.29295786]
[0.17528864  0.17535757  0.16224002  0.18843088  0.15736876  0.18266777 
  0.18472006  0.15847734  0.17652702  0.19472673  0.20522479  0.20752777 
  0.16471387  0.17231941  0.19829693  0.2038709    0.21303595  0.1993674 
  0.19724828  0.21131407  0.22186267]
[0.27346343  0.25841909  0.26231798  0.28037361  0.2622317    0.27894688 
  0.27972409  0.25514687  0.27559836  0.2876819    0.2927668    0.30278531 
  0.26910693  0.26308167  0.28088565  0.28441721  0.30424443  0.29437437 
  0.29157034  0.29914105  0.31474662]
[-0.29969658  -0.31358843  -0.29744809  -0.31168104  -0.30179201  -0.30215257 
  -0.31353603  -0.30077791  -0.29689151  -0.30366796  -0.30986207  -0.2980006 
  -0.29818422  -0.30970104  -0.32230652  -0.31899356  -0.29894714  -0.30589976 
  -0.30651683  -0.30917973  -0.29008972]
[0.99669458  0.97577436  1.0114074    0.97465012  0.97848799  0.97767011 
  0.9719501    1.01311557  1.000245      0.95914077  0.93532282  0.95666729 
  1.00505305  0.99231447  0.96875395  0.91650039  0.92766622  0.96618657 
  0.96664039  0.93126548  0.94655224]
[-0.21932602  -0.21663467  -0.2158466    -0.22231668  -0.21742675  -0.22317721 
  -0.22147008  -0.21305535  -0.21883649  -0.22735402  -0.23149185  -0.22739549 
  -0.21641091  -0.21610601  -0.22007376  -0.23513707  -0.22428763  -0.22577578 
  -0.22550018  -0.23190951  -0.2275872  ]
[0.87671758  0.86311522  0.87631912  0.87220507  0.86551468  0.87315665 
  0.8709778    0.8741251    0.87793851  0.87097727  0.86507199  0.87851686 
  0.87613524  0.87036286  0.86928742  0.85217753  0.87328584  0.87669973 
  0.87527608  0.86736764  0.88197814]
[0.37399382  0.36936384  0.36767199  0.38023398  0.38349865  0.38087411 
  0.37650263  0.36289847  0.37498151  0.38808734  0.39542807  0.38801947 
  0.36948831  0.36867144  0.38959444  0.40106539  0.39352245  0.38503734 
  0.3848667    0.39631962  0.3895073  ]
increment_90
[-0.88145886  -0.90989038  -0.8759178    -0.89403409  -0.9027098    -0.89165986 
  -0.89989163  -0.88016019  -0.87640426  -0.90037926  -0.91684255  -0.89543964 
  -0.87765482  -0.89250003  -0.8956814    -0.93799196  -0.92214612  -0.89220221 
  -0.8933087    -0.91630816  -0.89630705]
[-0.29583096  -0.32375832  -0.30026091  -0.29612369  -0.32912179  -0.30602697 
  -0.29953558  -0.30397489  -0.2942587    -0.31056253  -0.32180848  -0.29376396 
  -0.29981435  -0.30462677  -0.29080777  -0.3495471    -0.30935828  -0.2895277 
  -0.29335695  -0.31650593  -0.29029169]
[0.17479193  0.17453597  0.15850111  0.18829262  0.1532443    0.18148875 
  0.18482856  0.15489298  0.17304489  0.19489565  0.20820056  0.20957387 
  0.16113329  0.17031464  0.20184556  0.20664518  0.21605142  0.20077605 
  0.19736825  0.21366954  0.22614554]
[0.27248259  0.25513422  0.2586227    0.27908927  0.26002614  0.27736101 
  0.27850305  0.25084792  0.27249818  0.28719212  0.29415273  0.3042231 
  0.26626627  0.2594578    0.28020936  0.28468428  0.30637801  0.29547774 
  0.29125823  0.30024286  0.31835791]
[-0.29793546  -0.31390068  -0.29500962  -0.31078646  -0.30023698  -0.30026376 
  -0.31368175  -0.29909297  -0.29415045  -0.30205364  -0.30870111  -0.29614349 
  -0.29513788  -0.30899983  -0.32497171  -0.31954649  -0.29715527  -0.30391806 
  -0.30485984  -0.30750321  -0.28633997]
[1.00747743  0.98445865  1.02604702  0.98513166  0.98766829  0.98817597 
  0.98064972  1.02717788  1.01475172  0.96758342  0.93934603  0.96375715 
  1.01983278  1.00434648  0.97625447  0.91767199  0.93024972  0.97498673 
  0.97643822  0.93605768  0.9529943  ]
[-0.21877128  -0.21564268  -0.21443926  -0.2214724    -0.21565399  -0.22273792 
  -0.22101995  -0.21132466  -0.21758662  -0.22732059  -0.23228749  -0.22757966 
  -0.21532763  -0.21450627  -0.21877592  -0.23666323  -0.22380938  -0.22572103 
  -0.22516135  -0.23261013  -0.22788747]
[0.87439066  0.85899905  0.87393023  0.86955045  0.86211853  0.8703889 
  0.86778143  0.87137626  0.87573364  0.86812918  0.86157677  0.87615735 
  0.87407247  0.86722038  0.86572665  0.8466084    0.87053121  0.87467256 
  0.8728663    0.86402149  0.88051468]
[0.3730533    0.3676747    0.36513962  0.37949645  0.3836769    0.38016816 
  0.37578253  0.35980769  0.37277647  0.38813032  0.39695996  0.38843668 
  0.3675614    0.36632679  0.39261558  0.40369972  0.39471922  0.38491413 
  0.38433959  0.3977029    0.39020097]
increment_100
[-0.87660695  -0.90764369  -0.86977301  -0.88905635  -0.89975989  -0.88690985 
  -0.89666943  -0.87509804  -0.86991687  -0.89636658  -0.91495654  -0.89169004 
  -0.87079355  -0.88806599  -0.89129453  -0.93862897  -0.92185728  -0.88747121 
  -0.88834235  -0.91374133  -0.89127972]
[-0.29400756  -0.32463565  -0.29925435  -0.29420396  -0.32980798  -0.30549602 
  -0.29816101  -0.3032829    -0.29316524  -0.31005464  -0.32250772  -0.2920897 
  -0.29847856  -0.30397934  -0.28754583  -0.35343343  -0.30875887  -0.28700034 
  -0.29150962  -0.31770052  -0.28756481]
[0.1743191    0.1737048    0.15466439  0.18795841  0.1492205    0.18012651 
  0.18506454  0.15144165  0.16906107  0.19499323  0.21130529  0.21167146 
  0.15735907  0.16822756  0.20579238  0.20937198  0.21881675  0.20221891 
  0.19716911  0.21534021  0.22997981]
[0.27149102  0.25194638  0.25488421  0.277571      0.25792282  0.27562242 
  0.27733989  0.24656542  0.26906082  0.28664541  0.2956185    0.3056528 
  0.26333489  0.25555125  0.27967982  0.28492115  0.30834895  0.29671248 
  0.29075242  0.30081442  0.32176631]
[-0.29624833  -0.31418824  -0.29252693  -0.30978943  -0.29872132  -0.29837776 
  -0.31401287  -0.29754399  -0.29129134  -0.30045749  -0.30754818  -0.29441494 
  -0.29201341  -0.30827463  -0.32779092  -0.32022814  -0.29555457  -0.3018732 
  -0.30307683  -0.30585487  -0.28245218]
[1.01815521  0.99318887  1.04080396  0.99608851  0.99699215  0.99893175 
  0.98905842  1.04101211  1.02979216  0.97614731  0.94316003  0.97064803 
  1.03482866  1.01675073  0.98372888  0.91888337  0.93263475  0.98368559 
  0.98671049  0.94130249  0.96000091]
[-0.21821187  -0.214727      -0.21302825  -0.2204573    -0.21386971  -0.22223233 
  -0.22062486  -0.20957463  -0.21625707  -0.22725051  -0.2330955    -0.22777471 
  -0.21422924  -0.21267852  -0.21741845  -0.23819169  -0.22324248  -0.22569022 
  -0.2247319    -0.23325317  -0.22813703]
[0.87207053  0.85496386  0.87159136  0.86698683  0.85880158  0.86766801 
  0.86454137  0.86862033  0.87355982  0.86532407  0.85810312  0.87377968 
  0.87206644  0.86413364  0.86219071  0.84103404  0.86774583  0.87269637 
  0.8705574    0.8606078    0.87916242]
[0.37210389  0.36611908  0.36258126  0.37866161  0.38368917  0.37933959 
  0.37517408  0.35666473  0.37035645  0.38811708  0.39854117  0.38889111 
  0.36559067  0.36387674  0.39610268  0.40634991  0.39588959  0.38475192 
  0.38364072  0.39900975  0.39080765]
increment_110
[-0.87186164  -0.9052281    -0.8636212    -0.88390508  -0.89668498  -0.88211081 
  -0.89363674  -0.87033621  -0.86340234  -0.89229504  -0.91323139  -0.88811824 
  -0.86399087  -0.8835682    -0.88669832  -0.939202      -0.92173297  -0.88295259 
  -0.88325875  -0.91116192  -0.88605359]
[-0.29222179  -0.32541344  -0.29826861  -0.29228493  -0.33034058  -0.30494125 
  -0.29681501  -0.30261989  -0.29220346  -0.30945476  -0.32332234  -0.2904451 
  -0.29719263  -0.30341871  -0.28409739  -0.35715289  -0.30841489  -0.28452553 
  -0.28963415  -0.31910297  -0.28491266]
[0.17386648  0.17283225  0.15075385  0.18744168  0.14535457  0.17855423 
  0.18547843  0.14821408  0.1647024    0.19498406  0.2145481    0.21390939 
  0.15350585  0.16604938  0.21012319  0.21206105  0.22147062  0.20376643 
  0.19677842  0.21660942  0.23324224]
[0.27050762  0.24886916  0.25115487  0.27584094  0.25594029  0.27372076 
  0.27630887  0.24236933  0.26536777  0.28603071  0.29714848  0.30714845 
  0.26042102  0.25138519  0.2793285    0.28514887  0.31016431  0.29809502 
  0.29016853  0.30106259  0.3248499  ]
[-0.29459415  -0.31438968  -0.28997101  -0.30868351  -0.29723654  -0.29647871 
  -0.31450736  -0.29616365  -0.2883512    -0.29885948  -0.30641914  -0.29280821 
  -0.28884114  -0.30749938  -0.33064352  -0.32101557  -0.29414374  -0.29987024 
  -0.30116379  -0.30424837  -0.27851727]
[1.02876938  1.00202316  1.0556749    1.00752065  1.00651629  1.00999596 
  0.99712551  1.05449085  1.04523322  0.98493347  0.9466926    0.97726749 
  1.0499088    1.02949829  0.9912619    0.92017722  0.93485165  0.99211273 
  0.99730211  0.94678416  0.96755313]
[-0.21765335  -0.2138976    -0.21164083  -0.21928521  -0.21210613  -0.22165296 
  -0.22031849  -0.20783568  -0.21486431  -0.2271283    -0.23392576  -0.22799916 
  -0.21313458  -0.21065991  -0.21599697  -0.23971121  -0.22275825  -0.22570638 
  -0.22425547  -0.23385751  -0.22834068]
[0.86977426  0.85103435  0.86931814  0.86451113  0.8555732    0.86500148 
  0.86127056  0.86584765  0.87141462  0.86258486  0.85461673  0.87139171 
  0.87010159  0.86108812  0.85872065  0.83548474  0.86484745  0.87072614 
  0.86835782  0.85715311  0.87784242]
[0.37115521  0.36471518  0.3600473    0.37774146  0.38348566  0.37837144 
  0.37474002  0.35352692  0.36777328  0.38801555  0.40019176  0.38941521 
  0.36361441  0.36133853  0.39997213  0.4089969    0.39710877  0.38457744 
  0.38284851  0.40027265  0.39134318]
increment_120
[-0.86720029  -0.90263468  -0.85740969  -0.87860296  -0.89342515  -0.87724544 
  -0.89073927  -0.86583861  -0.85689354  -0.88809245  -0.91167775  -0.88467042 
  -0.85730387  -0.87902033  -0.88187371  -0.9396756    -0.92157551  -0.87866248 
  -0.87807676  -0.90857471  -0.88075002]
[-0.29044998  -0.3260586    -0.2972943    -0.29037287  -0.33068915  -0.30435232 
  -0.29547583  -0.30197985  -0.29132597  -0.30869369  -0.32429066  -0.28878164 
  -0.29594564  -0.30294495  -0.2804671    -0.36065377  -0.30847214  -0.28210927 
  -0.28771721  -0.32052473  -0.28244227]
[0.17347038  0.17196907  0.14673839  0.18674863  0.1415934    0.17678797 
  0.18608075  0.14520667  0.16011893  0.19485374  0.21788379  0.21630283 
  0.14965993  0.16377406  0.21482259  0.21472773  0.22420993  0.20542221 
  0.19631846  0.21776738  0.23588851]
[0.26957086  0.24597147  0.24743427  0.27392326  0.25407304  0.27168317 
  0.27544834  0.23827388  0.26153166  0.2853719    0.29869727  0.30873567 
  0.25758564  0.24700177  0.27916682  0.2853927    0.31188284  0.29957631 
  0.28961619  0.30122801  0.32752955]
[-0.29295546  -0.31449719  -0.28730682  -0.30747254  -0.29577694  -0.29454709 
  -0.31510898  -0.29493582  -0.28535335  -0.29721364  -0.30533352  -0.29129438 
  -0.28565984  -0.30667041  -0.33345463  -0.32188321  -0.29286471  -0.29796892 
  -0.2991042    -0.30265465  -0.27463691]
[1.03932071  1.01091112  1.07073285  1.01940683  1.01635585  1.02137593 
  1.00488205  1.06763603  1.06093743  0.99402877  0.94995506  0.98366859 
  1.06497589  1.04256521  0.99891562  0.92158624  0.93698356  1.00025288 
  1.00809598  0.95235239  0.97558      ]
[-0.21710778  -0.21318333  -0.21028403  -0.21798195  -0.21034601  -0.22101061 
  -0.22011055  -0.20612344  -0.21344017  -0.22694841  -0.23477694  -0.22825191 
  -0.2120484    -0.20849754  -0.21450591  -0.24121191  -0.2225067    -0.22576738 
  -0.22377303  -0.23443888  -0.22849851]
[0.86750616  0.84722239  0.86711754  0.86210926  0.85244201  0.86239369 
  0.85799386  0.86305695  0.86929911  0.8599544    0.85109552  0.86901209 
  0.86815416  0.85807128  0.85533738  0.82999119  0.86179471  0.86873533 
  0.86627009  0.85371784  0.87647456]
[0.37023041  0.36351524  0.35755084  0.37673668  0.38302103  0.37728105 
  0.37449991  0.35042477  0.36509982  0.38781041  0.40191075  0.39000636 
  0.36164293  0.35871737  0.40415479  0.41162533  0.39845236  0.38441114 
  0.38203945  0.40151964  0.39181449]
