inc
Fp11
Fp12
Fp13
Fp21
Fp22
Fp23
Fp31
Fp32
Fp33
increment_0
[-0.58017986  -0.58017986  -0.58017986  -0.58017986  -0.58017986  -0.58017986 
  -0.58017986  -0.58017986  -0.58017986  -0.58017986  -0.58017986  -0.58017986]
[0.07809004  0.07809004  0.07809004  0.07809004  0.07809004  0.07809004 
  0.07809004  0.07809004  0.07809004  0.07809004  0.07809004  0.07809004]
[0.81073626  0.81073626  0.81073626  0.81073626  0.81073626  0.81073626 
  0.81073626  0.81073626  0.81073626  0.81073626  0.81073626  0.81073626]
[-0.50093904  -0.50093904  -0.50093904  -0.50093904  -0.50093904  -0.50093904 
  -0.50093904  -0.50093904  -0.50093904  -0.50093904  -0.50093904  -0.50093904]
[0.75065563  0.75065563  0.75065563  0.75065563  0.75065563  0.75065563 
  0.75065563  0.75065563  0.75065563  0.75065563  0.75065563  0.75065563]
[-0.43078556  -0.43078556  -0.43078556  -0.43078556  -0.43078556  -0.43078556 
  -0.43078556  -0.43078556  -0.43078556  -0.43078556  -0.43078556  -0.43078556]
[-0.6422238  -0.6422238  -0.6422238  -0.6422238  -0.6422238  -0.6422238 
  -0.6422238  -0.6422238  -0.6422238  -0.6422238  -0.6422238  -0.6422238]
[-0.65606255  -0.65606255  -0.65606255  -0.65606255  -0.65606255  -0.65606255 
  -0.65606255  -0.65606255  -0.65606255  -0.65606255  -0.65606255  -0.65606255]
[-0.39639692  -0.39639692  -0.39639692  -0.39639692  -0.39639692  -0.39639692 
  -0.39639692  -0.39639692  -0.39639692  -0.39639692  -0.39639692  -0.39639692]
increment_10
[-0.58072805  -0.58064247  -0.57900119  -0.58205018  -0.58163757  -0.58111692 
  -0.5815046    -0.57918928  -0.58045199  -0.58174043  -0.58107862  -0.57914728]
[0.0752661    0.07594119  0.07656583  0.07664397  0.07796694  0.07869617 
  0.08007896  0.0804527    0.07605373  0.08019346  0.08137913  0.07759872]
[0.81661414  0.81698924  0.82175021  0.81315587  0.81297721  0.81477474 
  0.81279828  0.819808      0.82029643  0.8131664    0.81359061  0.82313815]
[-0.49792519  -0.49858089  -0.49795668  -0.49860882  -0.49726066  -0.49677696 
  -0.49626884  -0.49492097  -0.49646233  -0.49839267  -0.49620072  -0.49419941]
[0.74055561  0.74318278  0.743421      0.74719964  0.74081115  0.74202048 
  0.74343448  0.74041574  0.75298684  0.74930525  0.73877289  0.74935706]
[-0.4360925    -0.43431461  -0.43227281  -0.43440078  -0.43692124  -0.4362704 
  -0.4380674    -0.43300599  -0.43385974  -0.43449092  -0.43759139  -0.43470363]
[-0.63636803  -0.6374404    -0.63680684  -0.63879006  -0.63803035  -0.63780469 
  -0.63792336  -0.6377482    -0.63545015  -0.63999554  -0.63862066  -0.63409474]
[-0.66271321  -0.65985761  -0.65951369  -0.65549488  -0.66234421  -0.66082396 
  -0.65953856  -0.66236358  -0.64854468  -0.65302708  -0.66415416  -0.65237272]
[-0.39983638  -0.39819169  -0.39497917  -0.40107694  -0.40274463  -0.40164608 
  -0.40273911  -0.40050947  -0.39840423  -0.39912981  -0.40218088  -0.39901059]
increment_20
[-0.58032527  -0.58053009  -0.57651322  -0.58415576  -0.58339022  -0.58168251 
  -0.58333951  -0.57703274  -0.57963291  -0.58385622  -0.58224109  -0.57638201]
[0.07168935  0.07231079  0.07470368  0.07588348  0.07597457  0.07804487 
  0.08069806  0.08146025  0.07345052  0.08162121  0.08390475  0.07649444]
[0.82606861  0.82609525  0.83774536  0.81597948  0.81600163  0.82094797 
  0.81541801  0.83364118  0.83402137  0.81625622  0.81689276  0.84152848]
[-0.49440635  -0.49584029  -0.49450004  -0.49524349  -0.49249984  -0.49177486 
  -0.48973536  -0.48854297  -0.49199485  -0.49480204  -0.48999546  -0.48573128]
[0.72905134  0.73432006  0.73582868  0.74330796  0.73086574  0.73173625 
  0.73645403  0.72826294  0.7543163    0.74811878  0.72546815  0.74734962]
[-0.44219493  -0.43880749  -0.43289099  -0.43949601  -0.44448197  -0.44236611 
  -0.44789953  -0.43414268  -0.43581438  -0.43959068  -0.44663089  -0.43819598]
[-0.62866399  -0.63066269  -0.62993508  -0.63451867  -0.63181787  -0.63170757 
  -0.6310848    -0.63167063  -0.62780319  -0.63632694  -0.63311829  -0.62356102]
[-0.67057635  -0.66481933  -0.6629257    -0.65463093  -0.66827844  -0.66703405 
  -0.661976      -0.67039771  -0.64185861  -0.64879278  -0.67320837  -0.64941523]
[-0.40115904  -0.39889065  -0.39052936  -0.40688029  -0.41134687  -0.40742372 
  -0.41247655  -0.40267158  -0.39747903  -0.40371554  -0.41054967  -0.40003871]
increment_30
[-0.58020238  -0.58043663  -0.57435217  -0.58630224  -0.58522464  -0.58242204 
  -0.58521982  -0.57521284  -0.57879518  -0.58596255  -0.58384083  -0.57371737]
[0.06798436  0.06873601  0.07269188  0.0746877    0.07358267  0.07758452 
  0.0808581    0.08259849  0.07100252  0.08271685  0.08549567  0.07525632]
[0.83532794  0.8355499    0.85320558  0.81881107  0.81919537  0.8269621 
  0.8180573    0.84731746  0.8478587    0.81929333  0.81969924  0.86017682]
[-0.49094392  -0.49324448  -0.49131979  -0.4923021    -0.48797612  -0.48737326 
  -0.4835987    -0.48267626  -0.48772332  -0.49129197  -0.48387592  -0.47775673]
[0.7179779    0.72616152  0.72858021  0.73974514  0.72163463  0.72123397 
  0.72965137  0.71583705  0.75483759  0.74654614  0.7122575    0.74508828]
[-0.44812524  -0.4428764    -0.43389555  -0.44396749  -0.45165584  -0.44779965 
  -0.45716499  -0.43546637  -0.43732536  -0.44462172  -0.45639202  -0.44148473]
[-0.62116781  -0.62407636  -0.62318252  -0.63049274  -0.62563197  -0.62631371 
  -0.62445719  -0.62589475  -0.62063963  -0.63261851  -0.62712635  -0.61341557]
[-0.67774814  -0.66891674  -0.66593519  -0.6534975    -0.67339209  -0.67330237 
  -0.66427774  -0.67844408  -0.63611051  -0.64510674  -0.68197191  -0.64682775]
[-0.40285274  -0.39917136  -0.38626441  -0.41231268  -0.41971081  -0.4125991 
  -0.42191455  -0.40454288  -0.39641252  -0.40841892  -0.41973211  -0.40056153]
increment_40
[-0.58029395  -0.58019585  -0.57238095  -0.58851139  -0.58716979  -0.58332847 
  -0.58712726  -0.57384493  -0.57771885  -0.58804616  -0.58571962  -0.57103214]
[0.06425903  0.06543797  0.07054376  0.07282869  0.0708212    0.07729088 
  0.0806634    0.08395278  0.06909049  0.08358593  0.08606083  0.0741048  ]
[0.84446919  0.8457599    0.86844519  0.82165643  0.82240602  0.83288903 
  0.82070603  0.86040834  0.86249735  0.8222728    0.82248259  0.8795519  ]
[-0.48759398  -0.49073685  -0.4883671    -0.48977484  -0.48378841  -0.48339949 
  -0.47810133  -0.47718531  -0.48328234  -0.48793829  -0.47790619  -0.46970967]
[0.70748932  0.71869723  0.72168021  0.73671915  0.71313056  0.71130241 
  0.72286103  0.70349333  0.75508299  0.7446183    0.69920513  0.74312762]
[-0.45374381  -0.44632838  -0.43514318  -0.4478049    -0.45833061  -0.45269548 
  -0.46554736  -0.43718111  -0.43790147  -0.44947692  -0.46613523  -0.44455783]
[-0.61393305  -0.61770505  -0.61649564  -0.62660466  -0.61961914  -0.6214248 
  -0.61832962  -0.62043426  -0.6139402    -0.62898862  -0.62079991  -0.60337184]
[-0.68412195  -0.67218308  -0.66857413  -0.65189628  -0.67769594  -0.67881154 
  -0.666616      -0.68613611  -0.63065846  -0.64193386  -0.69041002  -0.64396018]
[-0.40472089  -0.39866725  -0.3819546    -0.4174986    -0.4278038    -0.41727533 
  -0.43067692  -0.4065649    -0.39512107  -0.41307244  -0.42942977  -0.40106473]
increment_50
[-0.58051196  -0.57975039  -0.57056061  -0.59082699  -0.58920261  -0.58436036 
  -0.58908667  -0.57299448  -0.57638655  -0.59012307  -0.58780374  -0.56834271]
[0.0608835    0.06263092  0.06837402  0.0699759    0.06760443  0.07686088 
  0.0800129    0.08554768  0.06797269  0.08412773  0.08577752  0.0733157  ]
[0.85363813  0.85679656  0.88353454  0.82454044  0.82568137  0.83887488 
  0.8233763    0.87258504  0.87808102  0.82520553  0.82537779  0.8996541  ]
[-0.48433652  -0.48824383  -0.48562705  -0.48778056  -0.47991468  -0.48007848 
  -0.47321753  -0.47226038  -0.47842542  -0.48476402  -0.47203436  -0.46143301]
[0.69769702  0.711863      0.71529439  0.73469745  0.7054518    0.70325634 
  0.71623688  0.69217327  0.75558659  0.74252353  0.68658967  0.74179591]
[-0.4587581    -0.44898768  -0.43631448  -0.45079095  -0.46451413  -0.45662828 
  -0.47306114  -0.43895005  -0.43724059  -0.45410321  -0.4757334    -0.44694534]
[-0.60715582  -0.61166337  -0.61002379  -0.62282674  -0.61370883  -0.61707098 
  -0.61262763  -0.6155619    -0.60776815  -0.62541486  -0.61418566  -0.5936582  ]
[-0.68959357  -0.6747189    -0.67066976  -0.64934261  -0.68111918  -0.68229947 
  -0.66882574  -0.69255032  -0.62484852  -0.63907615  -0.69825745  -0.64040093]
[-0.40654534  -0.39738661  -0.37755778  -0.42241842  -0.43563602  -0.42096412 
  -0.43884058  -0.40851989  -0.39388715  -0.41768445  -0.43949242  -0.40189451]
increment_60
[-0.58076828  -0.5792028    -0.56897302  -0.59324063  -0.59124559  -0.5855388 
  -0.59110477  -0.57248226  -0.57511615  -0.59219747  -0.59001568  -0.56574865]
[0.05829187  0.06042307  0.06629215  0.06630329  0.06405083  0.07603907 
  0.07893313  0.08731584  0.06744955  0.08442544  0.08514287  0.07310532]
[0.86296439  0.86828645  0.89818489  0.82746827  0.82917648  0.84470142 
  0.82607166  0.88416616  0.89367283  0.82810694  0.82838126  0.92011705]
[-0.481125      -0.48575555  -0.48312825  -0.48626586  -0.47652312  -0.47749886 
  -0.46872602  -0.46803617  -0.47325395  -0.4816884    -0.46632242  -0.45306153]
[0.6886528    0.70567211  0.70964884  0.73371906  0.69871812  0.69752858 
  0.71000728  0.68275518  0.75640957  0.7403444    0.67475209  0.74112974]
[-0.4628903    -0.45075497  -0.43714552  -0.45299557  -0.46993321  -0.45957757 
  -0.47998545  -0.44011089  -0.43613551  -0.45860283  -0.48502994  -0.44814795]
[-0.60105871  -0.6061451    -0.60401126  -0.61917433  -0.60808075  -0.61322972 
  -0.60713341  -0.61141092  -0.60200184  -0.62184718  -0.60756214  -0.58468565]
[-0.69413011  -0.67653537  -0.67198114  -0.64575889  -0.68356268  -0.6834521 
  -0.67066847  -0.69691958  -0.61862178  -0.63641501  -0.70518395  -0.63606272]
[-0.40811834  -0.39569119  -0.37328316  -0.42704468  -0.44272545  -0.42370456 
  -0.44667096  -0.40977675  -0.39330849  -0.4223106    -0.44947893  -0.40321447]
increment_70
[-0.58105766  -0.57862766  -0.56766765  -0.59572721  -0.59322633  -0.58683695 
  -0.59316198  -0.57218153  -0.57415226  -0.59426707  -0.59230609  -0.56336649]
[0.05650021  0.05881474  0.06438588  0.06213001  0.06035627  0.07474598 
  0.07767115  0.08919583  0.06750832  0.08460964  0.08444574  0.07347455]
[0.8723771    0.87996671  0.9121535    0.8304379    0.8330055    0.85032283 
  0.82879011  0.89529433  0.90847816  0.83098893  0.83147896  0.94044921]
[-0.47797255  -0.48330338  -0.48084264  -0.48512067  -0.47367655  -0.47554815 
  -0.46457146  -0.46444744  -0.46777673  -0.47858423  -0.46082492  -0.44477033]
[0.68032637  0.70015935  0.70472463  0.73355371  0.69288466  0.69384102 
  0.70432403  0.67521991  0.75755171  0.73817809  0.66368511  0.74103434]
[-0.46618618  -0.45162988  -0.43757165  -0.454597      -0.47448901  -0.46171563 
  -0.48638021  -0.44053662  -0.43535859  -0.46314055  -0.49394159  -0.44828285]
[-0.59564849  -0.60123181  -0.59857446  -0.61567075  -0.60285369  -0.60977158 
  -0.60189173  -0.60792126  -0.59652936  -0.61821036  -0.60110984  -0.57656739]
[-0.69781964  -0.67762036  -0.67254052  -0.64133827  -0.68509448  -0.68262043 
  -0.67197005  -0.69938335  -0.61196127  -0.63381856  -0.71121709  -0.63104508]
[-0.40943213  -0.39376952  -0.36936405  -0.43137121  -0.44874298  -0.42572189 
  -0.45408198  -0.41025099  -0.39391914  -0.42703982  -0.45912936  -0.40507771]
increment_80
[-0.58138852  -0.57808173  -0.56665613  -0.59826332  -0.59512629  -0.58821176 
  -0.5952327    -0.57203726  -0.57364718  -0.59633623  -0.594656      -0.5612934  ]
[0.05529321  0.0577742    0.06270599  0.05767319  0.0566765    0.07292035 
  0.07648581  0.09109827  0.06826032  0.08474116  0.08370583  0.07437267]
[0.88180287  0.89161352  0.92531741  0.8334421    0.83712462  0.85582458 
  0.83152636  0.90598701  0.92191496  0.83386466  0.83465302  0.96016659]
[-0.47493621  -0.48091213  -0.47872318  -0.48423172  -0.47140006  -0.47409418 
  -0.46079722  -0.46138273  -0.46202191  -0.47539651  -0.4556201    -0.43678158]
[0.67269259  0.69529272  0.7003788    0.73387436  0.68791873  0.69172452 
  0.69933693  0.66921958  0.75896619  0.7361687    0.65327482  0.74132509]
[-0.46882098  -0.45170397  -0.43765319  -0.45578887  -0.47813908  -0.46322749 
  -0.49216873  -0.44039316  -0.43546703  -0.46777602  -0.5023712    -0.44757874]
[-0.59079616  -0.59693882  -0.59371996  -0.61229549  -0.59813792  -0.60653317 
  -0.59705645  -0.60494684  -0.59132347  -0.6144721    -0.59491952  -0.56936812]
[-0.70074939  -0.67803227  -0.67250847  -0.63639733  -0.68577136  -0.68030728 
  -0.67256447  -0.70036216  -0.6048967    -0.6311138    -0.71650798  -0.62555339]
[-0.41048704  -0.3917639    -0.36594703  -0.43546246  -0.45359197  -0.42720227 
  -0.46084176  -0.4100974    -0.39598229  -0.43189701  -0.46833097  -0.40736925]
increment_90
[-0.58172319  -0.57764216  -0.56590176  -0.60083167  -0.59700417  -0.58965907 
  -0.5972991    -0.57199898  -0.57360597  -0.59841929  -0.59705417  -0.55955898]
[0.05449613  0.0572037    0.06125989  0.05307705  0.05313875  0.07052741 
  0.07549384  0.09292887  0.06968426  0.08478667  0.08287087  0.07569599]
[0.89131757  0.90294644  0.93772796  0.83647789  0.84125764  0.86121034 
  0.83427318  0.91634545  0.93379708  0.83675038  0.83788284  0.97899352]
[-0.47205326  -0.47862206  -0.47674896  -0.48349141  -0.46969266  -0.47304868 
  -0.45751325  -0.45871955  -0.45625022  -0.4721629    -0.45081015  -0.42932163]
[0.6657632    0.69100095  0.69652628  0.73445605  0.6839223    0.69063265 
  0.69517374  0.66436014  0.76034696  0.73446374  0.64346585  0.74173838]
[-0.4708695    -0.45119594  -0.43744208  -0.45674551  -0.48086778  -0.46428568 
  -0.49718476  -0.43986658  -0.43652862  -0.47244051  -0.51018315  -0.44620457]
[-0.58638454  -0.59322742  -0.58939449  -0.60900269  -0.59406803  -0.60341601 
  -0.59279169  -0.60230961  -0.58648549  -0.61065199  -0.58907547  -0.56310881]
[-0.70296224  -0.6778629    -0.67198767  -0.63115789  -0.6855021    -0.67706432 
  -0.67232598  -0.70028344  -0.59779687  -0.62812985  -0.72115393  -0.6198937  ]
[-0.41117209  -0.38983258  -0.36297669  -0.4394028    -0.45745107  -0.42834958 
  -0.46671259  -0.40947014  -0.39910149  -0.43683563  -0.47697743  -0.40977328]
increment_100
[-0.58206162  -0.57733711  -0.56535311  -0.60341616  -0.59890442  -0.59115865 
  -0.59935373  -0.57203317  -0.57393986  -0.60052767  -0.59948309  -0.55813915]
[0.05400858  0.05696105  0.06000915  0.04842168  0.04983567  0.06771953 
  0.07467506  0.09465345  0.07169278  0.08471843  0.0819441    0.07726625]
[0.9008817    0.91385647  0.94951584  0.8395413    0.84520371  0.86651403 
  0.83702114  0.92645614  0.94428241  0.83965858  0.84114477  0.99687593]
[-0.46933247  -0.47646791  -0.4749416    -0.48284852  -0.46846603  -0.4722869 
  -0.45476782  -0.45634169  -0.45063877  -0.46893681  -0.44644527  -0.42252198]
[0.65950984  0.68721052  0.69320028  0.73519659  0.68090893  0.69011437 
  0.69181789  0.6602968    0.7614642    0.73314289  0.63425602  0.74203765]
[-0.47239979  -0.45032381  -0.43693814  -0.45754939  -0.48279722  -0.46503806 
  -0.50136369  -0.43911141  -0.43839752  -0.47705104  -0.51730808  -0.44437611]
[-0.58236462  -0.58998993  -0.58553762  -0.60577588  -0.59064933  -0.60038267 
  -0.58914144  -0.5998781    -0.58205131  -0.60678853  -0.58363405  -0.5576828  ]
[-0.7045227    -0.67720446  -0.67095808  -0.62573328  -0.6842742    -0.67332256 
  -0.67128946  -0.69950122  -0.59095909  -0.62476968  -0.72519604  -0.61436288]
[-0.41150112  -0.38800016  -0.36026803  -0.44321895  -0.46057816  -0.42930251 
  -0.47164053  -0.40852691  -0.40280264  -0.44179129  -0.48499531  -0.41197893]
increment_110
[-0.58242409  -0.57716881  -0.56498364  -0.60600429  -0.60082479  -0.5927075 
  -0.60139366  -0.57214936  -0.57456447  -0.60266008  -0.60192751  -0.55699773]
[0.05374309  0.05690682  0.0588837    0.04374289  0.04684749  0.06469312 
  0.07398734  0.09626871  0.07418419  0.08456059  0.08096199  0.07890488]
[0.91043106  0.92432754  0.96075203  0.84263331  0.84894451  0.8716963 
  0.83976288  0.93627248  0.95359658  0.84258969  0.84442267  1.01388857]
[-0.46674071  -0.47445518  -0.47331886  -0.48226365  -0.46757729  -0.47168666 
  -0.45251076  -0.45417335  -0.44525255  -0.46578417  -0.44252568  -0.41639298]
[0.65378725  0.6838084    0.69039509  0.73601554  0.67867774  0.68986148 
  0.68906217  0.65675965  0.76224351  0.73216381  0.62563452  0.74214249]
[-0.473549      -0.44928496  -0.43619441  -0.45826414  -0.48414799  -0.46562173 
  -0.50479874  -0.43829092  -0.44094964  -0.48152102  -0.52374694  -0.44232954]
[-0.57866555  -0.58709407  -0.58207659  -0.60259046  -0.58777673  -0.59743434 
  -0.58604007  -0.59758552  -0.57798365  -0.60295783  -0.57861495  -0.55290545]
[-0.70558846  -0.67618525  -0.66943419  -0.62021707  -0.68228448  -0.66936879 
  -0.66967845  -0.69828152  -0.58449368  -0.62107264  -0.72866767  -0.60908006]
[-0.4115851    -0.38627502  -0.35771701  -0.44694176  -0.46316075  -0.43022141 
  -0.47574322  -0.4074483    -0.40678397  -0.44666308  -0.49236193  -0.41382426]
increment_120
[-0.58280946  -0.57715023  -0.56479154  -0.60858976  -0.60275151  -0.59432622 
  -0.60341838  -0.57238924  -0.57541913  -0.60480621  -0.60437052  -0.55609982]
[0.05360212  0.05690064  0.05779314  0.03905497  0.04424165  0.06158925 
  0.07341411  0.09773605  0.07699301  0.08436171  0.07999762  0.08049609]
[0.9200268    0.9343144    0.97143507  0.84576158  0.85252357  0.87664989 
  0.8424963    0.94563128  0.96194023  0.84553464  0.84770519  1.03017735]
[-0.46421836  -0.47258575  -0.47188773  -0.48170849  -0.46688108  -0.47117016 
  -0.45063269  -0.45220853  -0.44016339  -0.4628036    -0.43901206  -0.41087646]
[0.64841957  0.68067908  0.68805107  0.73685468  0.67692334  0.68969799 
  0.68660058  0.65359972  0.76266053  0.73138391  0.61762833  0.74211088]
[-0.47444224  -0.44827891  -0.4353239    -0.45893558  -0.48515454  -0.46612927 
  -0.50767618  -0.43755251  -0.44402925  -0.48573018  -0.52955129  -0.4402037  ]
[-0.57518105  -0.58441687  -0.57892918  -0.59942262  -0.58532228  -0.59459748 
  -0.58337205  -0.59541285  -0.57424378  -0.59928158  -0.57401539  -0.54861123]
[-0.7063349    -0.67493214  -0.6674828    -0.61467253  -0.67982977  -0.66536171 
  -0.66780387  -0.69677294  -0.57845534  -0.61719085  -0.73155318  -0.60398925]
[-0.41147969  -0.38470796  -0.35531871  -0.45059718  -0.46535268  -0.43127461 
  -0.47921644  -0.40637899  -0.41081165  -0.45130009  -0.49908283  -0.4152506  ]
