inc
eps_11
eps_12
eps_13
eps_21
eps_22
eps_23
eps_31
eps_32
eps_33
increment_0
0.0
0.0
0.0
0.0
1.0854038623497674e-16
-1.6413048039286384e-17
0.0
-1.6413048039286384e-17
2.481916227538845e-18
increment_10
8.991706390629234e-05
0.00024738719988479134
0.0026568515267939856
0.0002473871998847914
-0.005084671235036866
-3.045573449026768e-06
0.0026568515267939856
-3.0455734490267665e-06
0.004994754171130542
increment_20
-3.0396454872368845e-05
0.00033782932488519215
0.0061150746605531485
0.00033782932488519226
-0.011175499070146273
-9.249052422265647e-05
0.0061150746605531485
-9.249052422265647e-05
0.011205895525018566
increment_30
-0.00024703431857469265
0.00041089449364417125
0.00955155625358484
0.00041089449364417114
-0.01718884447558281
-0.00022703913765621713
0.00955155625358484
-0.0002270391376562173
0.017435878794157453
increment_40
-0.0005320244637024255
0.0004771225217656438
0.01292967533550088
0.0004771225217656435
-0.023108084261268185
-0.00038916747708742533
0.012929675335500882
-0.00038916747708742533
0.023640108724970563
increment_50
-0.0008880250320209294
0.0005399041312529149
0.01623880220424822
0.0005399041312529149
-0.028922568893857952
-0.0005776081887953776
0.01623880220424822
-0.0005776081887953776
0.029810593925879
increment_60
-0.0013135284969928696
0.0006085474517050986
0.019469380375742414
0.0006085474517050988
-0.03462911287991191
-0.0007912342841918098
0.019469380375742414
-0.0007912342841918098
0.035942641376904776
increment_70
-0.0018074791338416607
0.0006865346948823883
0.02261981753422634
0.0006865346948823884
-0.04022988895423399
-0.0010262084305924899
0.02261981753422634
-0.0010262084305924899
0.042037368088075504
increment_80
-0.002375478034115273
0.000774783794884893
0.02569260408541963
0.0007747837948848929
-0.04571692675387431
-0.0012790084071580678
0.02569260408541963
-0.0012790084071580678
0.04809240478798957
increment_90
-0.0030346566794175645
0.0008677847223595755
0.02868947496321666
0.0008677847223595758
-0.05106919480020717
-0.001556921020187312
0.02868947496321666
-0.001556921020187312
0.05410385147962486
increment_100
-0.0038095363113045027
0.000950412165447582
0.031610706657705406
0.0009504121654475824
-0.05625979781276951
-0.0018812024330221834
0.031610706657705406
-0.0018812024330221834
0.06006933412407405
increment_110
-0.004690932291899392
0.0010194607233340528
0.03446205124835887
0.0010194607233340533
-0.061296398070418937
-0.002253964115030427
0.03446205124835887
-0.002253964115030427
0.0659873303623184
increment_120
-0.0056632116499193705
0.0010751698516017142
0.03725543723228148
0.0010751698516017142
-0.06620047560850202
-0.002669309365945594
0.03725543723228148
-0.002669309365945594
0.07186368725842134
