inc
eps_11
eps_12
eps_13
eps_21
eps_22
eps_23
eps_31
eps_32
eps_33
increment_0
0.0
0.0
0.0
0.0
-2.293950087730948e-16
-3.11322127702825e-16
0.0
-3.11322127702825e-16
7.350403848063632e-18
increment_10
0.00985861935473249
0.005193328604225159
-0.0005934512224775607
0.005193328604225159
-0.0005204259888199727
-0.00022764667721487445
-0.0005934512224775607
-0.00022764667721487445
-0.009338193365912609
increment_20
0.020730947270420935
0.011140004350514456
-0.0016337313317848978
0.011140004350514456
-0.0016170173406320721
-0.00029502144342139023
-0.001633731331784898
-0.00029502144342139034
-0.019113929929788845
increment_30
0.03144726287200115
0.016886422325155147
-0.002615488288309212
0.016886422325155147
-0.0028665087301050964
-0.0003084192696291507
-0.0026154882883092125
-0.00030841926962915076
-0.028580754141896106
increment_40
0.04203539653188376
0.02242993998372854
-0.0035264132118621506
0.02242993998372854
-0.004228969583071527
-0.0002206104979623224
-0.0035264132118621506
-0.0002206104979623224
-0.03780642694881221
increment_50
0.052489533295495355
0.027776027227433876
-0.004349789265029313
0.027776027227433876
-0.00568775034336642
-2.2732348065189747e-05
-0.0043497892650293125
-2.2732348065189825e-05
-0.04680178295212897
increment_60
0.0628075168512796
0.032941161614542226
-0.005079775813847397
0.032941161614542226
-0.007227882464598883
0.00027382775614300263
-0.005079775813847397
0.00027382775614300263
-0.0555796343866807
increment_70
0.07297961933588241
0.03793511053807035
-0.005717436984044453
0.03793511053807036
-0.008844358666218825
0.0006554106440258303
-0.005717436984044453
0.000655410644025831
-0.06413526066966353
increment_80
0.08300030374316167
0.04276427352194882
-0.00626370110885211
0.04276427352194882
-0.010529199862536165
0.0011139581919862884
-0.00626370110885211
0.0011139581919862882
-0.07247110388062551
increment_90
0.09285984866436012
0.0474332532766295
-0.006723614686085789
0.0474332532766295
-0.012275229665059163
0.0016351271399030714
-0.006723614686085789
0.0016351271399030719
-0.08058461899930101
increment_100
0.102560393887436
0.05194569654575859
-0.007105379071545368
0.05194569654575859
-0.01408082501630026
0.002194365580902733
-0.007105379071545368
0.0021943655809027332
-0.08847956887113567
increment_110
0.11210142855470533
0.05630591575276106
-0.007412797418577603
0.05630591575276106
-0.015952174341561702
0.0027713100443541344
-0.007412797418577604
0.002771310044354135
-0.09614925421314369
increment_120
0.12147836915364113
0.06051502234421567
-0.0076536066605157735
0.06051502234421567
-0.017893130497568424
0.0033521606809033657
-0.0076536066605157735
0.0033521606809033644
-0.10358523865607272
