inc
eps_11
eps_12
eps_13
eps_21
eps_22
eps_23
eps_31
eps_32
eps_33
increment_0
-8.314372752800726e-17
8.309815097088017e-17
-8.477269700616505e-19
8.309815097088017e-17
-3.0541410056283684e-16
1.9830906955579392e-18
-8.477269700616505e-19
1.9830906955579392e-18
-1.1104253299047643e-16
increment_10
-0.0014767635868586891
-0.002336071799875951
0.0014972209706698633
-0.002336071799875951
0.0029736800383802094
-0.0015337896254751036
0.001497220970669863
-0.0015337896254751036
-0.0014969164515214915
increment_20
-0.0031083204546237778
-0.005689997710367922
0.0033318479164527602
-0.005689997710367922
0.006455887320916301
-0.003784568801331338
0.0033318479164527602
-0.003784568801331338
-0.0033475668662924615
increment_30
-0.0046571142021442115
-0.009064371118332625
0.005181916253412866
-0.009064371118332625
0.009772680217152078
-0.00604157675354629
0.005181916253412866
-0.00604157675354629
-0.0051155660150078485
increment_40
-0.006168950553456232
-0.012404008603374076
0.007041979726693651
-0.012404008603374076
0.01292225241971926
-0.008278898669675917
0.007041979726693653
-0.008278898669675917
-0.006753301866262999
increment_50
-0.007658398758499523
-0.015693733905362526
0.008912991009743994
-0.015693733905362526
0.015916444718189475
-0.010491822029316047
0.008912991009743994
-0.010491822029316047
-0.00825804595968991
increment_60
-0.009141044483261931
-0.01891918589436643
0.01079818336115973
-0.01891918589436643
0.018785443723373686
-0.012676033190660697
0.01079818336115973
-0.012676033190660697
-0.009644399240111803
increment_70
-0.010635493114488729
-0.022062359706287362
0.012698443027311787
-0.022062359706287362
0.021552104726230963
-0.014826045776394856
0.012698443027311783
-0.014826045776394856
-0.010916611611742332
increment_80
-0.012154379064052997
-0.02511419152506457
0.014611580036664797
-0.02511419152506457
0.024226860646892032
-0.016939187781496712
0.014611580036664797
-0.016939187781496712
-0.01207248158283909
increment_90
-0.013699208925403309
-0.0280810391368353
0.016531666132060262
-0.028081039136835295
0.02680624164039432
-0.019020053602985396
0.016531666132060262
-0.019020053602985396
-0.013107032714990974
increment_100
-0.015260969498559063
-0.030984111730503836
0.018452614227700614
-0.030984111730503836
0.029285046879942152
-0.02108110268363018
0.018452614227700614
-0.02108110268363018
-0.014024077381383171
increment_110
-0.01682425762570836
-0.03385500217281132
0.020367287950713464
-0.03385500217281132
0.03165475769214269
-0.023137364976513138
0.02036728795071346
-0.02313736497651313
-0.014830500066434334
increment_120
-0.01837781511136941
-0.036724894141231874
0.02226981396069141
-0.036724894141231874
0.033916767025731924
-0.025210469020330858
0.02226981396069141
-0.02521046902033086
-0.01553895191436254
