inc
eps_11
eps_12
eps_13
eps_21
eps_22
eps_23
eps_31
eps_32
eps_33
increment_0
7.671840464042152e-17
-2.6102700329402053e-17
7.110873829794451e-17
-2.6102700329402062e-17
3.291295166766093e-16
-1.3326600883436074e-17
7.110873829794451e-17
-1.3326600883436074e-17
-1.7269862698226218e-17
increment_10
-0.0023849278708375043
-0.0021393225731356344
-0.0032710873676583935
-0.002139322573135635
-0.005963666369267584
-0.0007090410965933215
-0.0032710873676583935
-0.0007090410965933215
0.00834859424010497
increment_20
-0.0052328433929716865
-0.004766739466081227
-0.006986862736197024
-0.004766739466081227
-0.012620353220637828
-0.001362234574746237
-0.006986862736197023
-0.001362234574746237
0.01785319661360944
increment_30
-0.008202100288697278
-0.007585550071925499
-0.010638577644944492
-0.007585550071925499
-0.019405125439410042
-0.001933460214410542
-0.010638577644944492
-0.0019334602144105417
0.02760722572810718
increment_40
-0.011345888184894367
-0.010619995192653622
-0.014219291472766954
-0.010619995192653622
-0.026317345267599917
-0.0024394536931935233
-0.014219291472766954
-0.002439453693193523
0.03766323345249425
increment_50
-0.014688485312019972
-0.013835530588918626
-0.017704582286967138
-0.013835530588918626
-0.03330788521501613
-0.002881684093027822
-0.017704582286967138
-0.002881684093027822
0.047996370527036
increment_60
-0.01822945192303655
-0.0171895684882205
-0.02107312717945418
-0.017189568488220498
-0.04033263455430168
-0.003241529127152721
-0.02107312717945418
-0.003241529127152721
0.05856208647733822
increment_70
-0.021975839490365707
-0.02068596214332709
-0.024332284491684942
-0.020685962143327092
-0.047392564596429564
-0.003495086226976077
-0.024332284491684942
-0.003495086226976078
0.06936840408679522
increment_80
-0.02593261882068452
-0.02434651855997626
-0.027499008784368645
-0.02434651855997626
-0.0545053172138334
-0.003616148056864247
-0.027499008784368645
-0.003616148056864247
0.08043793603451792
increment_90
-0.030098731511285882
-0.028190318077529503
-0.030582396230819344
-0.028190318077529503
-0.0616859167993315
-0.003574787951965268
-0.030582396230819337
-0.0035747879519652677
0.09178464831061743
increment_100
-0.03443782703893752
-0.032220060595531265
-0.03358199930968613
-0.032220060595531265
-0.06894020415354522
-0.003334383015957412
-0.03358199930968613
-0.003334383015957412
0.10337803119248269
increment_110
-0.03890106140257465
-0.03641644232356742
-0.03648932165985572
-0.03641644232356742
-0.07625631536974757
-0.002866603637146249
-0.03648932165985572
-0.002866603637146249
0.11515737677232225
increment_120
-0.04345610731002369
-0.04074131898927139
-0.03929320325058833
-0.04074131898927139
-0.08360054566827811
-0.0021583928709926776
-0.03929320325058833
-0.002158392870992678
0.12705665297830185
