inc
eps_11
eps_12
eps_13
eps_21
eps_22
eps_23
eps_31
eps_32
eps_33
increment_0
0.0
0.0
0.0
0.0
-9.228921332929615e-17
-1.0943044830213009e-16
0.0
-1.094304483021301e-16
-1.297553915957353e-16
increment_10
0.007865717866364247
0.0002891782766546124
0.004100981977629202
0.00028917827665461243
-0.007229970036485909
0.0006756605213432008
0.004100981977629202
0.0006756605213432008
-0.0006357478298783946
increment_20
0.01694488085633049
0.0007852735339286566
0.00898355273015974
0.0007852735339286566
-0.015050865313482579
0.0013173114950476086
0.00898355273015974
0.0013173114950476084
-0.0018940155428479918
increment_30
0.02576651578533119
0.0013474588557378755
0.01371797462608426
0.0013474588557378753
-0.022538955408856608
0.001978290624726857
0.01371797462608426
0.001978290624726857
-0.0032275603764744813
increment_40
0.034398402152683395
0.001982696239011091
0.018332028474446507
0.0019826962390110904
-0.029803252472888318
0.002688783596317866
0.018332028474446507
0.0026887835963178663
-0.004595149679795028
increment_50
0.04285006563248114
0.0026887364085007056
0.022821984867522672
0.0026887364085007056
-0.03685529047626483
0.0034581123144504272
0.022821984867522672
0.0034581123144504277
-0.00599477515621631
increment_60
0.05112330313298451
0.0034585229518298054
0.02718015595409295
0.003458522951829805
-0.04368940928084205
0.004287189808993765
0.02718015595409295
0.0042871898089937655
-0.0074338938521425315
increment_70
0.05921944711548151
0.00428971352796577
0.03140446891419276
0.004289713527965771
-0.05030398074186808
0.005172613060007898
0.03140446891419276
0.005172613060007898
-0.008915466373613366
increment_80
0.06714489570479448
0.005184542873875836
0.03549966990569484
0.005184542873875836
-0.05670601079331568
0.006107114737676438
0.03549966990569484
0.006107114737676438
-0.010438884911478775
increment_90
0.0749045368572438
0.0061471293377139925
0.03947168022315572
0.006147129337713991
-0.06290311393444699
0.007084762220474434
0.03947168022315572
0.007084762220474434
-0.012001422922796844
increment_100
0.08250771446177667
0.007172925752787043
0.0433241261712632
0.007172925752787043
-0.06890674877883242
0.00809875107901631
0.0433241261712632
0.00809875107901631
-0.013600965682944314
increment_110
0.08997329826522288
0.008250860077562696
0.047063051407762534
0.008250860077562696
-0.07473718706917394
0.009142970622695068
0.047063051407762534
0.009142970622695068
-0.015236111196048915
increment_120
0.09732581605461724
0.00937121324791033
0.05069887723357066
0.00937121324791033
-0.08041973547320226
0.010213971476053303
0.05069887723357066
0.010213971476053303
-0.01690608058141498
