inc
sigma_11
sigma_12
sigma_13
sigma_21
sigma_22
sigma_23
sigma_31
sigma_32
sigma_33
increment_0
-3.415504071320133e-05
-4.1228540959979606e-08
-6.492054529180422e-06
-4.1228540959979606e-08
-2.938818385598027e-05
4.6048089379174516e-07
-6.492054529180422e-06
4.6048089379174516e-07
-3.75181569163972e-05
increment_10
-15753948.65403215
-5664066.472996169
-1713138.2572365259
-5664066.472996169
28680123.26137581
3712398.207239417
-1713138.2572365259
3712398.207239417
94356221.03636056
increment_20
-17111055.120442007
-5372396.608629191
-2745794.9705821928
-5372396.608629191
28720213.669925157
4172282.922524092
-2745794.9705821928
4172282.922524092
94807656.5117063
increment_30
-17964170.48872891
-5300836.975381853
-3207337.958933297
-5300836.975381853
29457225.41245897
4094821.8670089273
-3207337.958933297
4094821.8670089273
95761121.31272763
increment_40
-18718436.022896763
-5242593.645580947
-3456153.8712822855
-5242593.645580947
30246351.94346924
3854362.536318686
-3456153.8712822855
3854362.536318686
96688584.65432827
increment_50
-19360165.560778614
-5175141.8144385265
-3663094.7979617
-5175141.8144385265
30968563.59813585
3596749.761735097
-3663094.7979617
3596749.761735097
97582590.31301068
increment_60
-19914521.32369931
-5090508.0994206825
-3899418.3679742552
-5090508.0994206825
31582757.89073452
3411733.333734957
-3899418.3679742552
3411733.333734957
98457101.27317268
increment_70
-20390217.39875457
-5011797.735600426
-4181948.535331424
-5011797.735600426
32154021.05235319
3300581.8608137495
-4181948.535331424
3300581.8608137495
99377031.84897505
increment_80
-20804722.192332633
-4973080.714924491
-4486434.014534362
-4973080.714924491
32714482.552495413
3250538.4938015495
-4486434.014534362
3250538.4938015495
100352892.57398538
increment_90
-21187109.448204637
-4988377.698551821
-4798297.854720193
-4988377.698551821
33280622.04730797
3240119.173737282
-4798297.854720193
3240119.173737282
101372555.08365652
increment_100
-21532568.342017587
-5058995.336130308
-5148159.161787955
-5058995.336130308
33845912.29364128
3259555.822608379
-5148159.161787955
3259555.822608379
102436452.31772898
increment_110
-21834118.624342695
-5159902.504136918
-5552348.999249997
-5159902.504136918
34365624.38945835
3283144.2360428297
-5552348.999249997
3283144.2360428297
103500980.85777722
increment_120
-22164499.113788746
-5280476.137996973
-6025884.821434302
-5280476.137996973
34743863.475272365
3273728.2243286073
-6025884.821434302
3273728.2243286073
104465529.31695035
