inc
sigma_11
sigma_12
sigma_13
sigma_21
sigma_22
sigma_23
sigma_31
sigma_32
sigma_33
increment_0
4.539742716924736e-05
2.613556825219495e-06
3.5295157781067e-06
2.613556825219495e-06
2.4199933168101988e-05
3.6133933611637323e-06
3.5295157781067e-06
3.6133933611637323e-06
3.1464021148229376e-05
increment_10
-5330462.413051094
10442622.45437264
-1344960.7197164057
10442622.45437264
-22873651.01786601
-9998842.718959833
-1344960.7197164057
-9998842.718959833
74453486.94976427
increment_20
-6721628.068455359
11207158.533875702
-1194975.0045675952
11207158.533875702
-25346898.54699327
-10949002.986745177
-1194975.0045675952
-10949002.986745177
74446449.9518091
increment_30
-7389333.107467244
11365206.850984208
-1356564.8714998518
11365206.850984208
-26796013.599196497
-11457994.003635297
-1356564.8714998518
-11457994.003635297
74894191.18740924
increment_40
-7962198.263369668
11280799.71168907
-1667181.0397522098
11280799.71168907
-28131160.044757925
-11935434.001901694
-1667181.0397522098
-11935434.001901694
75338150.0766944
increment_50
-8477978.34533737
11027804.777131831
-2064824.017488214
11027804.777131831
-29454898.898571387
-12447641.122064767
-2064824.017488214
-12447641.122064767
75757406.40961476
increment_60
-8991415.941077359
10647884.602831256
-2503886.9146365826
10647884.602831256
-30821430.646503728
-13034073.384983752
-2503886.9146365826
-13034073.384983752
76128889.39327668
increment_70
-9525858.898780933
10157584.550868802
-2963157.430341534
10157584.550868802
-32218224.82219259
-13669601.327919517
-2963157.430341534
-13669601.327919517
76450995.20925546
increment_80
-10091840.854738893
9621207.903856695
-3404440.1804434154
9621207.903856695
-33601134.017979555
-14293882.744691074
-3404440.1804434154
-14293882.744691074
76740171.129655
increment_90
-10645952.022909878
9155232.632327871
-3765764.5692369514
9155232.632327871
-34854631.523017384
-14818395.378200157
-3765764.5692369514
-14818395.378200157
77055118.5021326
increment_100
-11109157.872307055
8781307.558788588
-4032608.420469897
8781307.558788588
-35894051.90641013
-15252482.96325419
-4032608.420469897
-15252482.96325419
77457137.90530983
increment_110
-11495434.52205404
8480961.34959702
-4213550.121206002
8480961.34959702
-36805313.17759411
-15677274.573139165
-4213550.121206002
-15677274.573139165
77931818.76729198
increment_120
-11803673.532495478
8226165.175049463
-4345871.265477504
8226165.175049463
-37626687.9358506
-16126228.021041792
-4345871.265477504
-16126228.021041792
78483831.514629
