inc
sigma_11
sigma_12
sigma_13
sigma_21
sigma_22
sigma_23
sigma_31
sigma_32
sigma_33
increment_0
1.1129602479018468e-05
1.308017361982239e-06
-6.102032347466504e-06
1.308017361982239e-06
1.1952395273088852e-05
2.8653241378300577e-06
-6.102032347466504e-06
2.8653241378300577e-06
2.7448692990682042e-05
increment_10
-2444549.047737785
-8897962.690212807
-5317762.354717661
-8897962.690212807
2803319.6994658913
-5372940.02137049
-5317762.354717661
-5372940.02137049
87322423.85558158
increment_20
-1418002.2382129882
-8015114.761533827
-5684456.256221952
-8015114.761533827
4322771.170497072
-4769977.67059047
-5684456.256221952
-4769977.67059047
88633659.88179396
increment_30
-1349518.5533596496
-8259201.376460966
-5712874.193738494
-8259201.376460966
4014030.4154068152
-4592737.33149205
-5712874.193738494
-4592737.33149205
89728946.94675788
increment_40
-1309791.2274069951
-8603120.408224009
-5716249.022632655
-8603120.408224009
3527115.5228948016
-4549645.105259745
-5716249.022632655
-4549645.105259745
90772200.42301121
increment_50
-1220613.1707625291
-8895904.283178069
-5747295.4118282115
-8895904.283178069
2991669.5480354805
-4574787.040182722
-5747295.4118282115
-4574787.040182722
91704744.651293
increment_60
-1004972.9746931704
-9147421.256163007
-5819008.821816153
-9147421.256163007
2365233.6158279013
-4661280.085027803
-5819008.821816153
-4661280.085027803
92534624.44895189
increment_70
-625412.5916232357
-9389247.134897655
-5939560.178803587
-9389247.134897655
1607270.2630466488
-4783356.557831931
-5939560.178803587
-4783356.557831931
93292997.92875603
increment_80
-70484.74635054344
-9652356.33695211
-6129303.2945734095
-9652356.33695211
796009.6926731154
-4937311.199926575
-6129303.2945734095
-4937311.199926575
94061159.39362386
increment_90
655821.9901366633
-9990782.520899376
-6398430.5184373045
-9990782.520899376
10498.118062885105
-5054991.920037685
-6398430.5184373045
-5054991.920037685
94950797.05385953
increment_100
1543055.949522263
-10396594.81847879
-6709979.371461849
-10396594.81847879
-620581.4440410872
-5066022.219711946
-6709979.371461849
-5066022.219711946
96049948.60902117
increment_110
2493419.562379078
-10757764.35358467
-6998618.359467373
-10757764.35358467
-937535.8448953727
-5016750.724484408
-6998618.359467373
-5016750.724484408
97316468.45648445
increment_120
3453870.6158275404
-11032302.65309787
-7240318.428895358
-11032302.65309787
-923962.7670835475
-4964520.577082159
-7240318.428895358
-4964520.577082159
98701820.30197975
