inc
sigma_11
sigma_12
sigma_13
sigma_21
sigma_22
sigma_23
sigma_31
sigma_32
sigma_33
increment_0
-3.8163419314765886e-05
-3.5836869793676233e-06
2.9085142922603647e-06
-3.5836869793676233e-06
-7.758985943364081e-05
-2.0792349181952057e-06
2.9085142922603647e-06
-2.0792349181952057e-06
-7.373681153705353e-05
increment_10
-4204155.487481513
16767848.376052354
-2496514.9030178743
16767848.376052354
10455323.811585693
-28691263.495417375
-2496514.9030178743
-28691263.495417375
93729225.16379881
increment_20
-3715467.1195962867
16693972.739479603
-3217794.550501459
16693972.739479603
10390398.396472994
-30545642.360371336
-3217794.550501459
-30545642.360371336
95054869.83370462
increment_30
-2967244.1771616233
16679515.095032291
-3889744.509641955
16679515.095032291
8476374.86607968
-32082524.2886577
-3889744.509641955
-32082524.2886577
96380052.15280546
increment_40
-2138064.708540742
16488690.923988761
-4588246.518501749
16488690.923988761
6521906.0253982525
-33585320.194970734
-4588246.518501749
-33585320.194970734
97748036.38671175
increment_50
-1465447.7441140355
16188580.531621384
-5166757.49967668
16188580.531621384
5302043.320488154
-34858294.42471441
-5166757.49967668
-34858294.42471441
99189635.20937403
increment_60
-934644.9954612085
15883288.256241003
-5632120.818337779
15883288.256241003
4613311.740442709
-35941291.833204575
-5632120.818337779
-35941291.833204575
100711060.53893746
increment_70
-511632.2730534356
15551095.240186589
-6055840.44493404
15551095.240186589
4216599.445317349
-36908312.80877845
-6055840.44493404
-36908312.80877845
102246044.64359194
increment_80
-236472.5787039054
15150928.225291733
-6445342.308306288
15150928.225291733
4035410.385235001
-37816500.98356923
-6445342.308306288
-37816500.98356923
103712340.20476133
increment_90
-95912.56418655856
14699701.208736032
-6774588.619604873
14699701.208736032
3975110.7955127386
-38689763.81495888
-6774588.619604873
-38689763.81495888
105104447.94188353
increment_100
-24162.512682319262
14254505.038257824
-7024548.868544945
14254505.038257824
3966977.662036111
-39521695.15427453
-7024548.868544945
-39521695.15427453
106487761.0181538
increment_110
23125.54615041012
13839364.214623036
-7217536.029310102
13839364.214623036
3933391.9386434755
-40309315.14065166
-7217536.029310102
-40309315.14065166
107882091.35654515
increment_120
56856.07763087076
13449854.765794257
-7387364.890122667
13449854.765794257
3754571.5085727777
-41006455.61092942
-7387364.890122667
-41006455.61092942
109235254.5605211
