inc
sigma_11
sigma_12
sigma_13
sigma_21
sigma_22
sigma_23
sigma_31
sigma_32
sigma_33
increment_0
-3.951993033733752e-06
-3.339111150727549e-06
-4.135578318898147e-06
-3.339111150727549e-06
7.423899281892045e-06
2.95397100178991e-07
-4.135578318898147e-06
2.95397100178991e-07
-1.610457893385566e-05
increment_10
3945316.286739455
7615607.57605467
-6188109.065463094
7615607.57605467
-44564036.19130165
2134570.3826282807
-6188109.065463094
2134570.3826282807
83461699.78821462
increment_20
2958083.8003507233
8505707.453758474
-6390509.196789665
8505707.453758474
-46133753.534839526
1635974.1676491369
-6390509.196789665
1635974.1676491369
84222709.44233347
increment_30
2834193.551272417
8964254.753752083
-6212723.609110951
8964254.753752083
-46599468.88894775
1641249.2095326
-6212723.609110951
1641249.2095326
85519970.05141881
increment_40
2902886.1549131577
9381537.917331018
-5970949.506682895
9381537.917331018
-46873637.91788339
1691872.1594203766
-5970949.506682895
1691872.1594203766
86948358.00246586
increment_50
2958431.0433062944
9759995.732221087
-5741062.853914034
9759995.732221087
-47183450.666632175
1760380.7297559932
-5741062.853914034
1760380.7297559932
88316344.73616077
increment_60
2934431.8285955833
10111106.717634039
-5481406.425854698
10111106.717634039
-47607032.66003455
1875778.0869267788
-5481406.425854698
1875778.0869267788
89566515.6586314
increment_70
2849406.1319153574
10435544.527757265
-5180426.4638271015
10435544.527757265
-48089326.527040884
2036919.493224218
-5180426.4638271015
2036919.493224218
90735174.88281356
increment_80
2732489.100774215
10738543.823958723
-4869086.911144055
10738543.823958723
-48543047.77141182
2213757.5631507775
-4869086.911144055
2213757.5631507775
91867142.54114525
increment_90
2585539.0377601027
11055486.258120783
-4562742.237218727
11055486.258120783
-48985741.17957841
2390698.9238602836
-4562742.237218727
2390698.9238602836
92970493.30312401
increment_100
2359584.3226486556
11384241.018426707
-4192944.4056967297
11384241.018426707
-49473841.260372065
2580067.1039674254
-4192944.4056967297
2580067.1039674254
93953151.72163865
increment_110
2045430.4324856736
11723033.091366902
-3725888.2427198323
11723033.091366902
-49978728.946495876
2765463.611181457
-3725888.2427198323
2765463.611181457
94802108.1471758
increment_120
1653803.1374012108
12092507.975832496
-3173378.053646095
12092507.975832496
-50490920.42882283
2925197.6043411014
-3173378.053646095
2925197.6043411014
95560537.95814921
