inc
sigma_11
sigma_12
sigma_13
sigma_21
sigma_22
sigma_23
sigma_31
sigma_32
sigma_33
increment_0
0.00011448569516184809
1.0029473068080264e-05
-1.1277847581065417e-06
1.0029473068080264e-05
0.0001209959134901403
3.345456294901875e-07
-1.1277847581065417e-06
3.345456294901875e-07
0.00011823322654753703
increment_10
-14357303.608840939
-9185065.382224862
6453756.624063775
-9185065.382224862
12385968.820548264
3212303.998172314
6453756.624063775
3212303.998172314
94978392.43641792
increment_20
-14640461.678997563
-9131426.144117007
7653514.419435971
-9131426.144117007
14173223.441123234
2643431.513484595
7653514.419435971
2643431.513484595
96946703.63998728
increment_30
-15023528.06435756
-9147859.809184143
8052493.027988419
-9147859.809184143
15023042.03092321
2358330.1760873958
8052493.027988419
2358330.1760873958
98429798.63755858
increment_40
-15372634.112892743
-9211580.866341636
8185908.846035719
-9211580.866341636
15706776.58474854
2192779.3851353684
8185908.846035719
2192779.3851353684
99850375.21270242
increment_50
-15700987.835231612
-9223581.570303254
8173794.5323146
-9223581.570303254
16299160.340420308
2074307.253511038
8173794.5323146
2074307.253511038
101178145.24035057
increment_60
-15990513.525406286
-9126423.355135297
8077122.380794108
-9126423.355135297
16810850.73148991
1982789.272450396
8077122.380794108
1982789.272450396
102445937.00181547
increment_70
-16209194.104225935
-8945755.814184135
7932620.789672535
-8945755.814184135
17180659.541892458
1965899.8278940269
7932620.789672535
1965899.8278940269
103668488.56974879
increment_80
-16363572.988847794
-8691338.143983733
7774251.147904069
-8691338.143983733
17315814.83387914
2041274.4144387522
7774251.147904069
2041274.4144387522
104791320.09440623
increment_90
-16450223.172757557
-8396201.24047872
7636388.836505937
-8396201.24047872
17167656.812851314
2203037.0001051445
7636388.836505937
2203037.0001051445
105787931.72101794
increment_100
-16499135.68850004
-8108707.5962206535
7517111.682783095
-8108707.5962206535
16805371.965695392
2417210.849605182
7517111.682783095
2417210.849605182
106701944.92085572
increment_110
-16630609.834174834
-7847074.492549917
7382237.371307981
-7847074.492549917
16200498.367248269
2676120.2915177033
7382237.371307981
2676120.2915177033
107459123.133705
increment_120
-16839687.707433302
-7599895.010841422
7219840.541121117
-7599895.010841422
15368747.45446571
2989597.43439685
7219840.541121117
2989597.43439685
108064217.86249109
