inc
sigma_11
sigma_12
sigma_13
sigma_21
sigma_22
sigma_23
sigma_31
sigma_32
sigma_33
increment_0
-2.9219775893767268e-05
-7.795261799404407e-07
-2.259018970328137e-06
-7.795261799404407e-07
-3.255692272445991e-05
-6.039163232759268e-06
-2.259018970328137e-06
-6.039163232759268e-06
-2.6652010181654224e-05
increment_10
334688.21392260824
-5647435.579426119
4348611.192672683
-5647435.579426119
-32274792.344721105
-1534963.5142213558
4348611.192672683
-1534963.5142213558
98504920.99469697
increment_20
549200.9682248195
-5998131.697178302
4704731.594723183
-5998131.697178302
-30922025.88954342
-1988589.8673336536
4704731.594723183
-1988589.8673336536
100986039.42852938
increment_30
361832.07497846393
-6094926.414747675
4811763.519323624
-6094926.414747675
-30617803.11060511
-2166536.5701745045
4811763.519323624
-2166536.5701745045
102813086.34295428
increment_40
26410.260164404423
-6120344.108443511
4824392.120172044
-6120344.108443511
-30611816.931504346
-2312032.944635789
4824392.120172044
-2312032.944635789
104382033.07606336
increment_50
-434222.2059694752
-6089876.381965731
4800803.844139776
-6089876.381965731
-30801768.953683734
-2413005.2780611003
4800803.844139776
-2413005.2780611003
105765625.08272944
increment_60
-998233.5846561359
-6002160.88285422
4750308.567730459
-6002160.88285422
-31171401.851054903
-2453473.684436432
4750308.567730459
-2453473.684436432
106995176.88032973
increment_70
-1630646.5523323647
-5858592.500114026
4679061.666240342
-5858592.500114026
-31685367.96727303
-2440386.7496728
4679061.666240342
-2440386.7496728
108117699.65722458
increment_80
-2266601.4667216614
-5651910.538153675
4571814.570502142
-5651910.538153675
-32301622.890720326
-2395038.91804482
4571814.570502142
-2395038.91804482
109181797.86303328
increment_90
-2784787.117163484
-5391562.987002029
4421936.322175852
-5391562.987002029
-32916673.081445396
-2331046.4572742665
4421936.322175852
-2331046.4572742665
110268631.36897516
increment_100
-3079059.1555211493
-5113068.75182709
4238465.2308280235
-5113068.75182709
-33395974.85138735
-2273774.15338051
4238465.2308280235
-2273774.15338051
111469636.72256805
increment_110
-3206668.6545587922
-4855589.640011908
4020919.635301017
-4855589.640011908
-33746071.11941109
-2268535.938906746
4020919.635301017
-2268535.938906746
112738522.54136883
increment_120
-3191984.0982439592
-4641001.145322842
3742109.9611377628
-4641001.145322842
-34024047.96811165
-2336051.8010202786
3742109.9611377628
-2336051.8010202786
113988683.23147061
