inc
sigma_11
sigma_12
sigma_13
sigma_21
sigma_22
sigma_23
sigma_31
sigma_32
sigma_33
increment_0
-6.355378004654706e-05
-1.746884009140351e-05
-3.4814880737243494e-06
-1.746884009140351e-05
-7.46372180410787e-05
-1.9499561123252793e-06
-3.4814880737243494e-06
-1.9499561123252793e-06
-5.1299092197834536e-05
increment_10
-13308777.072620327
-10457436.071504958
-4224175.821594399
-10457436.071504958
-21458524.570952076
-164134.8767934549
-4224175.821594399
-164134.8767934549
93052261.11495928
increment_20
-14543491.017600283
-10978316.983931618
-3648029.2804670986
-10978316.983931618
-22678198.550258487
-208476.66400236785
-3648029.2804670986
-208476.66400236785
93127936.84179367
increment_30
-14436661.550029136
-10980955.027486475
-3649078.8025587522
-10980955.027486475
-23577066.821674284
-409549.1008664078
-3649078.8025587522
-409549.1008664078
93937396.28909214
increment_40
-14064312.344205001
-10830481.353014177
-3888653.5849544187
-10830481.353014177
-24439397.717608362
-707878.1513389986
-3888653.5849544187
-707878.1513389986
94932395.51929183
increment_50
-13675961.876088453
-10637052.192661548
-4151780.0833157166
-10637052.192661548
-25169390.036276996
-963846.8288742342
-4151780.0833157166
-963846.8288742342
96004597.7543012
increment_60
-13317557.681467729
-10396843.013647834
-4391853.8442069795
-10396843.013647834
-25794517.72289141
-1126673.0809656505
-4391853.8442069795
-1126673.0809656505
97048403.5088944
increment_70
-12933774.701244248
-10079968.55769675
-4668171.724450597
-10079968.55769675
-26394898.43436792
-1230339.4971589062
-4668171.724450597
-1230339.4971589062
98039324.61618668
increment_80
-12457013.53888824
-9708794.708537573
-4988265.577432417
-9708794.708537573
-27005426.53674026
-1317540.9532552203
-4988265.577432417
-1317540.9532552203
98988759.34146409
increment_90
-11796222.976578936
-9291138.322816527
-5371242.637182545
-9291138.322816527
-27558796.401755046
-1416214.2857022646
-5371242.637182545
-1416214.2857022646
100003104.9008586
increment_100
-10965175.279407501
-8848992.223308057
-5814359.581608217
-8848992.223308057
-27905403.99726574
-1527800.989393221
-5814359.581608217
-1527800.989393221
101214610.22873701
increment_110
-10024678.938891077
-8415107.88674254
-6303475.333191884
-8415107.88674254
-28021624.900861096
-1654053.2969666102
-6303475.333191884
-1654053.2969666102
102676286.4696485
increment_120
-9062500.304464286
-8026956.998202729
-6808282.377692246
-8026956.998202729
-28033895.09157979
-1806482.4517780151
-6808282.377692246
-1806482.4517780151
104311811.7917148
