inc
sigma_11
sigma_12
sigma_13
sigma_21
sigma_22
sigma_23
sigma_31
sigma_32
sigma_33
increment_0
3.968466044160443e-05
7.261858424146242e-06
5.76981799695045e-07
7.261858424146242e-06
4.263094014916854e-05
-2.77053794077188e-06
5.76981799695045e-07
-2.77053794077188e-06
4.401112626620045e-05
increment_10
16636529.666517444
-5019811.219830399
-20339242.04343388
-5019811.219830399
47025679.718453825
3357796.801126947
-20339242.04343388
3357796.801126947
123343675.78679718
increment_20
17318630.606856897
-5602621.355938468
-22389695.122039314
-5602621.355938468
48087830.37895838
2537235.6200299137
-22389695.122039314
2537235.6200299137
125377976.51255968
increment_30
17582999.055098407
-5856888.113648098
-22709735.960366543
-5856888.113648098
47877085.93394428
2226162.057815159
-22709735.960366543
2226162.057815159
126004132.05743323
increment_40
17804004.417077795
-6067172.200344104
-22540945.022156645
-6067172.200344104
47244308.45608147
2011063.8239675818
-22540945.022156645
2011063.8239675818
126189118.95676583
increment_50
18095686.580724575
-6182195.794602545
-22302145.838615034
-6182195.794602545
46673294.35884633
1988930.726995184
-22302145.838615034
1988930.726995184
126429976.3064664
increment_60
18457422.24026282
-6199025.172055427
-22035392.746938445
-6199025.172055427
46220554.78180233
2224641.893142394
-22035392.746938445
2224641.893142394
126796530.01820946
increment_70
18795538.81362582
-6178670.690444369
-21560827.178648017
-6178670.690444369
45614785.59584263
2613653.08322104
-21560827.178648017
2613653.08322104
127052598.10216443
increment_80
19090048.82896575
-6174277.366097495
-20878721.971413016
-6174277.366097495
44795705.38499972
3010449.1487333677
-20878721.971413016
3010449.1487333677
127143176.76144017
increment_90
19310546.818590306
-6225471.243919031
-20141855.557104006
-6225471.243919031
43815386.91253002
3290377.502580698
-20141855.557104006
3290377.502580698
127093166.69581586
increment_100
19407500.980217285
-6335384.265620039
-19437778.590607848
-6335384.265620039
42697214.68761232
3383302.1088424847
-19437778.590607848
3383302.1088424847
126909541.32190858
increment_110
19326155.40066639
-6464329.675689659
-18764905.07258127
-6464329.675689659
41435317.21205233
3341907.687418135
-18764905.07258127
3341907.687418135
126617174.76933572
increment_120
19116567.19020664
-6577275.383886935
-18171018.876022737
-6577275.383886935
40146854.23870485
3235444.4576352555
-18171018.876022737
3235444.4576352555
126329653.11530839
