inc
eps_11
eps_12
eps_13
eps_21
eps_22
eps_23
eps_31
eps_32
eps_33
increment_0
[-1.11022302e-16  -1.11022302e-16  -1.11022302e-16  -1.11022302e-16 
  -1.11022302e-16  -1.11022302e-16  -1.11022302e-16  -1.11022302e-16 
  -1.11022302e-16  -1.11022302e-16  -1.11022302e-16  -1.11022302e-16 
  -1.11022302e-16  -1.11022302e-16  -1.11022302e-16  -1.11022302e-16 
  -1.11022302e-16]
[0.  0.  0.  0.  0.  0.  0.  0.  0.  0.  0.  0.  0.  0.  0.  0.  0.]
[0.  0.  0.  0.  0.  0.  0.  0.  0.  0.  0.  0.  0.  0.  0.  0.  0.]
[0.  0.  0.  0.  0.  0.  0.  0.  0.  0.  0.  0.  0.  0.  0.  0.  0.]
[-1.83808834e-17  -1.83808834e-17  -1.83808834e-17  -1.83808834e-17 
  -1.83808834e-17  -1.83808834e-17  -1.83808834e-17  -1.83808834e-17 
  -1.83808834e-17  -1.83808834e-17  -1.83808834e-17  -1.83808834e-17 
  -1.83808834e-17  -1.83808834e-17  -1.83808834e-17  -1.83808834e-17 
  -1.83808834e-17]
[5.21840504e-17  5.21840504e-17  5.21840504e-17  5.21840504e-17 
  5.21840504e-17  5.21840504e-17  5.21840504e-17  5.21840504e-17 
  5.21840504e-17  5.21840504e-17  5.21840504e-17  5.21840504e-17 
  5.21840504e-17  5.21840504e-17  5.21840504e-17  5.21840504e-17 
  5.21840504e-17]
[0.  0.  0.  0.  0.  0.  0.  0.  0.  0.  0.  0.  0.  0.  0.  0.  0.]
[5.21840504e-17  5.21840504e-17  5.21840504e-17  5.21840504e-17 
  5.21840504e-17  5.21840504e-17  5.21840504e-17  5.21840504e-17 
  5.21840504e-17  5.21840504e-17  5.21840504e-17  5.21840504e-17 
  5.21840504e-17  5.21840504e-17  5.21840504e-17  5.21840504e-17 
  5.21840504e-17]
[-1.4815257e-16  -1.4815257e-16  -1.4815257e-16  -1.4815257e-16 
  -1.4815257e-16  -1.4815257e-16  -1.4815257e-16  -1.4815257e-16 
  -1.4815257e-16  -1.4815257e-16  -1.4815257e-16  -1.4815257e-16 
  -1.4815257e-16  -1.4815257e-16  -1.4815257e-16  -1.4815257e-16 
  -1.4815257e-16]
increment_10
[-0.00125092  -0.00487732  -0.00152814  -0.00309295  -0.00496322  -0.00527805 
  -0.00364487  -0.00387504  -0.00244878  -0.00638653  -0.00310181  -0.00430775 
  -0.00240778  -0.00300274  -0.00426089  -0.00437263  -0.00243955]
[-4.52265068e-03  -2.59283073e-03  -4.09416266e-03  -1.95602427e-03 
    5.46271206e-05  -1.61704744e-03  -8.78583420e-04  -3.19465814e-03 
  -3.29361953e-03    6.35227342e-04  -5.18477557e-04  -9.87807934e-04 
  -2.06441317e-03  -2.31525231e-03  -3.34417929e-04  -7.68249680e-04 
  -2.32930904e-03]
[-1.59323264e-03    1.24521115e-03  -9.27842778e-04  -6.14160227e-05 
    6.42675331e-04    1.49016490e-03    1.23236340e-04    5.41339193e-04 
  -8.16343822e-04    2.59898895e-03  -5.74343191e-04    4.13820353e-04 
  -1.05689302e-03    1.22248207e-04    2.55527394e-04    3.89389278e-04 
  -4.00752521e-04]
[-4.52265068e-03  -2.59283073e-03  -4.09416266e-03  -1.95602427e-03 
    5.46271206e-05  -1.61704744e-03  -8.78583420e-04  -3.19465814e-03 
  -3.29361953e-03    6.35227342e-04  -5.18477557e-04  -9.87807934e-04 
  -2.06441317e-03  -2.31525231e-03  -3.34417929e-04  -7.68249680e-04 
  -2.32930904e-03]
[0.01038102  0.01024291  0.01099257  0.00833341  0.00514214  0.00893528 
  0.00639209  0.01049025  0.00909535  0.00802426  0.00483413  0.00653674 
  0.0067252    0.00968573  0.00546862  0.00610644  0.00900627]
[0.00092066  0.00240137  0.0007687    0.00206518  0.00247581  0.00260069 
  0.00180478  0.00190905  0.00122385  0.00317415  0.00154693  0.00214083 
  0.00120509  0.00148739  0.00212311  0.00217627  0.00121079]
[-1.59323264e-03    1.24521115e-03  -9.27842778e-04  -6.14160227e-05 
    6.42675331e-04    1.49016490e-03    1.23236340e-04    5.41339193e-04 
  -8.16343822e-04    2.59898895e-03  -5.74343191e-04    4.13820353e-04 
  -1.05689302e-03    1.22248207e-04    2.55527394e-04    3.89389278e-04 
  -4.00752521e-04]
[0.00092066  0.00240137  0.0007687    0.00206518  0.00247581  0.00260069 
  0.00180478  0.00190905  0.00122385  0.00317415  0.00154693  0.00214083 
  0.00120509  0.00148739  0.00212311  0.00217627  0.00121079]
[-0.0091301    -0.00536559  -0.00946444  -0.00524046  -0.00017891  -0.00365723 
  -0.00274722  -0.00661522  -0.00664657  -0.00163774  -0.00173233  -0.00222899 
  -0.00431742  -0.00668299  -0.00120773  -0.00173381  -0.00656672]
increment_20
[-0.00283577  -0.01087106  -0.0031057    -0.00605132  -0.01063428  -0.01174975 
  -0.00765756  -0.00838231  -0.00502419  -0.01320393  -0.00667898  -0.00973105 
  -0.00521412  -0.00608542  -0.00932629  -0.00960428  -0.00563157]
[-0.00966984  -0.00580472  -0.00897209  -0.00369939    0.00017191  -0.00357404 
  -0.00165711  -0.0071099    -0.00729442    0.00178029  -0.00097985  -0.00238776 
  -0.00454039  -0.00475606  -0.00083335  -0.00161639  -0.00522957]
[-3.38763456e-03    3.08944638e-03  -2.49342777e-03  -4.23916583e-04 
    1.37980260e-03    3.60823559e-03  -5.15227747e-05    1.22455115e-03 
  -1.98461400e-03    5.28203432e-03  -1.17351625e-03    1.32193035e-03 
  -2.30099622e-03    1.38055281e-04    6.63408404e-04    9.86270802e-04 
  -5.48696466e-04]
[-0.00966984  -0.00580472  -0.00897209  -0.00369939    0.00017191  -0.00357404 
  -0.00165711  -0.0071099    -0.00729442    0.00178029  -0.00097985  -0.00238776 
  -0.00454039  -0.00475606  -0.00083335  -0.00161639  -0.00522957]
[0.02249577  0.02301734  0.02389058  0.01716404  0.01102872  0.02021817 
  0.01329497  0.02326733  0.01979699  0.01704074  0.01079184  0.015022 
  0.01454849  0.02134241  0.01209046  0.01329948  0.02035314]
[0.00229126  0.00524119  0.0015896    0.00466766  0.00528853  0.00563401 
  0.0037723    0.00404932  0.00251597  0.00654293  0.00331813  0.00478779 
  0.00260946  0.00297566  0.0046266    0.00475345  0.00275978]
[-3.38763456e-03    3.08944638e-03  -2.49342777e-03  -4.23916583e-04 
    1.37980260e-03    3.60823559e-03  -5.15227747e-05    1.22455115e-03 
  -1.98461400e-03    5.28203432e-03  -1.17351625e-03    1.32193035e-03 
  -2.30099622e-03    1.38055281e-04    6.63408404e-04    9.86270802e-04 
  -5.48696466e-04]
[0.00229126  0.00524119  0.0015896    0.00466766  0.00528853  0.00563401 
  0.0037723    0.00404932  0.00251597  0.00654293  0.00331813  0.00478779 
  0.00260946  0.00297566  0.0046266    0.00475345  0.00275978]
[-0.01965999  -0.01214628  -0.02078488  -0.01111272  -0.00039444  -0.00846842 
  -0.00563741  -0.01488503  -0.0147728    -0.00383681  -0.00411287  -0.00529095 
  -0.00933437  -0.01525699  -0.00276417  -0.0036952    -0.01472157]
increment_30
[-0.00456274  -0.01718362  -0.00506765  -0.00908837  -0.01653644  -0.0182805 
  -0.01179407  -0.01315636  -0.00780073  -0.01972316  -0.01023395  -0.01510972 
  -0.00807531  -0.00940215  -0.01446723  -0.01466111  -0.00897547]
[-0.01445957  -0.00875766  -0.01371405  -0.00520807    0.00031454  -0.00526994 
  -0.00252481  -0.01075205  -0.01112875    0.00319867  -0.00146547  -0.00384661 
  -0.00696626  -0.00708214  -0.00133028  -0.00253251  -0.00819529]
[-0.00536339    0.00514758  -0.00406117  -0.00082003    0.00235682    0.00590564 
  -0.00020172    0.00206613  -0.00311334    0.0079145    -0.00173742    0.00227455 
  -0.0035184      0.00036684    0.00120297    0.00147499  -0.00074395]
[-0.01445957  -0.00875766  -0.01371405  -0.00520807    0.00031454  -0.00526994 
  -0.00252481  -0.01075205  -0.01112875    0.00319867  -0.00146547  -0.00384661 
  -0.00696626  -0.00708214  -0.00133028  -0.00253251  -0.00819529]
[0.03411495  0.03587567  0.03693129  0.02554737  0.0171605    0.03194301 
  0.02009954  0.03603837  0.03045335  0.02625107  0.01689563  0.02380832 
  0.02234632  0.03332086  0.01891991  0.02052438  0.0315653  ]
[0.00396706  0.0081083    0.00262072  0.00712246  0.00819706  0.00852001 
  0.00578469  0.00622797  0.0039106    0.00974491  0.00506407  0.00734808 
  0.00404163  0.00452744  0.00714251  0.00721629  0.00434928]
[-0.00536339    0.00514758  -0.00406117  -0.00082003    0.00235682    0.00590564 
  -0.00020172    0.00206613  -0.00311334    0.0079145    -0.00173742    0.00227455 
  -0.0035184      0.00036684    0.00120297    0.00147499  -0.00074395]
[0.00396706  0.0081083    0.00262072  0.00712246  0.00819706  0.00852001 
  0.00578469  0.00622797  0.0039106    0.00974491  0.00506407  0.00734808 
  0.00404163  0.00452744  0.00714251  0.00721629  0.00434928]
[-0.02955221  -0.01869205  -0.03186363  -0.016459      -0.00062406  -0.0136625 
  -0.00830547  -0.02288201  -0.02265262  -0.0065279    -0.00666167  -0.0086986 
  -0.01427101  -0.02391871  -0.00445269  -0.00586327  -0.02258983]
increment_40
[-0.00641262  -0.02391158  -0.00742122  -0.01216904  -0.02257066  -0.02475251 
  -0.01603814  -0.01814597  -0.01088564  -0.02605611  -0.01383408  -0.02034221 
  -0.0109191    -0.0128675    -0.01975513  -0.01962358  -0.01240475]
[-0.01901978  -0.01136928  -0.01824899  -0.00652548    0.00049339  -0.0066556 
  -0.00347054  -0.01404072  -0.01476469    0.00491877  -0.00201554  -0.00527076 
  -0.00936323  -0.00930372  -0.00185859  -0.0034904    -0.01114506]
[-0.00744924    0.00752846  -0.00554079  -0.0012287      0.00349655    0.00839086 
  -0.00025321    0.00304275  -0.00408748    0.01066567  -0.00219705    0.00320153 
  -0.00476576    0.00071303    0.00193546    0.0019298    -0.0009876  ]
[-0.01901978  -0.01136928  -0.01824899  -0.00652548    0.00049339  -0.0066556 
  -0.00347054  -0.01404072  -0.01476469    0.00491877  -0.00201554  -0.00527076 
  -0.00936323  -0.00930372  -0.00185859  -0.0034904    -0.01114506]
[0.0454113    0.04882447  0.05012499  0.03360074  0.02345767  0.04423299 
  0.02702153  0.04865879  0.04110466  0.03585976  0.02323255  0.03276269 
  0.03009887  0.0454158    0.02606619  0.02780514  0.04263092]
[0.00602623  0.01103644  0.00384373  0.0094451    0.01115032  0.01121127 
  0.00782817  0.00841855  0.00544603  0.01284071  0.00681626  0.00975577 
  0.00546994  0.00609552  0.00970102  0.00960438  0.00594946]
[-0.00744924    0.00752846  -0.00554079  -0.0012287      0.00349655    0.00839086 
  -0.00025321    0.00304275  -0.00408748    0.01066567  -0.00219705    0.00320153 
  -0.00476576    0.00071303    0.00193546    0.0019298    -0.0009876  ]
[0.00602623  0.01103644  0.00384373  0.0094451    0.01115032  0.01121127 
  0.00782817  0.00841855  0.00544603  0.01284071  0.00681626  0.00975577 
  0.00546994  0.00609552  0.00970102  0.00960438  0.00594946]
[-0.03899868  -0.0249129    -0.04270377  -0.0214317    -0.00088701  -0.01948048 
  -0.01098339  -0.03051282  -0.03021902  -0.00980365  -0.00939847  -0.01242048 
  -0.01917977  -0.0325483    -0.00631106  -0.00818156  -0.03022618]
increment_50
[-0.00833901  -0.03100197  -0.01017901  -0.01523881  -0.02872917  -0.03111308 
  -0.02038673  -0.02326557  -0.01433121  -0.03219138  -0.01747986  -0.02539465 
  -0.01371976  -0.01644387  -0.02521088  -0.02454024  -0.01587568]
[-0.02341261  -0.01357609  -0.02254022  -0.00770634    0.00071777  -0.00765872 
  -0.0044944    -0.0169335    -0.01820214    0.0069308    -0.00260984  -0.00660628 
  -0.01172652  -0.0114603    -0.0024491    -0.00449948  -0.01402026]
[-0.0096333      0.01020491  -0.00687879  -0.00167096    0.00479929    0.01108028 
  -0.00016731    0.00410208  -0.00483099    0.01353624  -0.0025286      0.00410299 
  -0.00606671    0.001099        0.00287756    0.00240402  -0.0013025  ]
[-0.02341261  -0.01357609  -0.02254022  -0.00770634    0.00071777  -0.00765872 
  -0.0044944    -0.0169335    -0.01820214    0.0069308    -0.00260984  -0.00660628 
  -0.01172652  -0.0114603    -0.0024491    -0.00449948  -0.01402026]
[0.05643436  0.06176527  0.06340194  0.04136772  0.02992839  0.05711574 
  0.03418878  0.06097735  0.05180643  0.04586844  0.02984217  0.04190351 
  0.03776887  0.05744047  0.03357947  0.03521756  0.05345776]
[0.00848996  0.01399836  0.00524118  0.01165222  0.01414255  0.0136969 
  0.00989484  0.01058711  0.00712993  0.01582591  0.00857219  0.01197356 
  0.00688583  0.00766145  0.01230539  0.01193947  0.00754578]
[-0.0096333      0.01020491  -0.00687879  -0.00167096    0.00479929    0.01108028 
  -0.00016731    0.00410208  -0.00483099    0.01353624  -0.0025286      0.00410299 
  -0.00606671    0.001099        0.00287756    0.00240402  -0.0013025  ]
[0.00848996  0.01399836  0.00524118  0.01165222  0.01414255  0.0136969 
  0.00989484  0.01058711  0.00712993  0.01582591  0.00857219  0.01197356 
  0.00688583  0.00766145  0.01230539  0.01193947  0.00754578]
[-0.04809535  -0.0307633    -0.05322293  -0.02612891  -0.00119923  -0.02600266 
  -0.01380205  -0.03771178  -0.03747522  -0.01367706  -0.01236231  -0.01650886 
  -0.0240491    -0.0409966    -0.00836859  -0.01067732  -0.03758208]
increment_60
[-0.01029884  -0.03835005  -0.01332181  -0.01828433  -0.03501452  -0.03733919 
  -0.02483667  -0.02842866  -0.01817775  -0.03808576  -0.02111477  -0.03025818 
  -0.01648057  -0.02011859  -0.03079802  -0.02942402  -0.01934519]
[-0.0276744    -0.0153483    -0.02653574  -0.00881037    0.00100007  -0.0082744 
  -0.00558047  -0.01943979  -0.02142876    0.00920549  -0.00321345  -0.00783517 
  -0.01405502  -0.01358636  -0.00310872  -0.0055846    -0.01678424]
[-1.19127247e-02    1.31088187e-02  -8.05220990e-03  -2.15079133e-03 
    6.27928597e-03    1.39690828e-02    7.78053495e-05    5.18135696e-03 
  -5.27998077e-03    1.64730150e-02  -2.75424646e-03    4.98917164e-03 
  -7.41963037e-03    1.46176762e-03    3.99879034e-03    2.92133051e-03 
  -1.71389323e-03]
[-0.0276744    -0.0153483    -0.02653574  -0.00881037    0.00100007  -0.0082744 
  -0.00558047  -0.01943979  -0.02142876    0.00920549  -0.00321345  -0.00783517 
  -0.01405502  -0.01358636  -0.00310872  -0.0055846    -0.01678424]
[0.06718163  0.07460424  0.07661416  0.04890039  0.03659982  0.07056342 
  0.04167383  0.07287564  0.06258346  0.05621484  0.03672027  0.05127083 
  0.04535549  0.06921796  0.04144112  0.04284266  0.06396735]
[0.01137949  0.01695375  0.00678361  0.013763      0.01717287  0.01599475 
  0.01197504  0.0127059    0.00896213  0.01866703  0.01030199  0.01397763 
  0.00829224  0.00922346  0.01493102  0.01422456  0.00912707]
[-1.19127247e-02    1.31088187e-02  -8.05220990e-03  -2.15079133e-03 
    6.27928597e-03    1.39690828e-02    7.78053495e-05    5.18135696e-03 
  -5.27998077e-03    1.64730150e-02  -2.75424646e-03    4.98917164e-03 
  -7.41963037e-03    1.46176762e-03    3.99879034e-03    2.92133051e-03 
  -1.71389323e-03]
[0.01137949  0.01695375  0.00678361  0.013763      0.01717287  0.01599475 
  0.01197504  0.0127059    0.00896213  0.01866703  0.01030199  0.01397763 
  0.00829224  0.00922346  0.01493102  0.01422456  0.00912707]
[-0.05688279  -0.03625418  -0.06329235  -0.03061607  -0.0015853    -0.03322424 
  -0.01683716  -0.04444699  -0.0444057    -0.01812908  -0.0156055    -0.02101265 
  -0.02887492  -0.04909937  -0.0106431    -0.01341864  -0.04462216]
increment_70
[-0.01224479  -0.04584532  -0.01681594  -0.02131047  -0.04141986  -0.04342613 
  -0.02936878  -0.03357432  -0.02246089  -0.0437074    -0.02467168  -0.03493935 
  -0.01922138  -0.02389771  -0.0364549    -0.03427195  -0.02277979]
[-0.03183151  -0.01669513  -0.03018603  -0.00988694    0.00135767  -0.00852284 
  -0.00670818  -0.02160953  -0.02442122    0.01170126  -0.00377577  -0.00896123 
  -0.01636321  -0.01570519  -0.00382984  -0.00677367  -0.01941709]
[-0.01429652    0.01617098  -0.00904119  -0.00265977    0.00794553    0.01703858 
    0.00048323    0.00623141  -0.00537896    0.0194162    -0.00290803    0.00586266 
  -0.00880686    0.00177108    0.00525068    0.00348641  -0.00223202]
[-0.03183151  -0.01669513  -0.03018603  -0.00988694    0.00135767  -0.00852284 
  -0.00670818  -0.02160953  -0.02442122    0.01170126  -0.00377577  -0.00896123 
  -0.01636321  -0.01570519  -0.00382984  -0.00677367  -0.01941709]
[0.07761777  0.08730157  0.08962381  0.0562623    0.04349707  0.08449974 
  0.04951782  0.08430491  0.0734408    0.06683198  0.04383364  0.06086864 
  0.05290996  0.08064768  0.04960704  0.05074693  0.07414024]
[0.01470777  0.01986522  0.00843592  0.01579829  0.02023578  0.01813343 
  0.01404919  0.01476008  0.01093773  0.0213175    0.01197174  0.01576301 
  0.0096975    0.01079052  0.0175428    0.01645424  0.01068587]
[-0.01429652    0.01617098  -0.00904119  -0.00265977    0.00794553    0.01703858 
    0.00048323    0.00623141  -0.00537896    0.0194162    -0.00290803    0.00586266 
  -0.00880686    0.00177108    0.00525068    0.00348641  -0.00223202]
[0.01470777  0.01986522  0.00843592  0.01579829  0.02023578  0.01813343 
  0.01404919  0.01476008  0.01093773  0.0213175    0.01197174  0.01576301 
  0.0096975    0.01079052  0.0175428    0.01645424  0.01068587]
[-0.06537298  -0.04145625  -0.07280787  -0.03495183  -0.00207721  -0.04107361 
  -0.02014905  -0.05073059  -0.05097991  -0.02312459  -0.01916196  -0.02592929 
  -0.03368858  -0.05674998  -0.01315213  -0.01647498  -0.05136045]
increment_80
[-0.01411731  -0.05340229  -0.02060892  -0.02431994  -0.04791112  -0.04939023 
  -0.03394491  -0.03869244  -0.02719995  -0.049053      -0.02812087  -0.03947009 
  -0.02197085  -0.02779644  -0.04214143  -0.03910461  -0.02616694]
[-0.03590999  -0.0176481    -0.03346298  -0.01096847    0.00180722  -0.00843162 
  -0.00785616  -0.02351059  -0.02714474    0.01436416  -0.00425694  -0.00999915 
  -0.01867241  -0.0178246    -0.00460275  -0.00808089  -0.02191182]
[-0.01681319    0.01934803  -0.00984218  -0.00318289    0.00978094    0.02027121 
    0.00102602    0.00724625  -0.00509115    0.02232407  -0.00300306    0.00673478 
  -0.01020244    0.00203439    0.00660642    0.00411754  -0.00284291]
[-0.03590999  -0.0176481    -0.03346298  -0.01096847    0.00180722  -0.00843162 
  -0.00785616  -0.02351059  -0.02714474    0.01436416  -0.00425694  -0.00999915 
  -0.01867241  -0.0178246    -0.00460275  -0.00808089  -0.02191182]
[0.08768973  0.09988529  0.1023024    0.0635297    0.0506087    0.09882355 
  0.05771148  0.09530929  0.08435029  0.07765936  0.05115625  0.07067574 
  0.0605104    0.09171755  0.05806171  0.05898435  0.08401362]
[0.0184674    0.02270584  0.0101604    0.01777437  0.02331335  0.02014343 
  0.01608604  0.01675166  0.0130442    0.02374907  0.01356609  0.01735707 
  0.0111127    0.01237438  0.02011662  0.01863267  0.01221961]
[-0.01681319    0.01934803  -0.00984218  -0.00318289    0.00978094    0.02027121 
    0.00102602    0.00724625  -0.00509115    0.02232407  -0.00300306    0.00673478 
  -0.01020244    0.00203439    0.00660642    0.00411754  -0.00284291]
[0.0184674    0.02270584  0.0101604    0.01777437  0.02331335  0.02014343 
  0.01608604  0.01675166  0.0130442    0.02374907  0.01356609  0.01735707 
  0.0111127    0.01237438  0.02011662  0.01863267  0.01221961]
[-0.07357242  -0.046483      -0.08169348  -0.03920976  -0.00269757  -0.04943332 
  -0.02376657  -0.05661685  -0.05715035  -0.02860636  -0.02303538  -0.03120565 
  -0.03853955  -0.06392111  -0.01592028  -0.01987974  -0.05784668]
increment_90
[-0.01587307  -0.06097151  -0.02461426  -0.02732509  -0.05442911  -0.05524974 
  -0.03851501  -0.04382201  -0.03237313  -0.05413522  -0.03147218  -0.0438864 
  -0.02475325  -0.03183222  -0.04785882  -0.04395268  -0.02951659]
[-0.03993296  -0.01823185  -0.03638039  -0.01206619    0.00236005  -0.00802738 
  -0.00900656  -0.0251978    -0.02957504    0.01713043  -0.00462195  -0.01096885 
  -0.02100634  -0.01992044  -0.00540922  -0.00950543  -0.02426666]
[-0.01948345    0.02262976  -0.01049842  -0.00368989    0.01174223    0.02364975 
    0.00166077    0.0082646    -0.00442161    0.02516365  -0.00303067    0.00761667 
  -0.01158499    0.0022881      0.00807382    0.00483779  -0.00351169]
[-0.03993296  -0.01823185  -0.03638039  -0.01206619    0.00236005  -0.00802738 
  -0.00900656  -0.0251978    -0.02957504    0.01713043  -0.00462195  -0.01096885 
  -0.02100634  -0.01992044  -0.00540922  -0.00950543  -0.02426666]
[0.09735684  0.11241998  0.11455386  0.07079087  0.05788943  0.11343945 
  0.06619507  0.10600178  0.09526599  0.08862137  0.05866248  0.08065972 
  0.06823887  0.10246476  0.06682255  0.0675886    0.09366222]
[0.0226326    0.02546219  0.0119195    0.01970966  0.02637694  0.02204601 
  0.01804575  0.01869561  0.01525557  0.02596503  0.01508861  0.01880152 
  0.01254671  0.01398441  0.02264714  0.02076711  0.01372935]
[-0.01948345    0.02262976  -0.01049842  -0.00368989    0.01174223    0.02364975 
    0.00166077    0.0082646    -0.00442161    0.02516365  -0.00303067    0.00761667 
  -0.01158499    0.0022881      0.00807382    0.00483779  -0.00351169]
[0.0226326    0.02546219  0.0119195    0.01970966  0.02637694  0.02204601 
  0.01804575  0.01869561  0.01525557  0.02596503  0.01508861  0.01880152 
  0.01254671  0.01398441  0.02264714  0.02076711  0.01372935]
[-0.08148377  -0.05144847  -0.0899396    -0.04346578  -0.00346032  -0.05818972 
  -0.02768006  -0.06217977  -0.06289286  -0.03448615  -0.0271903    -0.03677333 
  -0.04348562  -0.07063254  -0.01896373  -0.02363593  -0.06414563]
increment_100
[-0.01748276  -0.06850264  -0.02875813  -0.03033337  -0.06093053  -0.0610169 
  -0.04305872  -0.04899745  -0.03795963  -0.05898447  -0.03476413  -0.04821317 
  -0.02760584  -0.03601072  -0.05361754  -0.04885464  -0.03284318]
[-0.04391299  -0.01846597  -0.03896177  -0.01318708    0.00302727  -0.00734552 
  -0.01014513  -0.02670815  -0.03169977    0.01994013  -0.0048636    -0.01187137 
  -0.0233809    -0.02195598  -0.00624212  -0.01103314  -0.02647035]
[-0.02231806    0.02599724  -0.01104084  -0.0041607      0.01380233    0.02714827 
    0.00236776    0.00931797  -0.00337857    0.02791559  -0.00296633    0.00851368 
  -0.01292133    0.00256992    0.00966588    0.00567738  -0.00420204]
[-0.04391299  -0.01846597  -0.03896177  -0.01318708    0.00302727  -0.00734552 
  -0.01014513  -0.02670815  -0.03169977    0.01994013  -0.0048636    -0.01187137 
  -0.0233809    -0.02195598  -0.00624212  -0.01103314  -0.02647035]
[0.10657494  0.12492841  0.12634178  0.07809894  0.06531592  0.12825644 
  0.07494196  0.11645852  0.10617488  0.09964863  0.06634856  0.09077163 
  0.07617746  0.1129302    0.07591855  0.07659064  0.10312991]
[0.02715694  0.0281224    0.01368281  0.02162323  0.02940662  0.0238433 
  0.01990177  0.0206036    0.01754672  0.0279758    0.01655636  0.02012278 
  0.01401063  0.01562281  0.02513174  0.0228661    0.0152148  ]
[-0.02231806    0.02599724  -0.01104084  -0.0041607      0.01380233    0.02714827 
    0.00236776    0.00931797  -0.00337857    0.02791559  -0.00296633    0.00851368 
  -0.01292133    0.00256992    0.00966588    0.00567738  -0.00420204]
[0.02715694  0.0281224    0.01368281  0.02162323  0.02940662  0.0238433 
  0.01990177  0.0206036    0.01754672  0.0279758    0.01655636  0.02012278 
  0.01401063  0.01562281  0.02513174  0.0228661    0.0152148  ]
[-0.08909218  -0.05642577  -0.09758365  -0.04776557  -0.00438539  -0.06723954 
  -0.03188324  -0.06746108  -0.06821525  -0.04066416  -0.03158443  -0.04255845 
  -0.04857162  -0.07691948  -0.022301      -0.027736      -0.07028673]
increment_110
[-0.01893251  -0.07595287  -0.03298559  -0.03335512  -0.06738786  -0.06670229 
  -0.04756946  -0.05424202  -0.04393727  -0.06364111  -0.03803958  -0.05247974 
  -0.0305737    -0.04032663  -0.05942063  -0.05385314  -0.03615398]
[-0.0478549    -0.01837535  -0.04123034  -0.01433616    0.00381947  -0.00642247 
  -0.01125932  -0.02806872  -0.03351291    0.02274613  -0.00500096  -0.01270061 
  -0.02579959  -0.0239015    -0.00710202  -0.01264139  -0.02850297]
[-0.02531406    0.02942894  -0.01148536  -0.00458121    0.01595107    0.03074307 
    0.00314338    0.01042871  -0.00197478    0.03057777  -0.00278633    0.00943712 
  -0.01417012    0.00290934    0.01138966    0.00666823  -0.00488481]
[-0.0478549    -0.01837535  -0.04123034  -0.01433616    0.00381947  -0.00642247 
  -0.01125932  -0.02806872  -0.03351291    0.02274613  -0.00500096  -0.01270061 
  -0.02579959  -0.0239015    -0.00710202  -0.01264139  -0.02850297]
[0.11530888  0.13741473  0.1376663    0.08548629  0.07288731  0.14319751 
  0.08394507  0.12674288  0.11708069  0.11069912  0.07422483  0.10097073 
  0.08439308  0.12316091  0.08537658  0.08601552  0.11242357]
[0.03197516  0.03067775  0.01542733  0.0235219    0.03239058  0.02553853 
  0.02164178  0.02248196  0.01989379  0.02979579  0.01798832  0.0213422 
  0.01551468  0.01728491  0.02756306  0.02493777  0.01667168]
[-0.02531406    0.02942894  -0.01148536  -0.00458121    0.01595107    0.03074307 
    0.00314338    0.01042871  -0.00197478    0.03057777  -0.00278633    0.00943712 
  -0.01417012    0.00290934    0.01138966    0.00666823  -0.00488481]
[0.03197516  0.03067775  0.01542733  0.0235219    0.03239058  0.02553853 
  0.02164178  0.02248196  0.01989379  0.02979579  0.01798832  0.0213422 
  0.01551468  0.01728491  0.02756306  0.02493777  0.01667168]
[-0.09637637  -0.06146186  -0.10468071  -0.05213117  -0.00549945  -0.07649522 
  -0.03637561  -0.07250086  -0.07314341  -0.04705801  -0.03618524  -0.048491 
  -0.05381938  -0.08283429  -0.02595595  -0.03216238  -0.07626959]
increment_120
[-0.02021465  -0.08327873  -0.03724645  -0.03639602  -0.07377935  -0.07230764 
  -0.05204173  -0.05956876  -0.05026157  -0.068143      -0.04133689  -0.05671527 
  -0.03369309  -0.04476509  -0.0652639    -0.05897377  -0.0394468  ]
[-0.05176291  -0.01799314  -0.04320888  -0.01551198    0.00474763  -0.00529912 
  -0.01233084  -0.02930173  -0.03501497    0.02551029  -0.00505457  -0.01345811 
  -0.02824966  -0.02574161  -0.00797973  -0.01430377  -0.03034407]
[-0.02846429    0.032893      -0.01184919  -0.00494446    0.01818429    0.03440387 
    0.00398701    0.01161063  -0.00024612    0.03315359  -0.00247041    0.01039629 
  -0.01529697    0.00331821    0.01324433    0.00782485  -0.00554055]
[-0.05176291  -0.01799314  -0.04320888  -0.01551198    0.00474763  -0.00529912 
  -0.01233084  -0.02930173  -0.03501497    0.02551029  -0.00505457  -0.01345811 
  -0.02824966  -0.02574161  -0.00797973  -0.01430377  -0.03034407]
[0.12353842  0.14985931  0.14854562  0.09297035  0.0806095    0.15818382 
  0.09318973  0.13691258  0.12797111  0.12174028  0.0823023    0.11121822 
  0.09291049  0.13319237  0.09520026  0.09585638  0.12153297]
[0.03701403  0.03311926  0.01713428  0.02539962  0.03532052  0.02714107 
  0.02326551  0.02433255  0.02226788  0.03144892  0.01940101  0.02248489 
  0.01706323  0.01896168  0.02993102  0.02698277  0.01809247]
[-0.02846429    0.032893      -0.01184919  -0.00494446    0.01818429    0.03440387 
    0.00398701    0.01161063  -0.00024612    0.03315359  -0.00247041    0.01039629 
  -0.01529697    0.00331821    0.01324433    0.00782485  -0.00554055]
[0.03701403  0.03311926  0.01713428  0.02539962  0.03532052  0.02714107 
  0.02326551  0.02433255  0.02226788  0.03144892  0.01940101  0.02248489 
  0.01706323  0.01896168  0.02993102  0.02698277  0.01809247]
[-0.10332377  -0.06658059  -0.11129917  -0.05657432  -0.00683015  -0.08587617 
  -0.041148      -0.07734382  -0.07770955  -0.05359728  -0.04096541  -0.05450295 
  -0.05921739  -0.08842728  -0.02993636  -0.03688261  -0.08208617]
