inc
eps_11
eps_12
eps_13
eps_21
eps_22
eps_23
eps_31
eps_32
eps_33
increment_0
[-1.11022302e-16  -1.11022302e-16  -1.11022302e-16  -1.11022302e-16 
  -1.11022302e-16  -1.11022302e-16  -1.11022302e-16  -1.11022302e-16 
  -1.11022302e-16  -1.11022302e-16  -1.11022302e-16  -1.11022302e-16 
  -1.11022302e-16  -1.11022302e-16  -1.11022302e-16  -1.11022302e-16 
  -1.11022302e-16  -1.11022302e-16  -1.11022302e-16  -1.11022302e-16 
  -1.11022302e-16  -1.11022302e-16  -1.11022302e-16  -1.11022302e-16 
  -1.11022302e-16  -1.11022302e-16  -1.11022302e-16  -1.11022302e-16 
  -1.11022302e-16  -1.11022302e-16  -1.11022302e-16  -1.11022302e-16]
[0.  0.  0.  0.  0.  0.  0.  0.  0.  0.  0.  0.  0.  0.  0.  0.  0.  0.  0.  0.  0.  0.  0.  0. 
  0.  0.  0.  0.  0.  0.  0.  0.]
[0.  0.  0.  0.  0.  0.  0.  0.  0.  0.  0.  0.  0.  0.  0.  0.  0.  0.  0.  0.  0.  0.  0.  0. 
  0.  0.  0.  0.  0.  0.  0.  0.]
[0.  0.  0.  0.  0.  0.  0.  0.  0.  0.  0.  0.  0.  0.  0.  0.  0.  0.  0.  0.  0.  0.  0.  0. 
  0.  0.  0.  0.  0.  0.  0.  0.]
[3.29812802e-16  3.29812802e-16  3.29812802e-16  3.29812802e-16 
  3.29812802e-16  3.29812802e-16  3.29812802e-16  3.29812802e-16 
  3.29812802e-16  3.29812802e-16  3.29812802e-16  3.29812802e-16 
  3.29812802e-16  3.29812802e-16  3.29812802e-16  3.29812802e-16 
  3.29812802e-16  3.29812802e-16  3.29812802e-16  3.29812802e-16 
  3.29812802e-16  3.29812802e-16  3.29812802e-16  3.29812802e-16 
  3.29812802e-16  3.29812802e-16  3.29812802e-16  3.29812802e-16 
  3.29812802e-16  3.29812802e-16  3.29812802e-16  3.29812802e-16]
[-3.78751099e-17  -3.78751099e-17  -3.78751099e-17  -3.78751099e-17 
  -3.78751099e-17  -3.78751099e-17  -3.78751099e-17  -3.78751099e-17 
  -3.78751099e-17  -3.78751099e-17  -3.78751099e-17  -3.78751099e-17 
  -3.78751099e-17  -3.78751099e-17  -3.78751099e-17  -3.78751099e-17 
  -3.78751099e-17  -3.78751099e-17  -3.78751099e-17  -3.78751099e-17 
  -3.78751099e-17  -3.78751099e-17  -3.78751099e-17  -3.78751099e-17 
  -3.78751099e-17  -3.78751099e-17  -3.78751099e-17  -3.78751099e-17 
  -3.78751099e-17  -3.78751099e-17  -3.78751099e-17  -3.78751099e-17]
[0.  0.  0.  0.  0.  0.  0.  0.  0.  0.  0.  0.  0.  0.  0.  0.  0.  0.  0.  0.  0.  0.  0.  0. 
  0.  0.  0.  0.  0.  0.  0.  0.]
[-3.78751099e-17  -3.78751099e-17  -3.78751099e-17  -3.78751099e-17 
  -3.78751099e-17  -3.78751099e-17  -3.78751099e-17  -3.78751099e-17 
  -3.78751099e-17  -3.78751099e-17  -3.78751099e-17  -3.78751099e-17 
  -3.78751099e-17  -3.78751099e-17  -3.78751099e-17  -3.78751099e-17 
  -3.78751099e-17  -3.78751099e-17  -3.78751099e-17  -3.78751099e-17 
  -3.78751099e-17  -3.78751099e-17  -3.78751099e-17  -3.78751099e-17 
  -3.78751099e-17  -3.78751099e-17  -3.78751099e-17  -3.78751099e-17 
  -3.78751099e-17  -3.78751099e-17  -3.78751099e-17  -3.78751099e-17]
[-1.07768197e-16  -1.07768197e-16  -1.07768197e-16  -1.07768197e-16 
  -1.07768197e-16  -1.07768197e-16  -1.07768197e-16  -1.07768197e-16 
  -1.07768197e-16  -1.07768197e-16  -1.07768197e-16  -1.07768197e-16 
  -1.07768197e-16  -1.07768197e-16  -1.07768197e-16  -1.07768197e-16 
  -1.07768197e-16  -1.07768197e-16  -1.07768197e-16  -1.07768197e-16 
  -1.07768197e-16  -1.07768197e-16  -1.07768197e-16  -1.07768197e-16 
  -1.07768197e-16  -1.07768197e-16  -1.07768197e-16  -1.07768197e-16 
  -1.07768197e-16  -1.07768197e-16  -1.07768197e-16  -1.07768197e-16]
increment_10
[0.00637907  0.00667158  0.00580025  0.00714645  0.00622777  0.00812421 
  0.00814877  0.00698634  0.00755019  0.00872463  0.00836395  0.00840851 
  0.00807389  0.00833653  0.01350581  0.00739228  0.0054002    0.00616097 
  0.00898387  0.0082575    0.0080723    0.00959018  0.0063774    0.00512837 
  0.00637829  0.00797735  0.00753983  0.00925903  0.0090033    0.00732441 
  0.00616676  0.00595823]
[-0.00339587  -0.00349724  -0.00321691  -0.00309582  -0.00398365  -0.00477235 
  -0.00499643  -0.00358505  -0.00375318  -0.00432795  -0.00417785  -0.00429631 
  -0.00431628  -0.00441845  -0.00949361  -0.00381366  -0.00317697  -0.00332851 
  -0.00480176  -0.00435009  -0.00403402  -0.00506912  -0.00351014  -0.00313761 
  -0.00335551  -0.00395721  -0.00376789  -0.00508478  -0.00469145  -0.00367101 
  -0.00324744  -0.00318137]
[-2.83422376e-04  -2.23795590e-04  -4.16727691e-04  -5.89772141e-04 
  -8.73197588e-04  -5.69070915e-04  -6.90012553e-04  -8.60222766e-05 
  -6.51881291e-05  -1.05631471e-04  -1.08985182e-04  -2.23902330e-04 
  -3.85049408e-04  -2.95781732e-04  -2.82455206e-03  -1.48223088e-04 
  -1.23300018e-04    2.79559090e-05  -4.47136849e-04  -3.45339496e-04 
  -1.01978943e-04  -3.58110019e-04  -3.74925777e-04  -1.10019154e-04 
  -2.21381440e-04  -8.69975104e-05  -1.00128506e-04  -5.87564496e-04 
  -2.15277445e-04  -1.09872192e-04  -2.19994532e-04  -2.66715295e-04]
[-0.00339587  -0.00349724  -0.00321691  -0.00309582  -0.00398365  -0.00477235 
  -0.00499643  -0.00358505  -0.00375318  -0.00432795  -0.00417785  -0.00429631 
  -0.00431628  -0.00441845  -0.00949361  -0.00381366  -0.00317697  -0.00332851 
  -0.00480176  -0.00435009  -0.00403402  -0.00506912  -0.00351014  -0.00313761 
  -0.00335551  -0.00395721  -0.00376789  -0.00508478  -0.00469145  -0.00367101 
  -0.00324744  -0.00318137]
[-3.71926919e-04  -3.79834761e-04  -7.92790512e-04  -1.12627328e-03 
  -1.35679851e-04    1.00496914e-03    1.15482240e-03    7.85687676e-06 
  -3.37534867e-06  -1.32856598e-05    3.65320696e-05    2.31490793e-04 
    4.20917540e-04  -3.28884754e-04    2.77487876e-03    7.53757433e-05 
  -1.67500295e-04  -1.06806397e-04    6.70133836e-04    4.61029574e-04 
    3.10962820e-05    5.78142737e-04  -3.36042706e-04  -1.33586203e-04 
  -2.86705591e-04  -1.58957272e-05  -2.56437393e-07    9.57780535e-04 
    4.22914103e-04  -1.08004915e-04  -3.00845257e-04  -4.58331012e-04]
[  0.00317976    0.00244497    0.00195708    0.0029377      0.00141816    0.0043185 
    0.00447729    0.00360504    0.00371169    0.00429303    0.00354845    0.00415089 
    0.00333874    0.00115218  -0.0001377      0.00378919    0.00311721    0.00325532 
    0.00446821    0.00395911    0.00343517    0.00285208    0.00224925    0.00305115 
    0.00321525    0.00399477    0.00365295    0.00432654    0.0033635      0.0036735 
    0.00305301    0.00293536]
[-2.83422376e-04  -2.23795590e-04  -4.16727691e-04  -5.89772141e-04 
  -8.73197588e-04  -5.69070915e-04  -6.90012553e-04  -8.60222766e-05 
  -6.51881291e-05  -1.05631471e-04  -1.08985182e-04  -2.23902330e-04 
  -3.85049408e-04  -2.95781732e-04  -2.82455206e-03  -1.48223088e-04 
  -1.23300018e-04    2.79559090e-05  -4.47136849e-04  -3.45339496e-04 
  -1.01978943e-04  -3.58110019e-04  -3.74925777e-04  -1.10019154e-04 
  -2.21381440e-04  -8.69975104e-05  -1.00128506e-04  -5.87564496e-04 
  -2.15277445e-04  -1.09872192e-04  -2.19994532e-04  -2.66715295e-04]
[  0.00317976    0.00244497    0.00195708    0.0029377      0.00141816    0.0043185 
    0.00447729    0.00360504    0.00371169    0.00429303    0.00354845    0.00415089 
    0.00333874    0.00115218  -0.0001377      0.00378919    0.00311721    0.00325532 
    0.00446821    0.00395911    0.00343517    0.00285208    0.00224925    0.00305115 
    0.00321525    0.00399477    0.00365295    0.00432654    0.0033635      0.0036735 
    0.00305301    0.00293536]
[-0.00600714  -0.00629174  -0.00500746  -0.00602018  -0.00609209  -0.00912918 
  -0.00930359  -0.00699419  -0.00754681  -0.00871135  -0.00840048  -0.00864 
  -0.0084948    -0.00800765  -0.01628069  -0.00746766  -0.0052327    -0.00605417 
  -0.00965401  -0.00871853  -0.0081034    -0.01016833  -0.00604136  -0.00499478 
  -0.00609158  -0.00796146  -0.00753958  -0.01021681  -0.00942621  -0.00721641 
  -0.00586591  -0.00549989]
increment_20
[0.01393274  0.01411151  0.01345266  0.01661091  0.0135514    0.01745886 
  0.01660708  0.01393288  0.01669343  0.01919133  0.01805024  0.01855779 
  0.01740839  0.01756248  0.02806831  0.0156346    0.01068456  0.01193325 
  0.01988074  0.01861131  0.01750066  0.02100924  0.01370886  0.00941902 
  0.01339595  0.01789495  0.01677482  0.01959915  0.01887661  0.01582491 
  0.01373373  0.01250963]
[-0.00759611  -0.00776886  -0.00758545  -0.00683576  -0.00926894  -0.01103774 
  -0.01122692  -0.00809246  -0.00838624  -0.00938245  -0.00893525  -0.00923864 
  -0.00965368  -0.00958471  -0.02006156  -0.00848011  -0.00718598  -0.00789221 
  -0.0104153    -0.00968134  -0.00880868  -0.01134495  -0.00791268  -0.00712238 
  -0.00752699  -0.0087869    -0.00846339  -0.01050435  -0.00989621  -0.00818989 
  -0.00758392  -0.00704748]
[-0.00099505  -0.00101662  -0.00125861  -0.00181708  -0.0020959    -0.00162241 
  -0.0017979    -0.0004323    -0.00032099  -0.00046676  -0.0004456    -0.00060061 
  -0.00145698  -0.00102497  -0.00644752  -0.00056239  -0.00066764    0.0001671 
  -0.00119399  -0.00098577  -0.00051779  -0.00128809  -0.00132234  -0.00030484 
  -0.00091182  -0.00040836  -0.00047794  -0.00121197  -0.00024107  -0.00065201 
  -0.00092126  -0.001069    ]
[-0.00759611  -0.00776886  -0.00758545  -0.00683576  -0.00926894  -0.01103774 
  -0.01122692  -0.00809246  -0.00838624  -0.00938245  -0.00893525  -0.00923864 
  -0.00965368  -0.00958471  -0.02006156  -0.00848011  -0.00718598  -0.00789221 
  -0.0104153    -0.00968134  -0.00880868  -0.01134495  -0.00791268  -0.00712238 
  -0.00752699  -0.0087869    -0.00846339  -0.01050435  -0.00989621  -0.00818989 
  -0.00758392  -0.00704748]
[-1.46142732e-03  -1.71229010e-03  -2.32491223e-03  -3.36950625e-03 
  -8.99918813e-04    2.29797019e-03    2.52044238e-03  -3.20129299e-04 
  -4.29630120e-04  -1.56004564e-04  -1.92271244e-04    7.19345409e-05 
    3.98569586e-04  -1.53161278e-03    5.12092444e-03  -3.43626347e-04 
  -9.70459238e-04  -1.17037742e-04    1.15117276e-03    4.14366793e-04 
  -4.06675300e-04    9.72928325e-04  -1.35130566e-03  -5.76566724e-04 
  -1.29326049e-03  -1.93165696e-04  -5.00504505e-04    1.39467024e-03 
    4.25813888e-04  -7.90772322e-04  -1.25057961e-03  -1.82328484e-03]
[0.00699965  0.00553811  0.00415363  0.0068913    0.00282619  0.01012064 
  0.01024145  0.00812727  0.00835067  0.00962121  0.00829749  0.00932889 
  0.00806002  0.00292065  0.00035573  0.00848958  0.00679834  0.00765842 
  0.01006884  0.00891538  0.00789156  0.00694859  0.00567043  0.00690037 
  0.00700677  0.00905206  0.00823507  0.00972237  0.00758342  0.00808788 
  0.00683635  0.00624944]
[-0.00099505  -0.00101662  -0.00125861  -0.00181708  -0.0020959    -0.00162241 
  -0.0017979    -0.0004323    -0.00032099  -0.00046676  -0.0004456    -0.00060061 
  -0.00145698  -0.00102497  -0.00644752  -0.00056239  -0.00066764    0.0001671 
  -0.00119399  -0.00098577  -0.00051779  -0.00128809  -0.00132234  -0.00030484 
  -0.00091182  -0.00040836  -0.00047794  -0.00121197  -0.00024107  -0.00065201 
  -0.00092126  -0.001069    ]
[0.00699965  0.00553811  0.00415363  0.0068913    0.00282619  0.01012064 
  0.01024145  0.00812727  0.00835067  0.00962121  0.00829749  0.00932889 
  0.00806002  0.00292065  0.00035573  0.00848958  0.00679834  0.00765842 
  0.01006884  0.00891538  0.00789156  0.00694859  0.00567043  0.00690037 
  0.00700677  0.00905206  0.00823507  0.00972237  0.00758342  0.00808788 
  0.00683635  0.00624944]
[-0.01247132  -0.01239922  -0.01112775  -0.01324141  -0.01265148  -0.01975683 
  -0.01912753  -0.01361275  -0.0162638    -0.01903533  -0.01785797  -0.01862973 
  -0.01780696  -0.01603087  -0.03318923  -0.01529097  -0.0097141    -0.01181621 
  -0.02103192  -0.01902567  -0.01709398  -0.02198217  -0.01235755  -0.00884245 
  -0.01210269  -0.01770179  -0.01627432  -0.02099382  -0.01930243  -0.01503413 
  -0.01248315  -0.01068635]
increment_30
[0.02153521  0.02127792  0.02088311  0.02584883  0.02083096  0.02693892 
  0.02469259  0.02078651  0.02542251  0.02969661  0.02726798  0.02872064 
  0.02635752  0.02661679  0.0428516    0.02373877  0.01594855  0.01717045 
  0.03031809  0.0288784    0.02662451  0.03239399  0.02065833  0.01344807 
  0.01994907  0.02769847  0.02603761  0.02900205  0.02811182  0.02368789 
  0.02134295  0.01876111]
[-0.01173519  -0.01186282  -0.01180623  -0.01035405  -0.01449864  -0.01704727 
  -0.01702871  -0.01249501  -0.01290468  -0.01432499  -0.01356252  -0.01414122 
  -0.01479408  -0.0146172    -0.02994831  -0.01296299  -0.01117108  -0.01235773 
  -0.01568709  -0.01491932  -0.01349563  -0.01776093  -0.01208475  -0.01102979 
  -0.01148546  -0.01359066  -0.01313014  -0.01560966  -0.01495737  -0.01256888 
  -0.01199014  -0.01077927]
[-0.00183708  -0.00195184  -0.00216373  -0.00323451  -0.00308694  -0.00283663 
  -0.00293824  -0.00101267  -0.00093629  -0.00110458  -0.00105227  -0.0013073 
  -0.00279085  -0.0018045    -0.00937916  -0.0012259    -0.00138787    0.0001571 
  -0.00211477  -0.00193737  -0.00127883  -0.00274066  -0.00239968  -0.00059669 
  -0.00176605  -0.00098557  -0.00103008  -0.00196901  -0.00040884  -0.00135815 
  -0.00185676  -0.00201385]
[-0.01173519  -0.01186282  -0.01180623  -0.01035405  -0.01449864  -0.01704727 
  -0.01702871  -0.01249501  -0.01290468  -0.01432499  -0.01356252  -0.01414122 
  -0.01479408  -0.0146172    -0.02994831  -0.01296299  -0.01117108  -0.01235773 
  -0.01568709  -0.01491932  -0.01349563  -0.01776093  -0.01208475  -0.01102979 
  -0.01148546  -0.01359066  -0.01313014  -0.01560966  -0.01495737  -0.01256888 
  -0.01199014  -0.01077927]
[-2.60491925e-03  -3.16371652e-03  -3.88870469e-03  -5.82800847e-03 
  -1.63101381e-03    3.15313010e-03    3.41261639e-03  -8.63500448e-04 
  -1.21411986e-03  -4.23336303e-04  -8.96288284e-04  -3.67915226e-04 
    1.32795449e-04  -2.87133916e-03    6.55093785e-03  -1.01888429e-03 
  -1.83034436e-03  -9.05101085e-05    1.04590276e-03    1.18931612e-04 
  -1.16205309e-03    1.25986558e-03  -2.54764160e-03  -1.09287184e-03 
  -2.49958918e-03  -7.09601242e-04  -1.19125835e-03    1.31703374e-03 
    1.21680737e-04  -1.57635778e-03  -2.14621056e-03  -3.33114126e-03]
[0.01087852  0.00855709  0.0064202    0.01092885  0.00439077  0.01603241 
  0.01593727  0.01255083  0.01290571  0.01505237  0.01299325  0.01458952 
  0.01275413  0.00450175  0.00017113  0.01305226  0.01043412  0.0121071 
  0.01564242  0.0139256    0.01234399  0.01106496  0.00910265  0.01073838 
  0.01059691  0.01414341  0.01292679  0.01512939  0.01194958  0.01246219 
  0.01071356  0.00944116]
[-0.00183708  -0.00195184  -0.00216373  -0.00323451  -0.00308694  -0.00283663 
  -0.00293824  -0.00101267  -0.00093629  -0.00110458  -0.00105227  -0.0013073 
  -0.00279085  -0.0018045    -0.00937916  -0.0012259    -0.00138787    0.0001571 
  -0.00211477  -0.00193737  -0.00127883  -0.00274066  -0.00239968  -0.00059669 
  -0.00176605  -0.00098557  -0.00103008  -0.00196901  -0.00040884  -0.00135815 
  -0.00185676  -0.00201385]
[0.01087852  0.00855709  0.0064202    0.01092885  0.00439077  0.01603241 
  0.01593727  0.01255083  0.01290571  0.01505237  0.01299325  0.01458952 
  0.01275413  0.00450175  0.00017113  0.01305226  0.01043412  0.0121071 
  0.01564242  0.0139256    0.01234399  0.01106496  0.00910265  0.01073838 
  0.01059691  0.01414341  0.01292679  0.01512939  0.01194958  0.01246219 
  0.01071356  0.00944116]
[-0.01893029  -0.01811421  -0.01699441  -0.02002082  -0.01919994  -0.03009205 
  -0.0281052    -0.01992301  -0.02420839  -0.02927327  -0.02637169  -0.02835272 
  -0.02649032  -0.02374545  -0.04940254  -0.02271988  -0.01411821  -0.01707994 
  -0.03136399  -0.02899733  -0.02546246  -0.03365386  -0.01811069  -0.0123552 
  -0.01744948  -0.02698887  -0.02484636  -0.03031909  -0.0282335    -0.02211153 
  -0.01919674  -0.01542997]
increment_40
[0.0289329    0.02820011  0.02807118  0.03497897  0.02832258  0.03646398 
  0.03252482  0.02764948  0.03381976  0.04015878  0.03631329  0.03868917 
  0.03502484  0.03583629  0.05801649  0.03180098  0.02116972  0.02228227 
  0.04030537  0.0388751    0.03543246  0.04369555  0.0273954    0.01746297 
  0.02641398  0.03726142  0.03517149  0.03777255  0.03723031  0.03121003 
  0.02887559  0.02482651]
[-0.01573966  -0.01580599  -0.01590809  -0.01371845  -0.01965112  -0.02280203 
  -0.02240847  -0.01680196  -0.01725251  -0.01915884  -0.01805293  -0.01888868 
  -0.01972031  -0.01967475  -0.03902979  -0.01728553  -0.01512861  -0.01664619 
  -0.02064543  -0.01995902  -0.01804281  -0.0240888    -0.0160772    -0.01490106 
  -0.01530909  -0.01824228  -0.01766736  -0.02035474  -0.0198431    -0.01676793 
  -0.01637077  -0.0143961  ]
[-2.83355163e-03  -2.99973909e-03  -3.10404323e-03  -4.79480598e-03 
  -4.01509118e-03  -4.26136047e-03  -4.06888357e-03  -1.76893156e-03 
  -1.81767942e-03  -2.08483234e-03  -1.93869024e-03  -2.29987643e-03 
  -4.33727199e-03  -2.56692117e-03  -1.12949669e-02  -2.11771145e-03 
  -2.25708757e-03  -4.28225446e-05  -3.21845078e-03  -3.17619682e-03 
  -2.35280922e-03  -4.54173030e-03  -3.57160339e-03  -1.00395323e-03 
  -2.74888628e-03  -1.84239965e-03  -1.85074465e-03  -2.88637734e-03 
  -1.00678087e-03  -2.23832392e-03  -3.01883961e-03  -3.06137145e-03]
[-0.01573966  -0.01580599  -0.01590809  -0.01371845  -0.01965112  -0.02280203 
  -0.02240847  -0.01680196  -0.01725251  -0.01915884  -0.01805293  -0.01888868 
  -0.01972031  -0.01967475  -0.03902979  -0.01728553  -0.01512861  -0.01664619 
  -0.02064543  -0.01995902  -0.01804281  -0.0240888    -0.0160772    -0.01490106 
  -0.01530909  -0.01824228  -0.01766736  -0.02035474  -0.0198431    -0.01676793 
  -0.01637077  -0.0143961  ]
[-0.00385735  -0.0047077    -0.00546398  -0.00842794  -0.00243693    0.0036459 
    0.00382513  -0.00152933  -0.00213704  -0.00096066  -0.00175387  -0.00100686 
  -0.00033593  -0.00429999    0.0069598    -0.00189813  -0.00271665  -0.00027506 
    0.00061409  -0.0003406    -0.00204547    0.00142675  -0.00384826  -0.00167553 
  -0.00382369  -0.00140011  -0.00200624    0.00089421  -0.0003583    -0.00250637 
  -0.00302862  -0.00490704]
[  0.01467999    0.01145019    0.00871373    0.01501098    0.00599203    0.02199947 
    0.02154469    0.01693687    0.01738092    0.02053991    0.01768766    0.01981917 
    0.01733943    0.00565817  -0.00080988    0.01750558    0.01403937    0.01655593 
    0.02112145    0.01898727    0.01673765    0.01517294    0.01252357    0.01458682 
    0.01409451    0.01920141    0.01762056    0.02035338    0.01648297    0.01671286 
    0.01465061    0.01256356]
[-2.83355163e-03  -2.99973909e-03  -3.10404323e-03  -4.79480598e-03 
  -4.01509118e-03  -4.26136047e-03  -4.06888357e-03  -1.76893156e-03 
  -1.81767942e-03  -2.08483234e-03  -1.93869024e-03  -2.29987643e-03 
  -4.33727199e-03  -2.56692117e-03  -1.12949669e-02  -2.11771145e-03 
  -2.25708757e-03  -4.28225446e-05  -3.21845078e-03  -3.17619682e-03 
  -2.35280922e-03  -4.54173030e-03  -3.57160339e-03  -1.00395323e-03 
  -2.74888628e-03  -1.84239965e-03  -1.85074465e-03  -2.88637734e-03 
  -1.00678087e-03  -2.23832392e-03  -3.01883961e-03  -3.06137145e-03]
[  0.01467999    0.01145019    0.00871373    0.01501098    0.00599203    0.02199947 
    0.02154469    0.01693687    0.01738092    0.02053991    0.01768766    0.01981917 
    0.01733943    0.00565817  -0.00080988    0.01750558    0.01403937    0.01655593 
    0.02112145    0.01898727    0.01673765    0.01517294    0.01252357    0.01458682 
    0.01409451    0.01920141    0.01762056    0.02035338    0.01648297    0.01671286 
    0.01465061    0.01256356]
[-0.02507555  -0.02349241  -0.02260721  -0.02655103  -0.02588565  -0.04010988 
  -0.03634994  -0.02612015  -0.03168272  -0.03919811  -0.03455942  -0.03768231 
  -0.03468891  -0.0315363    -0.06497628  -0.02990285  -0.01845307  -0.02200721 
  -0.04091946  -0.0385345    -0.03338699  -0.0451223    -0.02354714  -0.01578745 
  -0.02259029  -0.03586131  -0.03316525  -0.03866676  -0.03687201  -0.02870366 
  -0.02584697  -0.01991948]
increment_50
[0.03612193  0.03489085  0.03512891  0.04412435  0.03612235  0.04602279 
  0.04014588  0.03447705  0.0419655    0.05052982  0.04519074  0.04840496 
  0.04340265  0.0453109    0.07338767  0.03985037  0.02632462  0.02735229 
  0.04994718  0.04864056  0.04396162  0.05478109  0.03397122  0.02154402 
  0.03288351  0.04658621  0.04416154  0.04608294  0.04631591  0.03850927 
  0.03631026  0.0307428  ]
[-0.01961389  -0.01963243  -0.01993706  -0.01705201  -0.02473404  -0.02831368 
  -0.02743985  -0.02099542  -0.02145129  -0.02380171  -0.02240542  -0.02344953 
  -0.02444664  -0.02479709  -0.04732938  -0.02146915  -0.01905406  -0.02078302 
  -0.02531894  -0.02479451  -0.02243913  -0.0302712    -0.01991968  -0.01874011 
  -0.01904129  -0.02274658  -0.02207028  -0.02480279  -0.02458017  -0.02078453 
  -0.02070945  -0.017904    ]
[-0.00396172  -0.00412876  -0.00408317  -0.00643204  -0.00493241  -0.00590035 
  -0.00522013  -0.0026851    -0.00290635  -0.00338756  -0.00310587  -0.00354191 
  -0.00607283  -0.00323535  -0.01226174  -0.00321375  -0.00327883  -0.00039663 
  -0.00449932  -0.00466078  -0.00366457  -0.00666653  -0.00482072  -0.00152794 
  -0.00383708  -0.00297157  -0.00293187  -0.0039979    -0.00205119  -0.00330327 
  -0.0043957    -0.00419534]
[-0.01961389  -0.01963243  -0.01993706  -0.01705201  -0.02473404  -0.02831368 
  -0.02743985  -0.02099542  -0.02145129  -0.02380171  -0.02240542  -0.02344953 
  -0.02444664  -0.02479709  -0.04732938  -0.02146915  -0.01905406  -0.02078302 
  -0.02531894  -0.02479451  -0.02243913  -0.0302712    -0.01991968  -0.01874011 
  -0.01904129  -0.02274658  -0.02207028  -0.02480279  -0.02458017  -0.02078453 
  -0.02070945  -0.017904    ]
[-5.18969604e-03  -6.30286852e-03  -7.04387252e-03  -1.10323242e-02 
  -3.34654569e-03    3.81104522e-03    3.84817465e-03  -2.32292280e-03 
  -3.16515779e-03  -1.78129982e-03  -2.73739904e-03  -1.81002046e-03 
  -9.76713653e-04  -5.78764398e-03    6.49959214e-03  -2.93193527e-03 
  -3.62910453e-03  -6.62917482e-04  -6.62562683e-05  -9.53279518e-04 
  -3.01649818e-03    1.49667237e-03  -5.21025804e-03  -2.33745766e-03 
  -5.20631643e-03  -2.21970181e-03  -2.92824804e-03    1.75766063e-04 
  -1.00514185e-03  -3.61120944e-03  -3.90774451e-03  -6.52992159e-03]
[  0.01839076    0.01418759    0.01098802    0.01908648    0.0075884      0.02798789 
    0.02706232    0.02126871    0.02179551    0.02605006    0.02235289    0.02498055 
    0.02179366    0.00635541  -0.0024094      0.02188557    0.01759835    0.02097378 
    0.02649074    0.02410648    0.02110453    0.01936241    0.01592418    0.01842586 
    0.01756952    0.02423603    0.02231218    0.02533756    0.02111646    0.02079904 
    0.01863013    0.01563355]
[-0.00396172  -0.00412876  -0.00408317  -0.00643204  -0.00493241  -0.00590035 
  -0.00522013  -0.0026851    -0.00290635  -0.00338756  -0.00310587  -0.00354191 
  -0.00607283  -0.00323535  -0.01226174  -0.00321375  -0.00327883  -0.00039663 
  -0.00449932  -0.00466078  -0.00366457  -0.00666653  -0.00482072  -0.00152794 
  -0.00383708  -0.00297157  -0.00293187  -0.0039979    -0.00205119  -0.00330327 
  -0.0043957    -0.00419534]
[  0.01839076    0.01418759    0.01098802    0.01908648    0.0075884      0.02798789 
    0.02706232    0.02126871    0.02179551    0.02605006    0.02235289    0.02498055 
    0.02179366    0.00635541  -0.0024094      0.02188557    0.01759835    0.02097378 
    0.02649074    0.02410648    0.02110453    0.01936241    0.01592418    0.01842586 
    0.01756952    0.02423603    0.02231218    0.02533756    0.02111646    0.02079904 
    0.01863013    0.01563355]
[-0.03093224  -0.02858798  -0.02808504  -0.03309203  -0.0327758    -0.04983383 
  -0.04399405  -0.03215413  -0.03880034  -0.04874852  -0.04245334  -0.04659494 
  -0.04242593  -0.03952325  -0.07988727  -0.03691844  -0.02269552  -0.02668938 
  -0.04988093  -0.04768728  -0.04094512  -0.05627776  -0.02876096  -0.01920656 
  -0.0276772    -0.04436651  -0.04123329  -0.0462587    -0.04531077  -0.03489806 
  -0.03240252  -0.02421288]
increment_60
[0.0431487    0.04132567  0.04210918  0.05333269  0.04422756  0.05560271 
  0.04762948  0.04120838  0.04990699  0.0608324    0.05384329  0.05785782 
  0.05147907  0.0549241    0.08877141  0.04790221  0.03141137  0.032439 
  0.05928078  0.05825528  0.05226812  0.06555171  0.04035843  0.02573273 
  0.03939925  0.05570914  0.053036      0.05405924  0.05530766  0.04564195 
  0.04366747  0.03654875]
[-0.02338058  -0.02334204  -0.02390817  -0.02043144  -0.02974029  -0.03358264 
  -0.03218752  -0.02507052  -0.02551334  -0.02820311  -0.02660335  -0.02782441 
  -0.02897204  -0.02993456  -0.05498983  -0.025534      -0.02294973  -0.02479041 
  -0.02975278  -0.02943824  -0.0266747    -0.03629027  -0.02361574  -0.02256114 
  -0.02270475  -0.02711897  -0.02635047  -0.02899808  -0.0291572    -0.02463522 
  -0.02501069  -0.02131448]
[-0.00520347  -0.00532591  -0.00512741  -0.0081136    -0.00587184  -0.00775779 
  -0.00643894  -0.00372514  -0.00416634  -0.00496737  -0.00449382  -0.00501006 
  -0.0079493    -0.00371417  -0.01252663  -0.00449159  -0.00444622  -0.00089807 
  -0.00597665  -0.00634961  -0.00515162  -0.00911381  -0.00614204  -0.0021849 
  -0.00501918  -0.00433134  -0.00425176  -0.00532157  -0.0034783    -0.00453916 
  -0.00597656  -0.00540804]
[-0.02338058  -0.02334204  -0.02390817  -0.02043144  -0.02974029  -0.03358264 
  -0.03218752  -0.02507052  -0.02551334  -0.02820311  -0.02660335  -0.02782441 
  -0.02897204  -0.02993456  -0.05498983  -0.025534      -0.02294973  -0.02479041 
  -0.02975278  -0.02943824  -0.0266747    -0.03629027  -0.02361574  -0.02256114 
  -0.02270475  -0.02711897  -0.02635047  -0.02899808  -0.0291572    -0.02463522 
  -0.02501069  -0.02131448]
[-0.00657167  -0.00793595  -0.0086347    -0.01355868  -0.0043725      0.00366855 
    0.00354345  -0.00321895  -0.00427708  -0.00285281  -0.0038385    -0.00276261 
  -0.00177858  -0.00734013    0.00542962  -0.00407573  -0.00455731  -0.00125935 
  -0.00094612  -0.00171578  -0.00407881    0.00148822  -0.00663327  -0.00306627 
  -0.00661523  -0.00313856  -0.00394017  -0.00080295  -0.0018073    -0.00487065 
  -0.00478342  -0.00819205]
[  0.02202295    0.01678734    0.01320494    0.02310789    0.0091586      0.03395597 
    0.03248236    0.02556076    0.02616182    0.03158575    0.02694493    0.03006202 
    0.02609121    0.00663319  -0.00440534    0.02623151    0.02111511    0.02529833 
    0.03173512    0.02927432    0.02545809    0.02365077    0.0192681      0.02224375 
    0.02106251    0.02926989    0.02701129    0.030065        0.02578374    0.024732 
    0.02264734    0.01866963]
[-0.00520347  -0.00532591  -0.00512741  -0.0081136    -0.00587184  -0.00775779 
  -0.00643894  -0.00372514  -0.00416634  -0.00496737  -0.00449382  -0.00501006 
  -0.0079493    -0.00371417  -0.01252663  -0.00449159  -0.00444622  -0.00089807 
  -0.00597665  -0.00634961  -0.00515162  -0.00911381  -0.00614204  -0.0021849 
  -0.00501918  -0.00433134  -0.00425176  -0.00532157  -0.0034783    -0.00453916 
  -0.00597656  -0.00540804]
[  0.02202295    0.01678734    0.01320494    0.02310789    0.0091586      0.03395597 
    0.03248236    0.02556076    0.02616182    0.03158575    0.02694493    0.03006202 
    0.02609121    0.00663319  -0.00440534    0.02623151    0.02111511    0.02529833 
    0.03173512    0.02927432    0.02545809    0.02365077    0.0192681      0.02224375 
    0.02106251    0.02926989    0.02701129    0.030065        0.02578374    0.024732 
    0.02264734    0.01866963]
[-0.03657704  -0.03338971  -0.03347448  -0.03977402  -0.03985507  -0.05927126 
  -0.05117293  -0.03798942  -0.04562991  -0.05797959  -0.0500048    -0.05509521 
  -0.04970049  -0.04758397  -0.09420104  -0.04382647  -0.02685406  -0.03117965 
  -0.05833466  -0.0565395    -0.04818931  -0.06703994  -0.03372516  -0.02266646 
  -0.03278402  -0.05257058  -0.04909582  -0.05325628  -0.05350036  -0.0407713 
  -0.03888405  -0.0283567  ]
increment_70
[0.05002997  0.04751575  0.04902343  0.06257106  0.05260541  0.06517134 
  0.05504797  0.04778278  0.05763406  0.07105831  0.0622222    0.06705659 
  0.05928964  0.06455285  0.10410441  0.05593856  0.03645018  0.03758551 
  0.06829963  0.06773101  0.06039755  0.075971      0.04653214  0.03004169 
  0.04597543  0.06466543  0.06181201  0.06176054  0.06410966  0.05262581 
  0.05098516  0.04226367]
[-0.02705296  -0.02693978  -0.02782295  -0.02385833  -0.03467732  -0.03860302 
  -0.03669484  -0.02903457  -0.02943937  -0.03237399  -0.03063662  -0.03201405 
  -0.03329507  -0.03503362  -0.06218057  -0.02949197  -0.02683871  -0.0286653 
  -0.03397245  -0.03388325  -0.03075363  -0.04213396  -0.02717438  -0.02639828 
  -0.0263101    -0.03136364  -0.03051595  -0.03296952  -0.03354693  -0.0283403 
  -0.02928772  -0.02463238]
[-0.00655239  -0.00658454  -0.00624006  -0.00984109  -0.00686159  -0.00984399 
  -0.00777782  -0.00484921  -0.00557521  -0.00679116  -0.00605595  -0.00668515 
  -0.00989972  -0.00391777  -0.01230279  -0.00593165  -0.00575768  -0.00158495 
  -0.0076545    -0.00820712  -0.00677987  -0.01185844  -0.00753617  -0.00301347 
  -0.00629102  -0.0058845    -0.00578971  -0.00684249  -0.00519796  -0.00592146 
  -0.00775503  -0.00669423]
[-0.02705296  -0.02693978  -0.02782295  -0.02385833  -0.03467732  -0.03860302 
  -0.03669484  -0.02903457  -0.02943937  -0.03237399  -0.03063662  -0.03201405 
  -0.03329507  -0.03503362  -0.06218057  -0.02949197  -0.02683871  -0.0286653 
  -0.03397245  -0.03388325  -0.03075363  -0.04213396  -0.02717438  -0.02639828 
  -0.0263101    -0.03136364  -0.03051595  -0.03296952  -0.03354693  -0.0283403 
  -0.02928772  -0.02463238]
[-0.00798798  -0.00960752  -0.01024395  -0.01600193  -0.00549699    0.00323028 
    0.00294551  -0.00418045  -0.00546723  -0.00414623  -0.00505063  -0.00385986 
  -0.00274571  -0.00896188    0.00396843  -0.00529652  -0.00547165  -0.00208549 
  -0.00199855  -0.00263061  -0.00522895    0.00139546  -0.00812105  -0.00382445 
  -0.00803526  -0.00414384  -0.00503094  -0.00199532  -0.00276222  -0.00624609 
  -0.00564717  -0.00989049]
[  0.02558101    0.01926144    0.01533429    0.02705403    0.01070253    0.03984886 
    0.03777973    0.02984329    0.03046924    0.03713596    0.03142396    0.03506192 
    0.03019349    0.00655721  -0.00667595    0.03056999    0.02461641    0.02946538 
    0.03683277    0.03445692    0.02979838    0.02801681    0.02252906    0.02603781 
    0.02459456    0.03430767    0.03171871    0.03454792    0.0304346      0.0285423 
    0.02671025    0.02168059]
[-0.00655239  -0.00658454  -0.00624006  -0.00984109  -0.00686159  -0.00984399 
  -0.00777782  -0.00484921  -0.00557521  -0.00679116  -0.00605595  -0.00668515 
  -0.00989972  -0.00391777  -0.01230279  -0.00593165  -0.00575768  -0.00158495 
  -0.0076545    -0.00820712  -0.00677987  -0.01185844  -0.00753617  -0.00301347 
  -0.00629102  -0.0058845    -0.00578971  -0.00684249  -0.00519796  -0.00592146 
  -0.00775503  -0.00669423]
[  0.02558101    0.01926144    0.01533429    0.02705403    0.01070253    0.03984886 
    0.03777973    0.02984329    0.03046924    0.03713596    0.03142396    0.03506192 
    0.03019349    0.00655721  -0.00667595    0.03056999    0.02461641    0.02946538 
    0.03683277    0.03445692    0.02979838    0.02801681    0.02252906    0.02603781 
    0.02459456    0.03430767    0.03171871    0.03454792    0.0304346      0.0285423 
    0.02671025    0.02168059]
[-0.04204199  -0.03790823  -0.03877948  -0.04656913  -0.04710842  -0.06840162 
  -0.05799348  -0.04360233  -0.05216683  -0.06691208  -0.05717157  -0.06319673 
  -0.05654393  -0.05559096  -0.10807284  -0.05064203  -0.03097853  -0.03550002 
  -0.06630108  -0.0651004    -0.0551686    -0.07736646  -0.03841108  -0.02621724 
  -0.03794016  -0.06052159  -0.05678107  -0.05976523  -0.06134744  -0.04637972 
  -0.04533799  -0.03237317]
increment_80
[0.05675614  0.05347443  0.05589049  0.0717908    0.06119146  0.07469254 
  0.06243613  0.05417416  0.06510125  0.08119755  0.07030041  0.07601734 
  0.06686466  0.07416551  0.11934915  0.0639404    0.04147697  0.04279407 
  0.07700387  0.0770322    0.06834928  0.08604394  0.05246618  0.03447234 
  0.05258248  0.07347582  0.07048579  0.06919054  0.07264249  0.05946086 
  0.05828827  0.04788298]
[-0.03063533  -0.0304298    -0.03168341  -0.02730733  -0.0395464    -0.04338471 
  -0.04099674  -0.03288936  -0.03322017  -0.03634514  -0.03450452  -0.0359951 
  -0.03742456  -0.04007492  -0.0690414    -0.03334926  -0.03074871  -0.03240108 
  -0.03799366  -0.03812338  -0.0346817    -0.0477856    -0.03060432  -0.03028453 
  -0.02985265  -0.03547853  -0.03457005  -0.03674013  -0.03772874  -0.03191672 
  -0.03355042  -0.0278576  ]
[-0.00800757  -0.00790057  -0.0074135    -0.01162611  -0.00791831  -0.01216386 
  -0.00928178  -0.0060375    -0.00711664  -0.00882985  -0.00776133  -0.00854946 
  -0.01186972  -0.00382474  -0.0117609    -0.00752038  -0.00721494  -0.00246472 
  -0.00951524  -0.01021338  -0.00853706  -0.01485309  -0.00900237  -0.00406015 
  -0.00765354  -0.00761513  -0.00752862  -0.00852987  -0.00712282  -0.00742366 
  -0.00972844  -0.00804709]
[-0.03063533  -0.0304298    -0.03168341  -0.02730733  -0.0395464    -0.04338471 
  -0.04099674  -0.03288936  -0.03322017  -0.03634514  -0.03450452  -0.0359951 
  -0.03742456  -0.04007492  -0.0690414    -0.03334926  -0.03074871  -0.03240108 
  -0.03799366  -0.03812338  -0.0346817    -0.0477856    -0.03060432  -0.03028453 
  -0.02985265  -0.03547853  -0.03457005  -0.03674013  -0.03772874  -0.03191672 
  -0.03355042  -0.0278576  ]
[-0.0094301    -0.01131835  -0.01186738  -0.01837353  -0.00669678    0.00252783 
    0.00209692  -0.00519551  -0.00674062  -0.00562015  -0.00636675  -0.00512524 
  -0.0038771    -0.01064221    0.00227942  -0.00657467  -0.00634182  -0.00311886 
  -0.00319978  -0.00369407  -0.00645752    0.00119972  -0.00967411  -0.00457937 
  -0.00946744  -0.00523437  -0.00618992  -0.00335126  -0.00386646  -0.00769898 
  -0.00648918  -0.01162121]
[  0.02906867    0.0216275      0.01738907    0.03095413    0.01222345    0.04563779 
    0.04293222    0.03412103    0.0346841      0.0426917      0.03575415    0.03997968 
    0.0340422      0.00618909  -0.00914157    0.03491434    0.02813769    0.03345758 
    0.04178041    0.03961135    0.03410929    0.03243594    0.02568176    0.02980203 
    0.02815784    0.03933834    0.03643002    0.03881023    0.0350271      0.03226146 
    0.03082857    0.024663    ]
[-0.00800757  -0.00790057  -0.0074135    -0.01162611  -0.00791831  -0.01216386 
  -0.00928178  -0.0060375    -0.00711664  -0.00882985  -0.00776133  -0.00854946 
  -0.01186972  -0.00382474  -0.0117609    -0.00752038  -0.00721494  -0.00246472 
  -0.00951524  -0.01021338  -0.00853706  -0.01485309  -0.00900237  -0.00406015 
  -0.00765354  -0.00761513  -0.00752862  -0.00852987  -0.00712282  -0.00742366 
  -0.00972844  -0.00804709]
[  0.02906867    0.0216275      0.01738907    0.03095413    0.01222345    0.04563779 
    0.04293222    0.03412103    0.0346841      0.0426917      0.03575415    0.03997968 
    0.0340422      0.00618909  -0.00914157    0.03491434    0.02813769    0.03345758 
    0.04178041    0.03961135    0.03410929    0.03243594    0.02568176    0.02980203 
    0.02815784    0.03933834    0.03643002    0.03881023    0.0350271      0.03226146 
    0.03082857    0.024663    ]
[-0.04732604  -0.04215608  -0.0440231    -0.05341727  -0.05449468  -0.07722038 
  -0.06453306  -0.04897865  -0.05836063  -0.0755774    -0.06393366  -0.07089209 
  -0.06298756  -0.0635233    -0.12162856  -0.05736573  -0.03513515  -0.03967521 
  -0.07380409  -0.07333813  -0.06189177  -0.08724367  -0.04279207  -0.02989297 
  -0.04311504  -0.06824146  -0.06429587  -0.06583928  -0.06877603  -0.05176188 
  -0.05179909  -0.03626178]
increment_90
[0.06331765  0.0592263    0.06273826  0.08095841  0.06989607  0.08412812 
  0.06979342  0.06039349  0.07225797  0.09123453  0.07807532  0.08478409 
  0.07422022  0.08380091  0.13443709  0.07188503  0.04650709  0.04804321 
  0.08542808  0.08611338  0.07608039  0.09580521  0.05811509  0.03901138 
  0.0591761    0.08215703  0.07902246  0.07635119  0.0808738    0.06616658 
  0.06555583  0.0533939  ]
[-0.03413238  -0.03382233  -0.03548961  -0.0307444    -0.04433101  -0.04794415 
  -0.045123      -0.03663239  -0.03684465  -0.04014147  -0.03821606  -0.03973742 
  -0.04138561  -0.04506438  -0.07563773  -0.03710672  -0.03468831  -0.03600152 
  -0.04183482  -0.04216216  -0.03845757  -0.05320664  -0.03390589  -0.03420739 
  -0.03332405  -0.03946348  -0.03851419  -0.04033527  -0.04169969  -0.03538247 
  -0.03778574  -0.03099469]
[-0.009569      -0.00926938  -0.00864268  -0.01348573  -0.00903424  -0.0147005 
  -0.01097191  -0.00729155  -0.00877418  -0.01106095  -0.00958071  -0.01058155 
  -0.01384412  -0.00346568  -0.01101919  -0.00924968  -0.00881795  -0.00351561 
  -0.01153675  -0.01235987  -0.01041508  -0.01801573  -0.01053394  -0.00533309 
  -0.00910706  -0.00951629  -0.00945941  -0.01035109  -0.00918674  -0.00902654 
  -0.01188656  -0.00945849]
[-0.03413238  -0.03382233  -0.03548961  -0.0307444    -0.04433101  -0.04794415 
  -0.045123      -0.03663239  -0.03684465  -0.04014147  -0.03821606  -0.03973742 
  -0.04138561  -0.04506438  -0.07563773  -0.03710672  -0.03468831  -0.03600152 
  -0.04183482  -0.04216216  -0.03845757  -0.05320664  -0.03390589  -0.03420739 
  -0.03332405  -0.03946348  -0.03851419  -0.04033527  -0.04169969  -0.03538247 
  -0.03778574  -0.03099469]
[-0.01089082  -0.01306303  -0.01349043  -0.02068956  -0.00796434    0.00160663 
    0.00104875  -0.00627291  -0.00810181  -0.00724128  -0.00777942  -0.00659566 
  -0.00514581  -0.01236172    0.00045708  -0.00790132  -0.00715856  -0.00431979 
  -0.00452618  -0.00489458  -0.00775895    0.00086048  -0.01129704  -0.00533981 
  -0.01091547  -0.00641024  -0.00740667  -0.00482359  -0.00511058  -0.00920111 
  -0.00731962  -0.01337552]
[  0.0324925      0.02390383    0.01942545    0.03487318    0.01370812    0.05132767 
    0.04793748    0.03837653    0.03876578    0.04824213    0.03989595    0.04482734 
    0.03762724    0.00559253  -0.01171183    0.03926282    0.03169524    0.03728854 
    0.04659858    0.04470008    0.03835707    0.03688507    0.02868691    0.03351797 
    0.03173477    0.04435213    0.04112803    0.04288744    0.03953337    0.03592144 
    0.03498982    0.02760942]
[-0.009569      -0.00926938  -0.00864268  -0.01348573  -0.00903424  -0.0147005 
  -0.01097191  -0.00729155  -0.00877418  -0.01106095  -0.00958071  -0.01058155 
  -0.01384412  -0.00346568  -0.01101919  -0.00924968  -0.00881795  -0.00351561 
  -0.01153675  -0.01235987  -0.01041508  -0.01801573  -0.01053394  -0.00533309 
  -0.00910706  -0.00951629  -0.00945941  -0.01035109  -0.00918674  -0.00902654 
  -0.01188656  -0.00945849]
[  0.0324925      0.02390383    0.01942545    0.03487318    0.01370812    0.05132767 
    0.04793748    0.03837653    0.03876578    0.04824213    0.03989595    0.04482734 
    0.03762724    0.00559253  -0.01171183    0.03926282    0.03169524    0.03728854 
    0.04659858    0.04470008    0.03835707    0.03688507    0.02868691    0.03351797 
    0.03173477    0.04435213    0.04112803    0.04288744    0.03953337    0.03592144 
    0.03498982    0.02760942]
[-0.05242683  -0.04616327  -0.04924783  -0.06026885  -0.06193172  -0.08573476 
  -0.07084217  -0.05412058  -0.06415616  -0.08399325  -0.0702959    -0.07818843 
  -0.06907441  -0.07143918  -0.13489417  -0.06398372  -0.03934853  -0.04372342 
  -0.08090191  -0.0812188    -0.06832144  -0.0966657    -0.04681805  -0.03367157 
  -0.04826064  -0.07574679  -0.07161578  -0.07152759  -0.07576323  -0.05696547 
  -0.05823621  -0.04001838]
increment_100
[0.06973396  0.06480337  0.06956126  0.09005308  0.07865508  0.09344619 
  0.07711089  0.06647393  0.0790632    0.10114438  0.08554307  0.09337186 
  0.08136481  0.09352062  0.14927205  0.07977361  0.05157092  0.05330379 
  0.09361167  0.09494314  0.0835491    0.10527212  0.06344128  0.04366013 
  0.06573619  0.09071784  0.08737676  0.08324384  0.08878601  0.07277435 
  0.07277812  0.05881217]
[-0.03755189  -0.03712513  -0.03923015  -0.03413186  -0.04902052  -0.0522904 
  -0.04909636  -0.04025712  -0.04030817  -0.0437745    -0.04178424  -0.04323962 
  -0.04520311  -0.05001479  -0.0819732    -0.0407703    -0.03864587  -0.03947336 
  -0.04551226  -0.04600595  -0.04207807  -0.05834916  -0.03707847  -0.03813645 
  -0.03672396  -0.04331733  -0.04234957  -0.04377804  -0.04546889  -0.03875257 
  -0.04197179  -0.03405747]
[-0.01123344  -0.01068511  -0.00992926  -0.01543943  -0.01018306  -0.01742506 
  -0.01284366  -0.00862313  -0.01052862  -0.01346566  -0.01148073  -0.01275203 
  -0.01583313  -0.00289917  -0.01015195  -0.01111548  -0.01056798  -0.0047058 
  -0.01369872  -0.01463899  -0.01239959  -0.02126198  -0.0121152    -0.00681084 
  -0.01065199  -0.01158104  -0.0115751    -0.01227971  -0.01135311  -0.01071953 
  -0.01421171  -0.01091879]
[-0.03755189  -0.03712513  -0.03923015  -0.03413186  -0.04902052  -0.0522904 
  -0.04909636  -0.04025712  -0.04030817  -0.0437745    -0.04178424  -0.04323962 
  -0.04520311  -0.05001479  -0.0819732    -0.0407703    -0.03864587  -0.03947336 
  -0.04551226  -0.04600595  -0.04207807  -0.05834916  -0.03707847  -0.03813645 
  -0.03672396  -0.04331733  -0.04234957  -0.04377804  -0.04546889  -0.03875257 
  -0.04197179  -0.03405747]
[-0.01235724  -0.01482602  -0.01510325  -0.02297446  -0.00930228    0.00050147 
  -0.00015181  -0.00743005  -0.00954792  -0.00899231  -0.00928359  -0.00827286 
  -0.00651621  -0.01410005  -0.00145046  -0.009267      -0.00794016  -0.00565001 
  -0.00595683  -0.00621848  -0.0091318      0.00033849  -0.01299224  -0.00612702 
  -0.01237772  -0.0076696    -0.00867144  -0.0063752    -0.00647815  -0.01073579 
  -0.00815901  -0.01513453]
[  0.03587642    0.02612341    0.02149825    0.03887578    0.01511359    0.05692798 
    0.05281467    0.04258611    0.04268385    0.05377062    0.04379132    0.04960427 
    0.04099246    0.00483858  -0.01427366    0.04362012    0.03528295    0.04097958 
    0.0513116      0.04969788    0.04250861    0.04133982    0.03150058    0.03717816 
    0.03531811    0.04934027    0.04578719    0.04681044    0.0439289      0.03954796 
    0.03917973    0.03052773]
[-0.01123344  -0.01068511  -0.00992926  -0.01543943  -0.01018306  -0.01742506 
  -0.01284366  -0.00862313  -0.01052862  -0.01346566  -0.01148073  -0.01275203 
  -0.01583313  -0.00289917  -0.01015195  -0.01111548  -0.01056798  -0.0047058 
  -0.01369872  -0.01463899  -0.01239959  -0.02126198  -0.0121152    -0.00681084 
  -0.01065199  -0.01158104  -0.0115751    -0.01227971  -0.01135311  -0.01071953 
  -0.01421171  -0.01091879]
[  0.03587642    0.02612341    0.02149825    0.03887578    0.01511359    0.05692798 
    0.05281467    0.04258611    0.04268385    0.05377062    0.04379132    0.04960427 
    0.04099246    0.00483858  -0.01427366    0.04362012    0.03528295    0.04097958 
    0.0513116      0.04969788    0.04250861    0.04133982    0.03150058    0.03717816 
    0.03531811    0.04934027    0.04578719    0.04681044    0.0439289      0.03954796 
    0.03917973    0.03052773]
[-0.05737672  -0.04997736  -0.05445801  -0.06707862  -0.0693528    -0.09394765 
  -0.07695908  -0.05904388  -0.06951529  -0.09215207  -0.07625948  -0.085099 
  -0.0748486    -0.07942057  -0.14782159  -0.0705066    -0.04363076  -0.04765379 
  -0.08765484  -0.08872466  -0.07441729  -0.10561061  -0.05044904  -0.03753311 
  -0.05335848  -0.08304824  -0.07870532  -0.07686863  -0.08230786  -0.06203856 
  -0.06461911  -0.04367763]
increment_110
[0.07603665  0.07023261  0.07633837  0.09905957  0.08743606  0.10262655 
  0.08440153  0.07246393  0.08550627  0.11091526  0.09271874  0.10178521 
  0.08832867  0.10338872  0.16369166  0.08761834  0.05670707  0.05855473 
  0.10158516  0.10352572  0.09073317  0.11445615  0.06845609  0.04841964 
  0.07225246  0.09915986  0.09552634  0.08987283  0.09638353  0.07930151 
  0.07995454  0.06416533]
[-0.04089765  -0.04034256  -0.04289156  -0.03744187  -0.05361453  -0.05643214 
  -0.05294096  -0.04375459  -0.04361468  -0.04725057  -0.04522907  -0.04652533 
  -0.04890341  -0.05494102  -0.08801068  -0.04434973  -0.04260267  -0.04282537 
  -0.04903873  -0.04965931  -0.04554486  -0.06318284  -0.04013736  -0.04204575 
  -0.04005686  -0.04703806  -0.04607681  -0.04708725  -0.04905445  -0.04203412 
  -0.04608187  -0.03705682]
[-0.01299346  -0.01214434  -0.01127548  -0.01750096  -0.0113284    -0.0203133 
  -0.01488202  -0.01004458  -0.01236174  -0.01602714  -0.01342564  -0.01503255 
  -0.01784492  -0.00217702  -0.00920108  -0.01311912  -0.01247214  -0.00600665 
  -0.01598363  -0.01704335  -0.01447445  -0.02452845  -0.01372636  -0.00846804 
  -0.01229254  -0.0138016    -0.01386224  -0.01430213  -0.01360355  -0.01249594 
  -0.01668115  -0.01242255]
[-0.04089765  -0.04034256  -0.04289156  -0.03744187  -0.05361453  -0.05643214 
  -0.05294096  -0.04375459  -0.04361468  -0.04725057  -0.04522907  -0.04652533 
  -0.04890341  -0.05494102  -0.08801068  -0.04434973  -0.04260267  -0.04282537 
  -0.04903873  -0.04965931  -0.04554486  -0.06318284  -0.04013736  -0.04204575 
  -0.04005686  -0.04703806  -0.04607681  -0.04708725  -0.04905445  -0.04203412 
  -0.04608187  -0.03705682]
[-0.01382283  -0.01659348  -0.01670135  -0.02524855  -0.01071263  -0.00076132 
  -0.00146444  -0.00868744  -0.01106925  -0.01086706  -0.01086966  -0.01013028 
  -0.00795739  -0.01584285  -0.00341637  -0.01066174  -0.00871531  -0.00707768 
  -0.00747551  -0.00766186  -0.01057321  -0.00038761  -0.01475248  -0.00695406 
  -0.01384893  -0.00901182  -0.00998021  -0.00798426  -0.00794594  -0.01229569 
  -0.00903221  -0.01688594]
[  0.03924939    0.02832141    0.02363669    0.0429998      0.01638293    0.06244519 
    0.05760666    0.04673824    0.04642499    0.05926664    0.04738792    0.05430816 
    0.04417874    0.0039728    -0.01669969    0.04799503    0.03888189    0.04455389 
    0.05593867    0.05460006    0.0465426      0.04577708    0.03408806    0.04078356 
    0.03890339    0.05429418    0.05039012    0.05059383    0.04820131    0.04315369 
    0.04338328    0.03343198]
[-0.01299346  -0.01214434  -0.01127548  -0.01750096  -0.0113284    -0.0203133 
  -0.01488202  -0.01004458  -0.01236174  -0.01602714  -0.01342564  -0.01503255 
  -0.01784492  -0.00217702  -0.00920108  -0.01311912  -0.01247214  -0.00600665 
  -0.01598363  -0.01704335  -0.01447445  -0.02452845  -0.01372636  -0.00846804 
  -0.01229254  -0.0138016    -0.01386224  -0.01430213  -0.01360355  -0.01249594 
  -0.01668115  -0.01242255]
[  0.03924939    0.02832141    0.02363669    0.0429998      0.01638293    0.06244519 
    0.05760666    0.04673824    0.04642499    0.05926664    0.04738792    0.05430816 
    0.04417874    0.0039728    -0.01669969    0.04799503    0.03888189    0.04455389 
    0.05593867    0.05460006    0.0465426      0.04577708    0.03408806    0.04078356 
    0.03890339    0.05429418    0.05039012    0.05059383    0.04820131    0.04315369 
    0.04338328    0.03343198]
[-0.06221383  -0.05363913  -0.05963702  -0.07381101  -0.07672343  -0.10186523 
  -0.08293709  -0.06377648  -0.07443702  -0.1000482    -0.08184908  -0.09165493 
  -0.08037128  -0.08754587  -0.16027529  -0.0769566    -0.04799176  -0.05147705 
  -0.09410965  -0.09586386  -0.08015996  -0.11406853  -0.05370361  -0.04146558 
  -0.05840353  -0.09014805  -0.08554614  -0.08188857  -0.0884376    -0.06700582 
  -0.07092233  -0.04727939]
increment_120
[0.08225327  0.07552849  0.08304539  0.10796158  0.09622654  0.11166106 
  0.09168137  0.07840558  0.09160379  0.12054336  0.09963569  0.11002102 
  0.09516085  0.11344977  0.17750151  0.09544325  0.06191872  0.06379125 
  0.10935551  0.11189068  0.09762575  0.1233658    0.07322568  0.05327451 
  0.07871749  0.10748658  0.10347777  0.09624196  0.10369233  0.08577591 
  0.08709031  0.06948356]
[-0.04417401  -0.04347518  -0.04646511  -0.04065649  -0.05811871  -0.06038006 
  -0.05667252  -0.04711703  -0.04677405  -0.05057101  -0.04857154  -0.04962222 
  -0.05251418  -0.05985371  -0.0937054    -0.04785895  -0.04654073  -0.0460679 
  -0.05241916  -0.05312044  -0.04886555  -0.06769691  -0.04311673  -0.04592277 
  -0.04333309  -0.0506211    -0.04969017  -0.05027693  -0.05247721  -0.0452345 
  -0.05010002  -0.03999681]
[-0.01484419  -0.01364678  -0.01268208  -0.01967621  -0.01243697  -0.02334657 
  -0.01706988  -0.01155887  -0.01425966  -0.01872703  -0.01538518  -0.01739867 
  -0.01988896  -0.00132468  -0.00816167  -0.01526803  -0.01453713  -0.00739891 
  -0.01837417  -0.01956007  -0.01662682  -0.02777135  -0.01534945  -0.01029091 
  -0.01403843  -0.01617088  -0.01629552  -0.01641053  -0.01592633  -0.01435133 
  -0.01927671  -0.01396875]
[-0.04417401  -0.04347518  -0.04646511  -0.04065649  -0.05811871  -0.06038006 
  -0.05667252  -0.04711703  -0.04677405  -0.05057101  -0.04857154  -0.04962222 
  -0.05251418  -0.05985371  -0.0937054    -0.04785895  -0.04654073  -0.0460679 
  -0.05241916  -0.05312044  -0.04886555  -0.06769691  -0.04311673  -0.04592277 
  -0.04333309  -0.0506211    -0.04969017  -0.05027693  -0.05247721  -0.0452345 
  -0.05010002  -0.03999681]
[-0.01528649  -0.01835643  -0.01828669  -0.02752936  -0.01219382  -0.00215985 
  -0.00286378  -0.0100594    -0.01265432  -0.01286669  -0.01252273  -0.01213383 
  -0.0094397    -0.0175852    -0.00542147  -0.01207428  -0.00950347  -0.0085788 
  -0.00907308  -0.00923314  -0.01207616  -0.00132349  -0.01656106  -0.00781974 
  -0.01531898  -0.01044161  -0.01133938  -0.00963773  -0.00948994  -0.01387536 
  -0.00995222  -0.0186287  ]
[  0.04263123    0.03052775    0.02584129    0.04725002    0.01747366    0.06788699 
    0.0623529      0.05083816    0.04998889    0.0647229      0.05066393    0.05893463 
    0.04722827    0.00300383  -0.01888722    0.05240298    0.0424686      0.04803361 
    0.06048398    0.05941491    0.05044908    0.05017037    0.03642967    0.04433545 
    0.04248808    0.05920458    0.05493266    0.05424163    0.05235219    0.04675593 
    0.04759502    0.03633734]
[-0.01484419  -0.01364678  -0.01268208  -0.01967621  -0.01243697  -0.02334657 
  -0.01706988  -0.01155887  -0.01425966  -0.01872703  -0.01538518  -0.01739867 
  -0.01988896  -0.00132468  -0.00816167  -0.01526803  -0.01453713  -0.00739891 
  -0.01837417  -0.01956007  -0.01662682  -0.02777135  -0.01534945  -0.01029091 
  -0.01403843  -0.01617088  -0.01629552  -0.01641053  -0.01592633  -0.01435133 
  -0.01927671  -0.01396875]
[  0.04263123    0.03052775    0.02584129    0.04725002    0.01747366    0.06788699 
    0.0623529      0.05083816    0.04998889    0.0647229      0.05066393    0.05893463 
    0.04722827    0.00300383  -0.01888722    0.05240298    0.0424686      0.04803361 
    0.06048398    0.05941491    0.05044908    0.05017037    0.03642967    0.04433545 
    0.04248808    0.05920458    0.05493266    0.05424163    0.05235219    0.04675593 
    0.04759502    0.03633734]
[-0.06696678  -0.05717206  -0.0647587    -0.08043222  -0.08403272  -0.1095012 
  -0.08881759  -0.06834618  -0.07894947  -0.10767667  -0.08711295  -0.09788719 
  -0.08572115  -0.09586457  -0.17208004  -0.08336897  -0.05241525  -0.05521245 
  -0.10028244  -0.10265754  -0.08554958  -0.12204231  -0.05666462  -0.04545477 
  -0.06339851  -0.09704496  -0.09213839  -0.08660423  -0.09420238  -0.07190055 
  -0.07713809  -0.05085486]
