inc
eps_11
eps_12
eps_13
eps_21
eps_22
eps_23
eps_31
eps_32
eps_33
increment_0
-1.650612158061525e-17
-3.187563885077587e-17
-2.3324648353768985e-17
-3.187563885077586e-17
-1.196301685538318e-16
3.4320963342796473e-17
-2.332464835376898e-17
3.432096334279646e-17
-1.4141946602184213e-16
increment_10
-0.0009258803083404086
-0.0015741132647155145
-0.0021336196370042534
-0.001574113264715514
0.0027304270761685165
-0.0009106263049265382
-0.0021336196370042534
-0.0009106263049265382
-0.0018045467678280706
increment_20
-0.0021855812471530812
-0.003765960051474196
-0.005132810289176423
-0.0037659600514741956
0.0060110896974683555
-0.0025051918985835426
-0.005132810289176423
-0.0025051918985835426
-0.003825508450315255
increment_30
-0.003552178084854465
-0.006001029185727693
-0.008240802363814208
-0.006001029185727692
0.009347448108949476
-0.004109820772375933
-0.008240802363814208
-0.004109820772375933
-0.005795270024095068
increment_40
-0.004993424889552583
-0.008264440614396563
-0.011435910947416283
-0.008264440614396563
0.01271797449493181
-0.005684928332831543
-0.011435910947416283
-0.005684928332831543
-0.007724549605379116
increment_50
-0.006491832379786417
-0.010544959919226507
-0.014700600218406279
-0.010544959919226507
0.01612130387089494
-0.007215963144512511
-0.014700600218406279
-0.007215963144512511
-0.009629471491108462
increment_60
-0.008040735216777879
-0.01283321774271659
-0.018020534902490712
-0.01283321774271659
0.019562986543878225
-0.008698432780565379
-0.018020534902490712
-0.008698432780565379
-0.011522251327100335
increment_70
-0.009634516601642992
-0.015126695971229872
-0.021387726359453286
-0.015126695971229872
0.023043491360611516
-0.010137418169903139
-0.021387726359453286
-0.010137418169903135
-0.0134089747589685
increment_80
-0.011265592933565986
-0.017427720184867906
-0.024794659781230365
-0.01742772018486791
0.026555457075423863
-0.011539426194764486
-0.02479465978123037
-0.011539426194764486
-0.01528986414185793
increment_90
-0.01293583357577454
-0.01973825989202046
-0.028232617484028687
-0.01973825989202046
0.03009558515902745
-0.01290633500369502
-0.028232617484028687
-0.01290633500369502
-0.01715975158325285
increment_100
-0.014651990192524465
-0.0220597885124822
-0.03169795549733781
-0.022059788512482196
0.03366151734276731
-0.014242367008475133
-0.03169795549733781
-0.014242367008475136
-0.019009527150242896
increment_110
-0.016407909745521598
-0.02439141991775703
-0.03519021800076771
-0.02439141991775703
0.03725248791638549
-0.01555048763665509
-0.03519021800076771
-0.015550487636655086
-0.020844578170863885
increment_120
-0.01820758748083662
-0.02672512865477532
-0.03871178367997106
-0.02672512865477532
0.04089261927923559
-0.01683514865020777
-0.03871178367997106
-0.01683514865020777
-0.02268503179839902
