inc
eps_11
eps_12
eps_13
eps_21
eps_22
eps_23
eps_31
eps_32
eps_33
increment_0
-7.105219707970835e-17
-6.343351564946579e-17
-6.940584860916163e-18
-6.343351564946579e-17
-3.137695178283444e-16
-3.4331125162455207e-17
-6.940584860916163e-18
-3.43311251624552e-17
-3.7563437107519224e-18
increment_10
0.003089202407784897
0.0010751607517074974
-0.00237584008028932
0.0010751607517074974
0.005965186380961938
0.0019043798926616016
-0.00237584008028932
0.0019043798926616012
-0.009054388788747087
increment_20
0.005960893303285114
0.002079603646607771
-0.005566364435823401
0.002079603646607771
0.013677713727940294
0.004191264999102117
-0.005566364435823401
0.004191264999102117
-0.01963860703122538
increment_30
0.008718935577518697
0.002886128928165252
-0.00882352673530191
0.0028861289281652516
0.02142461192028445
0.006495790731163487
-0.008823526735301908
0.006495790731163487
-0.030143547497803205
increment_40
0.011354047610202237
0.003455053266430854
-0.012094933178242225
0.003455053266430854
0.029202607554607997
0.008812857807755016
-0.012094933178242225
0.008812857807755016
-0.04055665516481009
increment_50
0.013897325561793336
0.0038136384213439366
-0.015353103307730636
0.0038136384213439366
0.0370073519452416
0.011153690417193125
-0.015353103307730636
0.011153690417193125
-0.05090467750703498
increment_60
0.016403373512356656
0.004005305268622306
-0.018553817270379067
0.004005305268622306
0.04480161310615079
0.013540614661207737
-0.018553817270379067
0.013540614661207737
-0.0612049866185073
increment_70
0.018899450143513824
0.004037414001489506
-0.02164973959767893
0.004037414001489508
0.05256210222574682
0.016000326901903457
-0.02164973959767893
0.016000326901903457
-0.07146155236926088
increment_80
0.02138307496404635
0.0039145957526660734
-0.02463176552776585
0.0039145957526660734
0.06028973740237836
0.018549509027956743
-0.02463176552776585
0.01854950902795674
-0.08167281236642487
increment_90
0.023852357842769494
0.0036396016129218133
-0.027498301929563193
0.0036396016129218124
0.06794617848914139
0.021196294778668606
-0.027498301929563193
0.021196294778668606
-0.09179853633191068
increment_100
0.026322292878968062
0.0032288457411145913
-0.03023848053445738
0.003228845741114591
0.07547033797061498
0.02395551377422159
-0.03023848053445738
0.02395551377422159
-0.10179263084958307
increment_110
0.02880449825322406
0.002709627327691941
-0.0328719290290579
0.0027096273276919405
0.08286173170452787
0.026800938687987927
-0.0328719290290579
0.026800938687987927
-0.11166622995775188
increment_120
0.031316557539191034
0.0021369341308413964
-0.03546207197489865
0.002136934130841396
0.09018299503459884
0.029707569697684188
-0.03546207197489865
0.029707569697684188
-0.1214995525737898
