inc
eps_11
eps_12
eps_13
eps_21
eps_22
eps_23
eps_31
eps_32
eps_33
increment_0
0.0
0.0
0.0
0.0
1.5711301379483413e-18
-1.8611623273002807e-17
0.0
-1.8611623273002807e-17
2.204734747870829e-16
increment_10
0.0007303491927949939
0.0037758580775928666
0.001382273520235729
0.003775858077592867
-0.0069522538943167875
0.0003527711628645308
0.001382273520235729
0.0003527711628645308
0.006221904701521766
increment_20
0.0022355787351035967
0.008565854830906163
0.003266264774961396
0.008565854830906161
-0.014747449874898377
0.0011209509889743789
0.003266264774961396
0.0011209509889743784
0.01251187113979468
increment_30
0.003702332604361082
0.013533302926706046
0.0050782589474872705
0.01353330292670605
-0.022631957720494218
0.0019921823165348906
0.0050782589474872705
0.0019921823165348906
0.01892962511613315
increment_40
0.00512025720040144
0.018654423051919097
0.006801669411344703
0.018654423051919094
-0.03060842310984986
0.0029841379317797003
0.006801669411344702
0.0029841379317797003
0.02548816590944826
increment_50
0.006480062900231408
0.023923360790308292
0.008431648112830408
0.023923360790308292
-0.03865892196961397
0.004106547747274493
0.008431648112830408
0.004106547747274493
0.03217885906938271
increment_60
0.007780693925642208
0.029335534211027865
0.0099641007546582
0.029335534211027865
-0.04677209511942172
0.005361326656878152
0.0099641007546582
0.005361326656878151
0.03899140119377953
increment_70
0.00902279585870627
0.034895884332346964
0.011389720344698352
0.034895884332346964
-0.05495678738713956
0.006755417960079531
0.01138972034469835
0.006755417960079531
0.045933991528433325
increment_80
0.010196303749309419
0.04062433390927981
0.012706432852311475
0.04062433390927981
-0.06325003417733112
0.008299833526416521
0.012706432852311475
0.008299833526416521
0.053053730428021736
increment_90
0.01128439151501845
0.04654148883400504
0.013924775854332591
0.04654148883400504
-0.07168947616470964
0.009997466238003083
0.013924775854332591
0.00999746623800308
0.06040508464969112
increment_100
0.012271732635137244
0.052664727698067335
0.015074890888163247
0.052664727698067335
-0.08031557340015572
0.011803125522729756
0.015074890888163245
0.011803125522729756
0.06804384076501843
increment_110
0.013164472964916234
0.0589993954557648
0.01614274983698788
0.0589993954557648
-0.08913172861533109
0.013661566291617647
0.01614274983698788
0.013661566291617647
0.07596725565041486
increment_120
0.014012174176963323
0.06548110932054997
0.017110009911720073
0.06548110932054997
-0.0980168067170204
0.015544210279644238
0.017110009911720077
0.015544210279644238
0.08400463254005697
