inc
eps_11
eps_12
eps_13
eps_21
eps_22
eps_23
eps_31
eps_32
eps_33
increment_0
-1.1102230246251568e-16
0.0
0.0
0.0
3.186590868647732e-16
7.86814612180251e-17
0.0
7.86814612180251e-17
-9.661448193974207e-17
increment_10
-0.007706094068390172
-0.00041280956325600313
0.003348166908463194
-0.00041280956325600297
0.006531603073487252
-0.0025087975948738066
0.003348166908463194
-0.0025087975948738066
0.00117449099490297
increment_20
-0.01679974721275503
-0.0010598812654657986
0.007404811716770351
-0.0010598812654657988
0.01415967922055774
-0.005603249116146913
0.007404811716770351
-0.005603249116146912
0.0026400679921972474
increment_30
-0.025611006858154553
-0.0017837092583854759
0.011504146647778962
-0.0017837092583854759
0.021756844300472464
-0.008492717433866677
0.01150414664777896
-0.008492717433866677
0.003854162557682037
increment_40
-0.034216767401905664
-0.0025948727492355167
0.01567238842560806
-0.0025948727492355167
0.0293388093262419
-0.011213140702324825
0.01567238842560806
-0.011213140702324825
0.004877958075663745
increment_50
-0.042704451688336524
-0.00351531884869937
0.019950514478462814
-0.00351531884869937
0.03691389060768013
-0.013796990092136176
0.019950514478462814
-0.013796990092136176
0.005790561080656376
increment_60
-0.05110423665997565
-0.004562773158047086
0.024349240233139943
-0.004562773158047086
0.04448219803105108
-0.016254421065241633
0.024349240233139943
-0.01625442106524163
0.006622038628924687
increment_70
-0.05938405027125053
-0.005744031173675649
0.028852672836451116
-0.0057440311736756495
0.052037064775850586
-0.0185775240401795
0.028852672836451116
-0.018577524040179497
0.0073469854953999965
increment_80
-0.06750194400586466
-0.007048273650233997
0.03343352586962298
-0.007048273650233995
0.05957281683253044
-0.020760909294463992
0.03343352586962298
-0.020760909294463996
0.007929127173334344
increment_90
-0.07542017847268304
-0.008448295665701856
0.03806219031501175
-0.008448295665701856
0.06707816977877142
-0.022797963394533476
0.03806219031501175
-0.022797963394533476
0.00834200869391174
increment_100
-0.08312951560562906
-0.009917792394048492
0.042718376677574756
-0.009917792394048492
0.07454662253128772
-0.024691407850127092
0.042718376677574756
-0.02469140785012709
0.00858289307434131
increment_110
-0.09064531037335014
-0.011433610534161934
0.04739356548313295
-0.011433610534161934
0.08198399184160143
-0.0264533990772817
0.04739356548313295
-0.0264533990772817
0.008661318531748763
increment_120
-0.09801530529170266
-0.012989158429339521
0.0520972997110658
-0.012989158429339521
0.08942081966669199
-0.028111799562991632
0.0520972997110658
-0.028111799562991632
0.008594485625010645
