inc
eps_11
eps_12
eps_13
eps_21
eps_22
eps_23
eps_31
eps_32
eps_33
increment_0
1.1102230246251564e-16
0.0
0.0
0.0
2.854853268948183e-17
-4.8523243011883015e-17
0.0
-4.852324301188302e-17
8.24737697730338e-17
increment_10
-0.00472672711100221
6.532019238904921e-05
0.0023656379752002095
6.53201923890492e-05
0.004627350034057318
0.0006943779954815155
0.0023656379752002095
0.0006943779954815154
9.937707694478386e-05
increment_20
-0.010706587801443892
0.00039230691355035
0.005391267487637301
0.00039230691355035
0.010113193636964956
0.0017044190972442226
0.005391267487637301
0.0017044190972442226
0.0005933941644790645
increment_30
-0.016820892370969457
0.0008300064844009767
0.00850986711548597
0.0008300064844009767
0.015611027587792108
0.002649089864776632
0.00850986711548597
0.002649089864776632
0.0012098647831773276
increment_40
-0.023004373726501454
0.0013328298554654316
0.011696485240752012
0.0013328298554654316
0.021127064936154297
0.003528677497184953
0.01169648524075201
0.003528677497184953
0.0018773087903471554
increment_50
-0.029248194832410812
0.0018910129178781908
0.01494077953283207
0.0018910129178781908
0.026652833641790743
0.004341926914462608
0.014940779532832068
0.0043419269144626075
0.0025953611906199625
increment_60
-0.03554325533460887
0.0024945118755524015
0.018232889765419917
0.0024945118755524015
0.03218035722028039
0.005087248787111892
0.01823288976541992
0.005087248787111893
0.003362898114328497
increment_70
-0.041880959247678644
0.003135271130739759
0.02156363466542621
0.0031352711307397595
0.037703673959727964
0.005761362732048048
0.02156363466542621
0.005761362732048049
0.004177285287950707
increment_80
-0.0482564170073132
0.003808499148377092
0.024929400820411268
0.0038084991483770913
0.043220784971997814
0.006364722559809938
0.024929400820411268
0.006364722559809938
0.005035632035315369
increment_90
-0.05466728111462512
0.004510643874936388
0.028329993272513773
0.004510643874936388
0.04873321899791532
0.006902186520207419
0.028329993272513773
0.006902186520207419
0.005934062116709786
increment_100
-0.06111226640730463
0.005238040693872458
0.03176488144037444
0.005238040693872457
0.05424061599358532
0.0073783362328589544
0.03176488144037444
0.0073783362328589544
0.00687165041371929
increment_110
-0.06758570966547063
0.0059854832718728955
0.03523302050879484
0.0059854832718728955
0.059736608212915474
0.007789841146714069
0.03523302050879484
0.007789841146714068
0.007849101452555247
increment_120
-0.07409254721401456
0.006749575443781217
0.03874151917791564
0.006749575443781217
0.06522365578554942
0.008132011161542187
0.03874151917791564
0.008132011161542189
0.008868891428465076
