inc
eps_11
eps_12
eps_13
eps_21
eps_22
eps_23
eps_31
eps_32
eps_33
increment_0
0.0
0.0
0.0
0.0
1.0997083706293631e-16
-1.075316372675776e-17
0.0
-1.075316372675776e-17
1.0514653995793767e-18
increment_10
0.003597051149674111
0.0005395880204090576
0.0003503894576298989
0.0005395880204090575
-0.003808251237229704
-0.0020797863934096353
0.0003503894576298989
-0.0020797863934096353
0.0002112000875555571
increment_20
0.008092013169635945
0.0013260225258976373
0.0001280209708714001
0.0013260225258976373
-0.00824186834348003
-0.004727815690382935
0.00012802097087140002
-0.004727815690382935
0.00014985517384418547
increment_30
0.012745633520430736
0.0021518125758443717
-0.0002919212313250096
0.0021518125758443717
-0.012757754609693332
-0.00747439484335141
-0.0002919212313250096
-0.00747439484335141
1.2121089262663133e-05
increment_40
0.01755384656693037
0.0030038139519171503
-0.0008923346403401098
0.0030038139519171503
-0.017384960101242308
-0.010287985994660692
-0.0008923346403401099
-0.010287985994660692
-0.00016888646568808153
increment_50
0.022490181157149174
0.0038723139318586654
-0.0016283651752662578
0.0038723139318586654
-0.02211927522073526
-0.013135921165058826
-0.0016283651752662582
-0.013135921165058826
-0.0003709059364138753
increment_60
0.027531998272491087
0.00476000568885314
-0.002461415624109464
0.004760005688853141
-0.02696557731678813
-0.01601543290101574
-0.002461415624109464
-0.01601543290101574
-0.0005664209557029517
increment_70
0.03267584453614352
0.005670566769256237
-0.003380620748131732
0.005670566769256238
-0.03194250788519065
-0.018942131703494493
-0.0033806207481317328
-0.018942131703494493
-0.0007333366509527949
increment_80
0.0379164411713114
0.0066125683727242274
-0.004379359740299116
0.006612568372724228
-0.03704431117444477
-0.021929018381911698
-0.004379359740299116
-0.021929018381911698
-0.0008721299968666245
increment_90
0.043246910199193675
0.007596572395454036
-0.005452611303959578
0.007596572395454036
-0.04225404469708748
-0.024982861030882937
-0.005452611303959579
-0.024982861030882937
-0.0009928655021062115
increment_100
0.04866396902023656
0.008634134494851379
-0.0066038170352645045
0.008634134494851377
-0.047563060271594036
-0.028108180756450687
-0.0066038170352645045
-0.028108180756450687
-0.00110090874864246
increment_110
0.05416950809445767
0.009733227720783428
-0.0078317578408802
0.009733227720783428
-0.05297634766057743
-0.031312207159831504
-0.007831757840880199
-0.031312207159831504
-0.0011931604338801752
increment_120
0.059762565676053765
0.010901239312810276
-0.009114619487705146
0.010901239312810276
-0.05849752258709197
-0.034606183049137304
-0.009114619487705145
-0.034606183049137304
-0.0012650430889618155
