inc
eps_11
eps_12
eps_13
eps_21
eps_22
eps_23
eps_31
eps_32
eps_33
increment_0
1.6300677174287546e-16
-6.200262542618535e-17
-9.51656404597699e-17
-6.200262542618538e-17
3.1280568122529696e-16
-2.015024524770837e-16
-9.51656404597699e-17
-2.015024524770837e-16
1.3481021057566338e-16
increment_10
0.0067374415763892526
-0.00019715815268040774
0.0012193935834582956
-0.00019715815268040774
-0.0010208169572259135
0.00420831439305283
0.0012193935834582956
0.00420831439305283
-0.0057166246191631956
increment_20
0.014394807853952545
-0.0003680844269708482
0.003136979131852349
-0.0003680844269708482
-0.0018519103142059794
0.009929317521229494
0.003136979131852349
0.009929317521229494
-0.012542897539746594
increment_30
0.022009424514788947
-0.0005050385477706131
0.004979500629321485
-0.0005050385477706129
-0.002557167541519474
0.015739085665832684
0.004979500629321485
0.015739085665832684
-0.019452256973269428
increment_40
0.029639657241352917
-0.0005985018265899612
0.006737971571449044
-0.0005985018265899611
-0.003164236501516609
0.02158976838105336
0.006737971571449044
0.02158976838105336
-0.02647542073983645
increment_50
0.03729289643734769
-0.0006605635474586793
0.008425290697339577
-0.0006605635474586801
-0.0036969451104763417
0.027472736049249602
0.008425290697339577
0.027472736049249602
-0.03359595132687136
increment_60
0.04494662970653017
-0.0007081788974553623
0.010049220467840498
-0.0007081788974553628
-0.004166811450464939
0.033379323953756965
0.010049220467840498
0.03337932395375696
-0.04077981825606521
increment_70
0.05257349452476755
-0.0007487409003548753
0.011609960312840392
-0.000748740900354875
-0.004575011166781681
0.039313212165823654
0.011609960312840393
0.039313212165823654
-0.04799848335798585
increment_80
0.06017019239923531
-0.0007813470911918299
0.013110822552547597
-0.0007813470911918295
-0.004930735367996781
0.045285952377877345
0.013110822552547597
0.045285952377877345
-0.05523945703123857
increment_90
0.06773859482027487
-0.0008057104168053878
0.014562265247147264
-0.0008057104168053889
-0.005239834356111767
0.05130450268175758
0.014562265247147264
0.05130450268175758
-0.0624987604641631
increment_100
0.07526174702367679
-0.0008279926226306534
0.0159723039438572
-0.000827992622630655
-0.00549422193698154
0.05736153742538657
0.0159723039438572
0.05736153742538657
-0.06976752508669516
increment_110
0.08272692915140321
-0.0008548978022802617
0.017352620078984207
-0.0008548978022802612
-0.005682712621409711
0.06345361681625106
0.017352620078984207
0.06345361681625106
-0.0770442165299934
increment_120
0.090147746118674
-0.0008969960866708378
0.018715001426062527
-0.000896996086670837
-0.00581232648811252
0.06958318609712125
0.018715001426062527
0.06958318609712125
-0.08433541963056147
