inc
Fp11
Fp12
Fp13
Fp21
Fp22
Fp23
Fp31
Fp32
Fp33
increment_0
0.23069722672068682
0.9729486726584388
0.0122339672864883
0.9104390896894426
-0.21140489226812567
-0.35553992109264093
-0.3433357737679593
0.09316035582416496
-0.934581026211142
increment_10
0.2303096113686529
0.9696640290904326
0.011637163664388377
0.909942651862642
-0.2113285761798382
-0.35559100843599023
-0.34152894992289023
0.09218937570028854
-0.939360235775398
increment_20
0.23019923789416608
0.9661810099611208
0.010606811989247067
0.9089468888504174
-0.21115633793783867
-0.35585897108868436
-0.33955783514272053
0.09088891074807881
-0.9448409140019532
increment_30
0.2301266053112884
0.9627364552712465
0.00960262643409928
0.9079030745678685
-0.21098055157245665
-0.35615399441957935
-0.3376051926183007
0.08961928157114404
-0.9503388371880673
increment_40
0.2300852985678207
0.9593305611690003
0.008631649779434081
0.9068478060993636
-0.21082312440180986
-0.35644994641947003
-0.33566736328877383
0.08837231533402912
-0.9558251018393112
increment_50
0.23007162282498322
0.9559656057084851
0.007684322257349547
0.9057884575586558
-0.21068540666629476
-0.3567513056847334
-0.3337405848934906
0.08714083952064773
-0.9612895690213812
increment_60
0.23007909205366492
0.9526394492381323
0.006750586085995153
0.9047352832982934
-0.21056688436640875
-0.3570662149657489
-0.3318194115671696
0.08591875941858053
-0.9667240716058461
increment_70
0.23009836997308294
0.949350379845323
0.0058268195160219634
0.9036897874418005
-0.2104624527798673
-0.3574016404402739
-0.3298977615490271
0.08470769295413542
-0.9721306099132884
increment_80
0.23011938898334666
0.9460969482010856
0.004917504874953062
0.9026462335349467
-0.21036578858810534
-0.35776025846831516
-0.32797022195148495
0.08351420154820838
-0.9775199806510545
increment_90
0.2301336300562115
0.9428786159690596
0.0040393000115774525
0.9015950158497452
-0.21027322499376344
-0.35814147148950043
-0.32603330069622544
0.08235013128404939
-0.9829053212836809
increment_100
0.23013632471632534
0.9396950383579528
0.003207546645730295
0.9005341348103393
-0.21018540041226141
-0.35854192236767457
-0.32408883151483947
0.08122669603412105
-0.9882887215704647
increment_110
0.23013114688611758
0.9365431923676242
0.0024207586425518254
0.899465055409104
-0.2101053523263288
-0.3589569713207209
-0.32214365271919043
0.08014577701056427
-0.9936680243595601
increment_120
0.23012623830955145
0.9334186515977398
0.001666047524440368
0.8983851763251542
-0.21003468346751503
-0.35938378604904436
-0.3202045098036096
0.07910197712729498
-0.9990462365109022
