inc
Fp11
Fp12
Fp13
Fp21
Fp22
Fp23
Fp31
Fp32
Fp33
increment_0
-0.2603744754408862
-0.9608882060681005
0.09433444746279475
-0.5701562046106106
0.07417247742059586
-0.8181811204967485
0.7791835694384905
-0.26681885059440336
-0.5671689925274253
increment_10
-0.25970248888876063
-0.9569932938665469
0.09831789300167523
-0.5700280896168439
0.07279137352350148
-0.8205787358774737
0.7787629694702374
-0.2687083273865637
-0.5699616216539463
increment_20
-0.25846270569228197
-0.9528534155571105
0.10334480221739088
-0.5698106175801445
0.0713081642855763
-0.8230505929640247
0.777782294385046
-0.2705732403930751
-0.5740579198559311
increment_30
-0.25726337303822516
-0.9487587750614224
0.10842063987576132
-0.5695958087545648
0.06979290076916725
-0.8254741590403228
0.7768079488289328
-0.27242850340258656
-0.578139785559149
increment_40
-0.2561419345204118
-0.9446857827261088
0.11351693156241344
-0.5693735366136445
0.06829442469489827
-0.8278340034908778
0.7758645224098394
-0.2743433104068722
-0.5821919775858849
increment_50
-0.2550904550264869
-0.940631067214347
0.1186355651376562
-0.5691433232532814
0.06682271059695738
-0.8301426784480138
0.7749425336063918
-0.27631939400572963
-0.586214889886358
increment_60
-0.2541098808916219
-0.9365923355136844
0.12377008342024164
-0.5689084979087025
0.0653782197472339
-0.8324157885477605
0.7740401362566405
-0.2783476855871091
-0.5901920410407349
increment_70
-0.2532137492316778
-0.9325710657276135
0.12888303682919397
-0.5686705564205647
0.0639655732024278
-0.834664079379991
0.7731697488284022
-0.280415486697435
-0.5940904417213844
increment_80
-0.2524150457438509
-0.928567892517419
0.1339330581904398
-0.568427455446878
0.06259422204082661
-0.8368924348792307
0.7723448622298632
-0.2825142722778147
-0.5978879215812434
increment_90
-0.25171910253794544
-0.9245811437628382
0.1388940587987541
-0.5681736838851482
0.061277839362549644
-0.8390963114764081
0.7715721590488085
-0.28464483222208264
-0.601589582594939
increment_100
-0.2511231634425284
-0.920611669228167
0.14375164006212526
-0.5679040170534997
0.06002493510542405
-0.8412725711326663
0.770851808981986
-0.28680449009655884
-0.6052076802018751
increment_110
-0.25061862276308217
-0.9166616191904211
0.14849673567282262
-0.5676152494079778
0.058833693485053275
-0.8434263529396614
0.770181706408103
-0.28898341122648163
-0.6087480738788554
increment_120
-0.25018348087599385
-0.9127344054883515
0.15311929295625326
-0.5673054389375961
0.05769435494666299
-0.8455811354007615
0.7695533342648223
-0.29115897023852355
-0.6122100741758664
