inc
Fp11
Fp12
Fp13
Fp21
Fp22
Fp23
Fp31
Fp32
Fp33
increment_0
-0.8342157415854484
0.3406855641381502
-0.4336097818072271
-0.2312462923020623
-0.9299740512540028
-0.28578561246284934
-0.5006088780551039
-0.1381362022863198
0.8545812663698656
increment_10
-0.8396135511092173
0.3423317140538027
-0.4319269069424082
-0.23214895739266608
-0.9258753563567197
-0.28449749997666185
-0.5011786793487804
-0.1379390655861292
0.8538757667390632
increment_20
-0.8460173502430659
0.3434323660223197
-0.4303750914467699
-0.23252915193107856
-0.9215020196600351
-0.2838020887669806
-0.5022026314498361
-0.13763174917573853
0.8523953657888119
increment_30
-0.8524376153020794
0.34462766966322184
-0.42875533494761287
-0.23306642771121863
-0.9171218242623745
-0.2831841435317633
-0.5032418304413842
-0.1373615347214246
0.8508785499756218
increment_40
-0.8588136336182858
0.34589077984375766
-0.4270714707755596
-0.23370550352807165
-0.9127464565266916
-0.28259359192366035
-0.5042801144678881
-0.13710629402041186
0.849418039926904
increment_50
-0.8651239480591804
0.3471962873476842
-0.4253377238128257
-0.23441270612343526
-0.9083863292250497
-0.28200653548055116
-0.5053108497240605
-0.13685173599864645
0.8480418976236376
increment_60
-0.8713895452551871
0.34853351724424386
-0.4235762698619626
-0.23518517267203504
-0.9040421572026901
-0.28141110588644686
-0.5063335885828975
-0.13659346845383347
0.8467229402749054
increment_70
-0.8776384845154217
0.34991590879192896
-0.4218047534894409
-0.23606295481179948
-0.8997071884663601
-0.2808054397219235
-0.5073551394551183
-0.13633606755888142
0.845411267619141
increment_80
-0.8838735151117653
0.3513602648155719
-0.4200300343876355
-0.23708813005703938
-0.8953776947866844
-0.2801883059184329
-0.5083842158458824
-0.13608002555265905
0.8440821180308979
increment_90
-0.8901021906666948
0.35287621552875703
-0.41825772081927476
-0.23828439928776451
-0.8910516987977137
-0.2795629435995435
-0.5094309173093027
-0.13582495685002532
0.8427127613941483
increment_100
-0.8963371571059087
0.3544831852580685
-0.41648955561177153
-0.23968640410126654
-0.8867234102000892
-0.27893047389153847
-0.510509426167607
-0.13557165631500745
0.8412749548051679
increment_110
-0.9025890399938691
0.3562022179929625
-0.41472669838622866
-0.24133305531295676
-0.8823840272532335
-0.27829024371346706
-0.5116366883431559
-0.1353205409254594
0.8397437212367738
increment_120
-0.9088602364228348
0.35803463310651434
-0.41297290319039764
-0.2432278359959936
-0.8780292997390715
-0.277642273622835
-0.512823529044757
-0.13507051653893215
0.8381145915264262
