inc
Fp11
Fp12
Fp13
Fp21
Fp22
Fp23
Fp31
Fp32
Fp33
increment_0
-0.9594030129712089
0.1260239518494143
0.2523169083950246
-0.12462991545746248
-0.9919688916862962
0.021566225903636195
0.2530083849891787
-0.010755532851393924
0.9674042979221512
increment_10
-0.9663827469182372
0.1258076521096045
0.2531598574460486
-0.12687363374812408
-0.9886182251398983
0.01997164912433263
0.2544368457512178
-0.008553554620792504
0.9631683811893189
increment_20
-0.9747517132780511
0.12507909829391298
0.2541817853375639
-0.12916068735000352
-0.9849872867576632
0.018406051586465952
0.25586545205820277
-0.006087466575640444
0.9579800410293018
increment_30
-0.9830854421301097
0.12441027581060422
0.2550957958594088
-0.13148825053878885
-0.9813633900983411
0.016861959380937035
0.2572780239931734
-0.003706064404341564
0.9529553496561369
increment_40
-0.9913830555636403
0.12378385605607106
0.2559504658351636
-0.1338438372700816
-0.9777562684864991
0.015334431206649039
0.258693666947501
-0.001392397266423327
0.948067796651753
increment_50
-0.9996590791778351
0.12318002578011758
0.2567603893380265
-0.13621232621406104
-0.974175673699875
0.01383053460307958
0.26010577418604897
0.0008559510169490749
0.9432926503285602
increment_60
-1.0079200339477994
0.1225905168005379
0.25752931321287825
-0.1385856908922274
-0.9706261334072851
0.012354580482781036
0.2615084093395686
0.0030377458642138165
0.9386186543442472
increment_70
-1.0161653570615041
0.12201791663607532
0.2582525187883009
-0.14096314910969218
-0.9671078876146835
0.010909012248396983
0.2628977217375245
0.005149769411561674
0.9340446728560294
increment_80
-1.0243877049122025
0.12147018814521277
0.2589226912386906
-0.14334861750207986
-0.9636205125639274
0.009494773522682859
0.2642715759592063
0.007188189884903093
0.9295751408487047
increment_90
-1.0325783024042186
0.12095287477969058
0.25953624475054793
-0.14574660875977538
-0.9601645584163819
0.008112146895198796
0.26563001348985177
0.009150171870232194
0.9252132656959013
increment_100
-1.0407328160945646
0.12046921955985454
0.26009391650248026
-0.14816129830041125
-0.9567404072786616
0.006761422262398617
0.2669758144675188
0.011037516552779408
0.920956801348751
increment_110
-1.0488492522314097
0.12001868487845548
0.2605984263644852
-0.15059507855833817
-0.9533489882220494
0.005443304818384352
0.26831156973580245
0.01285194341623332
0.9168010672692303
increment_120
-1.056927326128578
0.11959855203212084
0.2610539259421425
-0.15304861518697682
-0.9499914098308829
0.004158373455057648
0.2696392028111762
0.014595026097079097
0.9127401726608882
