inc
Fp11
Fp12
Fp13
Fp21
Fp22
Fp23
Fp31
Fp32
Fp33
increment_0
0.8365099836116339
-0.20533222155854214
-0.5080253203413176
-0.21030829552144917
-0.976438178610646
0.048362218584214536
-0.5059856402635623
0.06638646052741713
-0.8599833543189741
increment_10
0.8413857091714244
-0.20953083877444798
-0.5076132909599157
-0.21478141343142781
-0.9719044759270307
0.04708357102955296
-0.5064906766649758
0.06549413402023466
-0.8583931958639673
increment_20
0.8471910303724608
-0.21428939118556298
-0.5070671959004236
-0.2200943231435802
-0.9671292180157157
0.0456928522815559
-0.5072142652989526
0.06421359374015399
-0.8558653688270841
increment_30
0.8529482840058965
-0.2190227089261873
-0.5062961966972064
-0.2255247330143258
-0.9623762267665732
0.04430034378517897
-0.5080202751937054
0.06303129354835112
-0.8534539414195614
increment_40
0.8586221347906032
-0.2237142243807487
-0.5054865529224795
-0.2309615064852155
-0.9576416975358697
0.0430005911166083
-0.5088628514702536
0.0618688476140619
-0.8511428867456039
increment_50
0.8642395850595906
-0.22834372529711322
-0.5046852070009387
-0.23638565972031358
-0.9529346241124741
0.04177481291249779
-0.5097432232202264
0.06070565470459922
-0.8488786948861304
increment_60
0.8698215161317548
-0.23291081126668667
-0.5039154827294214
-0.24179679817527824
-0.948255486862046
0.040611200711419985
-0.5106650469777709
0.05953461881112887
-0.8466265279341201
increment_70
0.8753868543306269
-0.23741787453680185
-0.5031900046296478
-0.24719266836574877
-0.9436062568350055
0.03949303628087618
-0.5116250176168131
0.058349427031970685
-0.8443635226466414
increment_80
0.8809455548785231
-0.241852214821907
-0.5025238900367043
-0.2525584127997625
-0.9389930277217838
0.038395438980744725
-0.5126182726037107
0.05714785945964643
-0.8420786287581533
increment_90
0.8864958889610439
-0.24619276761487913
-0.5019336451746436
-0.2578737450038399
-0.9344232411918854
0.03729989301542546
-0.5136429675421884
0.055932145293603956
-0.8397710010228328
increment_100
0.8920346139955309
-0.2504201662438454
-0.5014357465808164
-0.2631235329298919
-0.9299034735484941
0.03619781423129712
-0.5147018166330419
0.054702309639744026
-0.8374377556339654
increment_110
0.8975602789679014
-0.2545217139368641
-0.5010429062333073
-0.26829983626793374
-0.9254387829068182
0.0350862595593499
-0.5157998054771318
0.05345817053906999
-0.8350730102804942
increment_120
0.9030705442590563
-0.25849014776402784
-0.5007645655483756
-0.27340017016972384
-0.9210307342854236
0.03396500410250355
-0.5169444197256876
0.05220434494106688
-0.8326723919154723
