inc
Fp11
Fp12
Fp13
Fp21
Fp22
Fp23
Fp31
Fp32
Fp33
increment_0
-0.32456943911014785
-0.8840078926825771
-0.3364293757546049
-0.9160894678103384
0.38233420535124285
-0.12083311791642294
0.23544588797151392
0.2689806704827367
-0.933924318531198
increment_10
-0.32541111588331806
-0.8815725869015869
-0.334406219868279
-0.9278385726727031
0.3806858723868665
-0.12606125150327532
0.23870776752606607
0.26863823787393115
-0.9245278217534995
increment_20
-0.326523929625095
-0.878411162329525
-0.33181413288980705
-0.9414824293937194
0.3788453633889021
-0.13145612244942043
0.24222628161412432
0.2678773294696885
-0.9144815291648903
increment_30
-0.32764225514797046
-0.8752856280002217
-0.32928810637819794
-0.9550039898036669
0.3770221135055616
-0.13679130585626773
0.2457739526803401
0.2671018520284691
-0.904775388826396
increment_40
-0.32875013838897316
-0.8722167420918734
-0.3268484102190568
-0.9684504289757233
0.37518213256229094
-0.14213508084858162
0.24936716215649146
0.26631831891195734
-0.8953230321164383
increment_50
-0.3298473019285621
-0.8692130446885276
-0.3244989688296705
-0.9818326414274998
0.37331430304993196
-0.1474960374681112
0.25299170864828224
0.2655210058805401
-0.8860960983469339
increment_60
-0.3309409051201828
-0.8662766726501366
-0.3222363262096688
-0.9951691481719787
0.3714157183797368
-0.15286988749680336
0.2566263260068816
0.2647038533838236
-0.8770688217602128
increment_70
-0.33203648987346673
-0.8634028105876704
-0.3200541422714477
-1.008479533212643
0.36949288467806074
-0.15824315811339124
0.2602537694009451
0.263867148545896
-0.8682202215373901
increment_80
-0.3331362376547166
-0.860587957949497
-0.3179488877621416
-1.0217342088396495
0.3675589747823246
-0.1635742217894543
0.26384470940002896
0.2630077881335834
-0.8595768971038701
increment_90
-0.3342413852496805
-0.8578286338111983
-0.315918666598167
-1.0349006469309379
0.3656259781044087
-0.1688283549568641
0.2673792842334634
0.26212496174125965
-0.8511634454511505
increment_100
-0.33535352424503156
-0.8551229310041828
-0.31396439433966156
-1.0479808484431892
0.3636968478514794
-0.17400743567772492
0.2708636261814535
0.26122370037630804
-0.8429636722762686
increment_110
-0.3364764804956187
-0.8524678738706307
-0.31208710275690255
-1.0610047200375659
0.3617704652483601
-0.17913607471347417
0.2743223453802362
0.2603131987404824
-0.8349337751609074
increment_120
-0.337616360299238
-0.8498599853765787
-0.31028473144543073
-1.0739907395613446
0.3598500056391967
-0.18423668123565876
0.27778357633291345
0.25940290547572986
-0.8270404254370785
