inc
Fp11
Fp12
Fp13
Fp21
Fp22
Fp23
Fp31
Fp32
Fp33
increment_0
-0.9436763448922577
-0.026536107314063518
0.32980417083385233
-0.1286142882473614
-0.8889704243525894
-0.4395337865113466
0.3048496694264454
-0.45719516580448866
0.8354874382153169
increment_10
-0.9540111574488753
-0.0281754664160405
0.32429825151234254
-0.12226381450563828
-0.8850563418000224
-0.4343731221686131
0.30403319038573123
-0.4573206135696734
0.8340610609744906
increment_20
-0.9668559209243935
-0.03071841988697547
0.3175617172639803
-0.11407664904783843
-0.8806863390559629
-0.4280046581510027
0.3029263300970378
-0.45753614925824376
0.8318273221761451
increment_30
-0.9799904116249448
-0.03330914570557111
0.3107685346076536
-0.10581106808719325
-0.8763098310442019
-0.4216458550435971
0.3016581221681742
-0.45783040997849933
0.8294366781484042
increment_40
-0.9933747482531926
-0.03589964983584127
0.3039866178318544
-0.09753453161891998
-0.8719199611685909
-0.4153290459037766
0.30024789144922764
-0.45821612818283985
0.8268869553621252
increment_50
-1.006984620540009
-0.03845983334119795
0.2972379344204093
-0.08925347692694457
-0.867531759068266
-0.4090474553486479
0.2987358534067825
-0.45866775075435623
0.8241952304268818
increment_60
-1.020779051983216
-0.0409624579463946
0.2905512006878766
-0.08097834520832155
-0.8631613631503491
-0.4028029414088082
0.29717146236641506
-0.4591563687923222
0.8213858522989145
increment_70
-1.034707626448401
-0.04336621678063228
0.28400154074072553
-0.07273311681562727
-0.8588248064567214
-0.3966129316730232
0.29561826135042063
-0.4596554093539023
0.8184637241483286
increment_80
-1.0487131986856189
-0.04562077843642147
0.2776991781550451
-0.06455476060286006
-0.8545410283420471
-0.390506081242119
0.29414850607240267
-0.4601386344679509
0.8154192483801096
increment_90
-1.0627339234511093
-0.04768709144994057
0.27172743604871546
-0.056486015234610124
-0.8503258025682964
-0.3845132276014023
0.2928166976901649
-0.46058621517294773
0.8122602388505884
increment_100
-1.076732649771747
-0.049551660233927375
0.2661141934924329
-0.04855174674057097
-0.846187720108139
-0.3786510238351788
0.2916428498633945
-0.460988404885098
0.8090064223667212
increment_110
-1.0906990060908397
-0.051225977813840126
0.26084510130415817
-0.040750195213775604
-0.8421296088509598
-0.3729167935067647
0.2906245619242424
-0.46134322427385344
0.8056816277425295
increment_120
-1.1046261728120204
-0.05272770000482047
0.25589759246244287
-0.03307533767762857
-0.8381525140495398
-0.3673023416679283
0.28975288813706007
-0.46165081631026644
0.8023107992090838
