inc
Fp11
Fp12
Fp13
Fp21
Fp22
Fp23
Fp31
Fp32
Fp33
increment_0
0.8433424803167985
0.4740242524402617
0.2531293522915926
-0.4982374334064384
0.8662145784684286
0.03783865749901163
-0.2013278938589362
-0.1580294660726716
0.9666921780003762
increment_10
0.8523249953361087
0.47001558153924505
0.2607507880398089
-0.4988055017911285
0.8660696623592479
0.037547166049982844
-0.2087434281671
-0.15438073864324645
0.9577493316780554
increment_20
0.8627308469754182
0.4650831336803092
0.2696969242783749
-0.49967279706470386
0.8653100623067105
0.037453342602410004
-0.21793873519847662
-0.15022702483943912
0.947823676353244
increment_30
0.872891561355923
0.460239920449948
0.2783590237996797
-0.5005375140622741
0.8643704095143937
0.037460540216359466
-0.2268963520764088
-0.14628535458258998
0.9383627311357662
increment_40
0.8828881334765069
0.4555144552499022
0.2867763308664213
-0.5013617801166826
0.8633244533238419
0.03756941030340538
-0.2355890160617485
-0.14258913675526247
0.9292216969135424
increment_50
0.8927483677498732
0.45090612060337787
0.29499144310820014
-0.5021621416645676
0.8621937602159513
0.03775643210064821
-0.24404635674288974
-0.13912438793321255
0.920331391007028
increment_60
0.9024784203846296
0.44641472662550785
0.3030339813075884
-0.5029608030572019
0.8609914197188623
0.03799435380141468
-0.2523030080850689
-0.13586748519955272
0.9116512840605369
increment_70
0.9120771904148108
0.4420423137940106
0.31091119810583223
-0.5037770451332966
0.859723683125251
0.03826196468993949
-0.2603755758690425
-0.13280232808492873
0.9031637312435132
increment_80
0.9215379146429434
0.43779252321564754
0.31861889031416374
-0.5046280601060591
0.8583957123896961
0.038544025768182964
-0.26827494795702206
-0.129916054719758
0.8948619208462328
increment_90
0.9308515956645382
0.4336699859619745
0.32615263118539084
-0.5055227323502545
0.8570112096765826
0.038833708084737545
-0.27600989243367235
-0.1271952193863805
0.8867464376693379
increment_100
0.9400119644479714
0.42967692732660634
0.3335168666454672
-0.506461444012059
0.8555751682496591
0.03912906678184938
-0.2835920028189903
-0.12462555587623497
0.8788157677654096
increment_110
0.9490208017623146
0.42581502867158727
0.3407202454760493
-0.5074420047122532
0.854092249903999
0.03942820471854572
-0.29103059622318905
-0.12219128285664885
0.8710627887905739
increment_120
0.9578850228947386
0.4220877851692677
0.3477683427471608
-0.5084636624166774
0.8525658619621638
0.03972633971342075
-0.29832884635896895
-0.1198731649746857
0.8634789288781703
