inc
quat_01
quat_02
quat_03
quat_04
increment_0
[0.18677938  0.18677938  0.18677938  0.18677938  0.18677938  0.18677938 
  0.18677938  0.18677938  0.18677938  0.18677938  0.18677938  0.18677938 
  0.18677938  0.18677938]
[-0.46529182  -0.46529182  -0.46529182  -0.46529182  -0.46529182  -0.46529182 
  -0.46529182  -0.46529182  -0.46529182  -0.46529182  -0.46529182  -0.46529182 
  -0.46529182  -0.46529182]
[0.53193128  0.53193128  0.53193128  0.53193128  0.53193128  0.53193128 
  0.53193128  0.53193128  0.53193128  0.53193128  0.53193128  0.53193128 
  0.53193128  0.53193128]
[-0.68239732  -0.68239732  -0.68239732  -0.68239732  -0.68239732  -0.68239732 
  -0.68239732  -0.68239732  -0.68239732  -0.68239732  -0.68239732  -0.68239732 
  -0.68239732  -0.68239732]
increment_10
[0.1872332    0.18870644  0.18916681  0.18640056  0.18706265  0.1866148 
  0.18663564  0.18559278  0.18760679  0.18699659  0.18626739  0.18628832 
  0.18562809  0.1862486  ]
[-0.46401824  -0.46020174  -0.46066037  -0.46631072  -0.46185012  -0.46052558 
  -0.46213312  -0.46094031  -0.46719        -0.46273864  -0.46055713  -0.46100918 
  -0.46534814  -0.46281964]
[0.53383643  0.53494687  0.53493851  0.53505467  0.53512877  0.53544246 
  0.53556211  0.53475849  0.53568484  0.53573212  0.53566657  0.53572078 
  0.53631112  0.53572782]
[-0.68165202  -0.68296126  -0.68253112  -0.67935678  -0.68215778  -0.68292933 
  -0.68174287  -0.68346376  -0.67792252  -0.68109935  -0.68282715  -0.68247377 
  -0.67923759  -0.68125262]
increment_20
[0.18722137  0.1913674    0.19223953  0.18623541  0.18751062  0.1866772 
  0.18699322  0.18438832  0.18926377  0.18706239  0.18578766  0.18582226 
  0.18407016  0.18580512]
[-0.46310525  -0.45437915  -0.45537616  -0.46907335  -0.45870165  -0.45476701 
  -0.45863417  -0.45595665  -0.46923413  -0.45986042  -0.45505022  -0.45599584 
  -0.46568656  -0.45981873]
[0.53545803  0.53833729  0.53826643  0.53793053  0.53839992  0.53937453 
  0.53957769  0.53764514  0.5398648    0.54006125  0.53991472  0.53995639 
  0.54120559  0.53975846]
[-0.68100395  -0.68345524  -0.6826022    -0.67521649  -0.68158499  -0.68367661 
  -0.68084077  -0.68486654  -0.67271432  -0.67961011  -0.68330398  -0.68263093 
  -0.67553735  -0.68022349]
increment_30
[0.18726819  0.19421941  0.19548661  0.18642366  0.1880762    0.1869173 
  0.18762531  0.18367034  0.19103553  0.18719362  0.18538863  0.18512909 
  0.18276493  0.18547647]
[-0.46195111  -0.44818396  -0.45064042  -0.47195347  -0.45564832  -0.4491348 
  -0.45499731  -0.4507075    -0.47093009  -0.45687297  -0.44938066  -0.45123723 
  -0.46623438  -0.45665542]
[0.53712476  0.54172222  0.54167175  0.54063829  0.54170809  0.5433063 
  0.54364148  0.54097796  0.54410957  0.544418      0.54420633  0.5443708 
  0.54612035  0.54394643]
[-0.68046219  -0.68406652  -0.68212896  -0.67098165  -0.68085556  -0.68422081 
  -0.67987361  -0.68590875  -0.66758898  -0.67811111  -0.68375987  -0.68247536 
  -0.67154676  -0.6791072  ]
increment_40
[0.18769922  0.19723537  0.19880181  0.18716912  0.1889057    0.18750468 
  0.18860535  0.18340682  0.19282752  0.18735444  0.18507803  0.1843222 
  0.18181233  0.18525948]
[-0.46047947  -0.44182527  -0.44649661  -0.47453666  -0.45242996  -0.44366451 
  -0.45118599  -0.44535765  -0.4723841    -0.45358793  -0.44368507  -0.44684745 
  -0.46711785  -0.45355684]
[0.53890702  0.54512153  0.54516257  0.54329452  0.54506971  0.5472474 
  0.54770492  0.5446695    0.54845231  0.5488034    0.54855441  0.54892427 
  0.55103017  0.54826542]
[-0.67993153  -0.68463944  -0.68111407  -0.66679362  -0.68008881  -0.68448819 
  -0.67888036  -0.68655199  -0.6624733    -0.67673565  -0.68408899  -0.68193462 
  -0.66716635  -0.67776851]
increment_50
[0.18868933  0.20046435  0.20215233  0.1885525    0.19014088  0.18844346 
  0.18994079  0.18354607  0.19459153  0.18745313  0.18493601  0.18360596 
  0.18122229  0.18521823]
[-0.45880516  -0.4355508    -0.44293253  -0.47637628  -0.44888703  -0.43829846 
  -0.44723606  -0.44004476  -0.4737261    -0.44995742  -0.43822309  -0.4427827 
  -0.46829134  -0.45076298]
[0.54087677  0.54853303  0.5487353    0.54601802  0.54855198  0.55124339 
  0.55174337  0.54864076  0.55291311  0.55324005  0.55296289  0.55355687 
  0.55593888  0.55267751]
[-0.67922491  -0.68499712  -0.67958427  -0.66285588  -0.67929199  -0.684481 
  -0.67785076  -0.68677854  -0.65727073  -0.67551838  -0.68409885  -0.68103386 
  -0.66241502  -0.67605807]
increment_60
[0.19023144  0.20395708  0.20557162  0.19050478  0.19179821  0.18962269 
  0.19157269  0.18397592  0.19630973  0.18742042  0.18501544  0.18307813 
  0.18097554  0.18543955]
[-0.4570845    -0.42955864  -0.43984265  -0.47713268  -0.44499433  -0.43303596 
  -0.44328307  -0.43482187  -0.47505808  -0.44606135  -0.43313856  -0.43899773 
  -0.46954012  -0.44846274]
[0.54302634  0.55194796  0.55232348  0.54891307  0.55220621  0.55531339 
  0.55575792  0.55279493  0.55749618  0.55775259  0.55741954  0.55823333 
  0.56084497  0.55715685]
[-0.67823901  -0.68500681  -0.6776559    -0.6593533    -0.67842597  -0.68421498 
  -0.67670759  -0.68665899  -0.65190515  -0.67439967  -0.68369857  -0.67980801 
  -0.65744418  -0.67384686]
increment_70
[0.1922192    0.20772207  0.20903065  0.19285638  0.19379916  0.19092915 
  0.19344422  0.18454313  0.19799407  0.1872579    0.18527103  0.18275968 
  0.18103465  0.18595866]
[-0.45537909  -0.42394491  -0.43715983  -0.47679676  -0.44085547  -0.42791823 
  -0.43946827  -0.42969156  -0.47637285  -0.44206324  -0.42844946  -0.43551058 
  -0.47055319  -0.44672921]
[0.54527332  0.55536154  0.55575754  0.55199599  0.55601662  0.55945804 
  0.55977184  0.55706078  0.56218017  0.56235592  0.56192211  0.56294662 
  0.56572839  0.56169138]
[-0.67702191  -0.68461362  -0.67552278  -0.656332      -0.67744657  -0.68369493 
  -0.67535358  -0.68628878  -0.64639052  -0.67325359  -0.68289769  -0.67824814 
  -0.65250099  -0.67108507]
increment_80
[0.19451473  0.21177828  0.2125212    0.19542926  0.19600003  0.19228682 
  0.19552269  0.18509919  0.19970216  0.18706507  0.18564128  0.18262167 
  0.18135918  0.18675353]
[-0.4537541    -0.41864054  -0.43486445  -0.47561323  -0.43676419  -0.42293 
  -0.43586745  -0.42467298  -0.47754951  -0.43814723  -0.42414378  -0.43229025 
  -0.4710614    -0.44552632]
[0.5474474    0.55875863  0.55886801  0.55521429  0.559936      0.56367495 
  0.56381885  0.56142502  0.56692711  0.56704118  0.56647776  0.5676984 
  0.57057975  0.56627878]
[-0.67570155  -0.68387049  -0.67334552  -0.65370984  -0.67623421  -0.68295428 
  -0.67372008  -0.68570628  -0.64082694  -0.67193598  -0.68172012  -0.67638228 
  -0.64780302  -0.66780069]
increment_90
[0.19708433  0.21613676  0.2161233    0.19806796  0.19826912  0.19368263 
  0.19779875  0.18554274  0.20144798  0.18696933  0.18610153  0.18258948 
  0.18191896  0.18776481]
[-0.45229299  -0.41352812  -0.43286946  -0.47400419  -0.43298248  -0.41800987 
  -0.43247908  -0.41979307  -0.47844651  -0.43449375  -0.42020676  -0.42923063 
  -0.47095028  -0.44473763]
[0.54939532  0.56212046  0.56159884  0.55848751  0.56394339  0.56795349 
  0.56791139  0.56589706  0.57163699  0.57178979  0.57109062  0.5724951 
  0.575406      0.57091496]
[-0.67435421  -0.68286162  -0.67120898  -0.65129166  -0.6746728    -0.68204371 
  -0.67179919  -0.68491473  -0.63540444  -0.67030895  -0.68018233  -0.67429334 
  -0.64344329  -0.66408503]
increment_100
[0.19995791  0.22073522  0.21985204  0.20059133  0.2005569    0.1951703 
  0.20029154  0.18584009  0.2030457    0.18711746  0.18663116  0.18256654 
  0.18266666  0.18888347]
[-0.45100223  -0.40850813  -0.43104196  -0.47243916  -0.42954303  -0.41311489 
  -0.42921962  -0.41506507  -0.47912664  -0.43115301  -0.4165759    -0.42623661 
  -0.47035449  -0.44411295]
[0.55108909  0.56545033  0.56396548  0.56173671  0.56803675  0.5722726 
  0.57203407  0.57047191  0.57590297  0.57656222  0.5757596    0.5773525 
  0.58023261  0.57560152]
[-0.67298933  -0.68166193  -0.66918671  -0.64885763  -0.67275847  -0.68099098 
  -0.66964978  -0.68391977  -0.63051239  -0.66833386  -0.67833193  -0.6720535 
  -0.63931969  -0.66012849]
increment_110
[0.20312061  0.22544946  0.22363985  0.20287008  0.20289072  0.19687407 
  0.20301817  0.18605704  0.20432995  0.18764115  0.18720232  0.18248783 
  0.1835533    0.19001134]
[-0.44982146  -0.40352504  -0.42924554  -0.47121227  -0.42634348  -0.40825003 
  -0.42597877  -0.41051651  -0.47978427  -0.42800105  -0.41319721  -0.42324264 
  -0.4695336    -0.44333184]
[0.55257992  0.56877555  0.56598424  0.56487662  0.57220064  0.57660029 
  0.57616441  0.57509228  0.57929409  0.58131303  0.58047545  0.58228434 
  0.58508784  0.58033775]
[-0.67160859  -0.68031938  -0.66737945  -0.6463104    -0.67056173  -0.67978278 
  -0.66735319  -0.68273556  -0.626478      -0.66609388  -0.67621862  -0.669708 
  -0.63523114  -0.65617122]
increment_120
[0.20651599  0.23017764  0.22748749  0.20482133  0.20529331  0.19886419 
  0.20593308  0.18626913  0.20541631  0.18856092  0.18783066  0.1823308 
  0.18457621  0.19115345]
[-0.44871162  -0.39854        -0.427298      -0.47038894  -0.42324225  -0.40345187 
  -0.42265138  -0.40624791  -0.48049971  -0.42486951  -0.41004622  -0.42014728 
  -0.46863607  -0.44223      ]
[0.55393194  0.57211134  0.56772543  0.56778175  0.5764199    0.58092127 
  0.58030205  0.57963553  0.58183603  0.58602305  0.58517987  0.58729144 
  0.58998396  0.58511203]
[-0.6702003    -0.67887608  -0.66584811  -0.64374401  -0.66817719  -0.67838787 
  -0.6649864    -0.68138763  -0.62321024  -0.66370752  -0.67390375  -0.66732339 
  -0.63105529  -0.65233189]
