inc
quat_01
quat_02
quat_03
quat_04
increment_0
[0.56218737  0.56218737  0.56218737  0.56218737  0.56218737  0.56218737 
  0.56218737  0.56218737  0.56218737  0.56218737  0.56218737  0.56218737 
  0.56218737  0.56218737  0.56218737  0.56218737  0.56218737  0.56218737]
[0.00288419  0.00288419  0.00288419  0.00288419  0.00288419  0.00288419 
  0.00288419  0.00288419  0.00288419  0.00288419  0.00288419  0.00288419 
  0.00288419  0.00288419  0.00288419  0.00288419  0.00288419  0.00288419]
[-0.81702337  -0.81702337  -0.81702337  -0.81702337  -0.81702337  -0.81702337 
  -0.81702337  -0.81702337  -0.81702337  -0.81702337  -0.81702337  -0.81702337 
  -0.81702337  -0.81702337  -0.81702337  -0.81702337  -0.81702337  -0.81702337]
[-0.12810093  -0.12810093  -0.12810093  -0.12810093  -0.12810093  -0.12810093 
  -0.12810093  -0.12810093  -0.12810093  -0.12810093  -0.12810093  -0.12810093 
  -0.12810093  -0.12810093  -0.12810093  -0.12810093  -0.12810093  -0.12810093]
increment_10
[0.56781307  0.56552514  0.56476428  0.5639618    0.56517924  0.56693968 
  0.56429104  0.5649696    0.56390781  0.56294886  0.56332373  0.56454791 
  0.56114738  0.5602006    0.56033763  0.56606845  0.56539222  0.56723177]
[  0.00136836    0.00283537    0.00257855    0.00200193    0.00124628    0.00346407 
    0.00076828    0.00053534    0.00077584  -0.00097126    0.00108627    0.00441284 
    0.00143512  -0.00054064    0.00078352  -0.00062072    0.00279982    0.00735471]
[-0.81291203  -0.81441318  -0.81500038  -0.8155689    -0.8148195    -0.81329135 
  -0.81563511  -0.81502923  -0.81575206  -0.81651538  -0.81618936  -0.81485684 
  -0.81794559  -0.81855756  -0.81829673  -0.8144251    -0.8145095    -0.81256121]
[-0.12946227  -0.13001714  -0.12964965  -0.12957799  -0.12899634  -0.13086093 
  -0.12772786  -0.12859402  -0.12866994  -0.12802452  -0.12845282  -0.13143255 
  -0.12679343  -0.12703746  -0.12810771  -0.12758484  -0.12999259  -0.13393395]
increment_20
[0.57421503  0.56894552  0.56735108  0.56613179  0.56882298  0.5726135 
  0.56669464  0.56813873  0.56607629  0.56392152  0.56459811  0.56728769 
  0.56093891  0.55854728  0.55869043  0.56975728  0.56832259  0.57268598]
[  0.0007261      0.00164498    0.00124391    0.00041004  -0.00030917    0.00361226 
  -0.001404      -0.00238258  -0.00229302  -0.00616968  -0.0019982      0.00591444 
  -0.00055623  -0.00451571  -0.00182839  -0.00450614    0.00217703    0.0115651  ]
[-0.80801219  -0.81183264  -0.81316208  -0.81387485  -0.81206987  -0.80889842 
  -0.81400675  -0.81276901  -0.81423132  -0.81572892  -0.81537101  -0.81236894 
  -0.81836825  -0.81983885  -0.81935479  -0.8119772    -0.81215824  -0.80760413]
[-0.13188206  -0.13124808  -0.12991777  -0.130776      -0.13031826  -0.13335695 
  -0.12746851  -0.12891563  -0.12876233  -0.12861098  -0.12804333  -0.13493108 
  -0.12498252  -0.12597147  -0.12852775  -0.12668606  -0.13192305  -0.14025895]
increment_30
[0.58074444  0.57269644  0.56973904  0.56819601  0.57241624  0.57816883 
  0.56910764  0.57118149  0.56811024  0.56504942  0.56587194  0.5699015 
  0.56070455  0.55722588  0.55716694  0.57348951  0.57080968  0.57801257]
[  3.14457344e-05    3.11750920e-04  -4.38809944e-04  -1.64471982e-03 
  -2.34148894e-03    3.35773307e-03  -3.82987089e-03  -5.67481375e-03 
  -6.17159463e-03  -1.16436201e-02  -5.42271969e-03    7.03255254e-03 
  -2.78814778e-03  -8.51306612e-03  -4.58162269e-03  -8.56776228e-03 
    1.12909827e-03    1.50722051e-02]
[-0.80293302  -0.8089856    -0.81152181  -0.81228827  -0.80938284  -0.8045884 
  -0.81239296  -0.81060784  -0.81286947  -0.81478347  -0.81454883  -0.80997937 
  -0.81882666  -0.82084328  -0.82029574  -0.8095446    -0.81014774  -0.80264204]
[-0.13429242  -0.13251791  -0.12972887  -0.1316752    -0.13127676  -0.13545125 
  -0.12696259  -0.12897452  -0.12828054  -0.12927286  -0.1275529    -0.13818914 
  -0.12298595  -0.12507259  -0.12906939  -0.12519551  -0.13355028  -0.14642419]
increment_40
[0.58733969  0.57685461  0.57201934  0.57022503  0.57597379  0.5836062 
  0.57151066  0.57422628  0.5700532    0.56635252  0.56699852  0.57244256 
  0.56025913  0.55614714  0.5556668    0.57728883  0.57294338  0.5831606  ]
[-0.0007729    -0.00107342  -0.00231423  -0.00384732  -0.00487683    0.00271444 
  -0.00665537  -0.00919754  -0.01061348  -0.01741746  -0.00900632    0.00763653 
  -0.00532151  -0.01239956  -0.00756478  -0.012899      -0.00033212    0.01796168]
[-0.79771819  -0.80578787  -0.80997755  -0.81072554  -0.80675337  -0.80033965 
  -0.81083179  -0.80843643  -0.81160086  -0.81366546  -0.81381435  -0.80767669 
  -0.81943506  -0.82163375  -0.821216      -0.80708047  -0.80842284  -0.79773282]
[-0.13666449  -0.13395343  -0.12932475  -0.13248662  -0.131831      -0.13730579 
  -0.12602807  -0.12888024  -0.12739992  -0.12996142  -0.12703453  -0.14110122 
  -0.12086175  -0.12435672  -0.12954327  -0.12325722  -0.13486399  -0.15239239]
increment_50
[0.593938      0.58135676  0.5742775    0.57229588  0.57951764  0.58897091 
  0.57387328  0.57727105  0.57199458  0.56778088  0.56794405  0.57489069 
  0.55960944  0.55529871  0.5542397    0.58121243  0.57480353  0.58809183]
[-0.00171818  -0.00243162  -0.00424442  -0.00608926  -0.00776557    0.00165052 
  -0.00991693  -0.01292147  -0.01539034  -0.02348098  -0.01267045    0.00759411 
  -0.00820891  -0.01614525  -0.01065808  -0.01739978  -0.0022013      0.02030875]
[-0.79241419  -0.80227094  -0.80843523  -0.80911828  -0.80414617  -0.79611834 
  -0.80934188  -0.80624979  -0.81033191  -0.81241667  -0.81318874  -0.80550148 
  -0.82017848  -0.82222561  -0.82207466  -0.80451198  -0.80693121  -0.79291984]
[-0.13897643  -0.13557191  -0.12891788  -0.13329649  -0.13209064  -0.13894653 
  -0.12464686  -0.12865629  -0.12628351  -0.13058585  -0.12650333  -0.14356319 
  -0.11864719  -0.12380515  -0.12999233  -0.12103648  -0.13586049  -0.15815714]
increment_60
[0.60050451  0.58606334  0.57656475  0.57446862  0.58306696  0.59435291 
  0.57617621  0.58026437  0.57398884  0.56931221  0.56880876  0.57723018 
  0.55879965  0.55463977  0.55297024  0.58525424  0.57648897  0.59283178]
[-0.00279359  -0.00378366  -0.00617109  -0.00837691  -0.01082104    0.00021164 
  -0.01361152  -0.01688071  -0.02036435  -0.0297882    -0.01636762    0.00690137 
  -0.01149206  -0.01977958  -0.01374748  -0.02193833  -0.00438458    0.02222963]
[-0.78704335  -0.79853673  -0.80684416  -0.80742111  -0.80152146  -0.79184934 
  -0.80791606  -0.80408079  -0.80900641  -0.81105635  -0.81260008  -0.80347292 
  -0.82101247  -0.82265584  -0.82280774  -0.80182052  -0.80559192  -0.78818836]
[-0.14124198  -0.13731181  -0.12859824  -0.13411482  -0.13220883  -0.14042507 
  -0.12291188  -0.12830581  -0.12502292  -0.13108723  -0.12597541  -0.14556425 
  -0.11640189  -0.12337285  -0.1304697    -0.11865935  -0.13661225  -0.16375416]
increment_70
[0.60704661  0.59088073  0.57891435  0.57678037  0.58661454  0.59981945 
  0.57843407  0.58313943  0.576056      0.57096145  0.56966812  0.57946116 
  0.55782292  0.55410489  0.55189852  0.58936975  0.57805378  0.59736846]
[-0.00396691  -0.0050918    -0.00809566  -0.01081024  -0.01385797  -0.00150814 
  -0.01779492  -0.02102756  -0.02553112  -0.03629195  -0.0200265      0.00563638 
  -0.01519778  -0.02333239  -0.01679791  -0.02642898  -0.00679555    0.02386738]
[-0.78159662  -0.79464921  -0.80519127  -0.80561546  -0.79885941  -0.78747184 
  -0.80651774  -0.80196318  -0.80760483  -0.8095695    -0.81199151  -0.80158554 
  -0.82193084  -0.82297455  -0.82338824  -0.79902507  -0.80435413  -0.7835424  ]
[-0.14347613  -0.13916418  -0.12829519  -0.13487501  -0.13234418  -0.14178313 
  -0.12094003  -0.12791134  -0.12362073  -0.13146537  -0.12548687  -0.14715167 
  -0.11415913  -0.1230295    -0.13098727  -0.11620559  -0.13719358  -0.16924116]
increment_80
[0.61355106  0.59578265  0.58130611  0.57920031  0.59014897  0.60536759 
  0.58068739  0.58592776  0.57818546  0.57270815  0.57052445  0.5815686 
  0.55663601  0.55364008  0.55100918  0.59353272  0.57947561  0.60166773]
[-0.00521845  -0.00635874  -0.00996885  -0.01347794  -0.01685594  -0.00341991 
  -0.02246682  -0.0252751    -0.03089443  -0.04297032  -0.02360735    0.00387456 
  -0.01928681  -0.02681975  -0.01987773  -0.03072932  -0.00944725    0.02526492]
[-0.77608229  -0.79062804  -0.80347857  -0.80373299  -0.79616717  -0.78297229 
  -0.80509069  -0.79985423  -0.80612978  -0.80795957  -0.81135921  -0.79984271 
  -0.82295422  -0.82322153  -0.82382921  -0.79613645  -0.80323429  -0.7790236  ]
[-0.14568506  -0.14110243  -0.12808599  -0.13549401  -0.13250628  -0.1430831 
  -0.11885443  -0.12760504  -0.12207324  -0.13175835  -0.1250631    -0.14837314 
  -0.11194076  -0.12275861  -0.13152639  -0.11376013  -0.13759886  -0.17458481]
increment_90
[0.61999231  0.60074814  0.58370484  0.58168712  0.59365655  0.61097612 
  0.58299601  0.58869697  0.5803357    0.57454541  0.57142003  0.58358052 
  0.55522028  0.55318976  0.55031481  0.59767985  0.58076566  0.60570582]
[-0.00653034  -0.00769166  -0.01173402  -0.01639753  -0.01990177  -0.00545051 
  -0.02757235  -0.02958775  -0.03642487  -0.04980874  -0.02709429    0.00172638 
  -0.0237212    -0.03023907  -0.02305396  -0.03474058  -0.01240949    0.02642816]
[-0.77051873  -0.78650036  -0.80171287  -0.80180618  -0.79346943  -0.77834904 
  -0.80356232  -0.79769508  -0.80460484  -0.80622245  -0.81067103  -0.79820892 
  -0.82408959  -0.82343551  -0.82412315  -0.79319395  -0.80223077  -0.77467308]
[-0.14787757  -0.14303738  -0.12809154  -0.13593404  -0.13259743  -0.1443996 
  -0.11680331  -0.12744805  -0.12039417  -0.13199254  -0.12472983  -0.14930946 
  -0.10974557  -0.12255877  -0.13207255  -0.11142371  -0.13777899  -0.17973211]
increment_100
[0.62635297  0.60575352  0.58608966  0.58425097  0.5971212    0.61661533 
  0.58537014  0.5914858    0.58248683  0.57647771  0.57239839  0.58554624 
  0.55359134  0.55276586  0.54986509  0.60175263  0.58195781  0.60948486]
[-0.00789371  -0.00918187  -0.01338255  -0.01954235  -0.02306879  -0.00754536 
  -0.03307108  -0.03394233  -0.04208928  -0.05682823  -0.03053461  -0.0007089 
  -0.02852392  -0.03361773  -0.02631677  -0.03847569  -0.0156955      0.02739524]
[-0.76492208  -0.7822924    -0.7999072    -0.79982401  -0.79079159  -0.77361699 
  -0.80190428  -0.79545578  -0.80303872  -0.80434887  -0.80989821  -0.79663275 
  -0.82531757  -0.82361083  -0.82422909  -0.79023925  -0.80131701  -0.77049417]
[-0.15004618  -0.14490328  -0.12832881  -0.13620003  -0.13252462  -0.14575788 
  -0.11488093  -0.12744635  -0.11860185  -0.13216241  -0.12446929  -0.15003788 
  -0.10758214  -0.12241305  -0.13267335  -0.10924894  -0.13773094  -0.18470635]
increment_110
[0.63261814  0.61078485  0.58845818  0.58688998  0.60054441  0.62222227 
  0.58776038  0.59428677  0.58466047  0.57849416  0.57345601  0.58747259 
  0.5517601    0.55242711  0.54969044  0.60573011  0.58305974  0.61301762]
[-0.00931723  -0.010854      -0.01494834  -0.02289321  -0.02636345  -0.00973484 
  -0.03896083  -0.03834403  -0.04786015  -0.06407051  -0.0340532    -0.00339476 
  -0.03375792  -0.03702908  -0.0296665    -0.04199244  -0.01925248    0.02814932]
[-0.75930988  -0.77801572  -0.79806701  -0.79778531  -0.78813344  -0.76883639 
  -0.80013639  -0.79314617  -0.80141069  -0.80233559  -0.80904914  -0.79510344 
  -0.82661564  -0.82371236  -0.8241169    -0.78729392  -0.800479      -0.76649609]
[-0.15217093  -0.14668193  -0.12877333  -0.13628881  -0.13227643  -0.1470894 
  -0.11314397  -0.12756224  -0.11671524  -0.13227648  -0.12420978  -0.15058203 
  -0.10548829  -0.12227461  -0.13338535  -0.10721914  -0.13749199  -0.18947497]
increment_120
[0.63879163  0.61585675  0.59081697  0.58956541  0.60393189  0.62773601 
  0.59012731  0.59708262  0.58688079  0.58057222  0.57455336  0.58936883 
  0.54974195  0.55220107  0.54978061  0.60963772  0.58408909  0.61633589]
[-0.01079036  -0.01268013  -0.01646087  -0.02642072  -0.02977615  -0.01208091 
  -0.045221      -0.04280874  -0.05370654  -0.0715293    -0.03776401  -0.00633761 
  -0.03941353  -0.04054344  -0.03316439  -0.04530648  -0.02298447    0.02865181]
[-0.75368012  -0.77365317  -0.7961892    -0.7957189    -0.78548751  -0.76407233 
  -0.79827673  -0.79078552  -0.79969986  -0.80018894  -0.80815267  -0.79361435 
  -0.82796037  -0.82372498  -0.82378854  -0.7843444    -0.799692      -0.76267688]
[-0.15425661  -0.14839289  -0.12941066  -0.13618368  -0.13186749  -0.14830721 
  -0.11162026  -0.12774201  -0.11474618  -0.1323522    -0.12390151  -0.15093205 
  -0.10349872  -0.12209567  -0.13421565  -0.10532345  -0.13712898  -0.19399256]
