inc
quat_01
quat_02
quat_03
quat_04
increment_0
[0.69482294  0.69482294  0.69482294  0.69482294  0.69482294  0.69482294 
  0.69482294  0.69482294  0.69482294  0.69482294  0.69482294  0.69482294 
  0.69482294  0.69482294  0.69482294  0.69482294  0.69482294  0.69482294]
[-0.68273823  -0.68273823  -0.68273823  -0.68273823  -0.68273823  -0.68273823 
  -0.68273823  -0.68273823  -0.68273823  -0.68273823  -0.68273823  -0.68273823 
  -0.68273823  -0.68273823  -0.68273823  -0.68273823  -0.68273823  -0.68273823]
[-0.04724282  -0.04724282  -0.04724282  -0.04724282  -0.04724282  -0.04724282 
  -0.04724282  -0.04724282  -0.04724282  -0.04724282  -0.04724282  -0.04724282 
  -0.04724282  -0.04724282  -0.04724282  -0.04724282  -0.04724282  -0.04724282]
[-0.22103781  -0.22103781  -0.22103781  -0.22103781  -0.22103781  -0.22103781 
  -0.22103781  -0.22103781  -0.22103781  -0.22103781  -0.22103781  -0.22103781 
  -0.22103781  -0.22103781  -0.22103781  -0.22103781  -0.22103781  -0.22103781]
increment_10
[0.69356376  0.69558185  0.69395846  0.69544756  0.6955134    0.6987552 
  0.696116      0.69313812  0.69122607  0.69162285  0.69382617  0.69745103 
  0.6993018    0.69191519  0.69336559  0.69199128  0.69215099  0.69491457]
[-0.6845494    -0.68288253  -0.68395267  -0.68306407  -0.68277807  -0.67990266 
  -0.68073704  -0.68476237  -0.6860661    -0.68532533  -0.68378387  -0.68020551 
  -0.67897509  -0.68633978  -0.68490394  -0.68550122  -0.68413771  -0.68158697]
[-0.04084819  -0.04280438  -0.04297409  -0.04291248  -0.04407121  -0.04561965 
  -0.04834773  -0.04474846  -0.04435885  -0.04314959  -0.0442491    -0.04720754 
  -0.0456685    -0.041596      -0.04184308  -0.04216256  -0.04675015  -0.04780649]
[-0.22066458  -0.21910072  -0.22087015  -0.2189399    -0.21939223  -0.21769792 
  -0.2228948    -0.22058471  -0.22260308  -0.22388645  -0.22155558  -0.22057643 
  -0.2188246    -0.22013823  -0.21999978  -0.2223926    -0.22516        -0.22415951]
increment_20
[0.69193869  0.6965781    0.6927533    0.69623344  0.69635773  0.70293365 
  0.69784253  0.69106912  0.68824388  0.68825865  0.69333028  0.7008611 
  0.70484792  0.68875583  0.69270363  0.68868403  0.68948793  0.69526318]
[-0.68653282  -0.68276907  -0.68530881  -0.68335261  -0.68253663  -0.67666319 
  -0.67795833  -0.68729882  -0.68886122  -0.68784589  -0.68427083  -0.67695068 
  -0.67413993  -0.69026364  -0.68654654  -0.68856518  -0.68525929  -0.67991775]
[-0.03500659  -0.03818262  -0.03868633  -0.03804323  -0.0411083    -0.04409413 
  -0.05036228  -0.04163083  -0.04116883  -0.03881273  -0.04221994  -0.04717393 
  -0.04437931  -0.03369379  -0.03574949  -0.03667689  -0.04658691  -0.04899612]
[-0.22060842  -0.21713461  -0.2212421    -0.21642765  -0.21803615  -0.21463206 
  -0.22550376  -0.21979688  -0.22382072  -0.22729195  -0.22200009  -0.21978653 
  -0.21622961  -0.21912607  -0.21803094  -0.22415867  -0.22990381  -0.22786035]
increment_30
[0.69037199  0.69774576  0.69153972  0.69670163  0.69749933  0.70708768 
  0.69996211  0.68855502  0.68565935  0.68497499  0.69328543  0.70469391 
  0.71022921  0.68572925  0.69168525  0.68557055  0.68732575  0.695481    ]
[-0.68827203  -0.68250052  -0.68667666  -0.6837488    -0.68191277  -0.6733666 
  -0.67468601  -0.69002923  -0.6914467    -0.69017922  -0.68416589  -0.67326254 
  -0.66956881  -0.69385812  -0.6884591    -0.69139761  -0.68574255  -0.67830177]
[-0.02976436  -0.03352005  -0.03401222  -0.03314778  -0.03879844  -0.04233606 
  -0.05290736  -0.03856794  -0.03711687  -0.03490822  -0.04149571  -0.04706384 
  -0.04286781  -0.02582791  -0.0292923    -0.03147065  -0.04733912  -0.05049468]
[-0.22086696  -0.21498908  -0.22156521  -0.21446594  -0.21675871  -0.21168866 
  -0.22815048  -0.21969108  -0.22448841  -0.23074514  -0.22259932  -0.21888133 
  -0.21310662  -0.21833283  -0.21618868  -0.22576972  -0.2347328    -0.23165316]
increment_40
[0.68885177  0.69908066  0.69019631  0.69680696  0.69885827  0.7113256 
  0.70244445  0.68594915  0.68333715  0.68177616  0.69368246  0.70893923 
  0.71547027  0.6828666    0.69035492  0.68308308  0.68572633  0.69579923]
[-0.6897969    -0.68209328  -0.68811011  -0.68426591  -0.68096834  -0.66990975 
  -0.67097362  -0.69271395  -0.69390256  -0.69232301  -0.68353723  -0.66908471 
  -0.66523367  -0.69710978  -0.69059488  -0.69367115  -0.68560477  -0.67661378]
[-0.02506021  -0.02871548  -0.02921549  -0.0284025    -0.03726114  -0.04037486 
  -0.05565079  -0.03553682  -0.03245543  -0.03166054  -0.04168965  -0.04703658 
  -0.04110063  -0.01849053  -0.02241097  -0.02676598  -0.0490081    -0.05207863]
[-0.22143952  -0.2126274    -0.22199096  -0.2131514    -0.21561736  -0.20882215 
  -0.23080118  -0.21990514  -0.22471366  -0.23423862  -0.22325652  -0.21798711 
  -0.20946887  -0.21769073  -0.21444472  -0.22693927  -0.23942368  -0.23525526]
increment_50
[0.68734142  0.70057886  0.68869053  0.6967123    0.70030565  0.71560291 
  0.70515213  0.68343907  0.68113475  0.67873016  0.69450949  0.71352545 
  0.72059995  0.6802271    0.68894598  0.68129828  0.68451505  0.69638543]
[-0.69117116  -0.68155192  -0.68955297  -0.68480965  -0.67984155  -0.66633778 
  -0.6669646    -0.69527883  -0.69627917  -0.69417916  -0.68247857  -0.66447101 
  -0.66107017  -0.70003128  -0.69274755  -0.69530715  -0.68503442  -0.67472108]
[-0.02104852  -0.02373746  -0.02458828  -0.02398762  -0.03622307  -0.03827746 
  -0.05824393  -0.03242481  -0.02734492  -0.02924407  -0.04235947  -0.04711598 
  -0.03905593  -0.01153155  -0.01514809  -0.02285155  -0.05133208  -0.05374967]
[-0.22226372  -0.21003039  -0.2227498    -0.21225529  -0.21465171  -0.20601279 
  -0.23350876  -0.22010682  -0.22472876  -0.23787696  -0.22379733  -0.217117 
  -0.20541806  -0.21705835  -0.21266125  -0.22772446  -0.24399181  -0.23855768]
increment_60
[0.68577077  0.7021023    0.68703061  0.69649547  0.70183594  0.71963828 
  0.70796277  0.68114266  0.67890137  0.6758712    0.69567109  0.71830087 
  0.72552495  0.67782907  0.68766872  0.68015042  0.68347302  0.69716308]
[-0.69250893  -0.68097557  -0.69094813  -0.68535459  -0.67862514  -0.66297233 
  -0.66277204  -0.69764206  -0.69866822  -0.6956923    -0.68112994  -0.65961706 
  -0.65713516  -0.70266402  -0.69471082  -0.69638661  -0.68422912  -0.67269841]
[-0.01777373  -0.01859372  -0.02037842  -0.01996294  -0.03518483  -0.03598304 
  -0.06047384  -0.02927531  -0.02201057  -0.02756138  -0.04319384  -0.04705942 
  -0.03679336  -0.00484505  -0.00769067  -0.01956244  -0.05407893  -0.05541588]
[-0.22323514  -0.20731354  -0.22397396  -0.21162376  -0.21367323  -0.20320838 
  -0.23635746  -0.22018901  -0.22465793  -0.24176582  -0.22413842  -0.21618189 
  -0.20108003  -0.21630432  -0.21078298  -0.22816313  -0.24853696  -0.24159794]
increment_70
[0.68411835  0.70352013  0.68519144  0.69612149  0.70355473  0.72314417 
  0.71086746  0.67918537  0.67653151  0.67315549  0.69704565  0.72326146 
  0.73011285  0.67562703  0.68652224  0.67945843  0.68247146  0.69813859]
[-0.69389139  -0.68044377  -0.69233131  -0.68593482  -0.67726853  -0.66017528 
  -0.65841089  -0.69969759  -0.70114989  -0.69691766  -0.67961931  -0.65454084 
  -0.6535791    -0.70506598  -0.69647403  -0.69705522  -0.68329749  -0.67052424]
[-0.01514408  -0.01328628  -0.01658804  -0.01643887  -0.03400213  -0.03330479 
  -0.06217124  -0.02621115  -0.01654733  -0.0266388    -0.04408407  -0.04676889 
  -0.03421005    0.00139166  -0.00022182  -0.01685987  -0.05715273  -0.05708308]
[-0.22420409  -0.20464403  -0.22564325  -0.21127721  -0.2125134    -0.20030453 
  -0.23936851  -0.22009883  -0.22454427  -0.24588175  -0.22428005  -0.21513209 
  -0.19646694  -0.21542549  -0.20883271  -0.22839878  -0.25312213  -0.24442027]
increment_80
[0.68244403  0.70488823  0.68313303  0.69557323  0.7054639    0.72610756 
  0.71386114  0.67751967  0.67401877  0.67052316  0.69852743  0.72841054 
  0.73435691  0.67353134  0.68543124  0.67905066  0.68144172  0.69927812]
[-0.69529913  -0.6799067    -0.69377138  -0.68656925  -0.67575411  -0.65796393 
  -0.65387448  -0.70147667  -0.70372693  -0.69793747  -0.67804381  -0.64922631 
  -0.65041978  -0.70731044  -0.69808479  -0.69742007  -0.68230619  -0.66821315]
[-0.01302201  -0.00782608  -0.01311823  -0.01346064  -0.03270983  -0.03023619 
  -0.06336047  -0.02329097  -0.01103332  -0.0264073    -0.04495416  -0.04622685 
  -0.03120386    0.00708454    0.00708345  -0.01469792  -0.06044906  -0.05873711]
[-0.22507709  -0.20198568  -0.22768056  -0.21123294  -0.21120401  -0.19732474 
  -0.2425611    -0.21989795  -0.22437777  -0.25016921  -0.22426578  -0.2139775 
  -0.19157336  -0.21451639  -0.20690931  -0.22864694  -0.25776222  -0.24708551]
increment_90
[0.68078564  0.70633191  0.68088372  0.69488354  0.70748717  0.72861485 
  0.71693352  0.67598037  0.67136128  0.66791205  0.70009332  0.73370558 
  0.73832371  0.67146024  0.68434367  0.6787933    0.6803193    0.70052769]
[-0.69671172  -0.67926263  -0.69528472  -0.68724716  -0.67412926  -0.65623259 
  -0.64914647  -0.70309679  -0.70638988  -0.69883516  -0.67643236  -0.64370559 
  -0.64757182  -0.70947232  -0.69956261  -0.69758053  -0.68131533  -0.66582567]
[-0.0111741    -0.00222614  -0.00990462  -0.01098714  -0.03133353  -0.02682369 
  -0.06417147  -0.02052346  -0.00563306  -0.02667288  -0.04573761  -0.04540824 
  -0.0277643      0.01226951    0.01406918  -0.01295068  -0.06387821  -0.06028168]
[-0.2258292    -0.19922992  -0.22995309  -0.21144143  -0.20983292  -0.19431847 
  -0.2459618    -0.21973675  -0.22417768  -0.25458098  -0.22409079  -0.21273768 
  -0.18643494  -0.21363435  -0.20515351  -0.22902692  -0.26247791  -0.2496062  ]
increment_100
[0.67914367  0.70788194  0.67852049  0.69411907  0.70952065  0.73074668 
  0.720085      0.67445002  0.66857245  0.66525383  0.70174295  0.73908483 
  0.74208571  0.66937114  0.68325387  0.67865384  0.67907295  0.70184248]
[-0.69813047  -0.67848139  -0.69683899  -0.68793245  -0.67248112  -0.65486797 
  -0.64419781  -0.70464269  -0.70911446  -0.69968216  -0.67480447  -0.63804807 
  -0.64490391  -0.71159567  -0.70090708  -0.69757852  -0.68035979  -0.6634431  ]
[-0.00932848    0.00350526  -0.00687671  -0.00889165  -0.02985712  -0.02319014 
  -0.06471979  -0.01785752  -0.00041484  -0.0273261    -0.04633393  -0.04425241 
  -0.02396703    0.0170617      0.02068447  -0.01154487  -0.06738051  -0.06157265]
[-0.22647452  -0.19635141  -0.23233183  -0.2118221    -0.20846616  -0.19136208 
  -0.24959592  -0.21972017  -0.22398078  -0.2591052    -0.22371616  -0.21140009 
  -0.18119969  -0.21279751  -0.20363096  -0.22952099  -0.26726455  -0.25193093]
increment_110
[0.6774996    0.70947881  0.67612254  0.69330524  0.71145876  0.73254008 
  0.72330755  0.67291082  0.66569277  0.66249067  0.70345817  0.74448426 
  0.74568247  0.66725751  0.68222179  0.67865256  0.67773276  0.70322994]
[-0.69956594  -0.67760854  -0.69838637  -0.68861879  -0.67090929  -0.65379982 
  -0.63901997  -0.70612701  -0.71185976  -0.7005345    -0.67319442  -0.63235111 
  -0.64230632  -0.71369208  -0.70208501  -0.69742201  -0.67943593  -0.6611066  ]
[-0.00731191    0.00936582  -0.00400215  -0.00698757  -0.02825979  -0.01948131 
  -0.06506729  -0.01522824    0.0046099    -0.02834068  -0.04664056  -0.04268149 
  -0.01991726    0.02155176    0.02691695  -0.01041146  -0.07092534  -0.06250139]
[-0.22704256  -0.19338764  -0.23473127  -0.21232799  -0.20714376  -0.18855055 
  -0.25346777  -0.21987219  -0.22380252  -0.26373156  -0.22311552  -0.20988939 
  -0.17607821  -0.21200602  -0.20230062  -0.23005401  -0.27205646  -0.25396712]
increment_120
[0.67581275  0.71103845  0.67375174  0.69241858  0.71322397  0.73400545 
  0.72658206  0.67136705  0.66273103  0.65957947  0.70523195  0.74982642 
  0.7491346    0.66513856  0.68130779  0.67879105  0.67634063  0.70474786]
[-0.70105333  -0.67670872  -0.69988359  -0.68934293  -0.66949827  -0.65301181 
  -0.63364951  -0.70754639  -0.71461474  -0.70144856  -0.67161202  -0.62673085 
  -0.63971409  -0.71574846  -0.70306701  -0.69713029  -0.67854107  -0.65879417]
[-0.00511343    0.01533721  -0.00129467  -0.0051046    -0.02652053  -0.0157813 
  -0.06520874  -0.01260756    0.00942537  -0.02967771  -0.04661469  -0.04064829 
  -0.0157219      0.02576694    0.03275929  -0.00944299  -0.0744613    -0.06302522]
[-0.22754167  -0.19040589  -0.23710731  -0.21292433  -0.20586478  -0.18590997 
  -0.25751628  -0.22019409  -0.2236616    -0.26841027  -0.22228868  -0.20812615 
  -0.17121933  -0.21126025  -0.20110522  -0.23057081  -0.27676864  -0.25563356]
