inc
quat_01
quat_02
quat_03
quat_04
increment_0
[0.26113827  0.26113827  0.26113827  0.26113827  0.26113827  0.26113827 
  0.26113827  0.26113827  0.26113827  0.26113827  0.26113827  0.26113827 
  0.26113827  0.26113827  0.26113827  0.26113827  0.26113827  0.26113827 
  0.26113827  0.26113827  0.26113827  0.26113827]
[-0.2978683  -0.2978683  -0.2978683  -0.2978683  -0.2978683  -0.2978683 
  -0.2978683  -0.2978683  -0.2978683  -0.2978683  -0.2978683  -0.2978683 
  -0.2978683  -0.2978683  -0.2978683  -0.2978683  -0.2978683  -0.2978683 
  -0.2978683  -0.2978683  -0.2978683  -0.2978683]
[-0.17442675  -0.17442675  -0.17442675  -0.17442675  -0.17442675  -0.17442675 
  -0.17442675  -0.17442675  -0.17442675  -0.17442675  -0.17442675  -0.17442675 
  -0.17442675  -0.17442675  -0.17442675  -0.17442675  -0.17442675  -0.17442675 
  -0.17442675  -0.17442675  -0.17442675  -0.17442675]
[0.90147467  0.90147467  0.90147467  0.90147467  0.90147467  0.90147467 
  0.90147467  0.90147467  0.90147467  0.90147467  0.90147467  0.90147467 
  0.90147467  0.90147467  0.90147467  0.90147467  0.90147467  0.90147467 
  0.90147467  0.90147467  0.90147467  0.90147467]
increment_10
[0.26674372  0.26516414  0.26357999  0.2633829    0.26254996  0.26281924 
  0.26412383  0.26159582  0.26154441  0.26310163  0.26257993  0.25995123 
  0.26280691  0.26236608  0.26073848  0.26119729  0.26171618  0.26105117 
  0.26035544  0.25702822  0.25679263  0.25966241]
[-0.2917311    -0.29582427  -0.29625554  -0.29644324  -0.29674356  -0.29695258 
  -0.29684408  -0.29492809  -0.30028701  -0.29523582  -0.29589776  -0.29748668 
  -0.29803992  -0.29765868  -0.29773644  -0.29776623  -0.29733562  -0.29604201 
  -0.29627439  -0.29396055  -0.29595719  -0.29827016]
[-0.17212076  -0.17142704  -0.17418713  -0.1721095    -0.17626524  -0.17932404 
  -0.17074234  -0.17381883  -0.17857763  -0.17286808  -0.17364193  -0.17425155 
  -0.17301159  -0.17363234  -0.1730343    -0.17390925  -0.17033878  -0.17838291 
  -0.17406753  -0.17407119  -0.17070507  -0.16960684]
[0.90228332  0.90154797  0.90134183  0.90173675  0.90107788  0.90032666 
  0.90164808  0.90242566  0.89974011  0.90206983  0.90185629  0.90197751 
  0.90120571  0.90134075  0.9019022    0.90159127  0.9022643    0.90132733 
  0.90229542  0.90400382  0.90406121  0.90268702]
increment_20
[0.27332866  0.26892926  0.2662904    0.26608476  0.26357084  0.26463531 
  0.26751837  0.26167395  0.26101544  0.26539324  0.26385391  0.25970423 
  0.26456532  0.2638274    0.26072563  0.26077367  0.2627477    0.26117962 
  0.26015784  0.2525889    0.25161791  0.25862914]
[-0.28454833  -0.29334927  -0.29361697  -0.2944543    -0.29641366  -0.29582602 
  -0.29510934  -0.29103978  -0.30346468  -0.29182878  -0.29276903  -0.29662907 
  -0.29777987  -0.29752006  -0.29708131  -0.29708103  -0.29689793  -0.29441813 
  -0.29481608  -0.28926814  -0.29324918  -0.29968144]
[-0.16888603  -0.16820129  -0.17390106  -0.16888868  -0.17807656  -0.18461522 
  -0.16680486  -0.17346287  -0.18366512  -0.17092406  -0.1727718    -0.17361534 
  -0.17101633  -0.17260927  -0.17102202  -0.1737976    -0.16525058  -0.18105106 
  -0.17237828  -0.17363623  -0.16688157  -0.16291387]
[0.90321714  0.90184898  0.90146376  0.90220407  0.90053212  0.89909529 
  0.90195373  0.90373294  0.89780134  0.90287727  0.90267232  0.90245367 
  0.90115801  0.90115646  0.90250557  0.90196139  0.90305454  0.90129001 
  0.90315398  0.90684797  0.90710743  0.90374835]
increment_30
[0.27994116  0.27237216  0.26901814  0.26938737  0.26457262  0.2663924 
  0.27085361  0.26211129  0.26007613  0.26743638  0.2655196    0.26031632 
  0.26664651  0.2653516    0.26101443  0.26039387  0.26409002  0.26132189 
  0.26089842  0.24918427  0.24710491  0.25775369]
[-0.27783907  -0.29082463  -0.290692      -0.2920667    -0.29612459  -0.29493832 
  -0.29335716  -0.28774868  -0.30666657  -0.28864212  -0.28977126  -0.29552161 
  -0.29794986  -0.29743073  -0.2962487    -0.29696537  -0.2964439    -0.29343141 
  -0.29332302  -0.28508433  -0.29099501  -0.3015961  ]
[-0.1646643    -0.16524233  -0.17333619  -0.16554311  -0.17977039  -0.18885943 
  -0.16302467  -0.17186378  -0.18861474  -0.16883388  -0.17126547  -0.17241711 
  -0.16828687  -0.17168295  -0.16865317  -0.17286648  -0.15992033  -0.18242832 
  -0.16982955  -0.17266333  -0.16313974  -0.15562128]
[0.90405977  0.90218037  0.90171058  0.90262005  0.89999676  0.89798585 
  0.90222107  0.90496475  0.89595787  0.90369167  0.90343793  0.90287027 
  0.90100225  0.90091534  0.90314134  0.90228808  0.90377152  0.90129284 
  0.90390903  0.90929726  0.90975079  0.90464625]
increment_40
[0.28649073  0.27562182  0.27163509  0.27323075  0.26562429  0.26820368 
  0.27406929  0.26304032  0.25892144  0.26915083  0.2676365    0.26137817 
  0.26900639  0.2669959    0.26137674  0.26006774  0.26556466  0.261442 
  0.26232964  0.24655589  0.24319006  0.25686644]
[-0.27164208  -0.28822423  -0.28753392  -0.28924066  -0.29592615  -0.2942597 
  -0.29159984  -0.28491576  -0.30984441  -0.28556282  -0.28686301  -0.29434334 
  -0.29847854  -0.29738412  -0.29531361  -0.29728152  -0.2958728    -0.2929832 
  -0.29168461  -0.28123855  -0.2890606    -0.30359471]
[-0.15970517  -0.16262902  -0.17257279  -0.1621688    -0.1811254    -0.19200936 
  -0.15943663  -0.16919136  -0.1935788    -0.16663121  -0.16938295  -0.17062898 
  -0.16506238  -0.17093551  -0.16607918  -0.17146156  -0.15449084  -0.18287547 
  -0.16678022  -0.17130429  -0.15950157  -0.1480888  ]
[0.90478058  0.90250275  0.90208495  0.90298731  0.89948043  0.89700079 
  0.90246081  0.90609441  0.89413834  0.90456937  0.90409609  0.90328799 
  0.90072223  0.90058699  0.90381955  0.90254607  0.90447071  0.9013132 
  0.90459251  0.91146581  0.91206459  0.90549411]
increment_50
[0.29294654  0.27877892  0.27407159  0.27748607  0.26671822  0.27008665 
  0.27711887  0.26447919  0.25760085  0.27053752  0.2701427    0.26260199 
  0.27160988  0.26877966  0.26169774  0.25983335  0.26708874  0.26154785 
  0.26418519  0.24450324  0.23975829  0.2560856  ]
[-0.26591887  -0.28558087  -0.28425678  -0.28606117  -0.2958184    -0.29374912 
  -0.28984337  -0.2823346    -0.31297959  -0.2825251    -0.2840233    -0.29328294 
  -0.29927645  -0.29731695  -0.29432106  -0.29771928  -0.29515578  -0.29291613 
  -0.28998353  -0.2776374    -0.28714091  -0.30529169]
[-0.15432799  -0.16028749  -0.17167439  -0.15862639  -0.18206776  -0.19404599 
  -0.15598268  -0.16564367  -0.19855069  -0.16426132  -0.16726507  -0.1681766 
  -0.16145882  -0.17037223  -0.16338889  -0.16994459  -0.14907905  -0.18267009 
  -0.16331256  -0.16950267  -0.15614967  -0.1406649  ]
[0.90534654  0.90279222  0.90255789  0.9033317    0.89900178  0.8961645 
  0.90269893  0.90713842  0.89233581  0.90554251  0.90464141  0.90373776 
  0.90032923  0.90018522  0.90454048  0.90275617  0.90516413  0.90134594 
  0.90523187  0.91345743  0.91415717  0.90632805]
increment_60
[0.29930264  0.28191245  0.27628127  0.28204715  0.26783499  0.27203369 
  0.27997971  0.26639397  0.2561717    0.27160282  0.27293762  0.26381379 
  0.27435695  0.27068026  0.26193129  0.25968338  0.26861446  0.26160184 
  0.26624514  0.24285703  0.23668043  0.25561529]
[-0.26065355  -0.28297635  -0.28098203  -0.28261308  -0.29577444  -0.29331569 
  -0.28809258  -0.27982048  -0.31605328  -0.27950823  -0.28125489  -0.2924402 
  -0.30025579  -0.29715391  -0.29327163  -0.29803924  -0.29428391  -0.293094 
  -0.28830343  -0.27426111  -0.28501597  -0.30640861]
[-0.14881524  -0.15803227  -0.17072845  -0.15479558  -0.18264655  -0.19513969 
  -0.15260886  -0.16142041  -0.20347024  -0.16166871  -0.16502051  -0.16507532 
  -0.15759953  -0.17000375  -0.16064311  -0.168542      -0.14377409  -0.18205522 
  -0.15946995  -0.16722447  -0.15328143  -0.13367445]
[0.90572164  0.90303685  0.9030889    0.90366895  0.89856671  0.8954798 
  0.90295324  0.90811794  0.8905539    0.90662577  0.90507954  0.90422959 
  0.89985394  0.89973912  0.90530522  0.90295667  0.90585444  0.90139685 
  0.90584987  0.91533452  0.91610757  0.90714152]
increment_70
[0.3055685    0.2850442    0.27824493  0.28678962  0.26896786  0.27402128 
  0.28262883  0.26873693  0.25469366  0.27231815  0.27591125  0.26490882 
  0.27713195  0.27263375  0.26213044  0.25960211  0.27008648  0.26153715 
  0.26834746  0.24140238  0.2338483    0.25559601]
[-0.25584237  -0.28051045  -0.27782697  -0.2789828    -0.2957659    -0.29283407 
  -0.28636183  -0.27722452  -0.31902596  -0.27655512  -0.27856898  -0.29180126 
  -0.30134098  -0.29683116  -0.29211975  -0.29810021  -0.2932042    -0.29340682 
  -0.28670498  -0.27108542  -0.28257862  -0.30677385]
[-0.14333219  -0.15562881  -0.16975056  -0.15063385  -0.18297591  -0.1956355 
  -0.14931448  -0.1566966    -0.20826595  -0.15876447  -0.16270067  -0.16144703 
  -0.15367272  -0.16993104  -0.15788068  -0.16738084  -0.13861327  -0.18125555 
  -0.15532457  -0.16455162  -0.15096127  -0.12731012]
[0.90588545  0.90324048  0.90364632  0.90400761  0.89816404  0.89492307 
  0.90322923  0.90905071  0.88880756  0.90782924  0.90542852  0.9047708 
  0.89931985  0.89926945  0.90610561  0.90317588  0.90657099  0.901475 
  0.90645693  0.91714794  0.91797331  0.90793867]
increment_80
[0.31168964  0.28817207  0.27993638  0.29158266  0.27011143  0.27600936 
  0.2850744    0.27142354  0.2532173    0.27274194  0.27895113  0.26582402 
  0.27980859  0.27452544  0.26233304  0.25957793  0.2714097    0.26135185 
  0.27035119  0.23993836  0.23112675  0.25600725]
[-0.25150833  -0.27823017  -0.27490641  -0.27524709  -0.29576727  -0.29224838 
  -0.28465498  -0.27439605  -0.32185301  -0.27356243  -0.2759595    -0.29125028 
  -0.30244462  -0.29638606  -0.29079812  -0.29785398  -0.29183854  -0.29373608 
  -0.28522217  -0.26798034  -0.27978786  -0.30639918]
[-0.13794039  -0.1529274    -0.16873541  -0.1461926    -0.18314431  -0.19577175 
  -0.14612281  -0.1516683    -0.21287238  -0.15558783  -0.16044152  -0.1574764 
  -0.14988705  -0.17027887  -0.15512887  -0.16654537  -0.13368368  -0.18049827 
  -0.15100978  -0.16162676  -0.1490835    -0.12154616]
[0.90585075  0.90341465  0.90420708  0.90434856  0.897786      0.89447367 
  0.90352214  0.90996308  0.88711723  0.90915777  0.90569925  0.9053795 
  0.8987593    0.89877483  0.906947      0.90341848  0.90735644  0.90157346 
  0.90705821  0.91896295  0.91982242  0.90873889]
increment_90
[0.31756352  0.29131592  0.28132442  0.29631504  0.27126493  0.27795373 
  0.28736988  0.27434259  0.25177835  0.27305336  0.28192915  0.26654559 
  0.28227959  0.27622514  0.26252561  0.25958854  0.27251114  0.26112206 
  0.27216834  0.23835958  0.22844933  0.25667843]
[-0.24769656  -0.27613191  -0.27231697  -0.2715058    -0.295782      -0.29159366 
  -0.28297613  -0.27122585  -0.32451404  -0.27028875  -0.2733785    -0.29062085 
  -0.3034733    -0.29594688  -0.28926748  -0.29731756  -0.29013456  -0.2940055 
  -0.28383257  -0.26476438  -0.27668951  -0.30545171]
[-0.13262556  -0.14984224  -0.16770409  -0.1415846    -0.18315929  -0.19559941 
  -0.14305478  -0.14651268  -0.21721722  -0.1522868    -0.15850123  -0.15337303 
  -0.14641453  -0.17113339  -0.15238467  -0.16605577  -0.12910883  -0.17990327 
  -0.14673559  -0.15857125  -0.1473728    -0.11623415]
[0.90565462  0.9035671    0.90475155  0.90467442  0.89743023  0.89412288 
  0.90381325  0.91088238  0.88550267  0.91060122  0.90590149  0.90607377 
  0.8982121    0.89823631  0.90784555  0.90368221  0.90823484  0.90167114 
  0.90765199  0.92083641  0.92170227  0.90956311]
increment_100
[0.32310498  0.29453294  0.28240216  0.30086889  0.27243656  0.27982641 
  0.28953442  0.27736923  0.2503848    0.27335876  0.28475239  0.26709988 
  0.28448879  0.27771403  0.26268955  0.25961678  0.27342672  0.26093815 
  0.27382802  0.23665163  0.22587763  0.25747364]
[-0.2444267    -0.27419422  -0.27009399  -0.26789122  -0.2958134    -0.2909358 
  -0.28138188  -0.26769114  -0.32706021  -0.2666418    -0.27077712  -0.28982428 
  -0.30435223  -0.29565643  -0.28755743  -0.29655227  -0.28809275  -0.29424217 
  -0.28245232  -0.26133042  -0.27335635  -0.30408479]
[-0.12738111  -0.1462991    -0.16670799  -0.13691861  -0.1830328    -0.19514475 
  -0.14010162  -0.14135022  -0.22124771  -0.14891033  -0.15705521  -0.14923834 
  -0.14335043  -0.17242994  -0.1496143    -0.16586051  -0.12488989  -0.17936516 
  -0.14266241  -0.15545214  -0.14557252  -0.1112608  ]
[0.90533575  0.90369489  0.90526609  0.90496713  0.89709071  0.89385237 
  0.90408274  0.91182667  0.88396183  0.9121419    0.90605159  0.90685581 
  0.89771181  0.8976247    0.90880168  0.90396138  0.90919905  0.90175438 
  0.90823254  0.92278765  0.92361477  0.91041793]
increment_110
[0.32827461  0.29789992  0.28320377  0.30516503  0.2736464    0.28166317 
  0.29156258  0.28038919  0.24908009  0.27369103  0.28737666  0.26752567 
  0.28645203  0.27903138  0.26278825  0.25967683  0.27417086  0.26088567 
  0.27529776  0.23486282  0.22339276  0.25836063]
[-0.2416654    -0.2723581    -0.26822662  -0.2645043    -0.29581479  -0.29032696 
  -0.27991554  -0.26380031  -0.32959319  -0.262581      -0.26810471  -0.2888407 
  -0.30502995  -0.29559896  -0.28571204  -0.2956068    -0.28577641  -0.29443832 
  -0.281003      -0.25766657  -0.2698071    -0.30232536]
[-0.12221082  -0.14228827  -0.16577632  -0.13227585  -0.18288545  -0.19442618 
  -0.13727572  -0.13626635  -0.22486568  -0.14553637  -0.15611638  -0.1451692 
  -0.14069967  -0.1741239    -0.14684785  -0.16593399  -0.1209584    -0.17884842 
  -0.1389125    -0.15233684  -0.14365447  -0.10663097]
[0.9049299    0.90378689  0.90574186  0.90521538  0.89675201  0.89363 
  0.90431959  0.91281038  0.88247542  0.91376343  0.90618        0.90770423 
  0.89727675  0.8969078    0.90980584  0.90424027  0.91023692  0.90180818 
  0.90881889  0.92479234  0.92556102  0.9113062  ]
increment_120
[0.33307666  0.30142962  0.28378009  0.30920473  0.27489501  0.28354912 
  0.29345165  0.28330501  0.24790994  0.27403367  0.28979268  0.26788558 
  0.28827578  0.28019986  0.26280087  0.25977772  0.27471284  0.26101709 
  0.27648667  0.23313108  0.22086669  0.25933688]
[-0.23932515  -0.27057868  -0.26664883  -0.26138011  -0.29574238  -0.2897573 
  -0.27858704  -0.25957312  -0.33218569  -0.25806719  -0.26535177  -0.28764516 
  -0.30552255  -0.29577904  -0.28377762  -0.2945142    -0.28331407  -0.29452168 
  -0.27944534  -0.25379384  -0.26599847  -0.30015032]
[-0.11716085  -0.13789545  -0.16489554  -0.12771775  -0.18283995  -0.19346289 
  -0.1345989    -0.13131818  -0.22802105  -0.14230054  -0.15556739  -0.14128336 
  -0.13830456  -0.17626583  -0.14412287  -0.16624447  -0.11720714  -0.17845032 
  -0.13557613  -0.14922642  -0.14167247  -0.10231578]
[0.9044649    0.90383196  0.90618802  0.90540657  0.89640322  0.89342751 
  0.90452116  0.9138466    0.88102198  0.91545477  0.9063153    0.90859044 
  0.89689737  0.89606537  0.91084277  0.90451075  0.91133336  0.90182179 
  0.90944188  0.92680638  0.92757298  0.9122421  ]
