inc
Fp11
Fp12
Fp13
Fp21
Fp22
Fp23
Fp31
Fp32
Fp33
increment_0
[0.67392961  0.67392961  0.67392961  0.67392961  0.67392961  0.67392961 
  0.67392961  0.67392961  0.67392961  0.67392961  0.67392961  0.67392961 
  0.67392961  0.67392961  0.67392961]
[0.7309488  0.7309488  0.7309488  0.7309488  0.7309488  0.7309488  0.7309488 
  0.7309488  0.7309488  0.7309488  0.7309488  0.7309488  0.7309488  0.7309488 
  0.7309488]
[0.1073906  0.1073906  0.1073906  0.1073906  0.1073906  0.1073906  0.1073906 
  0.1073906  0.1073906  0.1073906  0.1073906  0.1073906  0.1073906  0.1073906 
  0.1073906]
[0.73690026  0.73690026  0.73690026  0.73690026  0.73690026  0.73690026 
  0.73690026  0.73690026  0.73690026  0.73690026  0.73690026  0.73690026 
  0.73690026  0.73690026  0.73690026]
[-0.67546657  -0.67546657  -0.67546657  -0.67546657  -0.67546657  -0.67546657 
  -0.67546657  -0.67546657  -0.67546657  -0.67546657  -0.67546657  -0.67546657 
  -0.67546657  -0.67546657  -0.67546657]
[-0.0268871  -0.0268871  -0.0268871  -0.0268871  -0.0268871  -0.0268871 
  -0.0268871  -0.0268871  -0.0268871  -0.0268871  -0.0268871  -0.0268871 
  -0.0268871  -0.0268871  -0.0268871]
[0.05288566  0.05288566  0.05288566  0.05288566  0.05288566  0.05288566 
  0.05288566  0.05288566  0.05288566  0.05288566  0.05288566  0.05288566 
  0.05288566  0.05288566  0.05288566]
[0.09725617  0.09725617  0.09725617  0.09725617  0.09725617  0.09725617 
  0.09725617  0.09725617  0.09725617  0.09725617  0.09725617  0.09725617 
  0.09725617  0.09725617  0.09725617]
[-0.99385328  -0.99385328  -0.99385328  -0.99385328  -0.99385328  -0.99385328 
  -0.99385328  -0.99385328  -0.99385328  -0.99385328  -0.99385328  -0.99385328 
  -0.99385328  -0.99385328  -0.99385328]
increment_10
[0.67344753  0.67286605  0.67241663  0.67296531  0.67263282  0.67336647 
  0.67340825  0.67328804  0.67276846  0.67350599  0.67277987  0.6729118 
  0.67373807  0.67342372  0.6731255  ]
[0.74190228  0.74530165  0.74060861  0.74264263  0.74598904  0.73926637 
  0.73720144  0.74174034  0.74600499  0.73781943  0.74763265  0.74322114 
  0.73586608  0.74209789  0.74316007]
[0.10814424  0.1160884    0.11513113  0.11618649  0.1197092    0.1114914 
  0.11220755  0.11114291  0.11733169  0.11004535  0.11598871  0.1167382 
  0.10731412  0.10849805  0.11300668]
[0.73750516  0.73717025  0.73736356  0.73731023  0.73696515  0.73776506 
  0.73616452  0.73760666  0.7371663    0.73791608  0.73706516  0.73733084 
  0.73814606  0.73634773  0.7373746  ]
[-0.6835476    -0.6795526    -0.6843814    -0.68183978  -0.67861996  -0.68564026 
  -0.68684789  -0.68356535  -0.67854975  -0.68699773  -0.67759054  -0.68153829 
  -0.68960745  -0.6832398    -0.68216417]
[-0.03311693  -0.02885176  -0.02889943  -0.0297192    -0.02589327  -0.03506727 
  -0.0354519    -0.03373898  -0.0294561    -0.03677619  -0.02836893  -0.03028008 
  -0.03902049  -0.03263241  -0.03064405]
[0.05189841  0.05160728  0.05097267  0.05155305  0.05156979  0.05149559 
  0.05310563  0.05159837  0.05149189  0.05148236  0.05163634  0.05147012 
  0.05149508  0.05301738  0.05168212]
[0.10322719  0.1084059    0.10784122  0.10982983  0.1093839    0.11067547 
  0.11408637  0.10821737  0.11103911  0.11101938  0.10749495  0.11132056 
  0.11022042  0.10419752  0.10646219]
[-0.97956624  -0.97913389  -0.97966463  -0.97916958  -0.97915154  -0.97874027 
  -0.98002146  -0.97884773  -0.97892642  -0.97874572  -0.97901741  -0.97873877 
  -0.97841588  -0.98031632  -0.97910585]
increment_20
[0.67292336  0.67157364  0.66860343  0.67185399  0.67107137  0.67280956 
  0.67306038  0.67258416  0.67144865  0.67330306  0.67152136  0.6718041 
  0.67360249  0.67295469  0.672284    ]
[0.75277689  0.7619311    0.74992469  0.75512432  0.76409527  0.74692754 
  0.74133345  0.75478561  0.76309979  0.74368269  0.76729365  0.75594701 
  0.74085945  0.75477533  0.75695449]
[0.10972312  0.12722187  0.12057118  0.12648249  0.1345584    0.11594558 
  0.11545094  0.11441413  0.12864512  0.10950342  0.12459357  0.12735008 
  0.10619341  0.10800303  0.11814923]
[0.73814491  0.73740033  0.73811531  0.73788412  0.73699438  0.73890458 
  0.73411476  0.73836428  0.73744895  0.73930565  0.73718339  0.73788407 
  0.73959497  0.73419323  0.7378135  ]
[-0.69460691  -0.68388502  -0.69638239  -0.68997324  -0.68072794  -0.69872239 
  -0.70317215  -0.69226928  -0.68178349  -0.70283488  -0.67912864  -0.68944772 
  -0.70619054  -0.69301666  -0.69094051]
[-0.04208823  -0.02995332  -0.03397539  -0.03423192  -0.02499747  -0.04611467 
  -0.04702965  -0.04109125  -0.03221564  -0.05027123  -0.02945054  -0.03455432 
  -0.05312492  -0.03869754  -0.03238496]
[0.05083278  0.05015868  0.04649438  0.04990431  0.05002168  0.04982911 
  0.05480976  0.05024055  0.04993397  0.04996491  0.05035281  0.04984639 
  0.04998332  0.05480753  0.05055939]
[0.11399609  0.12128727  0.12174376  0.12645325  0.12484899  0.12820577 
  0.13409262  0.11862983  0.12659272  0.12467633  0.11671077  0.12796894 
  0.12399342  0.11039899  0.11139764]
[-0.96305196  -0.96262474  -0.96521172  -0.96225273  -0.96269148  -0.96154921 
  -0.96496394  -0.96222801  -0.96234319  -0.96156463  -0.96296696  -0.96175674 
  -0.96132936  -0.96604649  -0.9628313  ]
increment_30
[0.67235094  0.67020788  0.66398077  0.67047608  0.66946687  0.6722222 
  0.67276423  0.67178931  0.67006838  0.67314101  0.67026243  0.6707017 
  0.67343829  0.67255326  0.67133308]
[0.7627366    0.77875636  0.75925232  0.76758189  0.78298124  0.75453087 
  0.74480198  0.76889542  0.78086399  0.74853699  0.78789827  0.76855257 
  0.74574004  0.76693193  0.77226926]
[0.11288472  0.13951573  0.12530526  0.13681782  0.14963666  0.12098026 
  0.11825498  0.11854627  0.14055898  0.10894913  0.13331066  0.13796455 
  0.10567243  0.10735461  0.12415964]
[0.73861801  0.73761394  0.73896572  0.73851995  0.73701978  0.73999196 
  0.73262013  0.73905135  0.73768017  0.7407869    0.73724957  0.7385032 
  0.74099573  0.73160939  0.73815016]
[-0.70654275  -0.68800268  -0.7081458    -0.69800919  -0.68188662  -0.7119157 
  -0.72019363  -0.70021671  -0.68443811  -0.71979486  -0.67994479  -0.69742623 
  -0.72301652  -0.70382942  -0.69867227]
[-0.0516182    -0.03090455  -0.04146677  -0.03992427  -0.02467492  -0.05728861 
  -0.05955054  -0.04772838  -0.03447206  -0.06459326  -0.03011156  -0.03992351 
  -0.0672681    -0.04511773  -0.033056    ]
[0.04986198  0.04865027  0.04108626  0.04790984  0.04842793  0.04817868 
  0.05600905  0.04888179  0.04837507  0.04839856  0.04908199  0.04815058 
  0.04849338  0.0570465    0.04946191]
[0.1282215    0.13568883  0.13924624  0.14521076  0.14154807  0.14683931 
  0.15431793  0.12922543  0.1422825    0.13953901  0.12547385  0.14625463 
  0.13877461  0.11739864  0.11598209]
[-0.94648543  -0.94611502  -0.95118924  -0.94536554  -0.94627591  -0.94427701 
  -0.94950837  -0.94571798  -0.94583726  -0.94435738  -0.94716671  -0.94463979 
  -0.94427821  -0.95207452  -0.94675749]
increment_40
[0.67172923  0.66880254  0.65887275  0.66859351  0.66784577  0.67160628 
  0.67249608  0.670946      0.66866083  0.67296882  0.66904867  0.66961003 
  0.67324233  0.67220525  0.67027438]
[0.77187338  0.79549936  0.76873653  0.7799772    0.80249997  0.76208338 
  0.74789333  0.78372998  0.79923342  0.75285609  0.80915764  0.78104768 
  0.75062734  0.77825417  0.7890344  ]
[0.11751428  0.15256901  0.12977217  0.14669534  0.16457446  0.12655979 
  0.12082815  0.12302648  0.15254832  0.10903879  0.14232807  0.14847593 
  0.10607339  0.1070061    0.13106032]
[0.73877237  0.73783964  0.73983945  0.73919851  0.73704255  0.74082514 
  0.73133519  0.73970595  0.73787681  0.74230139  0.73727767  0.73917727 
  0.74204589  0.72893593  0.73841101]
[-0.71915548  -0.69220732  -0.71955776  -0.70610478  -0.6823622    -0.72519022 
  -0.73760887  -0.70784746  -0.68671711  -0.73724692  -0.68031107  -0.70551495 
  -0.73984583  -0.71585069  -0.70529752]
[-0.06137884  -0.03199838  -0.05027989  -0.04633421  -0.02476857  -0.0683361 
  -0.07253066  -0.05401623  -0.03639754  -0.07923479  -0.03041449  -0.04617066 
  -0.08110927  -0.05224278  -0.03316028]
[0.04913335  0.04708394  0.03513231  0.04535836  0.04682051  0.04674603 
  0.05702605  0.04753059  0.04683787  0.0467707    0.04778723  0.04639946 
  0.0472745    0.05937056  0.04835521]
[0.14548717  0.15147807  0.15902979  0.16499278  0.15868672  0.16638382 
  0.17469578  0.13975755  0.15754794  0.15591487  0.13416659  0.16571543 
  0.15491411  0.12611856  0.12103728]
[-0.92996397  -0.92954688  -0.93738421  -0.92874994  -0.92991718  -0.9270598 
  -0.93389549  -0.92929679  -0.9294234    -0.92711438  -0.93154638  -0.92736348 
  -0.92741886  -0.93810538  -0.93084642]
increment_50
[0.6710837    0.66738862  0.65334517  0.66652062  0.66623005  0.67096076 
  0.67223847  0.67008643  0.66726723  0.67283317  0.66783508  0.66853307 
  0.67310508  0.67189338  0.66911336]
[0.78032936  0.81200938  0.77833156  0.79228052  0.82245628  0.7696264 
  0.75083293  0.79903089  0.81798009  0.75695881  0.83079452  0.79338192 
  0.75563662  0.78847033  0.80705874]
[0.12304039  0.16594174  0.133994      0.15632854  0.17911218  0.1326711 
  0.12332146  0.12746764  0.16432403  0.11015474  0.15178024  0.15884571 
  0.10739333  0.10710989  0.13889197]
[0.73862776  0.73810477  0.74071609  0.7399046    0.7370612    0.74141977 
  0.73013732  0.7403575    0.73805254  0.74373081  0.73728604  0.73989645 
  0.7424993    0.72644509  0.73863373]
[-0.73231956  -0.69668127  -0.73087521  -0.71436755  -0.68260635  -0.73848884 
  -0.75522737  -0.71550393  -0.68894991  -0.75473773  -0.68045455  -0.71383416 
  -0.75650089  -0.7292515    -0.7107805  ]
[-0.07131252  -0.03358924  -0.05958385  -0.05315985  -0.02495421  -0.07922443 
  -0.08573306  -0.06023605  -0.03826366  -0.09386124  -0.0305334    -0.05304441 
  -0.09443689  -0.06037355  -0.03337782]
[0.0486574    0.04546051  0.02873468  0.04258413  0.04523814  0.04551233 
  0.05796619  0.04619409  0.04532171  0.04506758  0.04646957  0.04461014 
  0.04646186  0.0615106    0.04718808]
[0.16484836  0.16854752  0.17973412  0.18527194  0.17529991  0.18676645 
  0.19520068  0.15003656  0.17235062  0.1741183    0.14326478  0.18590713 
  0.17247174  0.13703915  0.12776818]
[-0.91349863  -0.91286024  -0.92376574  -0.91216717  -0.9136332    -0.90986279 
  -0.91817666  -0.91295862  -0.913072      -0.90979357  -0.91608096  -0.90992153 
  -0.91082616  -0.92391689  -0.91503124]
increment_60
[0.67043792  0.6659852    0.64744283  0.6645748    0.66463158  0.67029581 
  0.67197248  0.66921918  0.66607716  0.67312178  0.66655963  0.66748258 
  0.67311377  0.67159315  0.66785808]
[0.78823297  0.82827406  0.78807084  0.80448027  0.84283788  0.77724367 
  0.75386909  0.81452551  0.83699924  0.76089222  0.85280773  0.80538678 
  0.76096022  0.79776591  0.82600406]
[0.12894086  0.17930953  0.13803886  0.16596787  0.19304588  0.13907219 
  0.12592021  0.13191043  0.17578997  0.11180575  0.16127419  0.16898066 
  0.10946682  0.107765      0.14775275]
[0.73824272  0.73842985  0.74160959  0.74061927  0.73707673  0.74203698 
  0.72899501  0.7410292    0.73803718  0.74469467  0.73728326  0.74066621 
  0.74242274  0.72415261  0.738854    ]
[-0.74599102  -0.70138918  -0.7421858    -0.72287398  -0.68280957  -0.75181113 
  -0.77283048  -0.72346032  -0.69125002  -0.77223208  -0.68050698  -0.72263341 
  -0.77284182  -0.74378131  -0.71522697]
[-0.08144559  -0.03605947  -0.06900417  -0.06029841  -0.0251253    -0.09014436 
  -0.09896195  -0.06660563  -0.0400961    -0.10826207  -0.03057768  -0.06047126 
  -0.10717544  -0.06933419  -0.03425463]
[0.0484074    0.04377137  0.02193989  0.03992554  0.04370536  0.04423173 
  0.05883926  0.0448526    0.04382091  0.04331143  0.04519494  0.04279254 
  0.04590384  0.06344354  0.04590966]
[0.18546668  0.18703297  0.20075637  0.20587824  0.1908288    0.20760196 
  0.21582232  0.16047359  0.18689592  0.19382629  0.15226344  0.20655216 
  0.19106525  0.15006057  0.1373254  ]
[-0.89706716  -0.89599793  -0.91028888  -0.89534906  -0.89746734  -0.89250014 
  -0.90234009  -0.89664186  -0.89680971  -0.89242529  -0.90081933  -0.89229619 
  -0.89437909  -0.90949257  -0.8992136  ]
increment_70
[0.66980555  0.66459191  0.64138193  0.66281223  0.66305728  0.66962731 
  0.67171748  0.6683473    0.66559186  0.67439595  0.66525015  0.66647057 
  0.67326899  0.67127932  0.66650775]
[0.79567561  0.84439582  0.79801897  0.81667004  0.86369823  0.78486802 
  0.75719832  0.82974626  0.85619685  0.76433998  0.8752871    0.81693274 
  0.76682116  0.80646902  0.84557353]
[0.13489714  0.19260819  0.14214308  0.17574656  0.20621718  0.14552988 
  0.12875329  0.13663241  0.18670078  0.1130087    0.17040934  0.17875848 
  0.11224028  0.10907459  0.15786692]
[0.73760507  0.73880941  0.74250356  0.7412084    0.7370939    0.74292842 
  0.72760985  0.74175069  0.73735408  0.74469287  0.73725148  0.74149727 
  0.74182293  0.72206176  0.73907892]
[-0.76016892  -0.70619379  -0.75346055  -0.73158174  -0.6830485    -0.76530172 
  -0.79025099  -0.73207309  -0.69368641  -0.79016253  -0.68052567  -0.73210979 
  -0.78874178  -0.75905809  -0.71877255]
[-0.09177994  -0.03940796  -0.07841115  -0.06755537  -0.02532522  -0.10138945 
  -0.11187339  -0.07340432  -0.04179525  -0.12231652  -0.03059532  -0.0685051 
  -0.11918248  -0.07885745  -0.03581621]
[0.04841549  0.04201754  0.01498523  0.03757423  0.04223471  0.04267214 
  0.05989226  0.04346192  0.0423396    0.04156112  0.0439938    0.04095044 
  0.04558969  0.06515186  0.04449376]
[0.20683377  0.20686608  0.2219768    0.22675591  0.20501954  0.22869396 
  0.23655809  0.17202899  0.20151379  0.21429515  0.16058106  0.22752055 
  0.21034177  0.16493577  0.15024844]
[-0.88067802  -0.8789307    -0.89677658  -0.878306      -0.88145484  -0.87478886 
  -0.88654826  -0.88022709  -0.88074665  -0.87512887  -0.88580133  -0.87446462 
  -0.87803938  -0.89482881  -0.8833063  ]
increment_80
[0.66918253  0.66320437  0.63525708  0.66122532  0.66150657  0.66897607 
  0.67180335  0.66748763  0.6659255    0.67681503  0.66398899  0.66549133 
  0.67357013  0.67094665  0.66506348]
[0.80284014  0.86044305  0.80821788  0.82886262  0.88475398  0.79228977 
  0.76080856  0.84426759  0.87547133  0.7672998    0.89815089  0.82810001 
  0.77333737  0.81480639  0.86536954]
[0.140755      0.20586312  0.14642242  0.18567082  0.21885013  0.15182524 
  0.13157108  0.14165628  0.1972934    0.11335524  0.17942544  0.1882233 
  0.11569356  0.11094945  0.16949256]
[0.73677537  0.73922475  0.74337899  0.74126145  0.73712889  0.74408978 
  0.72536821  0.74254545  0.73588803  0.74356009  0.73712288  0.74238324 
  0.74073064  0.72015254  0.73930418]
[-0.77477041  -0.71111409  -0.764674      -0.74054059  -0.68355375  -0.77922254 
  -0.80755217  -0.7416977    -0.69626465  -0.80866147  -0.68051414  -0.74220705 
  -0.80415949  -0.7748485    -0.72172352]
[-0.10230025  -0.04329803  -0.08775647  -0.0746412    -0.02574032  -0.11316325 
  -0.12408404  -0.0809038    -0.04327552  -0.13590681  -0.03059785  -0.07707301 
  -0.13043264  -0.08877506  -0.03777234]
[0.04862248  0.04022064  0.0079858    0.03593434  0.04079849  0.04085966 
  0.061422      0.04199959  0.04088194  0.03987655  0.04282649  0.03908579 
  0.04548976  0.06665498  0.04293343]
[0.22857001  0.22751827  0.24338891  0.24790373  0.21855368  0.25002932 
  0.25735522  0.18526267  0.21667069  0.23493425  0.16879791  0.24875708 
  0.23016565  0.18127248  0.16659698]
[-0.86428907  -0.86167318  -0.88315123  -0.86129466  -0.86552688  -0.85671723 
  -0.87104628  -0.86361913  -0.86490061  -0.85798012  -0.87098671  -0.85642238 
  -0.86174675  -0.87994882  -0.86722855]
increment_90
[0.66851033  0.66182068  0.62898613  0.65977676  0.65998362  0.66836054 
  0.67297452  0.66666705  0.6670193    0.68015595  0.6629121    0.66452133 
  0.67412225  0.67060858  0.66353969]
[0.80987608  0.87644313  0.81869475  0.84103161  0.90548764  0.79930352 
  0.76451507  0.85766972  0.89467009  0.77013715  0.9211761    0.83916077 
  0.78036106  0.82298467  0.8851097  ]
[0.14647651  0.21908465  0.15083387  0.19568617  0.23134809  0.1577772 
  0.13369834  0.14695397  0.20798787  0.11310693  0.18882941  0.19759944 
  0.11968786  0.11314095  0.18256988]
[0.73591762  0.7396669    0.74419498  0.74058399  0.73717586  0.74536352 
  0.7214147    0.74338136  0.73369166  0.74144894  0.73677404  0.74329999 
  0.73930281  0.71830205  0.73952301]
[-0.7896959    -0.7162544    -0.77581801  -0.74980612  -0.68470395  -0.79379026 
  -0.82499768  -0.75266603  -0.69904688  -0.8274424    -0.68050441  -0.75265381 
  -0.81925128  -0.79102276  -0.72441347]
[-0.113047      -0.04750465  -0.09700032  -0.08145284  -0.02665198  -0.12552531 
  -0.13519944  -0.08932322  -0.04444447  -0.14893169  -0.03059633  -0.08593947 
  -0.1411503    -0.09892179  -0.03977839]
[0.04880803  0.03839634  0.00090131  0.03516326  0.03936825  0.03897043 
  0.06359916  0.0404922    0.03944905  0.0382926    0.04163122  0.03719951 
  0.04536848  0.068082      0.04125205]
[0.25052982  0.24858375  0.26500945  0.26933719  0.23268664  0.27160834 
  0.27807307  0.20066438  0.23282301  0.25557669  0.17812377  0.27024296 
  0.25059769  0.19849845  0.1857232  ]
[-0.84782023  -0.84422033  -0.86949418  -0.84446729  -0.84950883  -0.83840245 
  -0.85606532  -0.8467548    -0.84921264  -0.84095932  -0.85627387  -0.83817304 
  -0.84531574  -0.86495536  -0.8509412  ]
increment_100
[0.66751487  0.66043871  0.62253383  0.65839569  0.65852983  0.66778663 
  0.67550267  0.66593888  0.66898701  0.68421103  0.66223244  0.66353725 
  0.67503368  0.67027256  0.66196079]
[0.81699236  0.89242314  0.82939353  0.85321106  0.92567885  0.8058427 
  0.76815129  0.86970382  0.91354887  0.77315639  0.94408343  0.85038198 
  0.78785465  0.83111022  0.90487711]
[0.15201017  0.23229047  0.15529583  0.20576561  0.2438495    0.16332733 
  0.13480984  0.1524404    0.21873777  0.11254989  0.19887409  0.20711183 
  0.12416123  0.11559629  0.19660602]
[0.73507525  0.74013534  0.74481626  0.73924947  0.73698518  0.74670375 
  0.71522328  0.74406081  0.73069192  0.7385134    0.73601791  0.74422496 
  0.73776616  0.71642997  0.73972541]
[-0.80475712  -0.72167733  -0.78698083  -0.75935254  -0.68669995  -0.80906591 
  -0.84280513  -0.76514465  -0.70234179  -0.8462579    -0.68066335  -0.76319405 
  -0.8340609    -0.8075025    -0.72693065]
[-0.12390687  -0.05197679  -0.10610563  -0.08802017  -0.02804497  -0.13849127 
  -0.145021      -0.09866645  -0.04535273  -0.16136008  -0.03061982  -0.09488557 
  -0.15150526  -0.10919935  -0.04167115]
[  0.04865491    0.03654631  -0.00616951    0.03511668    0.03814033    0.03705631 
    0.06672673    0.03910035    0.03805718    0.03682963    0.04036872    0.03529094 
    0.04490361    0.06950514    0.03950199]
[0.27270732  0.26996939  0.28687074  0.29106282  0.24799191  0.2934223 
  0.29866813  0.21846687  0.2500971    0.2762417    0.18950204  0.29198358 
  0.27164587  0.216455      0.20644711]
[-0.8314266    -0.82653713  -0.85592487  -0.82782037  -0.83342382  -0.8198861 
  -0.84185414  -0.82968808  -0.83364294  -0.82402006  -0.84157201  -0.81970863 
  -0.82851383  -0.849889      -0.83448449]
increment_110
[0.66578465  0.65905277  0.61613165  0.65706291  0.65726745  0.66726072 
  0.67904791  0.66536611  0.6718961    0.68891364  0.6622366    0.66252676 
  0.67620692  0.6699376    0.66035008]
[0.82458793  0.90844883  0.84002658  0.86531808  0.94531682  0.81183465 
  0.77162684  0.8804024    0.93193049  0.77651158  0.96657535  0.86190465 
  0.79610241  0.83938435  0.92479384]
[0.1573745    0.24553417  0.15973111  0.21581664  0.25604456  0.16841329 
  0.13507305  0.15798126  0.22932894  0.1118103    0.20952009  0.21687977 
  0.12931838  0.11842078  0.21110312]
[0.73422361  0.7406264    0.74491347  0.7373601    0.73595596  0.74811329 
  0.70674001  0.74447591  0.72686735  0.73479439  0.73460861  0.74514816 
  0.73636356  0.7145857    0.73986998]
[-0.81957868  -0.72735662  -0.79849997  -0.76928476  -0.68971641  -0.82512786 
  -0.86107542  -0.77904383  -0.70647809  -0.86501558  -0.68126817  -0.77371446 
  -0.84837157  -0.82409424  -0.72933824]
[-0.13457479  -0.0566685    -0.11506961  -0.09449726  -0.02966517  -0.15212484 
  -0.15359017  -0.10881149  -0.04614648  -0.17317894  -0.03064918  -0.10381468 
  -0.16149514  -0.11952192  -0.04344752]
[  0.04777634    0.03466939  -0.01266707    0.03567311    0.03763758    0.03512088 
    0.0712127      0.03787798    0.03673724    0.0355047      0.03903448    0.03335772 
    0.04392806    0.07084809    0.0377661  ]
[0.2951246    0.29167116  0.30902302  0.31310201  0.2642182    0.31547586 
  0.31923776  0.23844801  0.26835169  0.2969778    0.20336138  0.31400526 
  0.29322787  0.23511775  0.22786013]
[-0.81539403  -0.80860082  -0.84252388  -0.81129209  -0.8176118    -0.80116649 
  -0.82862387  -0.81246262  -0.81815835  -0.80712617  -0.82685493  -0.80100602 
  -0.81117988  -0.83468021  -0.81792647]
increment_120
[0.66313897  0.65765337  0.61012794  0.65578031  0.65633893  0.66679252 
  0.68316399  0.6649471    0.67546927  0.69441702  0.66332505  0.66149471 
  0.67730342  0.66962179  0.65872512]
[0.83301193  0.92462988  0.85034096  0.87725675  0.96437534  0.8171681 
  0.77497458  0.88998108  0.94996604  0.78025552  0.98843251  0.87367685 
  0.8054049    0.84851296  0.94480774]
[0.16272695  0.25890628  0.16418694  0.22575197  0.2675565    0.17294031 
  0.13481858  0.16353792  0.23985039  0.11080942  0.22036938  0.22685848 
  0.13549391  0.12164855  0.22583025]
[0.73337891  0.74113066  0.74421323  0.73507634  0.73367151  0.74960228 
  0.69622371  0.74468967  0.72249397  0.73012231  0.73220354  0.74607709 
  0.73533953  0.71286989  0.73978772]
[-0.83384738  -0.73318763  -0.81067332  -0.77972701  -0.69395834  -0.84209464 
  -0.87977774  -0.79412005  -0.71138261  -0.8837285    -0.68266063  -0.78430374 
  -0.86195371  -0.84028894  -0.73180431]
[-0.14482059  -0.06148707  -0.12388993  -0.10109498  -0.03142318  -0.16652647 
  -0.16105572  -0.11961065  -0.0469435    -0.18428796  -0.03059537  -0.11280185 
  -0.17114468  -0.12963994  -0.04511413]
[  0.04597568    0.03276574  -0.01796926    0.03667331    0.03819576    0.0331637 
    0.07722838    0.03675637    0.03551753    0.0343452      0.03766829    0.03139672 
    0.04251383    0.07195117    0.03623191]
[0.3178175    0.3136828    0.33151123  0.33548271  0.28104366  0.3377759 
  0.33990507  0.26019773  0.28735727  0.31779106  0.21944176  0.33634358 
  0.31531128  0.25386529  0.24973171]
[-0.79979502  -0.79041003  -0.8292459    -0.79475852  -0.80231769  -0.78223778 
  -0.81639933  -0.79505401  -0.80267914  -0.79028996  -0.81220771  -0.78203448 
  -0.79327336  -0.8192391    -0.80135581]
