inc
Fp11
Fp12
Fp13
Fp21
Fp22
Fp23
Fp31
Fp32
Fp33
increment_0
[-0.79616795  -0.79616795  -0.79616795  -0.79616795  -0.79616795  -0.79616795 
  -0.79616795  -0.79616795  -0.79616795  -0.79616795  -0.79616795  -0.79616795 
  -0.79616795  -0.79616795  -0.79616795  -0.79616795  -0.79616795]
[0.42704958  0.42704958  0.42704958  0.42704958  0.42704958  0.42704958 
  0.42704958  0.42704958  0.42704958  0.42704958  0.42704958  0.42704958 
  0.42704958  0.42704958  0.42704958  0.42704958  0.42704958]
[0.42865516  0.42865516  0.42865516  0.42865516  0.42865516  0.42865516 
  0.42865516  0.42865516  0.42865516  0.42865516  0.42865516  0.42865516 
  0.42865516  0.42865516  0.42865516  0.42865516  0.42865516]
[-0.56467503  -0.56467503  -0.56467503  -0.56467503  -0.56467503  -0.56467503 
  -0.56467503  -0.56467503  -0.56467503  -0.56467503  -0.56467503  -0.56467503 
  -0.56467503  -0.56467503  -0.56467503  -0.56467503  -0.56467503]
[-0.77892385  -0.77892385  -0.77892385  -0.77892385  -0.77892385  -0.77892385 
  -0.77892385  -0.77892385  -0.77892385  -0.77892385  -0.77892385  -0.77892385 
  -0.77892385  -0.77892385  -0.77892385  -0.77892385  -0.77892385]
[-0.27279984  -0.27279984  -0.27279984  -0.27279984  -0.27279984  -0.27279984 
  -0.27279984  -0.27279984  -0.27279984  -0.27279984  -0.27279984  -0.27279984 
  -0.27279984  -0.27279984  -0.27279984  -0.27279984  -0.27279984]
[0.21739067  0.21739067  0.21739067  0.21739067  0.21739067  0.21739067 
  0.21739067  0.21739067  0.21739067  0.21739067  0.21739067  0.21739067 
  0.21739067  0.21739067  0.21739067  0.21739067  0.21739067]
[-0.45924535  -0.45924535  -0.45924535  -0.45924535  -0.45924535  -0.45924535 
  -0.45924535  -0.45924535  -0.45924535  -0.45924535  -0.45924535  -0.45924535 
  -0.45924535  -0.45924535  -0.45924535  -0.45924535  -0.45924535]
[0.86129844  0.86129844  0.86129844  0.86129844  0.86129844  0.86129844 
  0.86129844  0.86129844  0.86129844  0.86129844  0.86129844  0.86129844 
  0.86129844  0.86129844  0.86129844  0.86129844  0.86129844]
increment_10
[-0.78183471  -0.78500115  -0.78549687  -0.78828496  -0.785267      -0.78763203 
  -0.78674032  -0.78665495  -0.78551548  -0.78832817  -0.78872756  -0.79028443 
  -0.79059379  -0.79008366  -0.79061702  -0.78989366  -0.78921704]
[0.43769229  0.43777403  0.43533121  0.43640469  0.43482863  0.4366659 
  0.43540831  0.43381659  0.43785354  0.43429607  0.43243577  0.43130155 
  0.43107947  0.43265677  0.43092963  0.43174826  0.43219315]
[0.41688597  0.42446467  0.4206216    0.42935284  0.41906933  0.42839262 
  0.42383183  0.420307      0.42589422  0.4251678    0.42226739  0.4236043 
  0.42387304  0.42605449  0.42391025  0.42359884  0.42292588]
[-0.57176171  -0.56506223  -0.56478041  -0.56501117  -0.57423126  -0.56942958 
  -0.56405824  -0.57273793  -0.57270145  -0.56694443  -0.56792981  -0.57015142 
  -0.57011486  -0.56778383  -0.56999982  -0.57050071  -0.57152488]
[-0.78660687  -0.78294335  -0.78454786  -0.78386424  -0.7900159    -0.78605188 
  -0.78719891  -0.78998884  -0.78688331  -0.78647777  -0.78829878  -0.79030815 
  -0.79053372  -0.7883294    -0.79083636  -0.7901469    -0.79038187]
[-0.27193658  -0.28008398  -0.28406668  -0.28212103  -0.2731349    -0.27619529 
  -0.28140932  -0.27646172  -0.27023034  -0.28272554  -0.28437381  -0.28326893 
  -0.28382156  -0.28383001  -0.28363476  -0.28214047  -0.28022482]
[0.21018723  0.2067713    0.20702747  0.21001166  0.21608908  0.21369765 
  0.20754823  0.2160343    0.21481493  0.21199892  0.21339709  0.21714321 
  0.21742612  0.21462755  0.21737925  0.21708662  0.21740397]
[-0.46745513  -0.47332516  -0.47285285  -0.47293231  -0.46445661  -0.46911977 
  -0.46835485  -0.46544331  -0.46653617  -0.47050501  -0.46921645  -0.46691346 
  -0.46695952  -0.46898127  -0.46657985  -0.46672553  -0.4659695  ]
[0.86134881  0.85737562  0.85769714  0.85053437  0.85365606  0.84967604 
  0.8561801    0.85170633  0.85237516  0.85065884  0.85022483  0.8461372 
  0.8453827    0.84703423  0.84549857  0.84666913  0.84747462]
increment_20
[-0.76607171  -0.7727225    -0.77368714  -0.77973974  -0.77304206  -0.77832672 
  -0.77636726  -0.77555883  -0.77270602  -0.7791311    -0.78069777  -0.78392662 
  -0.7845402    -0.7831356    -0.78543449  -0.78291083  -0.78180785]
[0.45034993  0.45083258  0.44531167  0.44756667  0.44365796  0.44817579 
  0.44503175  0.44175117  0.45157503  0.44308141  0.4384081    0.43608317 
  0.4356349    0.4390935    0.43450845  0.43734605  0.43845704]
[0.40589505  0.42244339  0.41340023  0.43219993  0.40853625  0.4302187 
  0.41927199  0.41079848  0.42405896  0.42168233  0.41569953  0.41852488 
  0.41904611  0.42325089  0.41973816  0.41872584  0.41841927]
[-0.57966214  -0.56479637  -0.56468424  -0.56509168  -0.58522955  -0.57371622 
  -0.56288176  -0.5827327    -0.58250726  -0.5691877    -0.57102885  -0.57624119 
  -0.57615542  -0.57014274  -0.57489915  -0.57691285  -0.57888352]
[-0.79499405  -0.78673044  -0.79059645  -0.78914967  -0.80285519  -0.79337824 
  -0.79711293  -0.80302832  -0.79552478  -0.79480823  -0.79902743  -0.80349189 
  -0.80384158  -0.79887104  -0.80488727  -0.80290419  -0.80314375]
[-0.27060872  -0.28774421  -0.29667168  -0.29274339  -0.27367111  -0.28105015 
  -0.29151512  -0.27935757  -0.2648885    -0.29411426  -0.29902316  -0.29600566 
  -0.296916      -0.29794562  -0.29839034  -0.29325252  -0.2891289  ]
[0.2022673    0.19483788  0.19534807  0.20172724  0.21465184  0.20868833 
  0.1962462    0.21478851  0.21177319  0.20517826  0.20860574  0.21680036 
  0.2173394    0.21020166  0.21716652  0.2164259    0.21721277]
[-0.47721949  -0.49011357  -0.48885482  -0.48911928  -0.47041092  -0.48171986 
  -0.47845091  -0.47189619  -0.47489923  -0.48396014  -0.4812946    -0.47603594 
  -0.47603688  -0.48098433  -0.47535137  -0.47579638  -0.47438947]
[0.85989325  0.85166676  0.85228361  0.83676656  0.84480629  0.83552757 
  0.84968259  0.84120684  0.84235465  0.83872448  0.83676604  0.82823113 
  0.82696006  0.83122556  0.82617807  0.82961643  0.8306545  ]
increment_30
[-0.74990561  -0.76045583  -0.76180734  -0.77131326  -0.76046151  -0.76869808 
  -0.76609901  -0.76464799  -0.75954759  -0.76960819  -0.77252212  -0.77752427 
  -0.77843775  -0.775899      -0.78033062  -0.77577517  -0.7742603  ]
[0.46354189  0.46417201  0.45560304  0.4591249    0.45285208  0.46017684 
  0.4546404    0.4496071    0.46591694  0.45233205  0.4446638    0.44097329 
  0.44053697  0.44595813  0.43805405  0.44338802  0.44530082]
[0.39505369  0.42098595  0.40665136  0.43613655  0.39791747  0.43228984 
  0.41484646  0.40168887  0.42264699  0.41840776  0.40936984  0.41356348 
  0.41481557  0.42054357  0.41578976  0.41440529  0.41477584]
[-0.58789437  -0.56385492  -0.5645868    -0.56510183  -0.59668549  -0.57835831 
  -0.56190845  -0.59309171  -0.59286109  -0.57182807  -0.57449618  -0.58262378 
  -0.58237423  -0.57270113  -0.57980785  -0.58380236  -0.58649403]
[-0.80345663  -0.7904785    -0.79665557  -0.79431015  -0.81600575  -0.80080739 
  -0.80692435  -0.81668821  -0.80428996  -0.80331744  -0.81007928  -0.81708377 
  -0.81732096  -0.80932533  -0.81938327  -0.81593455  -0.81596592]
[-0.26865705  -0.29484751  -0.30929169  -0.30328542  -0.2737728    -0.28529782 
  -0.30252019  -0.28241267  -0.25854969  -0.30487771  -0.31343861  -0.30889482 
  -0.30994215  -0.31206787  -0.3136161    -0.30380563  -0.29756608]
[0.19417286  0.18357922  0.1836045    0.1934854    0.21304212  0.20361605 
  0.18529319  0.21380013  0.20886264  0.1983455    0.20391016  0.21641859 
  0.21710267  0.20556287  0.21681513  0.21581865  0.2168598  ]
[-0.48711765  -0.50715111  -0.50517614  -0.5056911    -0.47638865  -0.49441596 
  -0.48956499  -0.47826413  -0.4832243    -0.49745346  -0.49343119  -0.48526817 
  -0.48538708  -0.4935553    -0.48428185  -0.48489804  -0.48309453]
[0.85857326  0.84595899  0.84637986  0.8221223    0.83631257  0.82134548 
  0.84230024  0.8301627    0.83211171  0.82671873  0.8229954    0.81019263 
  0.8083293    0.81537568  0.80666272  0.81237481  0.81362967]
increment_40
[-0.73334297  -0.74832483  -0.74983257  -0.76290397  -0.74747519  -0.75876673 
  -0.75598067  -0.75406453  -0.74612626  -0.75979536  -0.76417256  -0.77108839 
  -0.77223709  -0.76832357  -0.77520667  -0.76842052  -0.76659597]
[0.47709736  0.47769709  0.46606639  0.47117599  0.46244765  0.47264665 
  0.46416327  0.45730717  0.48068288  0.46202561  0.45124007  0.44596238 
  0.44587442  0.45334485  0.44167178  0.44992003  0.45259542]
[0.3840273    0.42012432  0.40003161  0.44112292  0.38717056  0.43459388 
  0.41055035  0.39308615  0.42147525  0.41536553  0.40328851  0.40872681 
  0.41124735  0.41804128  0.41197144  0.41057603  0.4117821  ]
[-0.59637101  -0.56201481  -0.56447736  -0.56508045  -0.60872613  -0.58325857 
  -0.56110533  -0.60359177  -0.60375085  -0.57468738  -0.57833759  -0.58926462 
  -0.58881242  -0.57566583  -0.58486585  -0.5911646    -0.59431254]
[-0.81207907  -0.79427958  -0.8028356    -0.79930045  -0.82952158  -0.80830797 
  -0.81682059  -0.83089789  -0.81332641  -0.81192222  -0.82143348  -0.83107675 
  -0.83094761  -0.81979929  -0.83423405  -0.82921411  -0.82891406]
[-0.26645841  -0.30130198  -0.3221596    -0.31355459  -0.27325299  -0.28912995 
  -0.31439391  -0.28610179  -0.25152365  -0.31531933  -0.32759454  -0.32200092 
  -0.32275483  -0.32575977  -0.32913523  -0.31376178  -0.30577394]
[0.18582213  0.173368      0.17177587  0.18522381  0.21134743  0.198402 
  0.17470287  0.2129401    0.20616727  0.19135026  0.19925423  0.21596093 
  0.21671099  0.20086516  0.21634678  0.21519337  0.21632671]
[-0.49718887  -0.52441096  -0.52179194  -0.52263836  -0.48228005  -0.50730446 
  -0.50146427  -0.48477859  -0.49147113  -0.51117314  -0.50564194  -0.49464384 
  -0.49501053  -0.50645384  -0.49342148  -0.49404627  -0.49208337]
[0.85750041  0.84028212  0.84010174  0.80676218  0.82819462  0.80712917 
  0.83399788  0.81843939  0.82152698  0.8146501    0.80898144  0.79203776 
  0.78950186  0.79944955  0.78706519  0.7950796    0.79644563]
increment_50
[-0.71645296  -0.73646459  -0.73777793  -0.75447652  -0.73410259  -0.74863467 
  -0.74603018  -0.7439375    -0.73246342  -0.7497208    -0.75569391  -0.76468376 
  -0.76601902  -0.7604042    -0.77003385  -0.76084247  -0.75883878]
[0.49092498  0.49130153  0.47663775  0.48365525  0.47243309  0.48545569 
  0.47356452  0.4647933    0.49578851  0.47209297  0.45813874  0.45102069 
  0.45162061  0.46125273  0.44540666  0.45695375  0.46035177]
[0.37278992  0.41987865  0.39344424  0.44694359  0.3763176    0.43710862 
  0.40638024  0.3850805    0.42042773  0.41247153  0.39756385  0.40410553 
  0.40847535  0.41575078  0.40828608  0.40725137  0.40951652]
[-0.60502653  -0.55925191  -0.56433715  -0.56502945  -0.62143614  -0.58821526 
  -0.56043785  -0.61403199  -0.61517682  -0.57761112  -0.58251667  -0.59608555 
  -0.59537956  -0.57913307  -0.59011229  -0.59891143  -0.60225813]
[-0.82090322  -0.79823718  -0.8091912    -0.80417917  -0.84346936  -0.81587261 
  -0.82701255  -0.84555972  -0.82270721  -0.8205936    -0.83308164  -0.8454528 
  -0.84469665  -0.83041954  -0.84941404  -0.84269747  -0.84194391]
[-0.26424851  -0.30717449  -0.33537798  -0.3236328    -0.27204993  -0.29299017 
  -0.32703893  -0.29085486  -0.24395229  -0.32574803  -0.34156122  -0.3354697 
  -0.33551674  -0.33887765  -0.34488054  -0.32323448  -0.31385153]
[0.17720997  0.16437356  0.1598937    0.17693084  0.20967912  0.1929418 
  0.16445737  0.21207491  0.20370795  0.18406305  0.1946336    0.21539989 
  0.21615567  0.19619158  0.21576192  0.21445877  0.2155632  ]
[-0.50748187  -0.54187107  -0.53869443  -0.53993379  -0.48800098  -0.52053721 
  -0.51386222  -0.49168255  -0.49962715  -0.52524927  -0.51796926  -0.50423795 
  -0.50499378  -0.51950512  -0.50278352  -0.50332887  -0.50144078]
[0.85658918  0.83452444  0.83344512  0.79079572  0.82036391  0.79280101 
  0.82480803  0.80592144  0.81057597  0.80255418  0.79464505  0.77367719 
  0.77032218  0.78343467  0.76741313  0.77776507  0.77904668]
increment_60
[-0.69929237  -0.7249936    -0.72566499  -0.74607978  -0.72042478  -0.73835436 
  -0.73625016  -0.73432399  -0.71854776  -0.73941112  -0.74703994  -0.75830097 
  -0.75981275  -0.75209611  -0.76478737  -0.75301371  -0.7509356  ]
[0.50500085  0.50478192  0.48731269  0.49641333  0.48275082  0.49850244 
  0.48283686  0.47203819  0.51121604  0.48249        0.46542332  0.45617225 
  0.45780012  0.46966707  0.4493019    0.46447349  0.46866661]
[0.36142271  0.42002729  0.38692796  0.45340544  0.36543063  0.43975693 
  0.40235256  0.3777054    0.41944233  0.40968956  0.39221693  0.39972696 
  0.40661864  0.41354974  0.40476588  0.40433512  0.40805253]
[-0.61375481  -0.55560062  -0.56414163  -0.56490134  -0.6347904    -0.59317872 
  -0.5599214    -0.62428759  -0.62710088  -0.58063175  -0.58708674  -0.60307338 
  -0.60202926  -0.58318131  -0.59557114  -0.60700758  -0.61028202]
[-0.82989876  -0.80253839  -0.81573884  -0.80907726  -0.85788553  -0.82355976 
  -0.83759197  -0.86060258  -0.8324365    -0.82938066  -0.84502791  -0.86019645 
  -0.85853593  -0.84129843  -0.86492226  -0.85638797  -0.85497215]
[-0.26220456  -0.31275159  -0.34894825  -0.33373377  -0.27029706  -0.29709769 
  -0.34038243  -0.29691192  -0.23593257  -0.33622562  -0.35520997  -0.34929983 
  -0.34826896  -0.35135429  -0.36078231  -0.33231324  -0.32174243]
[0.1682788    0.15668471  0.14800985  0.16871791  0.20808669  0.18723197 
  0.15457282  0.21108763  0.20143243  0.17653978  0.19005551  0.21470448 
  0.2154257    0.19156473  0.21505518  0.21355352  0.21448475]
[-0.51809906  -0.55949365  -0.55589124  -0.55754771  -0.49356236  -0.53414045 
  -0.52664655  -0.49914706  -0.50773339  -0.53966455  -0.53038181  -0.5140817 
  -0.5153986    -0.53257845  -0.51236319  -0.51277923  -0.51124633]
[0.85577131  0.82859449  0.82636518  0.7741886    0.81268198  0.77830552 
  0.81472594  0.79258053  0.79929672  0.79036384  0.78004485  0.75511922 
  0.7506884    0.76743237  0.74771923  0.76050656  0.76146804]
increment_70
[-0.68192219  -0.71398855  -0.71352599  -0.73770958  -0.70647891  -0.7278663 
  -0.72662138  -0.72522195  -0.70436613  -0.72888964  -0.73810263  -0.75187422 
  -0.75356937  -0.74331506  -0.75945029  -0.74491125  -0.74282265]
[0.51930074  0.51800192  0.49816066  0.50936865  0.4933755    0.51180345 
  0.49200186  0.4790311    0.52697656  0.49318432  0.47320783  0.46147169 
  0.4645089    0.47859542  0.45340701  0.47243296  0.47760043]
[0.3500137    0.42038464  0.38069626  0.46032639  0.35454482  0.44243713 
  0.39848159  0.37095054  0.41851073  0.40700041  0.38722581  0.39554931 
  0.40576082  0.41126797  0.40147329  0.40167864  0.4073644  ]
[-0.6223903    -0.55116592  -0.56387977  -0.56461897  -0.64870798  -0.59824328 
  -0.55961956  -0.63432406  -0.6394846    -0.5838081    -0.59213879  -0.61027926 
  -0.60878172  -0.5879175    -0.60125694  -0.61544293  -0.6183164  ]
[-0.83900101  -0.80733217  -0.82244096  -0.81407567  -0.87275372  -0.83142398 
  -0.84852075  -0.87601666  -0.84249719  -0.83834174  -0.85726899  -0.87531432 
  -0.87242482  -0.85254204  -0.88075729  -0.87032661  -0.86793009]
[-0.26056201  -0.31827975  -0.36276734  -0.3439436    -0.26815045  -0.30133582 
  -0.35438485  -0.30431595  -0.22751995  -0.34677254  -0.36829733  -0.3633837 
  -0.36087603  -0.36307792  -0.37679014  -0.34110567  -0.32946468]
[0.15891541  0.15028704  0.13617237  0.16066874  0.20651673  0.1813061 
  0.14508846  0.20991361  0.19928719  0.16885665  0.1855128    0.21385655 
  0.21450871  0.18699538  0.21422017  0.21244032  0.21297702]
[-0.52919659  -0.57725368  -0.57341048  -0.57547158  -0.49904174  -0.54804037 
  -0.53989378  -0.50723067  -0.51583874  -0.55438352  -0.54281926  -0.52415306 
  -0.526237      -0.54553956  -0.52217274  -0.52240451  -0.52159192]
[0.85500741  0.82238767  0.81874803  0.75702721  0.80511509  0.76371109 
  0.8037117    0.77844513  0.78771437  0.77800195  0.76534225  0.73645066 
  0.73060187  0.75161678  0.72796263  0.74337673  0.74378948]
increment_80
[-0.66436322  -0.70348088  -0.70135431  -0.72931767  -0.69224909  -0.71705986 
  -0.71708103  -0.71659902  -0.68994734  -0.71814651  -0.72881805  -0.74533352 
  -0.74723754  -0.73399779  -0.75403976  -0.73655111  -0.73446145]
[0.53382327  0.53094902  0.50925807  0.52256141  0.50432148  0.52541357 
  0.50107964  0.48578881  0.54303177  0.50415754  0.48157529  0.46696775 
  0.47180562  0.48805003  0.45775206  0.48078512  0.48715773]
[0.33860032  0.42091448  0.37488532  0.46766752  0.34365225  0.44500387 
  0.39468164  0.36478084  0.41762349  0.40433499  0.38260389  0.39150959 
  0.40590436  0.40879215  0.39848617  0.39922302  0.407371    ]
[-0.63077958  -0.54612658  -0.56356125  -0.56414793  -0.66314194  -0.60348141 
  -0.55965067  -0.64416217  -0.65223009  -0.58722526  -0.5976623    -0.6177672 
  -0.6156556    -0.593394      -0.60715737  -0.62418176  -0.62627644]
[-0.84813732  -0.81267815  -0.82925442  -0.81915611  -0.88805233  -0.83948075 
  -0.85974398  -0.89180106  -0.85287271  -0.84754289  -0.86976756  -0.8908273 
  -0.88634841  -0.86421457  -0.89689874  -0.88453954  -0.88077424]
[-0.25949315  -0.32388891  -0.37673398  -0.35416914  -0.26567581  -0.30556366 
  -0.36898901  -0.31302167  -0.21890851  -0.35736797  -0.38072819  -0.37761107 
  -0.37325692  -0.37400313  -0.39293708  -0.34974896  -0.33712781]
[0.14898991  0.14504899  0.12437178  0.15277878  0.20490372  0.17512713 
  0.13605005  0.20852114  0.19718354  0.16108028  0.18095163  0.21284739 
  0.21338729  0.18245957  0.21325068  0.21108988  0.21092754]
[-0.54092104  -0.59515047  -0.59127981  -0.59372034  -0.50449682  -0.56219275 
  -0.55370637  -0.51595251  -0.52404157  -0.5693519    -0.55530465  -0.53441177 
  -0.53751067  -0.55832086  -0.53226845  -0.53224202  -0.53257473]
[0.85433289  0.81575837  0.8105541    0.73943592  0.79769859  0.74919345 
  0.79178114  0.76356061  0.77583482  0.76545359  0.75065364  0.71777235 
  0.71009609  0.73613338  0.70806769  0.72636772  0.72607561]
increment_90
[-0.64660412  -0.6934457    -0.68916255  -0.72094043  -0.67771494  -0.70584403 
  -0.70751188  -0.70841051  -0.675322      -0.7071203    -0.71920138  -0.73862816 
  -0.74078695  -0.72413884  -0.74859748  -0.72799178  -0.72583618]
[0.54857556  0.54367524  0.52063035  0.53596532  0.51560649  0.53935195 
  0.51012616  0.49234301  0.55934145  0.5154407    0.49056665  0.47269441 
  0.47968004  0.49799741  0.46232494  0.48949613  0.49733709]
[0.32715802  0.42159216  0.36957267  0.47545047  0.33274148  0.44728374 
  0.39083859  0.35915087  0.41677224  0.40161676  0.37845043  0.38756095 
  0.40695926  0.40604704  0.39585522  0.3970354    0.40803227]
[-0.63883379  -0.5406453    -0.56321257  -0.56346985  -0.67807973  -0.60894586 
  -0.56018264  -0.65384672  -0.66524858  -0.59099175  -0.6035789    -0.62558764 
  -0.62265217  -0.59956997  -0.61323618  -0.63315097  -0.63411778]
[-0.85726974  -0.81858246  -0.83617723  -0.82435188  -0.90377809  -0.84776194 
  -0.87134411  -0.90795379  -0.86355349  -0.85704974  -0.8824838    -0.90675994 
  -0.90032785  -0.87634515  -0.91334069  -0.89901806  -0.89348643]
[-0.25905986  -0.32961797  -0.39084292  -0.36443875  -0.26289586  -0.30972177 
  -0.38392247  -0.32295656  -0.21028453  -0.36787837  -0.3925086    -0.39190779 
  -0.3854469    -0.38425609  -0.40932502  -0.35839591  -0.34479842]
[0.13842588  0.14079266  0.11260585  0.14510932  0.20321464  0.16865423 
  0.12748995  0.20689432  0.1950345    0.15325101  0.17635629  0.2116727 
  0.21203838  0.17789437  0.21213757  0.20947545  0.20828744]
[-0.55335232  -0.61319799  -0.60951288  -0.61229575  -0.5099541    -0.57656528 
  -0.56793818  -0.52532301  -0.53243756  -0.58447828  -0.56790001  -0.54482323 
  -0.54922419  -0.57094798  -0.54270995  -0.54237254  -0.54424956]
[0.85382267  0.80864973  0.80170367  0.72135931  0.79045558  0.7349137 
  0.77909394  0.74797138  0.76366559  0.75279539  0.7359666    0.69916135 
  0.68921325  0.72105264  0.68794309  0.70937685  0.70832867]
increment_100
[-0.6286403    -0.68382815  -0.67695952  -0.71266237  -0.66290389  -0.69417483 
  -0.69779489  -0.70059844  -0.66052871  -0.6957704    -0.70931564  -0.73171271 
  -0.73416657  -0.71376594  -0.74314647  -0.71929716  -0.71691514]
[0.56354462  0.55624747  0.53227146  0.54952435  0.52721149  0.55360268 
  0.51922449  0.49872799  0.57587067  0.52705876  0.50019055  0.47869032 
  0.48810589  0.50838827  0.46710939  0.49854328  0.50817146]
[0.31563823  0.4223651    0.3647644    0.48374733  0.3218378    0.44914136 
  0.38688609  0.35400635  0.4159772    0.39881308  0.37487726  0.38368 
  0.40875386  0.40300069  0.39360351  0.39521634  0.4093413  ]
[-0.64653452  -0.53484542  -0.56287228  -0.56254704  -0.69348029  -0.61465896 
  -0.56138666  -0.66343272  -0.67845778  -0.59520066  -0.60977183  -0.63378584 
  -0.62979785  -0.60633975  -0.61946796  -0.64226921  -0.64186258]
[-0.86641844  -0.8250352    -0.84323494  -0.82972542  -0.91993273  -0.85630789 
  -0.88347175  -0.92449135  -0.87452968  -0.86694011  -0.89539593  -0.9231318 
  -0.91441191  -0.88892431  -0.93009909  -0.91373986  -0.90606518]
[-0.25926113  -0.33546619  -0.40515585  -0.37482664  -0.25991035  -0.31384003 
  -0.39883238  -0.33401859  -0.20181934  -0.37819368  -0.40367598  -0.40619786 
  -0.39748047  -0.39404962  -0.42601355  -0.36718859  -0.3524213  ]
[0.12723425  0.13734651  0.10086061  0.13778562  0.20141996  0.16185679 
  0.11943134  0.20502384  0.19276007  0.145413      0.17176101  0.21033019 
  0.21043947  0.17320295  0.21087038  0.20756667  0.20506757]
[-0.56649867  -0.63141429  -0.62811568  -0.63120129  -0.51546571  -0.59114934 
  -0.5823212    -0.53532396  -0.54112231  -0.59966929  -0.58066842  -0.5553539 
  -0.56135441  -0.58351728  -0.55351822  -0.55289232  -0.55660767]
[0.85351487  0.80108378  0.79211962  0.70264826  0.78334836  0.7209609 
  0.76585595  0.73173723  0.75119802  0.74007088  0.72121344  0.68068618 
  0.66805229  0.70639302  0.66754208  0.69227853  0.69054114]
increment_110
[-0.61047851  -0.67457345  -0.66474654  -0.70458015  -0.64791432  -0.68204402 
  -0.68787571  -0.69306835  -0.64560144  -0.68408022  -0.69925853  -0.72455972 
  -0.72731593  -0.70292766  -0.73767467  -0.71049878  -0.70764594]
[0.5787205    0.5687278    0.54416207  0.56317117  0.53906175  0.56815325 
  0.52844541  0.50500481  0.59259649  0.5390315    0.51040515  0.48498575 
  0.49706043  0.51917188  0.47213274  0.50791588  0.51970699]
[0.30402797  0.4231809    0.36042399  0.49263476  0.31101872  0.45053194 
  0.38283823  0.34927216  0.41527128  0.39593346  0.37193012  0.3798686 
  0.41110233  0.39966525  0.39176467  0.39381094  0.41126966]
[-0.6539308    -0.52883025  -0.56258012  -0.56134388  -0.70924665  -0.62061025 
  -0.56336109  -0.67300336  -0.69178717  -0.5999179    -0.61608417  -0.64238946 
  -0.63713337  -0.61350187  -0.62585678  -0.65148803  -0.64953817]
[-0.87564044  -0.83202895  -0.85046455  -0.83535065  -0.93651877  -0.86513548 
  -0.89622347  -0.94144169  -0.88578846  -0.87727658  -0.90850386  -0.93995818 
  -0.92865714  -0.90187258  -0.94717784  -0.92869595  -0.91850451]
[-0.26002144  -0.34143414  -0.41976628  -0.38543322  -0.25695164  -0.31797738 
  -0.4135194    -0.34602711  -0.19365131  -0.38825312  -0.41433713  -0.42043801 
  -0.40937293  -0.40368495  -0.44297524  -0.37621391  -0.35991975]
[0.11550441  0.13456148  0.08911255  0.13094016  0.19947152  0.15470527 
  0.11188102  0.20290955  0.19028521  0.13760442  0.16720573  0.2088167 
  0.20857101  0.1682113    0.20944098  0.20533715  0.20126655]
[-0.58030907  -0.64981564  -0.64709229  -0.65044265  -0.52114342  -0.60596788 
  -0.59668779  -0.54588786  -0.55018404  -0.6148652    -0.59368084  -0.56598653 
  -0.57386315  -0.59623098  -0.56469951  -0.56386715  -0.5696359  ]
[0.85338359  0.7930868    0.78173739  0.68312503  0.77626068  0.70735716 
  0.75218232  0.71497183  0.73842707  0.7272843    0.70632505  0.6623849 
  0.6467353    0.69214408  0.64685403  0.6750014    0.67274338]
increment_120
[-0.59213608  -0.66565275  -0.6525319    -0.69675326  -0.63279309  -0.66942894 
  -0.67774579  -0.68570893  -0.63053774  -0.67202522  -0.68908865  -0.71714154 
  -0.72017088  -0.69164253  -0.73218158  -0.70156334  -0.69798295]
[0.59412771  0.58115312  0.55629303  0.57685095  0.55112237  0.58306305 
  0.53786616  0.51125548  0.6095088    0.55139514  0.52117464  0.49161563 
  0.5065489    0.53033303  0.47742997  0.5176644    0.53194647]
[0.29239552  0.42401765  0.35655464  0.50212857  0.3003227    0.45152402 
  0.37877085  0.34487148  0.4146276    0.39299753  0.36956338  0.37613433 
  0.41386595  0.39605402  0.39039359  0.3928331    0.41371586]
[-0.66110605  -0.52266017  -0.56237489  -0.55987275  -0.72534212  -0.6268293 
  -0.5661463    -0.68265402  -0.70520817  -0.60517607  -0.62237666  -0.65142638 
  -0.64470062  -0.62083361  -0.63239991  -0.66080095  -0.65713177]
[-0.88499746  -0.83957038  -0.85789569  -0.84129225  -0.95355038  -0.8742344 
  -0.90959223  -0.95882809  -0.89733229  -0.88808119  -0.92180511  -0.95725253 
  -0.94310373  -0.91506486  -0.96455875  -0.94386519  -0.93080192]
[-0.26115891  -0.34754035  -0.43474957  -0.39638378  -0.25413476  -0.32204331 
  -0.4279229    -0.35876729  -0.18585167  -0.39801185  -0.42458893  -0.43458984 
  -0.42110739  -0.41342383  -0.46021108  -0.38542881  -0.36731802]
[0.10339578  0.1323516    0.07735008  0.1246204    0.19734187  0.14720911 
  0.10482856  0.20055776  0.18754402  0.12982191  0.16267801  0.20712963 
  0.20641304  0.16269936  0.20784053  0.20275655  0.19683677]
[-0.59469136  -0.66841981  -0.66644575  -0.67002863  -0.52704681  -0.62101533 
  -0.61102523  -0.55692724  -0.55967451  -0.63004991  -0.60700652  -0.57670969 
  -0.58671901  -0.6093296    -0.57629868  -0.57532442  -0.58335713]
[0.8533481    0.78465439  0.77046969  0.6626479    0.76913461  0.69409166 
  0.738094      0.69781474  0.72540106  0.71446529  0.69131388  0.64428842 
  0.62537413  0.67832789  0.62582857  0.65756408  0.65500025]
