inc
Fp11
Fp12
Fp13
Fp21
Fp22
Fp23
Fp31
Fp32
Fp33
increment_0
[-0.86106464  -0.86106464  -0.86106464  -0.86106464  -0.86106464  -0.86106464 
  -0.86106464  -0.86106464]
[0.27942788  0.27942788  0.27942788  0.27942788  0.27942788  0.27942788 
  0.27942788  0.27942788]
[-0.42483848  -0.42483848  -0.42483848  -0.42483848  -0.42483848  -0.42483848 
  -0.42483848  -0.42483848]
[0.1642502  0.1642502  0.1642502  0.1642502  0.1642502  0.1642502  0.1642502 
  0.1642502]
[-0.63785513  -0.63785513  -0.63785513  -0.63785513  -0.63785513  -0.63785513 
  -0.63785513  -0.63785513]
[-0.75243784  -0.75243784  -0.75243784  -0.75243784  -0.75243784  -0.75243784 
  -0.75243784  -0.75243784]
[-0.48123752  -0.48123752  -0.48123752  -0.48123752  -0.48123752  -0.48123752 
  -0.48123752  -0.48123752]
[-0.71767743  -0.71767743  -0.71767743  -0.71767743  -0.71767743  -0.71767743 
  -0.71767743  -0.71767743]
[0.50333842  0.50333842  0.50333842  0.50333842  0.50333842  0.50333842 
  0.50333842  0.50333842]
increment_10
[-0.84555663  -0.84544976  -0.84688425  -0.84732488  -0.84606711  -0.84530286 
  -0.84569315  -0.84727849]
[0.29360172  0.29368557  0.29332009  0.29332198  0.29317181  0.29384456 
  0.29348625  0.29230598]
[-0.4160103    -0.41590975  -0.41935588  -0.42071699  -0.41621335  -0.41580099 
  -0.41609473  -0.41775086]
[0.16235716  0.16342683  0.16386032  0.16317722  0.16662353  0.161909 
  0.16273886  0.16239105]
[-0.63975549  -0.63860871  -0.63952988  -0.64067443  -0.63918252  -0.64069709 
  -0.63954246  -0.64142503]
[-0.75303996  -0.75290478  -0.74896511  -0.74789819  -0.75452059  -0.75453268 
  -0.75244232  -0.74827158]
[-0.49473864  -0.49602533  -0.49475459  -0.49353987  -0.49203143  -0.49331931 
  -0.49489324  -0.49200106]
[-0.73017575  -0.73119305  -0.73041307  -0.72943359  -0.7310748    -0.72943347 
  -0.73044511  -0.7291255  ]
[0.49605764  0.49487851  0.49668959  0.49772461  0.49367963  0.49565336 
  0.49634624  0.50167208]
increment_20
[-0.82798234  -0.82761457  -0.83103468  -0.83205683  -0.82969847  -0.82744887 
  -0.8287912    -0.83207739]
[0.30967625  0.30995768  0.30893221  0.30910713  0.30831285  0.31021113 
  0.30900293  0.30668507]
[-0.40607985  -0.40572049  -0.41347216  -0.41710651  -0.40666656  -0.40552497 
  -0.40665091  -0.41043839]
[0.15937542  0.16255515  0.16348883  0.16137898  0.17145427  0.15964506 
  0.16090672  0.15902784]
[-0.64295823  -0.63940965  -0.64182666  -0.64499167  -0.64047403  -0.64369384 
  -0.64225644  -0.64740861]
[-0.75339908  -0.75339031  -0.74368884  -0.74143217  -0.75703767  -0.75682537 
  -0.75056909  -0.74206544]
[-0.50904314  -0.51297729  -0.5097121    -0.50646019  -0.50263288  -0.50715653 
  -0.50935478  -0.50221356]
[-0.743721      -0.74670348  -0.74494054  -0.74212985  -0.7466428    -0.74304667 
  -0.7446572    -0.74098634]
[0.48914981  0.48517987  0.49055269  0.49280526  0.48216011  0.48669158 
  0.49087778  0.50286676]
increment_30
[-0.81033074  -0.80963327  -0.81540491  -0.81691229  -0.81351106  -0.80930149 
  -0.8118883    -0.8169093  ]
[0.32586017  0.32637275  0.3243762    0.32493234  0.32346607  0.32686044 
  0.3245446    0.32108273]
[-0.39619532  -0.39548328  -0.40780896  -0.41401141  -0.39706112  -0.39506534 
  -0.39727583  -0.40329322]
[0.15629045  0.16191028  0.16334785  0.15954646  0.17656425  0.15705081 
  0.15891041  0.15528307]
[-0.64637072  -0.64001696  -0.64424565  -0.64965638  -0.6419117    -0.64672009 
  -0.64529529  -0.65394352]
[-0.75349342  -0.75370818  -0.73734581  -0.73409899  -0.75945606  -0.75901432 
  -0.74829789  -0.73547899]
[-0.52332213  -0.53030083  -0.52460609  -0.51920719  -0.51274295  -0.52148779 
  -0.52366426  -0.51210158]
[-0.75734476  -0.76255913  -0.7597622    -0.75486483  -0.76233098  -0.75684503 
  -0.75893461  -0.75278881]
[0.48255777  0.47527091  0.48543836  0.48855258  0.47070713  0.47773343 
  0.48606893  0.50495515]
increment_40
[-0.79261898  -0.79151089  -0.80006528  -0.80192618  -0.79765394  -0.7908656 
  -0.79491992  -0.80178063]
[0.34215398  0.34296496  0.33957413  0.34079645  0.3386092    0.34378467 
  0.34016804  0.33549223]
[-0.38640807  -0.38527723  -0.40236878  -0.41153045  -0.3873736    -0.3844285 
  -0.38792575  -0.39630691]
[0.15304584  0.16143022  0.16338447  0.15749594  0.1818921    0.15421523 
  0.15670321  0.15102945]
[-0.65008699  -0.64051661  -0.64686804  -0.65488698  -0.64356504  -0.6497917 
  -0.64863282  -0.66117133]
[-0.7532364    -0.75381171  -0.7298739    -0.72586228  -0.76158998  -0.76115285 
  -0.74584942  -0.72853769]
[-0.53750908  -0.54793331  -0.53936254  -0.53158274  -0.52224303  -0.53620784 
  -0.53790287  -0.52153297]
[-0.77101691  -0.77869329  -0.77487376  -0.76748642  -0.77815602  -0.77082821 
  -0.77329088  -0.76444051]
[0.47641125  0.46519374  0.48156577  0.48515313  0.45950156  0.46873625 
  0.48170283  0.50805912]
increment_50
[-0.7748031    -0.77325194  -0.78512969  -0.78719438  -0.78255219  -0.7721577 
  -0.77786455  -0.78680971]
[0.35861281  0.35976569  0.35443898  0.35668268  0.35378439  0.36096883 
  0.35590178  0.34984364]
[-0.37674711  -0.37520446  -0.39726456  -0.40991151  -0.37740701  -0.37362381 
  -0.37861299  -0.38965233]
[0.14962767  0.16100744  0.16345823  0.15506786  0.18714361  0.15118434 
  0.15425179  0.14621774]
[-0.65409535  -0.64104652  -0.64990093  -0.66094234  -0.6454645    -0.65291474 
  -0.65228257  -0.66926004]
[-0.75270456  -0.75365122  -0.72113251  -0.71649667  -0.76324191  -0.76326598 
  -0.74329029  -0.72093108]
[-0.55166958  -0.56576203  -0.55378573  -0.54334814  -0.53095408  -0.55125191 
  -0.55208878  -0.53032353]
[-0.78476316  -0.79500703  -0.79017471  -0.77982427  -0.79414025  -0.78498668 
  -0.78772104  -0.7758515  ]
[0.47056508  0.4550253    0.47926606  0.48287175  0.4485685    0.45968415 
  0.47770857  0.51249582]
increment_60
[-0.7568146    -0.75484974  -0.77069485  -0.77286477  -0.76858732  -0.75319152 
  -0.7607098    -0.77209967]
[0.37531584  0.37679563  0.36894424  0.3725144    0.36908299  0.37840021 
  0.37176898  0.36411625]
[-0.36722598  -0.36530919  -0.39272398  -0.40940081  -0.36694093  -0.36265933 
  -0.36936346  -0.38359393]
[0.14610279  0.16051597  0.16342017  0.15215654  0.19190347  0.14802593 
  0.15150372  0.14082681]
[-0.65828696  -0.64174567  -0.65356023  -0.66807027  -0.64760264  -0.65611281 
  -0.65629293  -0.67834275]
[-0.75199365  -0.75323172  -0.71098358  -0.70563899  -0.76429315  -0.76540425 
  -0.74064933  -0.71235389]
[-0.56596948  -0.58366762  -0.56771351  -0.5542587    -0.53883759  -0.56651272 
  -0.56620176  -0.5383594  ]
[-0.79867431  -0.8114009    -0.8055485    -0.79174945  -0.81028632  -0.79930854 
  -0.80219771  -0.78694821]
[0.46474783  0.44485475  0.47872103  0.48211075  0.43782957  0.45054856 
  0.47407276  0.51841475]
increment_70
[-0.73859742  -0.73628941  -0.75679746  -0.75900043  -0.75579313  -0.73397747 
  -0.74347257  -0.75766017]
[0.39231313  0.39407459  0.38311021  0.38822878  0.38454914  0.39607296 
  0.38776841  0.3783882  ]
[-0.35781155  -0.3556052    -0.38891798  -0.41001846  -0.35596628  -0.35153738 
  -0.36022677  -0.37838011]
[0.14254179  0.15984406  0.16312825  0.14866986  0.19595994  0.14482937 
  0.14842323  0.13486037]
[-0.66255742  -0.64273614  -0.65801904  -0.67641764  -0.65002964  -0.65940154 
  -0.66072933  -0.68845657]
[-0.75117518  -0.75256113  -0.69938774  -0.6931668    -0.76472806  -0.76760573 
  -0.73785521  -0.70269119]
[-0.58054432  -0.60155651  -0.58105256  -0.56418717  -0.54595899  -0.58189525 
  -0.58020189  -0.54567179]
[-0.81283764  -0.82780411  -0.8209084    -0.80321397  -0.82655513  -0.81380769 
  -0.81670477  -0.79770394]
[0.45877704  0.43477274  0.47998013  0.48313257  0.42731164  0.44129112 
  0.47087522  0.52564323]
increment_80
[-0.72012856  -0.71759018  -0.74338614  -0.74555554  -0.74407293  -0.71455636 
  -0.726173      -0.74344834]
[0.40961913  0.41159803  0.39700559  0.40381431  0.4002026    0.41396581 
  0.40390081  0.39275173]
[-0.34847354  -0.34614439  -0.38587744  -0.41158737  -0.34458398  -0.34026651 
  -0.351268      -0.37413462]
[0.13897641  0.15893914  0.16244885  0.14460068  0.19925463  0.14168366 
  0.14497462  0.12836235]
[-0.6668654    -0.64410529  -0.66337599  -0.68594453  -0.65282505  -0.66280891 
  -0.66566387  -0.69955059]
[-0.75026555  -0.75155902  -0.6864879    -0.67921508  -0.76455144  -0.76983864 
  -0.73481805  -0.69194836]
[-0.59544664  -0.61936746  -0.59379555  -0.57321444  -0.55237867  -0.59729685 
  -0.59405069  -0.55237671]
[-0.82729601  -0.84418918  -0.83620731  -0.81430051  -0.84290954  -0.8285141 
  -0.83122943  -0.80815501]
[0.45260705  0.42489047  0.48293422  0.48591393  0.41707679  0.43193641 
  0.46820015  0.53391994]
increment_90
[-0.70148464  -0.69880182  -0.73039769  -0.73243218  -0.73335689  -0.69510103 
  -0.7088385    -0.72942119]
[0.42716671  0.42933041  0.41070004  0.41931129  0.41602549  0.43197079 
  0.4201621    0.40727571]
[-0.3392638    -0.33698667  -0.38359896  -0.41391208  -0.33296389  -0.32891175 
  -0.34256154  -0.3709157  ]
[0.13540811  0.15778468  0.16126372  0.13998104  0.20180407  0.13862886 
  0.14117737  0.12140586]
[-0.67127493  -0.64591944  -0.66971163  -0.69653256  -0.65605464  -0.66647669 
  -0.6711168    -0.71153895]
[-0.74908028  -0.75009108  -0.67242931  -0.66401672  -0.76364828  -0.77186556 
  -0.73142093  -0.68013711]
[-0.61060472  -0.63705945  -0.60594329  -0.58151088  -0.55816516  -0.61247701 
  -0.60776264  -0.55860526]
[-0.84204666  -0.86056409  -0.85140552  -0.82512768  -0.85934551  -0.84342817 
  -0.84580569  -0.81836954]
[0.44645509  0.41535581  0.48746942  0.49025109  0.4072515    0.42278742 
  0.46609631  0.5430253  ]
increment_100
[-0.68280862  -0.68000978  -0.7178092    -0.71949242  -0.72358347  -0.67592425 
  -0.69152872  -0.71556666]
[0.44482539  0.44720035  0.42423627  0.43480622  0.43196543  0.44990219 
  0.43651848  0.42201886]
[-0.3302639    -0.32820236  -0.3821298    -0.41680086  -0.32136151  -0.31762637 
  -0.33419899  -0.36884993]
[0.13181193  0.15638365  0.15945639  0.13483478  0.20365009  0.13563836 
  0.1371078    0.11407067]
[-0.67591735  -0.64824002  -0.67714717  -0.70804691  -0.65979605  -0.67064518 
  -0.67706685  -0.72435769]
[-0.74732882  -0.74797536  -0.65723781  -0.64787714  -0.76178708  -0.77326758 
  -0.72748608  -0.66718685]
[-0.62588366  -0.65459862  -0.61744411  -0.58926801  -0.56341545  -0.6270938 
  -0.62138362  -0.56445623]
[-0.85707751  -0.87696251  -0.86643941  -0.83580129  -0.87586858  -0.85851939 
  -0.8605092    -0.8283963  ]
[0.44071122  0.40636708  0.4935693    0.49583697  0.39805568  0.41436489 
  0.46462956  0.55278668]
increment_110
[-0.66422976  -0.66131229  -0.70560428  -0.70654891  -0.71461623  -0.65728649 
  -0.67428866  -0.70184369]
[0.46246053  0.46512108  0.4376745    0.45045828  0.44798047  0.4676435 
  0.45294842  0.43706597]
[-0.32150229  -0.31985782  -0.38158671  -0.42011109  -0.31009989  -0.30657467 
  -0.32625997  -0.36804621]
[0.12816103  0.15472815  0.15699199  0.1291866    0.20484968  0.13270771 
  0.13282817  0.10639384]
[-0.6809009    -0.65113727  -0.68573843  -0.72032411  -0.66416335  -0.6754547 
  -0.68349151  -0.73796204]
[-0.7447913    -0.74503925  -0.64086677  -0.63117929  -0.75877306  -0.77376827 
  -0.72288288  -0.65310705]
[-0.64119301  -0.67195181  -0.62830616  -0.59671303  -0.56824233  -0.64093551 
  -0.63496506  -0.57001242]
[-0.872414      -0.89342464  -0.88128486  -0.84640828  -0.89245707  -0.87378992 
  -0.87540947  -0.83825069]
[0.43573005  0.39813956  0.50114073  0.50220025  0.38970923  0.40692382 
  0.46383122  0.56298804]
increment_120
[-0.64586924  -0.64279569  -0.69372615  -0.69340582  -0.7062394    -0.63937926 
  -0.65712191  -0.68815289]
[0.47994502  0.48301325  0.45110053  0.46646596  0.46404791  0.48515497 
  0.46945559  0.4525028  ]
[-0.31300382  -0.31200208  -0.38203195  -0.42378556  -0.29949574  -0.29589118 
  -0.31876546  -0.36843354]
[0.12444189  0.15279128  0.15395903  0.12309224  0.20549457  0.12986308 
  0.1283351    0.09837201]
[-0.68630254  -0.65468425  -0.69538201  -0.73317504  -0.66928257  -0.68094737 
  -0.69040058  -0.75228895]
[-0.74129384  -0.74116196  -0.62332894  -0.61427799  -0.75452598  -0.77322667 
  -0.71759424  -0.63808477]
[-0.65648893  -0.68909515  -0.63868185  -0.60409556  -0.57275673  -0.65390336 
  -0.64853406  -0.5753693  ]
[-0.88810924  -0.90999067  -0.89602497  -0.85703181  -0.90907677  -0.88927642 
  -0.89053782  -0.84796094]
[0.43179679  0.39086002  0.5099394    0.50879352  0.38237485  0.40047752 
  0.46370383  0.57340957]
