inc
Fp11
Fp12
Fp13
Fp21
Fp22
Fp23
Fp31
Fp32
Fp33
increment_0
[0.50537264  0.50537264  0.50537264  0.50537264  0.50537264  0.50537264 
  0.50537264  0.50537264  0.50537264  0.50537264  0.50537264  0.50537264 
  0.50537264  0.50537264  0.50537264  0.50537264  0.50537264  0.50537264 
  0.50537264  0.50537264  0.50537264  0.50537264  0.50537264  0.50537264 
  0.50537264  0.50537264  0.50537264]
[0.04590125  0.04590125  0.04590125  0.04590125  0.04590125  0.04590125 
  0.04590125  0.04590125  0.04590125  0.04590125  0.04590125  0.04590125 
  0.04590125  0.04590125  0.04590125  0.04590125  0.04590125  0.04590125 
  0.04590125  0.04590125  0.04590125  0.04590125  0.04590125  0.04590125 
  0.04590125  0.04590125  0.04590125]
[0.86167951  0.86167951  0.86167951  0.86167951  0.86167951  0.86167951 
  0.86167951  0.86167951  0.86167951  0.86167951  0.86167951  0.86167951 
  0.86167951  0.86167951  0.86167951  0.86167951  0.86167951  0.86167951 
  0.86167951  0.86167951  0.86167951  0.86167951  0.86167951  0.86167951 
  0.86167951  0.86167951  0.86167951]
[-0.13390627  -0.13390627  -0.13390627  -0.13390627  -0.13390627  -0.13390627 
  -0.13390627  -0.13390627  -0.13390627  -0.13390627  -0.13390627  -0.13390627 
  -0.13390627  -0.13390627  -0.13390627  -0.13390627  -0.13390627  -0.13390627 
  -0.13390627  -0.13390627  -0.13390627  -0.13390627  -0.13390627  -0.13390627 
  -0.13390627  -0.13390627  -0.13390627]
[0.99065904  0.99065904  0.99065904  0.99065904  0.99065904  0.99065904 
  0.99065904  0.99065904  0.99065904  0.99065904  0.99065904  0.99065904 
  0.99065904  0.99065904  0.99065904  0.99065904  0.99065904  0.99065904 
  0.99065904  0.99065904  0.99065904  0.99065904  0.99065904  0.99065904 
  0.99065904  0.99065904  0.99065904]
[0.02576373  0.02576373  0.02576373  0.02576373  0.02576373  0.02576373 
  0.02576373  0.02576373  0.02576373  0.02576373  0.02576373  0.02576373 
  0.02576373  0.02576373  0.02576373  0.02576373  0.02576373  0.02576373 
  0.02576373  0.02576373  0.02576373  0.02576373  0.02576373  0.02576373 
  0.02576373  0.02576373  0.02576373]
[-0.85244801  -0.85244801  -0.85244801  -0.85244801  -0.85244801  -0.85244801 
  -0.85244801  -0.85244801  -0.85244801  -0.85244801  -0.85244801  -0.85244801 
  -0.85244801  -0.85244801  -0.85244801  -0.85244801  -0.85244801  -0.85244801 
  -0.85244801  -0.85244801  -0.85244801  -0.85244801  -0.85244801  -0.85244801 
  -0.85244801  -0.85244801  -0.85244801]
[-0.12840457  -0.12840457  -0.12840457  -0.12840457  -0.12840457  -0.12840457 
  -0.12840457  -0.12840457  -0.12840457  -0.12840457  -0.12840457  -0.12840457 
  -0.12840457  -0.12840457  -0.12840457  -0.12840457  -0.12840457  -0.12840457 
  -0.12840457  -0.12840457  -0.12840457  -0.12840457  -0.12840457  -0.12840457 
  -0.12840457  -0.12840457  -0.12840457]
[0.50679844  0.50679844  0.50679844  0.50679844  0.50679844  0.50679844 
  0.50679844  0.50679844  0.50679844  0.50679844  0.50679844  0.50679844 
  0.50679844  0.50679844  0.50679844  0.50679844  0.50679844  0.50679844 
  0.50679844  0.50679844  0.50679844  0.50679844  0.50679844  0.50679844 
  0.50679844  0.50679844  0.50679844]
increment_10
[0.50421616  0.50411722  0.50413683  0.50277498  0.49990712  0.50425242 
  0.50545728  0.5017267    0.50326919  0.5006344    0.50116052  0.50387916 
  0.50592407  0.50436288  0.50312344  0.50267822  0.5060972    0.50669536 
  0.50475436  0.50202422  0.50315271  0.49996605  0.49893324  0.49782527 
  0.49859885  0.49732657  0.50271804]
[0.04575427  0.04573661  0.0471036    0.04661675  0.04580962  0.04610564 
  0.04788187  0.0441552    0.04565944  0.04251618  0.04432091  0.04797207 
  0.0502389    0.04755868  0.04588518  0.04615959  0.05108897  0.05071775 
  0.04844322  0.04636101  0.0461153    0.04383832  0.04092748  0.04540371 
  0.03979337  0.03829668  0.04384013]
[0.85978845  0.85963592  0.85747814  0.85568819  0.85170108  0.85339047 
  0.85521034  0.85797396  0.85817047  0.85844644  0.85774377  0.85381859 
  0.85396531  0.85566699  0.85570501  0.85627851  0.84969978  0.85149123 
  0.85542117  0.85452587  0.85701089  0.85498869  0.85778854  0.85386499 
  0.86019476  0.85897537  0.86003792]
[-0.12799565  -0.12797788  -0.13037938  -0.12803897  -0.12533197  -0.13428253 
  -0.13454269  -0.12486071  -0.12722632  -0.12191402  -0.12620743  -0.13129961 
  -0.13467433  -0.13196464  -0.13174685  -0.12917113  -0.13307158  -0.13480638 
  -0.13249867  -0.12768469  -0.12876189  -0.12471232  -0.12083749  -0.13514755 
  -0.12078        -0.12910423  -0.14446398]
[1.00536054  1.00541844  1.00480432  1.0050539    1.00512587  1.00474286 
  1.00437509  1.00552709  1.00527459  1.00593203  1.00556309  1.00470664 
  1.00421754  1.00462629  1.00493141  1.0051585    1.00451522  1.00430873 
  1.00453959  1.00504179  1.00502831  1.00537274  1.00606184  1.00527549 
  1.00653822  1.00557071  1.00488823]
[0.03519693  0.03506063  0.0324081    0.02864545  0.02132112  0.03089313 
  0.03287359  0.03102371  0.03219829  0.03075986  0.03061221  0.02776551 
  0.02909647  0.03065154  0.03159571  0.02593729  0.0226362    0.02636306 
  0.02862639  0.02687409  0.03128888  0.02642598  0.02979076  0.02962414 
  0.03004527  0.02765412  0.01953663]
[-0.84252741  -0.84270678  -0.84550081  -0.8468834    -0.85113862  -0.84821149 
  -0.84744671  -0.84439567  -0.84426819  -0.84380185  -0.84446396  -0.84822563 
  -0.84845327  -0.84698408  -0.84648732  -0.84626644  -0.85042939  -0.84956659 
  -0.84740878  -0.84798438  -0.84559467  -0.84817853  -0.84513727  -0.84863929 
  -0.84135562  -0.84248089  -0.83731773]
[-0.12688947  -0.12709717  -0.13007707  -0.12854509  -0.12824521  -0.12983781 
  -0.13298644  -0.12489984  -0.12696349  -0.12279627  -0.12470403  -0.12999939 
  -0.13346301  -0.1306755    -0.12861431  -0.12769517  -0.13039161  -0.13225971 
  -0.13075703  -0.12825233  -0.12819142  -0.12697106  -0.12314801  -0.12691577 
  -0.12204458  -0.1289002    -0.13331028]
[0.50092567  0.50082922  0.49959333  0.50239221  0.50597749  0.50117069 
  0.49776514  0.504612      0.50216464  0.50650904  0.50509987  0.50160591 
  0.49788092  0.49977314  0.50184269  0.50240531  0.50249113  0.49963998 
  0.49912593  0.50355974  0.50179415  0.5051709    0.50718111  0.5056929 
  0.50928378  0.50911298  0.5067355  ]
increment_20
[0.50323423  0.50322977  0.50326591  0.50009148  0.49432063  0.50386756 
  0.50637971  0.49782355  0.50069895  0.4947522    0.49659301  0.50237127 
  0.5071802    0.50349254  0.50092404  0.50008889  0.50766239  0.50864211 
  0.50434196  0.4976623    0.50108371  0.49350604  0.49161681  0.49000987 
  0.49177849  0.48832617  0.49943932]
[0.04562027  0.0460098    0.04921416  0.04779073  0.04651447  0.04581636 
  0.05064282  0.04300673  0.04505591  0.03804447  0.04198769  0.05030254 
  0.05513914  0.04921463  0.04586333  0.04653004  0.05712898  0.05535372 
  0.05169075  0.04629344  0.04666        0.04103727  0.03464371  0.04502112 
  0.03337429  0.02964418  0.04156498]
[0.85818331  0.85757501  0.85260759  0.84880654  0.8402084    0.84398587 
  0.84708449  0.85290736  0.85436839  0.85492796  0.85396822  0.84451396 
  0.8450994    0.8486725    0.84840627  0.85091059  0.83553356  0.83905551 
  0.84768866  0.84626443  0.85178067  0.84751389  0.85434268  0.84381115 
  0.85940285  0.85590149  0.85744637]
[-0.12149566  -0.12336249  -0.12815498  -0.12182763  -0.11591772  -0.13656763 
  -0.13703732  -0.11699085  -0.1191594    -0.1074626    -0.11639855  -0.12887723 
  -0.13706945  -0.13085681  -0.13068308  -0.12441538  -0.13300042  -0.13652962 
  -0.13158349  -0.12063037  -0.12396681  -0.11373795  -0.10453292  -0.13893995 
  -0.11028054  -0.12535157  -0.15391387]
[1.02224093  1.02200002  1.02090593  1.0216133    1.02177253  1.02119809 
  1.02004631  1.02252711  1.02219798  1.02357795  1.02289493  1.02100817 
  1.01973219  1.02081345  1.02147582  1.02192658  1.02053827  1.0201616 
  1.02066788  1.0217732    1.02158067  1.02234509  1.0238293    1.02208099 
  1.0238513    1.02225565  1.02111173]
[0.04699071  0.04710071  0.04064474  0.03195939  0.01575054  0.03763523 
  0.04141842  0.03719724  0.03979257  0.03651441  0.03623648  0.03045015 
  0.03418567  0.03768099  0.03911025  0.02678489  0.0195186    0.02819814 
  0.03141627  0.02836949  0.03828493  0.027118      0.03527554  0.03511324 
  0.0337782    0.02919933  0.01145917]
[-0.83094565  -0.83223405  -0.8381536    -0.84070545  -0.84960193  -0.84324972 
  -0.84245203  -0.83617341  -0.83487595  -0.83387334  -0.83452531  -0.84362357 
  -0.84413672  -0.84083554  -0.84004504  -0.8385577    -0.8483097    -0.84659666 
  -0.84214119  -0.84309364  -0.83785137  -0.84339557  -0.83558608  -0.84502455 
  -0.82763829  -0.83157311  -0.82295643]
[-0.12531097  -0.12780769  -0.13379794  -0.12910736  -0.12812411  -0.13157308 
  -0.13958118  -0.12240491  -0.12496612  -0.11578331  -0.11986641  -0.13204782 
  -0.14025624  -0.13382704  -0.12949827  -0.1267723    -0.13293124  -0.13662521 
  -0.13371467  -0.12774154  -0.12873436  -0.12515456  -0.11540427  -0.12586165 
  -0.11834747  -0.13081057  -0.13733362]
[0.4938535    0.4920383    0.48984265  0.49707623  0.50494412  0.49349771 
  0.48656596  0.50112458  0.49723175  0.50678948  0.50350729  0.49572036 
  0.48681945  0.49136422  0.49569041  0.49675226  0.49745945  0.49206033 
  0.49026534  0.50040289  0.49522071  0.50360849  0.50857834  0.5041139 
  0.51166595  0.5114932    0.5053313  ]
increment_30
[0.50242907  0.50245029  0.50247211  0.49752154  0.48929428  0.50386861 
  0.50737404  0.49424299  0.49793706  0.48894605  0.49153675  0.50116226 
  0.50832241  0.50259427  0.49852091  0.4973027    0.5096571    0.51037976 
  0.50374516  0.4930822    0.49919034  0.48702365  0.48390968  0.4824941 
  0.48636429  0.47987022  0.49571947]
[0.04544933  0.04633564  0.05142681  0.04925355  0.04792305  0.0452536 
  0.05401977  0.04211005  0.04427132  0.03378593  0.03937379  0.0528323 
  0.06005186  0.05068632  0.04581315  0.04657181  0.06244726  0.05980665 
  0.05468455  0.04573416  0.0470924    0.03776492  0.02790877  0.04453641 
  0.0278254    0.0213766    0.03896358]
[0.85695721  0.85565331  0.84784528  0.84175672  0.82864371  0.83441627 
  0.83861571  0.84768393  0.85047604  0.85148561  0.85013874  0.83540241 
  0.83647702  0.84116373  0.84103539  0.84570586  0.82148733  0.82753795 
  0.84020674  0.8384535    0.84666491  0.84076295  0.85092672  0.83390241 
  0.85828446  0.85301119  0.85441866]
[-0.11481411  -0.11931774  -0.12630992  -0.11574966  -0.1066714    -0.13934297 
  -0.13950668  -0.10994779  -0.11076122  -0.0931266    -0.1068858    -0.12679346 
  -0.13946007  -0.13001459  -0.12908899  -0.11920022  -0.13381304  -0.13832627 
  -0.13042804  -0.11340683  -0.12009868  -0.10286337  -0.08778235  -0.14258337 
  -0.10313422  -0.12164165  -0.16218874]
[1.03954571  1.03889104  1.03733413  1.0385283    1.03880925  1.03804647 
  1.03605666  1.03986008  1.03954637  1.04154283  1.04061557  1.03765211 
  1.03559987  1.03742406  1.03844865  1.03915139  1.03694686  1.0364262 
  1.03721062  1.03899509  1.03854939  1.03976698  1.04187656  1.03928246 
  1.04141073  1.03932363  1.03776122]
[0.05961815  0.05999357  0.04936651  0.03507524  0.00987663  0.04506361 
  0.04907942  0.04395449  0.04733605  0.04249309  0.04144296  0.03364844 
  0.03957104  0.04477194  0.04629497  0.02788593  0.018135      0.03031967 
  0.03492359  0.03075444  0.04553526  0.02818367  0.04081257  0.04085986 
  0.03668139  0.03077836  0.00365755]
[-0.81898461  -0.82193685  -0.83089615  -0.83470559  -0.84787699  -0.83840628 
  -0.8377354    -0.82804548  -0.8255723    -0.82366475  -0.82456745  -0.83891285 
  -0.83973598  -0.8350052    -0.83372001  -0.83062907  -0.84606301  -0.84335218 
  -0.83667598  -0.83776391  -0.82999623  -0.83775958  -0.82599267  -0.84128338 
  -0.8124183    -0.82021969  -0.80948494]
[-0.12347982  -0.12929697  -0.13804105  -0.12994166  -0.12805039  -0.13363525 
  -0.14632332  -0.12042845  -0.12280132  -0.10850464  -0.11484163  -0.13454688 
  -0.14724992  -0.13698181  -0.13028603  -0.12554305  -0.13589916  -0.14098831 
  -0.1367343    -0.12682868  -0.12937576  -0.12289194  -0.10742937  -0.12482672 
  -0.11535454  -0.13232878  -0.14125129]
[0.48677526  0.48252609  0.47966091  0.49163164  0.50372273  0.48539487 
  0.47559511  0.49711937  0.49254693  0.50711852  0.50241981  0.48934521 
  0.47575413  0.48328231  0.48981574  0.49147925  0.49186402  0.48372933 
  0.48160548  0.49735235  0.48820894  0.50209975  0.51024423  0.50240718 
  0.51513958  0.51399164  0.50412851]
increment_40
[0.5017735    0.50173178  0.50166884  0.49490971  0.48481271  0.50403125 
  0.50831299  0.49086644  0.49495214  0.48319665  0.48590146  0.50016592 
  0.50932265  0.50165361  0.49590549  0.49444098  0.5119896    0.51181262 
  0.50282118  0.48847387  0.49741917  0.48081863  0.47599968  0.47470043 
  0.48202366  0.4717049    0.49159523]
[0.04527155  0.04665498  0.05360572  0.05077629  0.0500627    0.0447688 
  0.05778694  0.04126623  0.04323202  0.0298755    0.03690706  0.05540124 
  0.06502245  0.0519865    0.04585152  0.04638393  0.06655392  0.06376543 
  0.05723426  0.04501814  0.04721324  0.0348011    0.02133107  0.044008 
  0.02334128  0.01356292  0.03609215]
[0.85601095  0.85387479  0.84323873  0.83462402  0.8169436    0.82483671 
  0.82985383  0.84250568  0.84653792  0.84801364  0.8460372    0.82642498 
  0.82787925  0.8331608    0.83354588  0.84071814  0.80779732  0.81734082 
  0.83314831  0.8307228    0.84186762  0.83435542  0.84747759  0.82433779 
  0.85704052  0.8503042    0.85098749]
[-0.10797694  -0.11554529  -0.12454444  -0.10950538  -0.09762348  -0.14215201 
  -0.14172766  -0.10304238  -0.10196203  -0.07925553  -0.09874625  -0.12508261 
  -0.14162832  -0.12940888  -0.12669241  -0.11381172  -0.13559453  -0.1402117 
  -0.128757      -0.10650725  -0.11712006  -0.09350738  -0.07175465  -0.14585854 
  -0.09878444  -0.1182336    -0.16944287]
[1.0572741    1.05614545  1.05415449  1.055864      1.056232      1.05526708 
  1.05246782  1.05757626  1.05734948  1.05982232  1.05868374  1.05467087 
  1.05186425  1.05449347  1.05585236  1.05683264  1.05377056  1.05316466 
  1.05424706  1.05665234  1.05600107  1.05760066  1.06018042  1.05691661 
  1.05925739  1.05679048  1.05486108]
[  0.0729567      0.07360922    0.0585302      0.03804092    0.00362578    0.05285957 
    0.05590147    0.05115294    0.05473429    0.04867649    0.04629726    0.03740986 
    0.04486039    0.05146902    0.05272745    0.02908194    0.01917316    0.03291118 
    0.03893271    0.03373987    0.05306401    0.02926543    0.04616191    0.04631574 
    0.03888596    0.03242607  -0.00393954]
[-0.80676927  -0.81172059  -0.82362091  -0.82879839  -0.8460316    -0.83361616 
  -0.83321296  -0.81986365  -0.81627262  -0.81332886  -0.81487337  -0.83413059 
  -0.8353223    -0.82949488  -0.82760874  -0.82243713  -0.84360511  -0.83967036 
  -0.83086576  -0.83227095  -0.82176999  -0.8314429    -0.81627956  -0.83746132 
  -0.79605749  -0.80848728  -0.79684459]
[-0.12146868  -0.13124712  -0.14250782  -0.13080232  -0.12805331  -0.13611003 
  -0.15287644  -0.11866229  -0.12032263  -0.10116939  -0.10997807  -0.13740589 
  -0.1541763    -0.13991419  -0.13100681  -0.12404317  -0.13942425  -0.14515223 
  -0.13942086  -0.1257905    -0.12973787  -0.12053843  -0.09970463  -0.12365406 
  -0.11287079  -0.13353321  -0.14504188]
[0.47970388  0.47258053  0.46929532  0.48626551  0.50233953  0.47707889 
  0.46512553  0.49283345  0.48821215  0.50737499  0.50160153  0.48259921 
  0.46504319  0.47554579  0.48423697  0.48638289  0.48552493  0.47429968 
  0.47329374  0.49430892  0.48092626  0.50036102  0.5119556    0.50080338 
  0.51934609  0.51667409  0.50306283]
increment_50
[0.5011888    0.50100267  0.50080266  0.49223882  0.48084702  0.50426935 
  0.50903444  0.48748444  0.49171812  0.47748185  0.47955928  0.49938206 
  0.5102149    0.50056776  0.49306412  0.49151998  0.51452142  0.51303087 
  0.50168563  0.48368932  0.49572057  0.47481122  0.46823618  0.466276 
  0.47824717  0.46339198  0.48713434]
[0.04507885  0.04694583  0.05571715  0.05225308  0.05286908  0.04460954 
  0.0617923    0.04033384  0.04191872  0.02628059  0.03500306  0.05775558 
  0.07002065  0.05311018  0.04606136  0.04605023  0.06915527  0.0667447 
  0.0593655    0.04402296  0.04697635  0.03247586  0.01592098  0.04340711 
  0.01943015  0.00618926  0.03302834]
[0.85520915  0.85213745  0.83873183  0.82752426  0.80516601  0.81520422 
  0.8208579    0.83738095  0.8425217    0.84438385  0.84143852  0.81744003 
  0.81915259  0.82482402  0.82597388  0.83583906  0.79461269  0.80836771 
  0.82658038  0.82311669  0.83730831  0.82775982  0.8440184    0.81512422 
  0.85584397  0.84765472  0.84723213]
[-0.10088993  -0.11177031  -0.12267049  -0.10304256  -0.08877575  -0.14479437 
  -0.14343287  -0.09577292  -0.09290206  -0.06597229  -0.0927482    -0.12396663 
  -0.14356829  -0.12889086  -0.12325892  -0.10830821  -0.13827377  -0.14241393 
  -0.12680372  -0.09974803  -0.11497567  -0.08638813  -0.05830086  -0.14876259 
  -0.09659021  -0.11592299  -0.17601525]
[1.07544897  1.07381326  1.0714095    1.07365202  1.07405212  1.07285628 
  1.06935278  1.07572229  1.07561471  1.07841925  1.07709593  1.07209835 
  1.06856168  1.07208949  1.07369922  1.07497188  1.07105545  1.07042962 
  1.0718033    1.07477285  1.07394248  1.07582842  1.0787343    1.07500308 
  1.07738892  1.07460497  1.07241231]
[  0.08678061    0.08766282    0.0679779      0.04105451  -0.00287483    0.06071902 
    0.06183519    0.05846069    0.0617224      0.05503455    0.05105178    0.0419997 
    0.0499233      0.05721989    0.05814179    0.03023878    0.02279526    0.0366143 
    0.04322086    0.03726258    0.06129938    0.03056481    0.05097519    0.05109249 
    0.04055255    0.03391529  -0.01142196]
[-0.79442124  -0.8015903    -0.81632429  -0.82287437  -0.84403678  -0.82892039 
  -0.82881943  -0.8116542    -0.80699801  -0.80307998  -0.80575687  -0.8293302 
  -0.83096412  -0.82421007  -0.8217245    -0.81410621  -0.8408964    -0.83550931 
  -0.82467878  -0.82661532  -0.81316829  -0.8249993    -0.8062022    -0.83368077 
  -0.77908919  -0.79673478  -0.78487863]
[-0.1192382    -0.1333803    -0.14701369  -0.13161477  -0.12814418  -0.13904031 
  -0.15896283  -0.1168682    -0.11756001  -0.09403936  -0.10539657  -0.14057686 
  -0.16091821  -0.14226848  -0.1316563    -0.12234991  -0.14344419  -0.14910773 
  -0.14168176  -0.12450337  -0.1298115    -0.11829237  -0.09270922  -0.12233687 
  -0.11138904  -0.13510395  -0.14876326]
[0.47277533  0.46251619  0.45894677  0.48097353  0.50076812  0.46871228 
  0.45538773  0.48854876  0.48422802  0.50742778  0.50092297  0.47555875 
  0.45479758  0.46820375  0.47895322  0.48140626  0.47840953  0.46379611 
  0.46509162  0.4913966    0.47358343  0.49834157  0.51351697  0.49945867 
  0.52378088  0.51942516  0.50210004]
increment_60
[0.5006194    0.50020797  0.49981677  0.48950458  0.47725468  0.50454353 
  0.50941099  0.48394333  0.48826849  0.47175267  0.47249191  0.4988156 
  0.51099839  0.49912769  0.48998309  0.48845865  0.51717189  0.51407137 
  0.50042266  0.47848905  0.49404169  0.46896439  0.46101748  0.45729359 
  0.47466411  0.4549298    0.48233797]
[  0.04486018    0.04720187    0.05773017    0.05359602    0.05617862    0.04498758 
    0.06588323    0.03921253    0.04035124    0.02284416    0.03393294    0.05967935 
    0.07510447    0.0539748      0.04644097    0.04555399    0.07013255    0.06873773 
    0.06105217    0.0425721      0.04643875    0.03062313    0.01199999    0.0427336 
    0.01563868  -0.00092693    0.02976621]
[0.8544624    0.85034583  0.83425205  0.82056362  0.79331874  0.80551488 
  0.81172697  0.83227149  0.838447      0.84055343  0.83624652  0.8083941 
  0.81034413  0.81635901  0.81832502  0.83093496  0.78191665  0.80034214 
  0.82044741  0.81574222  0.83285468  0.82090517  0.84058331  0.80633815 
  0.85468549  0.84503438  0.84325335]
[-0.09349633  -0.10782166  -0.12049451  -0.09632942  -0.08000985  -0.14715817 
  -0.14447482  -0.08784895  -0.08383042  -0.05309791  -0.08922889  -0.12357688 
  -0.14529982  -0.12826978  -0.11875866  -0.1025276    -0.14174579  -0.14493568 
  -0.12484821  -0.09275965  -0.1136714    -0.08126773  -0.04806268  -0.15152482 
  -0.09608978  -0.11527381  -0.18222414]
[1.09408963  1.09193576  1.08914448  1.09191701  1.09229221  1.09082977 
  1.08675708  1.09433386  1.09434344  1.0973607    1.09587178  1.08996583 
  1.08570438  1.09026512  1.09200585  1.09357733  1.08885448  1.08823786 
  1.08990624  1.09340173  1.09238277  1.09446459  1.09756775  1.09354583 
  1.09581363  1.09269944  1.09040036]
[  0.10095143    0.10193598    0.07754217    0.04430253  -0.00961847    0.06821758 
    0.06699881    0.06564168    0.06808633    0.0615342      0.05595824    0.04765089 
    0.05471293    0.06179124    0.06253658    0.0313581      0.02882347    0.04145588 
    0.04764356    0.04118572    0.07005912    0.03221317    0.05514417    0.05519751 
    0.0417999      0.03507008  -0.01872163]
[-0.78201945  -0.7915727    -0.80901251  -0.81683468  -0.84194818  -0.82435188 
  -0.82449656  -0.80346346  -0.79771628  -0.79300642  -0.79736061  -0.82451872 
  -0.82665975  -0.81900071  -0.81606402  -0.80577757  -0.83794938  -0.83090636 
  -0.81812474  -0.8207647    -0.80427899  -0.81856265  -0.79566133  -0.82981178 
  -0.76195353  -0.78499209  -0.77339638]
[-0.11676493  -0.1355274    -0.1513703    -0.1323218    -0.12830394  -0.14235343 
  -0.1644898    -0.11489495  -0.11458552  -0.08715781  -0.10107265  -0.1440313 
  -0.16750479  -0.14378421  -0.13221986  -0.12049952  -0.14777039  -0.15286338 
  -0.14343909  -0.12274809  -0.12958609  -0.11615287  -0.08664832  -0.12093975 
  -0.11119081  -0.13776137  -0.15255758]
[0.46607518  0.45254117  0.44883011  0.47573749  0.49907501  0.46035678 
  0.44644715  0.48446058  0.4805224    0.5072949    0.50033479  0.46823923 
  0.44493236  0.46142031  0.47397532  0.47664839  0.47060661  0.4525681 
  0.45691643  0.48880588  0.46633287  0.49609915  0.51472805  0.49832911 
  0.52819877  0.52217894  0.50131029]
increment_70
[0.50004419  0.49931369  0.49867956  0.48669065  0.4739325    0.50481061 
  0.5093791    0.48012871  0.48469866  0.46593489  0.4648018    0.49844285 
  0.51165041  0.49716219  0.48666953  0.48516043  0.5198961    0.5148724 
  0.49905639  0.47269255  0.49236862  0.46337579  0.45458874  0.44807173 
  0.47106971  0.44654121  0.47707755]
[  0.04460895    0.04741791    0.05957966    0.05473478    0.0599135      0.04609806 
    0.06991584    0.03784331    0.03859945    0.01937396    0.0338601      0.06106134 
    0.08034161    0.05445212    0.04697685    0.04486057    0.06953077    0.07002688 
    0.06231877    0.04057721    0.0457053      0.02911418    0.00934963    0.0420449 
    0.01172148  -0.00789549    0.02623546]
[0.85373755  0.84844144  0.82981229  0.81379836  0.78134409  0.79580133 
  0.80258686  0.82705076  0.83437715  0.83654274  0.83056209  0.79930907 
  0.80157017  0.8079385    0.81056174  0.82586912  0.769639      0.79306787 
  0.81456334  0.80863184  0.82839228  0.8138539    0.83724655  0.7980438 
  0.85351392  0.8424691    0.83906339]
[-0.08574571  -0.10361373  -0.11789411  -0.08931685  -0.07122494  -0.149155 
  -0.14482522  -0.07920297  -0.07506184  -0.04030776  -0.08815357  -0.12389992 
  -0.14681917  -0.12756548  -0.11327387  -0.09628441  -0.1458921    -0.14758121 
  -0.12306536  -0.08537781  -0.11321788  -0.0777526    -0.0407163    -0.15445216 
  -0.0968358    -0.11637093  -0.18810201]
[1.11321566  1.11054263  1.10740006  1.11068339  1.11097144  1.10921019 
  1.10470521  1.11342716  1.11353346  1.11668231  1.11504299  1.10830098 
  1.10329726  1.10904726  1.11078685  1.11265809  1.10721066  1.10660347 
  1.10857158  1.11256542  1.1113215    1.11352902  1.11673778  1.11254676 
  1.11456275  1.11105031  1.10882794]
[  0.11541228    0.11631105    0.08724253    0.04788112  -0.01671792    0.07494543 
    0.07161995    0.0724993      0.07367586    0.06812176    0.06117873    0.0544188 
    0.05922578    0.0652535      0.06599768    0.03244835    0.03686882    0.04698102 
    0.05203776    0.04538003    0.07882409    0.03413942    0.05871156    0.05877072 
    0.04274462    0.03583677  -0.02567279]
[-0.7695743    -0.78168904  -0.80163909  -0.81062183  -0.83985438  -0.81992499 
  -0.82018526  -0.79542491  -0.78835384  -0.78310372  -0.78958226  -0.81967686 
  -0.8223735    -0.81371506  -0.8106405    -0.79760077  -0.83479538  -0.82586867 
  -0.81130274  -0.81473549  -0.79525667  -0.81211243  -0.78460943  -0.82560753 
  -0.74492753  -0.77312756  -0.76240864]
[-0.11398991  -0.1376054    -0.15545029  -0.13286171  -0.12851371  -0.14593334 
  -0.1694845    -0.11274604  -0.11149755  -0.080428      -0.09686697  -0.14772677 
  -0.17399448  -0.14440578  -0.1327078    -0.11852623  -0.15217393  -0.15631069 
  -0.1446808    -0.12039348  -0.12913838  -0.11412173  -0.08145697  -0.11954951 
  -0.11220235  -0.14176731  -0.15648796]
[0.45967614  0.44276318  0.43904752  0.47057196  0.49734787  0.45205583 
  0.43822006  0.48066154  0.47696292  0.50708024  0.49984159  0.46064267 
  0.43533241  0.45529324  0.46930461  0.47220974  0.46222836  0.44104757 
  0.44884714  0.48666599  0.4591617    0.49359463  0.51547785  0.49729543 
  0.53251552  0.52492124  0.50077049]
increment_80
[0.49944486  0.49826969  0.49737586  0.48379098  0.47078737  0.50503629 
  0.50895073  0.47595285  0.48112774  0.45994281  0.45659287  0.49820841 
  0.51213972  0.49459788  0.48322942  0.48155842  0.52267056  0.51538698 
  0.49760121  0.46628144  0.49067827  0.45813555  0.44885027  0.43880192 
  0.46743136  0.4384481    0.47118094]
[  0.04431269    0.0475755      0.06121443    0.05565233    0.06400383    0.04808905 
    0.07382066    0.0362043      0.03678184    0.01569065    0.03485445    0.06194728 
    0.08574294    0.05449627    0.0477869      0.04397176    0.06752435    0.07092595 
    0.06321828    0.03809555    0.04485492    0.02784763    0.00761516    0.04141261 
    0.00762552  -0.01481744    0.02229461]
[0.85301461  0.84635213  0.82543005  0.80722677  0.76918999  0.78600661 
  0.79355923  0.82155042  0.83035475  0.83239092  0.82451113  0.79028209 
  0.79289038  0.79956054  0.80259527  0.82050738  0.75783453  0.786505 
  0.80884226  0.80173756  0.8239156    0.80664974  0.83401742  0.79018536 
  0.85231931  0.83999091  0.83465865]
[-0.07753098  -0.09903144  -0.11479846  -0.08198454  -0.06232026  -0.15072904 
  -0.14454356  -0.06991196  -0.06691081  -0.02729062  -0.08932316  -0.12478465 
  -0.14808151  -0.12697568  -0.10705058  -0.08947775  -0.1505893    -0.15018087 
  -0.12154483  -0.07767255  -0.11349137  -0.07546509  -0.03563117  -0.15782655 
  -0.09854332  -0.11891325  -0.19351683]
[1.1328518    1.12966716  1.12620986  1.12996814  1.13010809  1.12802108 
  1.12320475  1.13300781  1.13318043  1.1364152    1.13463585  1.12712278 
  1.12136021  1.12843163  1.13004087  1.13222009  1.12615682  1.12553632 
  1.12780411  1.13226612  1.13076749  1.13304258  1.13629667  1.13200929 
  1.13367128  1.12967126  1.1277064  ]
[  0.13009011    0.13063738    0.09712028    0.05179564  -0.02428853    0.08059964 
    0.07592272    0.07886747    0.07837324    0.07472669    0.06676623    0.0621423 
    0.0634574      0.06774002    0.06858505    0.03344555    0.04641243    0.05272643 
    0.05633761    0.04974735    0.08726655    0.03618558    0.06177493    0.06191004 
    0.04346112    0.03626683  -0.03207806]
[-0.75705112  -0.77196366  -0.79416624  -0.8042301    -0.83783572  -0.81568647 
  -0.81583042  -0.78771533  -0.77888454  -0.77333882  -0.78231791  -0.81476455 
  -0.81807945  -0.80832831  -0.8054971    -0.7897345    -0.83144285  -0.82036747 
  -0.80426242  -0.80858446  -0.78614505  -0.80564988  -0.77318483  -0.82099317 
  -0.72807748  -0.76102289  -0.75200451]
[-0.11075638  -0.13949524  -0.15917003  -0.13320855  -0.12874733  -0.14966925 
  -0.17404941  -0.11052079  -0.10843184  -0.07373346  -0.09267568  -0.15161279 
  -0.1803784    -0.14427424  -0.13323533  -0.11648976  -0.15643386  -0.15936445 
  -0.14545313  -0.11748048  -0.12849408  -0.11221345  -0.07697075  -0.11825687 
  -0.11425683  -0.14701807  -0.1605813  ]
[0.45372483  0.43333073  0.42964933  0.46549199  0.49567144  0.44393439 
  0.43053046  0.47717632  0.47336762  0.50689529  0.4994359    0.45276038 
  0.42597502  0.44986067  0.46485127  0.46811747  0.45320903  0.42944788 
  0.44091247  0.48496472  0.45209368  0.49076685  0.51577996  0.49629665 
  0.5367207    0.52766372  0.50054866]
increment_90
[0.49878417  0.49702668  0.49589458  0.48080141  0.46770742  0.50515958 
  0.50818247  0.47138551  0.47765422  0.45373045  0.44792375  0.4980079 
  0.51241226  0.4914376    0.47980891  0.47766158  0.52546967  0.51562136 
  0.49604578  0.45939978  0.48893695  0.45324011  0.44342741  0.42936292 
  0.46383211  0.43079736  0.46462001]
[  0.0439449      0.04762654    0.06261932    0.05636016    0.06836312    0.05104066 
    0.07757038    0.03431612    0.03502059    0.01168318    0.03687202    0.06244717 
    0.09128845    0.05414215    0.04912537    0.04297285    0.06444634    0.07176929 
    0.06377013    0.03529707    0.04394855    0.02673029    0.00644361    0.04097348 
    0.0034317    -0.02187712    0.01786708]
[0.85225764  0.84404006  0.82108159  0.80081215  0.75680954  0.7760834 
  0.7846914    0.81564628  0.82638714  0.82816676  0.81818976  0.78151248 
  0.78432199  0.7910961    0.79427157  0.81474247  0.74668528  0.78069237 
  0.80334378  0.79500186  0.819471      0.79921563  0.83077354  0.78271543 
  0.85112798  0.83761842  0.83005094]
[-0.06869568  -0.09392464  -0.11116954  -0.07432702  -0.05317269  -0.15181141 
  -0.14372825  -0.06013677  -0.0595719    -0.01390941  -0.0924362    -0.12599909 
  -0.14897912  -0.12677979  -0.10040678  -0.08216765  -0.15567061  -0.15259889 
  -0.12029029  -0.06986013  -0.11438571  -0.07406743  -0.03217777  -0.16197082 
  -0.10102823  -0.12248073  -0.19831243]
[1.1530279    1.1493489    1.14559864  1.14978606  1.14972294  1.14728309 
  1.14226391  1.15307616  1.15328753  1.15658437  1.15467237  1.14645373 
  1.1399256    1.14839741  1.14975637  1.15226405  1.14570796  1.14502341 
  1.14761871  1.15249429  1.15073569  1.15302375  1.15628351  1.15194204 
  1.15318166  1.14859133  1.14706094]
[  0.14486294    0.14480908    0.10713917    0.05599748  -0.03245985    0.08504452 
    0.08006301    0.08467407    0.08212388    0.08126616    0.07267837    0.07057695 
    0.06738467    0.06938129    0.0701914      0.03418565    0.05681619    0.05836688 
    0.06051554    0.05427298    0.0952212      0.03813647    0.06445115    0.06469361 
    0.04399809    0.03645488  -0.03791692]
[-0.74439794  -0.76237365  -0.78660107  -0.79768667  -0.83597897  -0.81165901 
  -0.81140607  -0.78045773  -0.76934412  -0.76361765  -0.77552299  -0.80968665 
  -0.81375877  -0.80293668  -0.80072654  -0.78231026  -0.82788733  -0.81438756 
  -0.79693255  -0.80233085  -0.77690359  -0.79931027  -0.7617382    -0.81602705 
  -0.71132469  -0.74861142  -0.742253    ]
[-0.10681887  -0.14101458  -0.16247602  -0.13336043  -0.12897371  -0.15348315 
  -0.17827614  -0.10832725  -0.10549198  -0.0669786    -0.08846213  -0.155586 
  -0.18659578  -0.14362049  -0.13395146  -0.11448287  -0.16038145  -0.16209359 
  -0.14573911  -0.11413904  -0.12763096  -0.11046279  -0.07307387  -0.11710171 
  -0.11712439  -0.15335463  -0.16476314]
[0.44845228  0.42442335  0.4206775    0.46051236  0.49413571  0.43615044 
  0.42323271  0.47398253  0.46956219  0.50683239  0.49910258  0.44457714 
  0.41692885  0.44509703  0.46052905  0.46429549  0.44334538  0.41778052 
  0.43314422  0.48358326  0.44520973  0.48761329  0.51574037  0.49537293 
  0.54084663  0.53042139  0.50059583]
increment_100
[0.49801447  0.49558921  0.49425359  0.47775791  0.46463921  0.5051366 
  0.50712338  0.4664477    0.47430663  0.44735602  0.4388213    0.49778137 
  0.5124335    0.4877112    0.47649937  0.47359127  0.52829836  0.51562666 
  0.49435034  0.45219541  0.48708871  0.44869744  0.43809472  0.41951516 
  0.46027243  0.42360377  0.45749706]
[  0.04347703    0.04754853    0.06383075    0.05692305    0.07296647    0.05490739 
    0.0811768      0.03225735    0.03339716    0.00734818    0.03991614    0.06265282 
    0.09691579    0.05346934    0.05118124    0.04211295    0.06038649    0.07273302 
    0.06398468    0.03237004    0.04302731    0.02571792    0.00561893    0.04087355 
  -0.00086775  -0.0291334      0.0129706  ]
[0.85142142  0.84153035  0.81673598  0.79452213  0.74421281  0.76596118 
  0.77595925  0.80922549  0.82241553  0.82397397  0.8116953    0.77311751 
  0.77588329  0.78243414  0.78545895  0.80846033  0.73628222  0.77557259 
  0.79809305  0.78836091  0.81504117  0.7914032    0.82739485  0.77564373 
  0.84993947  0.83534928  0.82527563]
[-0.05909127  -0.0882952    -0.10706865  -0.06640771  -0.04372331  -0.15237924 
  -0.14244551  -0.05008412  -0.05308537  -0.00044658  -0.09727271  -0.12740733 
  -0.14944644  -0.12722139  -0.09358302  -0.0745823    -0.16104213  -0.1547763 
  -0.11929154  -0.06223111  -0.11595117  -0.07332046  -0.02992839  -0.16711752 
  -0.10390414  -0.12685631  -0.20246349]
[1.17377834  1.16960185  1.16557007  1.17014629  1.16982786  1.16701723 
  1.16189782  1.17362751  1.17386799  1.17720899  1.17517464  1.16632329 
  1.15902303  1.16892753  1.16993227  1.17278606  1.16589627  1.16505446 
  1.16803244  1.17324125  1.17124019  1.17349119  1.17673152  1.17235668 
  1.17314691  1.167842      1.16691739]
[  0.15960216    0.15888346    0.11727352    0.06046551  -0.04128069    0.08833377 
    0.08406204    0.08985298    0.08486465    0.08751417    0.07886574    0.07946226 
    0.07107661    0.07021418    0.07065887    0.03438954    0.06772902    0.06382864 
    0.06452614    0.05896368    0.1024825      0.03977027    0.06684647    0.06713721 
    0.04445795    0.03645191  -0.04329563]
[-0.731539      -0.75289089  -0.77898387  -0.79101846  -0.83431266  -0.8078601 
  -0.8069244    -0.77375976  -0.75985543  -0.75377349  -0.76914882  -0.80438672 
  -0.80938941  -0.79765218  -0.79639986  -0.7754513    -0.82415313  -0.8079701 
  -0.78924555  -0.79599291  -0.76752503  -0.79327233  -0.75052971  -0.8107791 
  -0.69470041  -0.73589901  -0.73312871]
[-0.101866      -0.14215016  -0.16542845  -0.13337947  -0.12919907  -0.15732754 
  -0.18220194  -0.10629683  -0.10273575  -0.06026435  -0.08417215  -0.15952133 
  -0.1926249    -0.14264611  -0.13488923  -0.11264879  -0.16383108  -0.16462249 
  -0.14550645  -0.11050006  -0.1265339    -0.10889203  -0.06969123  -0.11612079 
  -0.12045532  -0.16065646  -0.16894887]
[0.44414345  0.41603092  0.41208377  0.4555871    0.49275443  0.42885168 
  0.41626734  0.47102533  0.46542804  0.50689925  0.49883872  0.43608792 
  0.40822637  0.44092585  0.45634392  0.4605595    0.432509      0.40605618 
  0.4256567    0.48241235  0.43862636  0.48414134  0.51539554  0.49460474 
  0.54490596  0.53319545  0.50081624]
increment_110
[0.4971037    0.49402321  0.49250396  0.47472335  0.46169174  0.50494188 
  0.50580976  0.46118903  0.47105724  0.44094748  0.42934349  0.49750765 
  0.51219971  0.4834638    0.47328601  0.46953346  0.53117773  0.51546388 
  0.49244862  0.44471927  0.48507732  0.44449293  0.43278498  0.40903424 
  0.45666743  0.41682875  0.44994703]
[  0.04293614    0.04737607    0.06493762    0.05741092    0.07799818    0.05955746 
    0.08468628    0.03012205    0.0319575      0.00277595    0.04396558    0.06266044 
    0.10255455    0.05256778    0.05390466    0.04171727    0.05533803    0.07388599 
    0.06388736    0.02945463    0.04212531    0.0248022      0.00505856    0.04124101 
  -0.00538432  -0.03653311    0.00762996]
[0.85045451  0.83889439  0.81236997  0.78837242  0.73145395  0.75558877 
  0.76730713  0.8022115    0.81833061  0.81990909  0.80509259  0.76513894 
  0.76761792  0.77354148  0.77614559  0.80158012  0.72655396  0.77097766 
  0.79306429  0.7817755    0.8105847    0.78317399  0.82381262  0.76902072 
  0.84872515  0.83317556  0.82038014]
[-0.04883318  -0.0823042    -0.10265378  -0.05831905  -0.03407037  -0.15244372 
  -0.14073277  -0.03992492  -0.04734549    0.01258107  -0.1036975    -0.12893088 
  -0.1494808    -0.12844879  -0.08664155  -0.06699089  -0.16662614  -0.15671015 
  -0.1185141    -0.05504196  -0.11830005  -0.07296496  -0.02860323  -0.17331532 
  -0.10665494  -0.13197778  -0.20600867]
[1.19511485  1.19041617  1.18610931  1.19105577  1.19041455  1.18724826 
  1.18212159  1.19466734  1.19494268  1.19830047  1.19615858  1.18675915 
  1.17867488  1.19001344  1.19059952  1.19378879  1.18676243  1.18562079 
  1.18905747  1.1945101    1.19229103  1.19447039  1.19767481  1.19327084 
  1.19362413  1.18744648  1.18729746]
[  0.1742955      0.17304529    0.12753606    0.06526293  -0.05070961    0.09058798 
    0.0878453      0.09433349    0.08653302    0.09320882    0.08529426    0.08854135 
    0.07466711    0.07026494    0.06991024    0.03375647    0.07889715    0.0692031 
    0.06831597    0.06380811    0.10890317    0.04095142    0.0690906      0.06925165 
    0.04497837    0.03627129  -0.04832571]
[-0.71846346  -0.74349909  -0.77137392  -0.78421185  -0.83276925  -0.80429763 
  -0.80242264  -0.76768136  -0.7505918    -0.7436583    -0.76315386  -0.7988504 
  -0.80494048  -0.79253521  -0.79249905  -0.76921342  -0.82031679  -0.80122088 
  -0.78116446  -0.78959517  -0.75802611  -0.78758944  -0.7396732    -0.80529941 
  -0.67834448  -0.72291721  -0.72454681]
[-0.09580098  -0.14307851  -0.1682075    -0.13334276  -0.12950173  -0.16114237 
  -0.18583771  -0.10451687  -0.10017191  -0.05383804  -0.07980648  -0.16332009 
  -0.19849387  -0.14150918  -0.13590101  -0.11108828  -0.16655641  -0.16710948 
  -0.14475145  -0.10663958  -0.1252396    -0.10745107  -0.06670543  -0.11532412 
  -0.12384965  -0.16882973  -0.17310053]
[0.44089414  0.4079477    0.40372204  0.45063011  0.49141673  0.42212827 
  0.40962204  0.46826064  0.46091301  0.50703378  0.4986187    0.42730387 
  0.39982258  0.43724441  0.45236839  0.45672841  0.42076436  0.39433207 
  0.41862816  0.4814076    0.43243552  0.48040233  0.51474741  0.49406608 
  0.54888849  0.53598079  0.50114088]
increment_120
[0.49602524  0.49237447  0.49070411  0.47170284  0.45897361  0.50455162 
  0.50423462  0.45570429  0.46785443  0.43453183  0.41953295  0.49716726 
  0.5117179    0.47871745  0.47015748  0.46559283  0.53412026  0.51516511 
  0.49025815  0.4369341    0.48289389  0.44047258  0.42745026  0.39775026 
  0.4529308    0.41045528  0.44210831]
[  0.04243049    0.04713734    0.06602842    0.05779699    0.08365707    0.06472224 
    0.08805154    0.02800266    0.03068741  -0.00197626    0.0488682      0.06259761 
    0.10816039    0.05150772    0.05720109    0.04190679    0.04940133    0.07521607 
    0.06349817    0.02662444    0.04126875    0.02396856    0.00483023    0.04216683 
  -0.01023931  -0.04396562    0.0017698  ]
[0.84927717  0.83617795  0.80798501  0.78240259  0.7186321    0.74497887 
  0.75870974  0.79462174  0.81406545  0.81596085  0.79839241  0.75759408 
  0.75958069  0.76450825  0.76640013  0.79415529  0.71733388  0.76675218 
  0.78826089  0.77523333  0.80608709  0.77467776  0.8199815    0.76291991 
  0.84745548  0.83109757  0.8154001  ]
[-0.0383768    -0.07604879  -0.0980854    -0.05004491  -0.02432486  -0.1520588 
  -0.13859206  -0.02979943  -0.04216416    0.0249559    -0.11156741  -0.13047534 
  -0.1490874    -0.13051467  -0.07960527  -0.05954314  -0.17232109  -0.15840498 
  -0.11797834  -0.04843815  -0.1215071    -0.07271743  -0.02814605  -0.18039969 
  -0.10885409  -0.13782238  -0.2088533  ]
[1.21701923  1.2117958    1.20720301  1.21253369  1.21147095  1.20801324 
  1.20296509  1.21621835  1.2165407    1.21987019  1.21763442  1.20778365 
  1.19890096  1.21165561  1.21180308  1.2152991    1.20833068  1.20672665 
  1.21070903  1.21630929  1.21389501  1.21598995  1.21914654  1.21471103 
  1.21466068  1.20742819  1.20822382]
[  0.18903414    0.18741407    0.13797773    0.07045899  -0.06064974    0.09203643 
    0.09139125    0.0981006      0.08715673    0.09830419    0.09189118    0.09757455 
    0.07826102    0.06959471    0.06791538    0.03208999    0.09003148    0.07464013 
    0.07173622    0.068734        0.11444213    0.04169635    0.07134489    0.07107921 
    0.04567381    0.03591383  -0.05309003]
[-0.70529204  -0.73418343  -0.76381015  -0.77722616  -0.83124881  -0.80094385 
  -0.7979107    -0.76217343  -0.74162577  -0.7333145    -0.75754379  -0.79307991 
  -0.8003793    -0.78754021  -0.78895071  -0.76350402  -0.81648152  -0.79421704 
  -0.77261082  -0.783181      -0.74843427  -0.78215236  -0.72921339  -0.79962445 
  -0.66239461  -0.70966912  -0.71644603]
[-0.08885086  -0.14390655  -0.17100131  -0.13321822  -0.12998429  -0.16483705 
  -0.1891338    -0.10299629  -0.09773352  -0.04786091  -0.07547335  -0.16692524 
  -0.20423074  -0.14033445  -0.13681988  -0.10973109  -0.16837075  -0.16966041 
  -0.14345045  -0.10260779  -0.12384111  -0.10606312  -0.06398453  -0.11463842 
  -0.1269766    -0.17775911  -0.17720124]
[0.43854168  0.40004585  0.39543199  0.44563954  0.48997912  0.4159848 
  0.40331518  0.4656355    0.4560884    0.50718752  0.49840838  0.41826251 
  0.39165117  0.43395759  0.44860432  0.45275315  0.40833843  0.38270116 
  0.41225934  0.48057309  0.42661669  0.47654152  0.51384099  0.49381536 
  0.55278089  0.53877887  0.50152374]
