inc
Fp11
Fp12
Fp13
Fp21
Fp22
Fp23
Fp31
Fp32
Fp33
increment_0
[0.98480646  0.98480646  0.98480646  0.98480646  0.98480646  0.98480646 
  0.98480646  0.98480646  0.98480646  0.98480646  0.98480646  0.98480646 
  0.98480646  0.98480646  0.98480646  0.98480646  0.98480646  0.98480646 
  0.98480646  0.98480646  0.98480646  0.98480646]
[0.05645751  0.05645751  0.05645751  0.05645751  0.05645751  0.05645751 
  0.05645751  0.05645751  0.05645751  0.05645751  0.05645751  0.05645751 
  0.05645751  0.05645751  0.05645751  0.05645751  0.05645751  0.05645751 
  0.05645751  0.05645751  0.05645751  0.05645751]
[0.16422174  0.16422174  0.16422174  0.16422174  0.16422174  0.16422174 
  0.16422174  0.16422174  0.16422174  0.16422174  0.16422174  0.16422174 
  0.16422174  0.16422174  0.16422174  0.16422174  0.16422174  0.16422174 
  0.16422174  0.16422174  0.16422174  0.16422174]
[-0.15561733  -0.15561733  -0.15561733  -0.15561733  -0.15561733  -0.15561733 
  -0.15561733  -0.15561733  -0.15561733  -0.15561733  -0.15561733  -0.15561733 
  -0.15561733  -0.15561733  -0.15561733  -0.15561733  -0.15561733  -0.15561733 
  -0.15561733  -0.15561733  -0.15561733  -0.15561733]
[-0.13277393  -0.13277393  -0.13277393  -0.13277393  -0.13277393  -0.13277393 
  -0.13277393  -0.13277393  -0.13277393  -0.13277393  -0.13277393  -0.13277393 
  -0.13277393  -0.13277393  -0.13277393  -0.13277393  -0.13277393  -0.13277393 
  -0.13277393  -0.13277393  -0.13277393  -0.13277393]
[0.97885358  0.97885358  0.97885358  0.97885358  0.97885358  0.97885358 
  0.97885358  0.97885358  0.97885358  0.97885358  0.97885358  0.97885358 
  0.97885358  0.97885358  0.97885358  0.97885358  0.97885358  0.97885358 
  0.97885358  0.97885358  0.97885358  0.97885358]
[0.077068  0.077068  0.077068  0.077068  0.077068  0.077068  0.077068  0.077068 
  0.077068  0.077068  0.077068  0.077068  0.077068  0.077068  0.077068  0.077068 
  0.077068  0.077068  0.077068  0.077068  0.077068  0.077068]
[-0.98953708  -0.98953708  -0.98953708  -0.98953708  -0.98953708  -0.98953708 
  -0.98953708  -0.98953708  -0.98953708  -0.98953708  -0.98953708  -0.98953708 
  -0.98953708  -0.98953708  -0.98953708  -0.98953708  -0.98953708  -0.98953708 
  -0.98953708  -0.98953708  -0.98953708  -0.98953708]
[-0.12197086  -0.12197086  -0.12197086  -0.12197086  -0.12197086  -0.12197086 
  -0.12197086  -0.12197086  -0.12197086  -0.12197086  -0.12197086  -0.12197086 
  -0.12197086  -0.12197086  -0.12197086  -0.12197086  -0.12197086  -0.12197086 
  -0.12197086  -0.12197086  -0.12197086  -0.12197086]
increment_10
[0.97705393  0.97638707  0.97837169  0.97682634  0.97317482  0.97667913 
  0.97879666  0.97595757  0.97543839  0.97667033  0.97595524  0.97516794 
  0.97761532  0.97534826  0.97481044  0.97577512  0.97652362  0.97363541 
  0.97497738  0.97722952  0.97703063  0.97747492]
[0.05697871  0.05486362  0.05100572  0.05707737  0.05561297  0.0561213 
  0.05599974  0.05800889  0.0569565    0.05859914  0.05471684  0.05762058 
  0.0557817    0.06078384  0.05993036  0.06110092  0.05838642  0.06392368 
  0.06094383  0.06174533  0.05927748  0.05946335]
[0.15354264  0.15253169  0.15402894  0.15357409  0.16089405  0.15371342 
  0.15639756  0.15306468  0.15307631  0.1544608    0.16557054  0.15783271 
  0.15674057  0.15437476  0.15257854  0.15436343  0.1564163    0.15161013 
  0.15676912  0.1578695    0.15970845  0.1594081  ]
[-0.15945792  -0.15889959  -0.16095317  -0.15911423  -0.1554123    -0.15883916 
  -0.16052776  -0.15829029  -0.15781223  -0.15874055  -0.15301724  -0.15651413 
  -0.15869753  -0.1574428    -0.15723724  -0.15787818  -0.15801455  -0.15623969 
  -0.15672052  -0.15809253  -0.15693027  -0.15721011]
[-0.13743937  -0.13558163  -0.13926286  -0.13707966  -0.13247118  -0.136678 
  -0.13881845  -0.13605265  -0.13550341  -0.13664136  -0.13008585  -0.13400196 
  -0.13664329  -0.13505911  -0.13479694  -0.13559869  -0.13581053  -0.13317362 
  -0.13356855  -0.13586624  -0.13455889  -0.13491278]
[0.97236361  0.97340809  0.96981101  0.97276536  0.97618652  0.97287131 
  0.96977478  0.9740242    0.97456799  0.9730242    0.97401009  0.97481191 
  0.97154623  0.97506728  0.97569743  0.97445805  0.9731638    0.97773434 
  0.975662      0.9727824    0.97302835  0.97246937]
[0.07378571  0.07350244  0.06723723  0.07406471  0.07696127  0.07334752 
  0.0711994    0.07561537  0.07508765  0.07542781  0.07127536  0.07549277 
  0.07198421  0.07844035  0.07818678  0.0783348    0.07516166  0.08308414 
  0.07947728  0.07745466  0.07502203  0.07482208]
[-1.00366293  -1.00390877  -1.00391221  -1.00363388  -1.00417402  -1.00377239 
  -1.00354857  -1.00374015  -1.00388702  -1.00362305  -1.00458418  -1.00397149 
  -1.00369897  -1.00364891  -1.00384956  -1.00361328  -1.00372972  -1.00369739 
  -1.0037442    -1.00339832  -1.0037828    -1.00372275]
[-0.12979196  -0.13006821  -0.13898371  -0.12920937  -0.12560247  -0.12987189 
  -0.13249479  -0.12679612  -0.12742573  -0.12671869  -0.12031011  -0.12314377 
  -0.1305118    -0.12132667  -0.12260564  -0.1218741    -0.12530846  -0.11596452 
  -0.11716629  -0.12016266  -0.11973865  -0.12084974]
increment_20
[0.96821654  0.9672937    0.97130042  0.96856315  0.95967238  0.96732673 
  0.97191306  0.96653269  0.96493386  0.96787818  0.96562475  0.96459883 
  0.97012086  0.96489724  0.96375351  0.9662545    0.96809212  0.96106138 
  0.96367269  0.9689204    0.96883783  0.96929675]
[0.05678412  0.05260167  0.04519516  0.0584458    0.05477302  0.05623941 
  0.05584481  0.06076151  0.05819369  0.06230332  0.05291165  0.06040453 
  0.055667      0.06627509  0.06430287  0.06723197  0.06049846  0.07458853 
  0.06802889  0.06971164  0.06371959  0.06387207]
[0.14113616  0.13944769  0.14278394  0.14286556  0.15651131  0.14087133 
  0.14678285  0.14094039  0.14017374  0.14369635  0.16596826  0.14918968 
  0.14749717  0.14215618  0.13826641  0.14285        0.14766806  0.13681979 
  0.1471296    0.14990978  0.15338122  0.15262746]
[-0.16341535  -0.16277517  -0.16688166  -0.16335512  -0.15539916  -0.16233141 
  -0.16625468  -0.16154689  -0.16014225  -0.16241388  -0.15103074  -0.15805847 
  -0.16328683  -0.15968212  -0.15911774  -0.16095183  -0.16133294  -0.15676752 
  -0.15801144  -0.16148463  -0.15939967  -0.15995046]
[-0.14241507  -0.1395725    -0.14652226  -0.14243774  -0.13239546  -0.1410744 
  -0.14595028  -0.14019488  -0.13847678  -0.14131961  -0.12803666  -0.13605943 
  -0.14242168  -0.1379502    -0.13721366  -0.13955412  -0.14009177  -0.13358766 
  -0.13460088  -0.14023337  -0.1378334    -0.13851996]
[0.96565802  0.96698028  0.95982244  0.96525392  0.97378824  0.96687002 
  0.9600515    0.9683323    0.97021959  0.9664497    0.96899977  0.97040619 
  0.96275695  0.97096202  0.97246978  0.96908224  0.96592029  0.97688433 
  0.97271086  0.96587642  0.96590382  0.96524933]
[0.06972592  0.06852509  0.0565164    0.0707407    0.07697853  0.06995615 
  0.06529359  0.074584      0.07367239  0.07458176  0.06543716  0.07505965 
  0.06655329  0.08064584  0.08005803  0.08028178  0.07239977  0.09183716 
  0.08409471  0.07961818  0.07367119  0.0735064  ]
[-1.0196694    -1.02017069  -1.01988068  -1.01952467  -1.02091919  -1.019883 
  -1.01929404  -1.01970835  -1.02010468  -1.01946445  -1.02162566  -1.02022663 
  -1.01960744  -1.01960938  -1.01998302  -1.01940375  -1.0197267    -1.01961586 
  -1.0198483    -1.01899487  -1.01976948  -1.01966886]
[-0.13919227  -0.14080108  -0.1577001    -0.13715923  -0.12992183  -0.13827934 
  -0.14435617  -0.13167928  -0.13267427  -0.13097442  -0.11864805  -0.12353063 
  -0.14080598  -0.12106749  -0.12363862  -0.12240791  -0.13055255  -0.1071024 
  -0.10995184  -0.11766798  -0.11891181  -0.12096355]
increment_30
[0.9595242    0.95816796  0.96431464  0.96074996  0.945908      0.95824792 
  0.96529229  0.95738602  0.95437357  0.95935143  0.95517753  0.95420672 
  0.96310719  0.95452385  0.95283461  0.95715583  0.95991195  0.94884411 
  0.95263371  0.96081316  0.96073066  0.96131323]
[0.05657931  0.05118724  0.04075068  0.06095214  0.0539263    0.05669834 
  0.05595488  0.06391896  0.06017388  0.06687007  0.05064228  0.06299171 
  0.05578244  0.07192755  0.06915236  0.07375215  0.06281538  0.08546734 
  0.07511946  0.0776141    0.06846583  0.06853272]
[0.12893238  0.12659675  0.13197738  0.13323411  0.15256828  0.12855838 
  0.13760334  0.12938889  0.12748152  0.13349594  0.16706227  0.14090737 
  0.13888171  0.1302717    0.12424166  0.13196021  0.1395203    0.1225285 
  0.13779084  0.14229464  0.14684998  0.14605195]
[-0.16745111  -0.16651245  -0.17290664  -0.16777369  -0.15531955  -0.16595473 
  -0.17215865  -0.16491898  -0.16231969  -0.16618271  -0.14866573  -0.15957997 
  -0.16822746  -0.16187162  -0.16099886  -0.16427611  -0.16464248  -0.15757506 
  -0.15936014  -0.1648505    -0.16203409  -0.16274745]
[-0.14760908  -0.14366142  -0.15395741  -0.14817767  -0.13232083  -0.14575721 
  -0.15343862  -0.14462482  -0.1413494    -0.14627922  -0.12552514  -0.13817541 
  -0.14874799  -0.14089826  -0.13972999  -0.14400143  -0.14449738  -0.13451062 
  -0.13582976  -0.144772      -0.14142368  -0.1423261  ]
[0.95879108  0.96069347  0.9496565    0.95724363  0.97176365  0.96058452 
  0.94999009  0.9623608    0.96610348  0.95965796  0.96413532  0.96582638 
  0.95331574  0.96684962  0.96921952  0.96323923  0.95842845  0.97551598 
  0.96945268  0.95880537  0.95871778  0.95786476]
[0.06551491  0.06415208  0.04674695  0.06790575  0.07700041  0.06661729 
  0.05933515  0.07363844  0.0729471    0.07419796  0.0592246    0.07429906 
  0.06083857  0.08291527  0.08226104  0.08217336  0.06950976  0.10037518 
  0.08841439  0.0814561    0.07249756  0.07216225]
[-1.03605505  -1.03677735  -1.03610249  -1.03569144  -1.03806752  -1.03632238 
  -1.03532955  -1.03601666  -1.03670154  -1.03560451  -1.03912454  -1.03688485 
  -1.0358211    -1.03594017  -1.03644551  -1.03547799  -1.03609399  -1.03576963 
  -1.03630553  -1.03493158  -1.03609651  -1.03597623]
[-0.14889148  -0.15073289  -0.17514338  -0.14417142  -0.13375459  -0.14663974 
  -0.15634512  -0.13641537  -0.13688895  -0.1345493    -0.11664321  -0.1241974 
  -0.15143126  -0.12061438  -0.12428198  -0.12308798  -0.13555476  -0.09860942 
  -0.10294423  -0.11536124  -0.11833253  -0.12097798]
increment_40
[0.95104378  0.94912285  0.95750218  0.95333592  0.93196405  0.94959179 
  0.95899036  0.94847359  0.94385391  0.95101661  0.94477017  0.94399638 
  0.95647008  0.94430717  0.9421135    0.9483245    0.95215895  0.93711943 
  0.94188        0.95282467  0.95289616  0.95345079]
[0.0569211    0.05074215  0.03766588  0.0642885    0.05302203  0.05760516 
  0.05626175  0.06750083  0.06285172  0.07243642  0.04788775  0.06527467 
  0.0560182    0.07793073  0.07449652  0.08069585  0.06522575  0.09643133 
  0.08190121  0.08522671  0.07358704  0.07349836]
[0.11715382  0.11418578  0.12173054  0.12456606  0.149391      0.11696637 
  0.12894454  0.11827424  0.11521079  0.12377153  0.16891025  0.13305766 
  0.13090516  0.11879413  0.11066222  0.12150359  0.13221116  0.10893195 
  0.12881649  0.13510681  0.14029342  0.13976958]
[-0.17160937  -0.17019884  -0.17907716  -0.17229885  -0.15515339  -0.16985117 
  -0.1782962    -0.16838779  -0.16441045  -0.1699937    -0.14580719  -0.16106296 
  -0.17336621  -0.16407641  -0.16294434  -0.16772275  -0.16798972  -0.15875194 
  -0.16074537  -0.16803024  -0.16493026  -0.16548305]
[-0.15308979  -0.14787824  -0.16165332  -0.15423158  -0.13219201  -0.15092661 
  -0.16136698  -0.14933156  -0.14420934  -0.15146903  -0.12242454  -0.14033352 
  -0.15542326  -0.14399603  -0.14244317  -0.14879595  -0.14910269  -0.13614539 
  -0.13729441  -0.14927144  -0.14548622  -0.14618792]
[0.95168505  0.95440761  0.9392248    0.94880609  0.96997071  0.95377524 
  0.93946479  0.95617099  0.96206366  0.95275292  0.95927978  0.96103228 
  0.9433439    0.96262056  0.96582094  0.95714737  0.95043778  0.97344855 
  0.96584622  0.95168247  0.95124107  0.95043675]
[0.06153162  0.06042927  0.03783446  0.06531468  0.07705176  0.0632571 
  0.05318643  0.0728201    0.07275756  0.07441905  0.05246417  0.07310129 
  0.05481668  0.08531545  0.0847195    0.08415436  0.06619737  0.10844763 
  0.09212586  0.08281454  0.07137511  0.0708606  ]
[-1.05280532  -1.05373905  -1.05261642  -1.05216651  -1.05563989  -1.0530906 
  -1.05168173  -1.05268229  -1.05368594  -1.05205509  -1.05711258  -1.05398264 
  -1.05239199  -1.05263575  -1.05325218  -1.05186115  -1.05285194  -1.05216174 
  -1.05314919  -1.05127833  -1.05274881  -1.05266971]
[-0.15835547  -0.15977149  -0.19145458  -0.15050112  -0.13718483  -0.15505399 
  -0.16863064  -0.14099906  -0.14021421  -0.1372679    -0.11418879  -0.12526226 
  -0.1623072    -0.1198742    -0.12460522  -0.12371727  -0.14052255  -0.09080257 
  -0.09655052  -0.11306224  -0.11811035  -0.12050538]
increment_50
[0.94288688  0.94025963  0.95100643  0.94623334  0.91792755  0.94139797 
  0.95309616  0.93978856  0.93347833  0.94285598  0.93437137  0.9339345 
  0.95016143  0.9342904    0.93171547  0.93966878  0.94496499  0.92594235 
  0.93142588  0.9449344    0.94549326  0.94569037]
[0.05810894  0.05125159  0.03567577  0.0684871    0.0520224    0.05898732 
  0.05681782  0.07152848  0.06610474  0.07893325  0.04473153  0.06726527 
  0.05620151  0.08438045  0.08019822  0.08806867  0.06757475  0.10737211 
  0.08812959  0.09247257  0.07900609  0.07875395]
[0.10602504  0.10236908  0.1121823    0.11674801  0.14707459  0.10614082 
  0.12094866  0.10754612  0.10356855  0.11453362  0.17156746  0.12580885 
  0.12352059  0.10779663  0.097713      0.11144162  0.12578242  0.09611752 
  0.12023906  0.12835593  0.13387944  0.13378864]
[-0.17596129  -0.17391425  -0.18550828  -0.17684257  -0.1548978    -0.17405143 
  -0.18474416  -0.17195348  -0.16647855  -0.17381264  -0.14240269  -0.16243294 
  -0.17863368  -0.16631974  -0.16506074  -0.17119099  -0.17143348  -0.16031705 
  -0.16213867  -0.17097937  -0.16818271  -0.16812474]
[-0.15896992  -0.15227193  -0.16977657  -0.16049894  -0.13198567  -0.1566464 
  -0.16984749  -0.15432996  -0.14715        -0.15686273  -0.11866778  -0.14243572 
  -0.16235923  -0.14728901  -0.14552274  -0.15381873  -0.15399707  -0.13854278 
  -0.1390426    -0.15365345  -0.15018155  -0.15006428]
[0.94421461  0.94798649  0.92832783  0.940079      0.96828061  0.94638632 
  0.92832715  0.94978009  0.95793511  0.9457595    0.95444517  0.95606274 
  0.93288627  0.95821797  0.96206957  0.95093775  0.94176368  0.97063132 
  0.96186673  0.94453069  0.94326165  0.9429953  ]
[0.05790936  0.05727846  0.0294339    0.06303188  0.07707908  0.05984819 
  0.04679324  0.07214556  0.07288468  0.07517223  0.04526658  0.07147911 
  0.04837565  0.08786209  0.08718774  0.08628489  0.06220169  0.11594384 
  0.09497926  0.08364474  0.07009003  0.06958709]
[-1.06988779  -1.07106813  -1.06942677  -1.06897616  -1.07365519  -1.0701822 
  -1.06834761  -1.06970791  -1.0710611    -1.06882291  -1.07559298  -1.07154637 
  -1.06935497  -1.0696903    -1.07040648  -1.06857191  -1.07000925  -1.06881405 
  -1.07041461  -1.06807643  -1.06971699  -1.06976606]
[-0.1673902    -0.16799482  -0.20711742  -0.15598306  -0.14045327  -0.16355781 
  -0.18126628  -0.1454445    -0.14286082  -0.13917788  -0.11144131  -0.12646234 
  -0.17354462  -0.11877971  -0.12491643  -0.12411872  -0.14578778  -0.08380094 
  -0.09113204  -0.11072072  -0.11853929  -0.11948775]
increment_60
[0.93501945  0.93159762  0.94485643  0.93935226  0.90386461  0.93366571 
  0.94764806  0.93131026  0.92330178  0.93490164  0.92391423  0.92396069 
  0.94412733  0.9244818    0.92173481  0.93115128  0.93830091  0.91531205 
  0.92128625  0.93720716  0.93852955  0.93802631]
[0.06033531  0.05250738  0.03460883  0.07346524  0.05093594  0.06075449 
  0.05780529  0.07595016  0.06982884  0.08615097  0.04139448  0.06889125 
  0.05616483  0.09109194  0.08608491  0.09565288  0.06980848  0.11818772 
  0.09363892  0.09930993  0.08447676  0.0841317  ]
[0.09554313  0.09114934  0.10333362  0.10963552  0.14557765  0.09607714 
  0.11370047  0.09717524  0.09261411  0.10582066  0.17498811  0.11924923 
  0.11662861  0.09733683  0.08550801  0.10177112  0.12013034  0.08410325 
  0.11211406  0.12205513  0.12771782  0.12811878]
[-0.1804568    -0.17767313  -0.19222417  -0.18132639  -0.15455159  -0.17855243 
  -0.19153264  -0.17559626  -0.16855687  -0.17765048  -0.13849942  -0.16361625 
  -0.18398295  -0.168588      -0.16741658  -0.17462696  -0.17494959  -0.16223509 
  -0.1635157    -0.17374359  -0.17175022  -0.17063869]
[-0.16520493  -0.15682191  -0.17837907  -0.16688519  -0.13168706  -0.16293778 
  -0.17893394  -0.15960741  -0.1502274    -0.16249467  -0.11433113  -0.1443753 
  -0.16949119  -0.15077357  -0.14909976  -0.15900654  -0.15915238  -0.14168686 
  -0.14105909  -0.15796626  -0.15548496  -0.15390976]
[0.93646019  0.94139828  0.91691947  0.93119719  0.96660257  0.93840296 
  0.91652738  0.94321583  0.95362693  0.93861828  0.94966275  0.95097789 
  0.92199315  0.9536165    0.95781884  0.94464601  0.93244221  0.96709486 
  0.95749417  0.93725755  0.93476033  0.93553886]
[0.0548077    0.05453709  0.02136725  0.06104355  0.07709825  0.0563011 
  0.04025393  0.07158132  0.07317207  0.07623412  0.03795801  0.06941461 
  0.0414251    0.09038425  0.08943282  0.08840506  0.05749217  0.1228038 
  0.09684878  0.08386837  0.06842221  0.06819792]
[-1.08730524  -1.08879142  -1.08655372  -1.08614876  -1.09212902  -1.08760898 
  -1.08531786  -1.0871061    -1.08883966  -1.08592042  -1.09454832  -1.08960812 
  -1.08673853  -1.08712593  -1.08791574  -1.08564969  -1.08758423  -1.0857579 
  -1.08814114  -1.08534432  -1.08702905  -1.08729524]
[-0.17577286  -0.17560701  -0.22238523  -0.16059521  -0.14380833  -0.17226148 
  -0.19410865  -0.14979989  -0.14498982  -0.14052972  -0.10867921  -0.12770488 
  -0.18527952  -0.11748082  -0.12550887  -0.12439991  -0.15140916  -0.07763555 
  -0.0868682    -0.10848577  -0.11979208  -0.11806394]
increment_70
[0.92739758  0.92316899  0.93903192  0.9326641    0.88977744  0.92639654 
  0.94261275  0.92299099  0.91337662  0.92717964  0.91335665  0.91400865 
  0.93828367  0.91484178  0.91221909  0.92272361  0.93213487  0.90517928 
  0.91147508  0.92968986  0.93193304  0.93042628]
[0.06377605  0.05418187  0.0343216    0.07895774  0.0498133    0.06269578 
  0.05936158  0.08072892  0.07403672  0.09387214  0.03808716  0.07009512 
  0.05586098  0.0977299    0.09201513  0.10312827  0.07199583  0.12880403 
  0.09841949  0.10569546  0.0897737    0.08939484]
[0.08568781  0.08054887  0.09512279  0.10311517  0.14493612  0.08675586 
  0.10716563  0.08710196  0.08226567  0.09767374  0.17907352  0.11329874 
  0.11012985  0.0874602    0.07410852  0.09242046  0.11519951  0.07285281 
  0.10445507  0.11622188  0.12187746  0.12278421]
[-0.18503784  -0.18149806  -0.1992067    -0.18573229  -0.15410022  -0.18335545 
  -0.19863835  -0.17927759  -0.17069032  -0.1815055    -0.13419889  -0.16459349 
  -0.18934066  -0.17081986  -0.17003223  -0.17798176  -0.17850216  -0.1644282 
  -0.16487508  -0.17633947  -0.17549947  -0.17295348]
[-0.17173894  -0.16155466  -0.18745824  -0.17337286  -0.13127585  -0.16982694 
  -0.18861152  -0.165122      -0.15351733  -0.16838158  -0.10958362  -0.14611015 
  -0.17670303  -0.15437095  -0.15324294  -0.16429262  -0.16452174  -0.14549939 
  -0.14329739  -0.16222328  -0.16123336  -0.15762066]
[0.92851593  0.93456718  0.9050257    0.92218625  0.96489109  0.92979042 
  0.904126      0.93653846  0.94907418  0.93127666  0.94495355  0.9458397 
  0.91076825  0.9488432    0.95299435  0.93831428  0.9225253    0.9629307 
  0.95271481  0.92979884  0.9258303    0.92809643]
[0.05237297  0.05192251  0.01352443  0.05915191  0.07720404  0.05243387 
  0.03369438  0.07112664  0.07356895  0.07738476  0.03085452  0.06693488 
  0.03400636  0.09264468  0.09129241  0.09030535  0.05212532  0.12902153 
  0.09777809  0.08341539  0.06622874  0.06651784]
[-1.10506522  -1.10693572  -1.10402027  -1.1037141    -1.11107803  -1.10539176 
  -1.10259638  -1.10490148  -1.10702618  -1.10336983  -1.11396068  -1.10819384 
  -1.10457678  -1.10499739  -1.10579488  -1.1031559    -1.10559633  -1.10303435 
  -1.10635956  -1.1031059    -1.1047374    -1.10530481]
[-0.18329993  -0.18296589  -0.23741706  -0.16461429  -0.14754547  -0.18139392 
  -0.20700396  -0.15406576  -0.14671013  -0.14153415  -0.10610066  -0.12907711 
  -0.19745675  -0.11616502  -0.1265654    -0.12478573  -0.15724036  -0.07224106 
  -0.08373971  -0.10644778  -0.12180894  -0.11633973]
increment_80
[0.92002779  0.9150225    0.93353041  0.92615461  0.87565561  0.91955651 
  0.93795091  0.91481836  0.90374867  0.91969887  0.90267365  0.90401015 
  0.93258732  0.905341      0.90318739  0.91437877  0.92640995  0.89545879 
  0.90201603  0.92242728  0.92560742  0.92285825]
[0.0685237    0.05600721  0.03479334  0.08480423  0.04875337  0.064604 
  0.06158748  0.08577278  0.07879334  0.10187974  0.03496842  0.07089348 
  0.05528262  0.10407024  0.09788319  0.11029253  0.07414267  0.1392162 
  0.10255153  0.11161508  0.09481616  0.0944018  ]
[0.07648996  0.07062561  0.08754124  0.09708991  0.14518212  0.07811887 
  0.10130074  0.07727205  0.07241091  0.09008854  0.18373612  0.10779846 
  0.10397484  0.07819438  0.06357054  0.08331863  0.1109163    0.06227459 
  0.09724993  0.11085505  0.11637401  0.1177919  ]
[-0.1896958    -0.18541811  -0.20644226  -0.19006792  -0.1535306    -0.18842552 
  -0.20602781  -0.18299558  -0.1729274    -0.18536483  -0.12960886  -0.16538554 
  -0.1946648    -0.17296526  -0.17289253  -0.18126109  -0.18203747  -0.16679851 
  -0.1662329    -0.17879079  -0.17929137  -0.17502121]
[-0.17858565  -0.16651721  -0.19701639  -0.1799766    -0.13073332  -0.17728477 
  -0.19885319  -0.17088348  -0.15710687  -0.17452061  -0.10460513  -0.14765008 
  -0.18391983  -0.15800875  -0.15796883  -0.16968455  -0.17002903  -0.14985686 
  -0.14573727  -0.16645119  -0.16723758  -0.1611165  ]
[0.92039057  0.92738861  0.89266528  0.91305126  0.96312548  0.92056459 
  0.8911965    0.92975707  0.94422788  0.92370936  0.94033597  0.9407202 
  0.89926194  0.94391796  0.94756247  0.93193447  0.91209435  0.95827049 
  0.94750496  0.92209152  0.91660268  0.92069602]
[0.05063892  0.049184      0.00588223  0.05723852  0.07750558  0.0481029 
  0.02721561  0.0707182    0.07407565  0.07843306  0.02419211  0.06414194 
  0.02615876  0.09449486  0.09265548  0.09185408  0.04613129  0.13466837 
  0.09786046  0.08224068  0.06350184  0.0644541  ]
[-1.12316738  -1.12552348  -1.12183627  -1.12169484  -1.13051703  -1.12355851 
  -1.12019082  -1.12311482  -1.12561695  -1.12120021  -1.1338193    -1.12731815 
  -1.12289886  -1.12335658  -1.12406504  -1.12113491  -1.12407336  -1.1206853 
  -1.12508916  -1.12138359  -1.12289301  -1.12383764]
[-0.18992356  -0.1903728    -0.25224777  -0.16825251  -0.15188606  -0.19111586 
  -0.21983418  -0.15835731  -0.14811607  -0.14238178  -0.10384054  -0.13066387 
  -0.21002373  -0.11493224  -0.12816179  -0.12550018  -0.16318816  -0.06745873 
  -0.08165222  -0.10469861  -0.12437046  -0.11434396]
increment_90
[0.91293804  0.90717988  0.92837656  0.91983059  0.86151422  0.91305057 
  0.93363509  0.90684449  0.89446053  0.91246196  0.89185841  0.89388374 
  0.92708619  0.89596513  0.89463902  0.90617705  0.92099291  0.88608865 
  0.89297346  0.9154662    0.91944606  0.91530803]
[0.07455455  0.05786492  0.03615677  0.09090893  0.04785604  0.06634837 
  0.06452725  0.09102476  0.08418999  0.10998568  0.03217854  0.07134999 
  0.05450193  0.11005584  0.10359677  0.11709661  0.07622328  0.14943937 
  0.10611542  0.11710803  0.09955196  0.09906551]
[0.06798352  0.06139546  0.08065453  0.09148615  0.1462989    0.07007849 
  0.09607481  0.06771852  0.06298358  0.0830506    0.18890938  0.10257106 
  0.098179      0.06948478  0.05391992  0.07444811  0.10714838  0.05228783 
  0.09051185  0.10592255  0.11121426  0.11314833]
[-0.19444764  -0.18943795  -0.21392594  -0.19436677  -0.1528367    -0.19365388 
  -0.21367265  -0.1867995    -0.17531455  -0.18920815  -0.12481676  -0.16602867 
  -0.20000802  -0.17501041  -0.17595992  -0.18453483  -0.18546963  -0.16927669 
  -0.16761747  -0.18114801  -0.18296927  -0.17681752]
[-0.185798      -0.17170849  -0.2070689    -0.18674875  -0.13003676  -0.1851693 
  -0.20964058  -0.17698286  -0.16108862  -0.1808934    -0.09957961  -0.14902521 
  -0.19117597  -0.1616607    -0.16325468  -0.17529393  -0.17554313  -0.1546703 
  -0.14840727  -0.17071967  -0.17326772  -0.16434574]
[0.91204785  0.9198142    0.87984133  0.90376675  0.96129415  0.91083862 
  0.87779114  0.92279173  0.93904101  0.91590431  0.93581526  0.93571848 
  0.88741054  0.93885495  0.94151618  0.92541839  0.90132653  0.95320847 
  0.94179106  0.91406891  0.90722348  0.91334321]
[  0.04953444    0.0462195    -0.00148774    0.05522356    0.07803825    0.04327152 
    0.02086243    0.07026728    0.07471139    0.07922486    0.01818829    0.06119065 
    0.01792779    0.09591461    0.0934382      0.09298673    0.03959039    0.1398099 
    0.09712293    0.08034409    0.06025975    0.0619468  ]
[-1.14160616  -1.1445774    -1.14000233  -1.14010726  -1.1504628    -1.14215169 
  -1.13811171  -1.14174927  -1.14460165  -1.1394443    -1.15411962  -1.14698855 
  -1.14171214  -1.14223527  -1.14275615  -1.13959932  -1.14305311  -1.13874547 
  -1.14434181  -1.14018867  -1.14155479  -1.14293015]
[-0.1957412    -0.19793639  -0.26677674  -0.17170404  -0.15684607  -0.2013975 
  -0.23254971  -0.16282584  -0.14927759  -0.14321549  -0.10203349  -0.13247822 
  -0.22294418  -0.11382982  -0.13032242  -0.12674326  -0.1691363    -0.0631672 
  -0.08055609  -0.10335211  -0.12719859  -0.11209288]
increment_100
[0.90614136  0.89963576  0.92360057  0.91370633  0.84736538  0.90679783 
  0.92964556  0.89915635  0.88554503  0.90546819  0.8809501    0.88361201 
  0.92185129  0.88671341  0.88655753  0.89819368  0.91573414  0.87706456 
  0.88443588  0.90882779  0.91335418  0.90776936]
[0.08178715  0.05974205  0.03856913  0.09719016  0.0472292    0.06774382 
  0.0681483    0.09643419  0.09025447  0.11796878  0.02982948  0.07156412 
  0.05368563  0.1156896    0.10910093  0.12355679  0.07823248  0.159435 
  0.10918667  0.12220107  0.10391521  0.10327652]
[0.06016827  0.05282408  0.07454197  0.08625046  0.14830488  0.06258301 
  0.09145317  0.05855096  0.0539965    0.07655936  0.19452194  0.09748445 
  0.09279712  0.06125549  0.04510823  0.06582575  0.10375736  0.0428624 
  0.08423425  0.10139965  0.10640311  0.10888022]
[-0.1993037    -0.19354495  -0.22165494  -0.19866549  -0.15200736  -0.19892764 
  -0.2215522    -0.19075892  -0.1778814    -0.19299644  -0.11986516  -0.16657082 
  -0.20543671  -0.17696418  -0.17919598  -0.18787968  -0.18872743  -0.1718389 
  -0.16907959  -0.1834343    -0.18639318  -0.17831071]
[-0.19342146  -0.17709868  -0.2176374    -0.19374925  -0.12914597  -0.19332443 
  -0.22096594  -0.18355159  -0.16553897  -0.18744794  -0.09469913  -0.15029022 
  -0.19852021  -0.16533465  -0.1690666    -0.18125465  -0.18094592  -0.15992564 
  -0.15139222  -0.17506004  -0.17910402  -0.16724375]
[0.90346234  0.91184975  0.86655192  0.89429688  0.95938879  0.90069455 
  0.8639425    0.91551012  0.93346578  0.90785411  0.93135996  0.93087225 
  0.87514035  0.93365427  0.93487539  0.91866424  0.89041673  0.94776313 
  0.9354696    0.90570074  0.89781554  0.90603232]
[  0.04895951    0.04303138  -0.00850647    0.05303513    0.07883092    0.03784777 
    0.01461628    0.06965799    0.07544885    0.07958803    0.01303884    0.05819484 
    0.0094137      0.09692167    0.09360611    0.09367016    0.03262024    0.14443057 
    0.09555453    0.07773095    0.05650145    0.0589123  ]
[-1.16038053  -1.16411957  -1.15852086  -1.15896633  -1.17093313  -1.16122416 
  -1.15636985  -1.16079879  -1.16397562  -1.15814861  -1.17486488  -1.1672081 
  -1.16101865  -1.16165593  -1.16189776  -1.15854885  -1.16257201  -1.15724557 
  -1.16412172  -1.15953706  -1.16078675  -1.1626232  ]
[-0.20089154  -0.20564362  -0.28089256  -0.17515149  -0.16241761  -0.21225198 
  -0.24518368  -0.16762998  -0.15027571  -0.14415597  -0.10080026  -0.13446523 
  -0.23607667  -0.11290624  -0.13305367  -0.12865615  -0.17495204  -0.05938079 
  -0.08048286  -0.1024588    -0.13006625  -0.1096083  ]
increment_110
[0.89962411  0.8923544    0.9192046    0.90777198  0.83324498  0.90074618 
  0.92594465  0.89180893  0.87702553  0.89868292  0.87004968  0.87320848 
  0.91691729  0.87759061  0.87891874  0.89044043  0.91053396  0.8683995 
  0.87647139  0.90249151  0.90725362  0.90022236]
[0.09013133  0.06165328  0.04211487  0.10363799  0.04700834  0.06868597 
  0.07241104  0.10199994  0.09692654  0.1256541    0.02792641  0.07164162 
  0.05303029  0.12097679  0.11439111  0.12971078  0.08020203  0.16917646 
  0.11187475  0.12693861  0.10786195  0.10694225]
[0.05300481  0.04482032  0.06922703  0.08129837  0.15118172  0.05562358 
  0.08737606  0.04986119  0.04549752  0.07060925  0.20048663  0.09242393 
  0.08787789  0.05343454  0.03705446  0.05742106  0.10064767  0.03399758 
  0.07837555  0.0972424    0.10193692  0.1049997  ]
[-0.20425338  -0.19771355  -0.22960485  -0.20300217  -0.15102196  -0.20415274 
  -0.22962899  -0.19491462  -0.18064195  -0.19665047  -0.11473251  -0.16705954 
  -0.21097265  -0.17884262  -0.18257063  -0.19132191  -0.19178756  -0.17447303 
  -0.17068649  -0.18565523  -0.1894655    -0.1794722  ]
[-0.20147013  -0.18265072  -0.22871698  -0.20103997  -0.12801063  -0.20161246 
  -0.23279607  -0.19068161  -0.17051663  -0.19405683  -0.09011369  -0.15150492 
  -0.20597595  -0.16905255  -0.17537539  -0.18762229  -0.1861872    -0.1656284 
  -0.15481304  -0.17947303  -0.18457758  -0.16974529]
[0.89464508  0.90355021  0.85283129  0.88464341  0.95737758  0.89017773 
  0.8497105    0.9078238    0.92745632  0.8995996    0.92689977  0.92619177 
  0.86244245  0.92830945  0.92767457  0.91165769  0.87949483  0.94192861 
  0.92846341  0.89700977  0.88847373  0.89877054]
[  0.04883326    0.03966064  -0.01512928    0.05068428    0.07993233    0.03177271 
    0.00846886    0.06883103    0.07620336    0.07940775    0.00879943    0.05523905 
    0.00073374    0.09753269    0.09317274    0.09393512    0.02532725    0.14850629 
    0.0931785      0.07445258    0.05223719    0.05529659]
[-1.17949524  -1.18417265  -1.17739951  -1.17827983  -1.19194545  -1.18082339 
  -1.17498108  -1.18026239  -1.1837453    -1.17737582  -1.19607069  -1.18797942 
  -1.18082389  -1.18163828  -1.18151225  -1.17799173  -1.18265502  -1.17621266 
  -1.18442376  -1.17944667  -1.18064513  -1.18295782]
[-0.20548747  -0.21345758  -0.29453233  -0.17871816  -0.16864196  -0.22365055 
  -0.2577527    -0.17283451  -0.15122684  -0.14518714  -0.10014713  -0.1365443 
  -0.24921381  -0.11222532  -0.13633557  -0.13126363  -0.18052945  -0.0561171 
  -0.08144162  -0.10199148  -0.13280199  -0.10690351]
increment_120
[0.89334788  0.88528821  0.9151654    0.90200692  0.81924253  0.89482863 
  0.92247993  0.88481006  0.86891809  0.89204241  0.85930736  0.86265229 
  0.9122684    0.86858503  0.8716961    0.88289544  0.90533516  0.8601063 
  0.86911142  0.89641392  0.90107547  0.89261772]
[0.09944645  0.06359362  0.04683084  0.1103386    0.04729926  0.06916931 
  0.07731721  0.10777753  0.10411243  0.13294003  0.02633658  0.07167026 
  0.05276487  0.12594115  0.11954601  0.13564442  0.08219966  0.17866629 
  0.11433946  0.13139116  0.11139809  0.10999884]
[0.04640792  0.03726982  0.06468687  0.07652699  0.1548487    0.04919224 
  0.08377511  0.04168437  0.03754385  0.06518911  0.20669208  0.08729034 
  0.08346226  0.04594263  0.02967726  0.04917809  0.09775767  0.02570079 
  0.07289645  0.09338585  0.09783166  0.10150809]
[-0.20926787  -0.20191856  -0.23773088  -0.20743186  -0.14984439  -0.20921603 
  -0.23784548  -0.1992702    -0.18359623  -0.20006596  -0.10933963  -0.16752268 
  -0.21657445  -0.1806564    -0.18606733  -0.19486542  -0.19466436  -0.17716795 
  -0.17250443  -0.18782377  -0.19210462  -0.18027268]
[-0.20992644  -0.18836217  -0.240275      -0.20871077  -0.12656051  -0.20985818 
  -0.24506685  -0.19840587  -0.1760605    -0.20053558  -0.0859135    -0.15269692 
  -0.21351707  -0.17282725  -0.182168      -0.19441414  -0.19127344  -0.17178443 
  -0.15879525  -0.18396761  -0.18953513  -0.17177695]
[0.88563951  0.8949817    0.8387483    0.8748279    0.95519652  0.87936828 
  0.83518673  0.89971449  0.92097571  0.8912226    0.9223376    0.92172801 
  0.84939616  0.92283722  0.91995319  0.9044318    0.86863838  0.93569602 
  0.920741      0.8880455    0.87928534  0.89159877]
[  0.04906783    0.03612235  -0.02132769    0.04826867    0.08131832    0.02506541 
    0.0024524      0.06780207    0.07687338    0.07863904    0.00535603    0.05242378 
  -0.00797228    0.09779114    0.0922081      0.09386852    0.01781017    0.15202747 
    0.0900692      0.07060142    0.04750372    0.05109529]
[-1.19896451  -1.204756      -1.19665083  -1.19804155  -1.21351991  -1.20100048 
  -1.19396694  -1.20014591  -1.20392417  -1.19719775  -1.21776097  -1.20931166 
  -1.20114131  -1.20219987  -1.20161126  -1.19793606  -1.20331625  -1.19567063 
  -1.20523593  -1.19993115  -1.20117883  -1.20397397]
[-0.20965286  -0.22139487  -0.30765609  -0.18247694  -0.17547116  -0.23545584 
  -0.27021125  -0.1784052    -0.152233      -0.14616031  -0.09995163  -0.13860313 
  -0.26206035  -0.11181747  -0.14009271  -0.13450621  -0.18577714  -0.05336443 
  -0.08333671  -0.10189848  -0.13518294  -0.10393363]
