inc
sigma_11
sigma_12
sigma_13
sigma_21
sigma_22
sigma_23
sigma_31
sigma_32
sigma_33
increment_0
[-2.72393348e-05  -2.72393348e-05  -2.72393348e-05  -2.72393348e-05 
  -2.72393348e-05  -2.72393348e-05  -2.72393348e-05  -2.72393348e-05 
  -2.72393348e-05  -2.72393348e-05  -2.72393348e-05  -2.72393348e-05 
  -2.72393348e-05  -2.72393348e-05  -2.72393348e-05  -2.72393348e-05 
  -2.72393348e-05  -2.72393348e-05  -2.72393348e-05  -2.72393348e-05 
  -2.72393348e-05  -2.72393348e-05  -2.72393348e-05  -2.72393348e-05]
[-1.70934361e-06  -1.70934361e-06  -1.70934361e-06  -1.70934361e-06 
  -1.70934361e-06  -1.70934361e-06  -1.70934361e-06  -1.70934361e-06 
  -1.70934361e-06  -1.70934361e-06  -1.70934361e-06  -1.70934361e-06 
  -1.70934361e-06  -1.70934361e-06  -1.70934361e-06  -1.70934361e-06 
  -1.70934361e-06  -1.70934361e-06  -1.70934361e-06  -1.70934361e-06 
  -1.70934361e-06  -1.70934361e-06  -1.70934361e-06  -1.70934361e-06]
[-6.25298164e-06  -6.25298164e-06  -6.25298164e-06  -6.25298164e-06 
  -6.25298164e-06  -6.25298164e-06  -6.25298164e-06  -6.25298164e-06 
  -6.25298164e-06  -6.25298164e-06  -6.25298164e-06  -6.25298164e-06 
  -6.25298164e-06  -6.25298164e-06  -6.25298164e-06  -6.25298164e-06 
  -6.25298164e-06  -6.25298164e-06  -6.25298164e-06  -6.25298164e-06 
  -6.25298164e-06  -6.25298164e-06  -6.25298164e-06  -6.25298164e-06]
[-1.70934361e-06  -1.70934361e-06  -1.70934361e-06  -1.70934361e-06 
  -1.70934361e-06  -1.70934361e-06  -1.70934361e-06  -1.70934361e-06 
  -1.70934361e-06  -1.70934361e-06  -1.70934361e-06  -1.70934361e-06 
  -1.70934361e-06  -1.70934361e-06  -1.70934361e-06  -1.70934361e-06 
  -1.70934361e-06  -1.70934361e-06  -1.70934361e-06  -1.70934361e-06 
  -1.70934361e-06  -1.70934361e-06  -1.70934361e-06  -1.70934361e-06]
[-5.05251913e-05  -5.05251913e-05  -5.05251913e-05  -5.05251913e-05 
  -5.05251913e-05  -5.05251913e-05  -5.05251913e-05  -5.05251913e-05 
  -5.05251913e-05  -5.05251913e-05  -5.05251913e-05  -5.05251913e-05 
  -5.05251913e-05  -5.05251913e-05  -5.05251913e-05  -5.05251913e-05 
  -5.05251913e-05  -5.05251913e-05  -5.05251913e-05  -5.05251913e-05 
  -5.05251913e-05  -5.05251913e-05  -5.05251913e-05  -5.05251913e-05]
[2.28105163e-06  2.28105163e-06  2.28105163e-06  2.28105163e-06 
  2.28105163e-06  2.28105163e-06  2.28105163e-06  2.28105163e-06 
  2.28105163e-06  2.28105163e-06  2.28105163e-06  2.28105163e-06 
  2.28105163e-06  2.28105163e-06  2.28105163e-06  2.28105163e-06 
  2.28105163e-06  2.28105163e-06  2.28105163e-06  2.28105163e-06 
  2.28105163e-06  2.28105163e-06  2.28105163e-06  2.28105163e-06]
[-6.25298164e-06  -6.25298164e-06  -6.25298164e-06  -6.25298164e-06 
  -6.25298164e-06  -6.25298164e-06  -6.25298164e-06  -6.25298164e-06 
  -6.25298164e-06  -6.25298164e-06  -6.25298164e-06  -6.25298164e-06 
  -6.25298164e-06  -6.25298164e-06  -6.25298164e-06  -6.25298164e-06 
  -6.25298164e-06  -6.25298164e-06  -6.25298164e-06  -6.25298164e-06 
  -6.25298164e-06  -6.25298164e-06  -6.25298164e-06  -6.25298164e-06]
[2.28105163e-06  2.28105163e-06  2.28105163e-06  2.28105163e-06 
  2.28105163e-06  2.28105163e-06  2.28105163e-06  2.28105163e-06 
  2.28105163e-06  2.28105163e-06  2.28105163e-06  2.28105163e-06 
  2.28105163e-06  2.28105163e-06  2.28105163e-06  2.28105163e-06 
  2.28105163e-06  2.28105163e-06  2.28105163e-06  2.28105163e-06 
  2.28105163e-06  2.28105163e-06  2.28105163e-06  2.28105163e-06]
[-3.5929528e-05  -3.5929528e-05  -3.5929528e-05  -3.5929528e-05 
  -3.5929528e-05  -3.5929528e-05  -3.5929528e-05  -3.5929528e-05 
  -3.5929528e-05  -3.5929528e-05  -3.5929528e-05  -3.5929528e-05 
  -3.5929528e-05  -3.5929528e-05  -3.5929528e-05  -3.5929528e-05 
  -3.5929528e-05  -3.5929528e-05  -3.5929528e-05  -3.5929528e-05 
  -3.5929528e-05  -3.5929528e-05  -3.5929528e-05  -3.5929528e-05]
increment_10
[1.04411787e+08  9.39656725e+07  9.47469072e+07  9.85974548e+07 
  1.02895617e+08  1.04285303e+08  9.66392536e+07  9.57639158e+07 
  1.05542047e+08  1.22752758e+08  1.02420406e+08  1.00164259e+08 
  1.04031166e+08  1.15546161e+08  1.14349096e+08  8.29279590e+07 
  1.00144351e+08  1.10085813e+08  1.05139510e+08  1.10167083e+08 
  9.69989726e+07  1.19177274e+08  1.30319990e+08  1.23323277e+08]
[15250568.18609331  19018387.7588237    13991850.56920867  15270601.49992386 
  24222828.14126454  21578808.07962361  26599404.03305863    7798324.77294261 
  11499986.24850748  22324021.17752288  17872470.18965187  24460402.32687055 
  18114823.43711558  18211650.0562497    12861683.26803959    9743443.38284441 
  17586243.00703475  22751641.16299471  15694298.80773205  17037644.97291145 
  15236160.86593147  14702685.79876814  13378176.44768555  11440331.34135871]
[  -1038814.6290079        3532786.19830512      5392618.27872922 
      8580000.4408826        4188991.86286085      3863109.29939379 
      6675266.61544761    -2551998.16248448      8581697.92550397 
    11749762.85670586      5978602.42304266      7018359.71271227 
    -2343332.93991229    -4638349.67576638      7736963.32519239 
    12342285.53150743    12597888.61871899      4431291.14551145 
    -1059034.66141981  -12968420.56936152    -3471529.25836064 
  -10776270.45705153  -26508624.14372608  -24609847.10027662]
[15250568.18609331  19018387.7588237    13991850.56920867  15270601.49992386 
  24222828.14126454  21578808.07962361  26599404.03305863    7798324.77294261 
  11499986.24850748  22324021.17752288  17872470.18965187  24460402.32687055 
  18114823.43711558  18211650.0562497    12861683.26803959    9743443.38284441 
  17586243.00703475  22751641.16299471  15694298.80773205  17037644.97291145 
  15236160.86593147  14702685.79876814  13378176.44768555  11440331.34135871]
[-16117949.08463923  -25883713.58348881  -23299013.09996048 
  -22232379.85576387  -22924349.20069068  -18699110.73900503 
  -26506937.57863685  -14516246.75948417    -8993178.03238622 
    -1865359.93134051  -18743218.08149861  -22729362.38565387 
  -19345355.44266178    -7387571.89330538    -4599457.33594549 
  -32167844.35484703  -20384100.99938169  -15183980.50649395 
  -16188119.83912222    -6529315.42171592  -23455162.8317684 
      1393176.1419162      24852247.78398134    20521880.3205204  ]
[36490223.16327037  28333094.59309596  27151424.63054168  23215725.51546556 
  27217936.09126053  29709346.48691239  24599834.05473212  24772540.92595388 
  25499181.87284799  18919916.07647238  28402863.23986008  27221101.34399468 
  34006770.43834917  35185861.6994923    25402814.68906508  19164779.6621577 
  19197478.87582449  28246736.27417691  32954089.03174501  37509639.02829514 
  37235316.84778735  39315073.67547559  38397071.42024121  37397292.9473054  ]
[  -1038814.6290079        3532786.19830512      5392618.27872922 
      8580000.4408826        4188991.86286085      3863109.29939379 
      6675266.61544761    -2551998.16248448      8581697.92550397 
    11749762.85670586      5978602.42304266      7018359.71271227 
    -2343332.93991229    -4638349.67576638      7736963.32519239 
    12342285.53150743    12597888.61871899      4431291.14551145 
    -1059034.66141981  -12968420.56936152    -3471529.25836064 
  -10776270.45705153  -26508624.14372608  -24609847.10027662]
[36490223.16327037  28333094.59309596  27151424.63054168  23215725.51546556 
  27217936.09126053  29709346.48691239  24599834.05473212  24772540.92595388 
  25499181.87284799  18919916.07647238  28402863.23986008  27221101.34399468 
  34006770.43834917  35185861.6994923    25402814.68906508  19164779.6621577 
  19197478.87582449  28246736.27417691  32954089.03174501  37509639.02829514 
  37235316.84778735  39315073.67547559  38397071.42024121  37397292.9473054  ]
[9.74526863e+07  8.37984455e+07  9.18539971e+07  8.82834331e+07 
  7.77849783e+07  8.88846293e+07  7.43621944e+07  9.80254523e+07 
  1.09302708e+08  9.70292561e+07  9.27297931e+07  8.31664328e+07 
  8.86867761e+07  9.97429878e+07  1.09357570e+08  8.60054301e+07 
  8.90479324e+07  8.90197466e+07  9.52203616e+07  9.66424682e+07 
  8.94573802e+07  1.10889760e+08  1.15081675e+08  1.18302637e+08]
increment_20
[1.09113287e+08  9.67084699e+07  9.74144866e+07  1.00839212e+08 
  1.06728327e+08  1.07515619e+08  9.93370814e+07  9.82697425e+07 
  1.09437049e+08  1.27252386e+08  1.04046181e+08  1.03640003e+08 
  1.07468398e+08  1.21428006e+08  1.18867203e+08  8.27534154e+07 
  1.03116256e+08  1.12226982e+08  1.09229399e+08  1.12448143e+08 
  9.85426291e+07  1.22843705e+08  1.34290561e+08  1.26004211e+08]
[15973541.26189689  20699253.13714276  15392575.9358922    17032306.39838248 
  27243730.56840367  23499317.19611543  28718495.53839293    8636412.84841488 
  11721501.32984383  26098585.02181503  19465269.40099209  27153814.04063679 
  18961107.82648996  19164263.03243321  14548200.32854604  10758628.37928928 
  19841508.96227978  24484256.54221296  16419101.22038237  17874081.63215266 
  15618173.13146667  15133762.07989831  13916621.41595236  11362373.35645866]
[    -434175.7790824        5131608.4379751        7618874.04716743 
      8969400.45640781      6905040.3468212        5379533.06484783 
      9054597.45746224    -1872311.8193584        9411733.34171265 
    14594123.61983435      6692724.32287224      9709232.7816692 
    -1898964.58687223    -4700381.80098826      7987691.73325657 
    14250134.80197912    14524453.4782894        5291655.27054741 
      -727621.8863769    -13265009.38679088    -3631013.60108917 
  -11342182.14721092  -27385682.24465977  -26569933.27596645]
[15973541.26189689  20699253.13714276  15392575.9358922    17032306.39838248 
  27243730.56840367  23499317.19611543  28718495.53839293    8636412.84841488 
  11721501.32984383  26098585.02181503  19465269.40099209  27153814.04063679 
  18961107.82648996  19164263.03243321  14548200.32854604  10758628.37928928 
  19841508.96227978  24484256.54221296  16419101.22038237  17874081.63215266 
  15618173.13146667  15133762.07989831  13916621.41595236  11362373.35645866]
[-13880954.10995889  -25432243.31920494  -23043373.08323291 
  -23100761.06947308  -22491664.15740736  -18340364.34859564 
  -27524380.7174837    -15791876.91040237    -6924216.97460036 
      -870910.23563163  -19291913.06704053  -21883485.7354707 
  -19285444.67930485    -5104504.42711208    -2860211.31469843 
  -34575183.57567413  -20243151.30275008  -16359333.87517674 
  -14614909.76488479    -8020229.54932989  -23722012.08832799 
      2015963.99659272    25967653.04235409    21827636.75227476]
[37597946.13732657  28244603.55742896  26460527.10736775  24439606.94992835 
  25735861.18583504  29892942.84465736  23209914.56820303  26149591.39406555 
  26183824.30445575  17083645.98461968  29806094.97113162  26110819.80505125 
  34890669.89718859  36259782.43292158  27186168.5412056    19064140.17034713 
  18981937.50626257  28667762.70585187  34105514.46033871  39030790.86415622 
  38728499.65372048  40896606.61088639  39578169.15953647  38637429.22961389]
[    -434175.7790824        5131608.4379751        7618874.04716743 
      8969400.45640781      6905040.3468212        5379533.06484783 
      9054597.45746224    -1872311.8193584        9411733.34171265 
    14594123.61983435      6692724.32287224      9709232.7816692 
    -1898964.58687223    -4700381.80098826      7987691.73325657 
    14250134.80197912    14524453.4782894        5291655.27054741 
      -727621.8863769    -13265009.38679088    -3631013.60108917 
  -11342182.14721092  -27385682.24465977  -26569933.27596645]
[37597946.13732657  28244603.55742896  26460527.10736775  24439606.94992835 
  25735861.18583504  29892942.84465736  23209914.56820303  26149591.39406555 
  26183824.30445575  17083645.98461968  29806094.97113162  26110819.80505125 
  34890669.89718859  36259782.43292158  27186168.5412056    19064140.17034713 
  18981937.50626257  28667762.70585187  34105514.46033871  39030790.86415622 
  38728499.65372048  40896606.61088639  39578169.15953647  38637429.22961389]
[1.00916994e+08  8.45543135e+07  9.32328750e+07  8.80119260e+07 
  7.86459522e+07  8.95416433e+07  7.32961919e+07  9.91082966e+07 
  1.13821346e+08  9.73548096e+07  9.33885618e+07  8.41621449e+07 
  8.98720806e+07  1.03094720e+08  1.12375549e+08  8.60732746e+07 
  9.00818954e+07  8.88952078e+07  9.85953156e+07  9.70298145e+07 
  9.13794085e+07  1.14361697e+08  1.19202862e+08  1.21793160e+08]
increment_30
[1.13595858e+08  9.80961154e+07  9.88492872e+07  1.01824330e+08 
  1.10716741e+08  1.09902813e+08  1.02692600e+08  1.00671414e+08 
  1.13039045e+08  1.31408276e+08  1.04669180e+08  1.07087155e+08 
  1.09904411e+08  1.26752005e+08  1.23252196e+08  8.18639359e+07 
  1.05972918e+08  1.13686751e+08  1.13289732e+08  1.14764773e+08 
  9.95188453e+07  1.25454402e+08  1.36727061e+08  1.29366098e+08]
[16733122.57895372  21748876.55819944  16064857.13213386  18516597.22313979 
  30555585.60938317  25292375.1840513    30922134.38356398    9309692.06562819 
  11782303.0334679    30430787.71474862  20904634.33557284  29674088.31797351 
  19634795.40819522  19917320.49784403  15752084.2982992    10941098.80667344 
  21938079.46209786  26045428.93502683  16938728.5543162    18406133.07013533 
  15753575.94645464  15189856.3364798    14147146.56971087  11515653.88778814]
[      660487.16759928      6434940.93878802    10544829.23460958 
      9303533.82804784    10429023.36869593      6492799.22032883 
    11535286.15479259    -1288559.34525564    11019553.21666727 
    17841554.77948059      7305094.97320608    12449789.89698456 
    -1288836.49434757    -4808037.34262032      9279822.46759531 
    16671214.90698989    16314705.59711921      6084622.47899842 
      -570834.72182785  -13695267.42552875    -3562583.87733625 
  -11834170.33001679  -28261555.47159003  -28534446.29036112]
[16733122.57895372  21748876.55819944  16064857.13213386  18516597.22313979 
  30555585.60938317  25292375.1840513    30922134.38356398    9309692.06562819 
  11782303.0334679    30430787.71474862  20904634.33557284  29674088.31797351 
  19634795.40819522  19917320.49784403  15752084.2982992    10941098.80667344 
  21938079.46209786  26045428.93502683  16938728.5543162    18406133.07013533 
  15753575.94645464  15189856.3364798    14147146.56971087  11515653.88778814]
[-11385936.4023021    -26454573.55118082  -23262788.98884743 
  -24804077.58672593  -21836067.61628601  -18800182.0564566 
  -27731840.0871503    -16864165.63957018    -4727402.22150762 
      -231427.15145158  -20411750.22388512  -20922307.08468932 
  -19845728.68233766    -3107247.21810766      -566682.1502823 
  -37082495.86076399  -20034688.20495289  -17885452.51276895 
  -12828366.83728833    -8811798.35489983  -23900040.77472255 
      2309401.26193063    26517320.24760883    23937765.26325307]
[38022720.04856723  28189593.23164092  24730870.2093173    25498998.57600406 
  23332175.99275711  30256904.45354185  21359778.68458685  27097959.40139706 
  25920975.74802974  14692655.09273131  31231687.60989296  24864388.30990192 
  35540421.48326968  37042403.02357665  27424668.02305719  18175182.27469646 
  18635589.15938442  28926558.43853554  35073789.38496356  40427798.8143007 
  40046073.04927202  42374366.26310036  40510996.82936429  39849022.49234473]
[      660487.16759928      6434940.93878802    10544829.23460958 
      9303533.82804784    10429023.36869593      6492799.22032883 
    11535286.15479259    -1288559.34525564    11019553.21666727 
    17841554.77948059      7305094.97320608    12449789.89698456 
    -1288836.49434757    -4808037.34262032      9279822.46759531 
    16671214.90698989    16314705.59711921      6084622.47899842 
      -570834.72182785  -13695267.42552875    -3562583.87733625 
  -11834170.33001679  -28261555.47159003  -28534446.29036112]
[38022720.04856723  28189593.23164092  24730870.2093173    25498998.57600406 
  23332175.99275711  30256904.45354185  21359778.68458685  27097959.40139706 
  25920975.74802974  14692655.09273131  31231687.60989296  24864388.30990192 
  35540421.48326968  37042403.02357665  27424668.02305719  18175182.27469646 
  18635589.15938442  28926558.43853554  35073789.38496356  40427798.8143007 
  40046073.04927202  42374366.26310036  40510996.82936429  39849022.49234473]
[1.04341877e+08  8.38986640e+07  9.46467526e+07  8.68351051e+07 
  7.95022660e+07  8.90008510e+07  7.27520976e+07  9.96464987e+07 
  1.18527560e+08  9.72370100e+07  9.32360398e+07  8.52811576e+07 
  9.04036662e+07  1.05711176e+08  1.16029214e+08  8.65526339e+07 
  9.10068648e+07  8.82812184e+07  1.01643580e+08  9.80958055e+07 
  9.33181187e+07  1.17425919e+08  1.22820079e+08  1.25567665e+08]
increment_40
[1.17188475e+08  9.90365293e+07  1.00038258e+08  1.02872659e+08 
  1.14661435e+08  1.12016252e+08  1.06488704e+08  1.03185164e+08 
  1.16211905e+08  1.35347232e+08  1.05093559e+08  1.10492595e+08 
  1.12035800e+08  1.31994709e+08  1.27621642e+08  8.10815029e+07 
  1.08543525e+08  1.15441414e+08  1.17381064e+08  1.17271683e+08 
  1.00413978e+08  1.26987791e+08  1.38666738e+08  1.32558611e+08]
[17419775.57282182  22325323.13296745  16374269.29922255  19935985.10962179 
  33648232.62251289  27200379.04599923  32999324.40136477    9786861.17815263 
  12143753.72423993  35044715.75313888  22348212.76399942  32082869.12940437 
  20175418.12299187  20541989.13913434  16618315.92070613  11036668.53586217 
  23929137.71939526  27497551.21570449  17513520.14891835  18763387.05119427 
  15742783.93501267  15132034.32170053  14285352.32473831  11729101.17211521]
[    2077227.86533046      7688421.63534563    13623346.27983002 
      9758603.33822682    13844404.16042553      7606690.97060134 
    13936088.02848575      -682884.36572839    12913002.26463387 
    20847582.50720306      8197979.30561665    14918522.59152056 
      -645980.35178334    -4972296.43460732    11069035.92808659 
    19314195.02692652    17896021.0152989        6713138.21685451 
      -634026.24095751  -13913785.31933879    -3446437.01963801 
  -12215560.56738584  -28812446.16993728  -30646690.77919224]
[17419775.57282182  22325323.13296745  16374269.29922255  19935985.10962179 
  33648232.62251289  27200379.04599923  32999324.40136477    9786861.17815263 
  12143753.72423993  35044715.75313888  22348212.76399942  32082869.12940437 
  20175418.12299187  20541989.13913434  16618315.92070613  11036668.53586217 
  23929137.71939526  27497551.21570449  17513520.14891835  18763387.05119427 
  15742783.93501267  15132034.32170053  14285352.32473831  11729101.17211521]
[  -9284351.27332086  -27874808.44795799  -23539769.81664198 
  -26133312.05039546  -21292437.63363671  -19420663.25226465 
  -27594527.64928101  -17487503.37386586    -2902777.93640138 
          96468.44438164  -21309435.67177839  -19929027.89791346 
  -20352295.68161446      -963595.54605144      2140978.56312167 
  -39433085.59070531  -19948656.11808597  -18913922.73861898 
  -10919418.19529068    -9223819.83822503  -23585954.78351303 
      1921640.09544523    26742934.98971723    26312074.65879416]
[38018686.10748753  28070084.6153814    22747569.36895797  26316177.91930619 
  20716737.10968169  30572799.99782484  19277518.45845171  27728317.45344976 
  25459932.86922906  12440661.03522821  32294913.67837157  23629880.25299349 
  35974666.54739736  37621280.92861244  27015104.2133982    17062636.58527413 
  18362677.35104075  29064056.36220722  36002308.54320809  41678926.85028662 
  41182848.68866672  43771699.18872111  41394644.62416544  40927798.23146142]
[    2077227.86533046      7688421.63534563    13623346.27983002 
      9758603.33822682    13844404.16042553      7606690.97060134 
    13936088.02848575      -682884.36572839    12913002.26463387 
    20847582.50720306      8197979.30561665    14918522.59152056 
      -645980.35178334    -4972296.43460732    11069035.92808659 
    19314195.02692652    17896021.0152989        6713138.21685451 
      -634026.24095751  -13913785.31933879    -3446437.01963801 
  -12215560.56738584  -28812446.16993728  -30646690.77919224]
[38018686.10748753  28070084.6153814    22747569.36895797  26316177.91930619 
  20716737.10968169  30572799.99782484  19277518.45845171  27728317.45344976 
  25459932.86922906  12440661.03522821  32294913.67837157  23629880.25299349 
  35974666.54739736  37621280.92861244  27015104.2133982    17062636.58527413 
  18362677.35104075  29064056.36220722  36002308.54320809  41678926.85028662 
  41182848.68866672  43771699.18872111  41394644.62416544  40927798.23146142]
[1.07289964e+08  8.30489409e+07  9.62363996e+07  8.59094205e+07 
  8.00341140e+07  8.80903293e+07  7.23873631e+07  1.00377021e+08 
  1.22581376e+08  9.69512121e+07  9.30620359e+07  8.63018537e+07 
  9.07952532e+07  1.08119556e+08  1.20300179e+08  8.71694427e+07 
  9.17512093e+07  8.78124114e+07  1.04253591e+08  9.95949638e+07 
  9.55655620e+07  1.19599338e+08  1.26246409e+08  1.29112051e+08]
increment_50
[1.19705023e+08  9.99016699e+07  1.01675777e+08  1.04362378e+08 
  1.18064952e+08  1.13893523e+08  1.10753519e+08  1.05843397e+08 
  1.19280701e+08  1.39051037e+08  1.06046533e+08  1.13892776e+08 
  1.13973156e+08  1.36899874e+08  1.31970419e+08  8.04305298e+07 
  1.10461491e+08  1.17460520e+08  1.21507080e+08  1.19989763e+08 
  1.01194225e+08  1.27519327e+08  1.40430320e+08  1.35256805e+08]
[18099595.60561412  22885324.21797534  16481360.62515967  21414148.56959599 
  36423645.03932541  29038028.37117512  34982317.18286844  10099773.35618813 
  12762283.39930309  39623760.11230676  24074772.52928336  34364942.97698639 
  20680400.38924402  21091533.86005762  17410721.96659119  11271021.66145498 
  25428014.49370721  28965380.22451668  18183962.64082362  19055007.39234668 
  15736753.26063996  14975894.8121639    14489094.26279702  11946087.28088642]
[    3381419.81761211      9108777.88718232    16536236.05321435 
    10429589.964962        16776691.10837421      8727354.62542417 
    15999375.48688811      -136682.09250404    14871275.45826744 
    23557769.90768173      9314482.35670836    16946315.84637643 
          55871.68112407    -5123524.45779407    12958023.39263621 
    22024390.00073078    19092922.88932002      7224656.03398439 
      -845120.45170304  -13846494.63903702    -3354485.14226513 
  -12493402.66940141  -29018924.85244566  -32921649.25246456]
[18099595.60561412  22885324.21797534  16481360.62515967  21414148.56959599 
  36423645.03932541  29038028.37117512  34982317.18286844  10099773.35618813 
  12762283.39930309  39623760.11230676  24074772.52928336  34364942.97698639 
  20680400.38924402  21091533.86005762  17410721.96659119  11271021.66145498 
  25428014.49370721  28965380.22451668  18183962.64082362  19055007.39234668 
  15736753.26063996  14975894.8121639    14489094.26279702  11946087.28088642]
[  -7964666.60009507  -29186345.27087771  -23475113.6718362 
  -26863605.78082943  -21378888.95015907  -20093348.49808262 
  -27093321.37883111  -17550179.28750748    -1141145.72911767 
          72002.62063588  -21378124.88783886  -18939814.60342242 
  -20791131.23697831      1050918.62779712      4990644.08757684 
  -41722570.35497476  -20337725.97202957  -19541020.48182417 
    -8903958.82768491    -9327201.96407522  -23023832.24362472 
        926638.66911646    26623069.91077529    28674764.57141655]
[38108256.59299082  27551529.49501872  20877797.32306454  26731321.02156142 
  18159494.85853378  30909260.96620635  17038308.62271808  28173519.61972949 
  24983764.36679056  10054516.55352733  33134963.3021601    22527063.4860862 
  36179419.23725972  38104186.19373526  26559802.56634961  15948934.84798937 
  18267140.14589895  29082742.70397033  36841555.70619085  42711223.39710868 
  42128664.35062979  45065502.02399392  42269406.52616912  41868223.91047122]
[    3381419.81761211      9108777.88718232    16536236.05321435 
    10429589.964962        16776691.10837421      8727354.62542417 
    15999375.48688811      -136682.09250404    14871275.45826744 
    23557769.90768173      9314482.35670836    16946315.84637643 
          55871.68112407    -5123524.45779407    12958023.39263621 
    22024390.00073078    19092922.88932002      7224656.03398439 
      -845120.45170304  -13846494.63903702    -3354485.14226513 
  -12493402.66940141  -29018924.85244566  -32921649.25246456]
[38108256.59299082  27551529.49501872  20877797.32306454  26731321.02156142 
  18159494.85853378  30909260.96620635  17038308.62271808  28173519.61972949 
  24983764.36679056  10054516.55352733  33134963.3021601    22527063.4860862 
  36179419.23725972  38104186.19373526  26559802.56634961  15948934.84798937 
  18267140.14589895  29082742.70397033  36841555.70619085  42711223.39710868 
  42128664.35062979  45065502.02399392  42269406.52616912  41868223.91047122]
[1.09260963e+08  8.21786719e+07  9.81824420e+07  8.52422533e+07 
  7.96884393e+07  8.72235876e+07  7.19802284e+07  1.01579699e+08 
  1.26264060e+08  9.60621750e+07  9.33200004e+07  8.71634095e+07 
  9.09992226e+07  1.10342309e+08  1.24701801e+08  8.76212896e+07 
  9.21102375e+07  8.74165373e+07  1.06482126e+08  1.01338868e+08 
  9.77899154e+07  1.20993298e+08  1.29297390e+08  1.32198183e+08]
increment_60
[1.21129898e+08  1.00430610e+08  1.03916033e+08  1.06175257e+08 
  1.21261473e+08  1.15688092e+08  1.14949772e+08  1.08492760e+08 
  1.22137608e+08  1.42385958e+08  1.07637498e+08  1.17159359e+08 
  1.16172510e+08  1.41151233e+08  1.35868355e+08  8.04552892e+07 
  1.12115688e+08  1.19545337e+08  1.25152645e+08  1.22920308e+08 
  1.01806872e+08  1.27491822e+08  1.41993894e+08  1.37668935e+08]
[18922923.86527469  23420488.19403665  16268089.90721391  23211009.46932395 
  38837248.30059472  30766282.9347702    36987418.05616648  10420829.60193278 
  13532488.21378335  43834799.83200704  25844471.25366017  36499224.83403824 
  21228000.48759684  21671530.39883576  18852542.11827376  11883431.69757211 
  26563597.38348197  30584497.62166337  19047935.09217913  19340579.86865479 
  15713204.13206673  14785210.01285445  14803859.48234434  12187258.41756173]
[    4741770.53829175    10974693.21157048    18866522.55547377 
    11590580.71117203    18978284.93848429      9852526.51436849 
    17741354.92374179        258896.33734312    16688810.38509329 
    25929979.99972521    10382179.35769844    18566875.65954029 
        854195.5035091      -5177763.66241146    14831172.60960273 
    24424686.79192338    20074511.3295932        7859789.10914681 
    -1220944.00166726  -13403639.47390481    -3162660.86042145 
  -12703088.86635103  -29068382.27613044  -35422214.1188812  ]
[18922923.86527469  23420488.19403665  16268089.90721391  23211009.46932395 
  38837248.30059472  30766282.9347702    36987418.05616648  10420829.60193278 
  13532488.21378335  43834799.83200704  25844471.25366017  36499224.83403824 
  21228000.48759684  21671530.39883576  18852542.11827376  11883431.69757211 
  26563597.38348197  30584497.62166337  19047935.09217913  19340579.86865479 
  15713204.13206673  14785210.01285445  14803859.48234434  12187258.41756173]
[  -7602589.89719834  -30579172.15119185  -22901491.12092923 
  -27256451.59130649  -21753503.09496112  -20744981.83433312 
  -26779714.94104902  -17339763.54115605        468670.7038839 
      -356137.21749516  -20594544.49325369  -18079622.90490587 
  -20758247.20827506      2625934.41286437      7277543.57427381 
  -43451291.88971525  -20892252.19527437  -20146031.4944244 
    -7306064.73231498    -9289974.7098495    -22333402.92619416 
      -267403.7391885      26279653.86489962    31215333.77095537]
[38035632.84842408  26250247.19395667  19623320.32664016  26566717.83545614 
  15891184.24838741  31218769.34766001  14632263.94226507  28845699.54750687 
  24767789.20515855    7542200.26303762  33923869.70573759  21527602.11108375 
  35999970.3237139    38553291.93417345  26291156.14033176  15295942.89014278 
  18167367.14641275  28748280.79209107  37767264.52498904  43507146.79990678 
  42824539.10966828  46212599.2351517    43076776.78024949  42712432.13781516]
[    4741770.53829175    10974693.21157048    18866522.55547377 
    11590580.71117203    18978284.93848429      9852526.51436849 
    17741354.92374179        258896.33734312    16688810.38509329 
    25929979.99972521    10382179.35769844    18566875.65954029 
        854195.5035091      -5177763.66241146    14831172.60960273 
    24424686.79192338    20074511.3295932        7859789.10914681 
    -1220944.00166726  -13403639.47390481    -3162660.86042145 
  -12703088.86635103  -29068382.27613044  -35422214.1188812  ]
[38035632.84842408  26250247.19395667  19623320.32664016  26566717.83545614 
  15891184.24838741  31218769.34766001  14632263.94226507  28845699.54750687 
  24767789.20515855    7542200.26303762  33923869.70573759  21527602.11108375 
  35999970.3237139    38553291.93417345  26291156.14033176  15295942.89014278 
  18167367.14641275  28748280.79209107  37767264.52498904  43507146.79990678 
  42824539.10966828  46212599.2351517    43076776.78024949  42712432.13781516]
[1.09954125e+08  8.12136727e+07  1.00665918e+08  8.45447439e+07 
  7.88477736e+07  8.63960939e+07  7.09935304e+07  1.03205145e+08 
  1.29471880e+08  9.47271511e+07  9.41480294e+07  8.77892891e+07 
  9.13362455e+07  1.12305638e+08  1.27973119e+08  8.80143412e+07 
  9.22535973e+07  8.66524184e+07  1.07961293e+08  1.03130691e+08 
  1.00006460e+08  1.21975910e+08  1.31971198e+08  1.35002582e+08]
increment_70
[1.21911644e+08  1.00726350e+08  1.06656135e+08  1.08136324e+08 
  1.24623607e+08  1.17632516e+08  1.18434254e+08  1.10838385e+08 
  1.24883128e+08  1.45530621e+08  1.09943311e+08  1.19940645e+08 
  1.19382073e+08  1.45081748e+08  1.39179417e+08  8.11612999e+07 
  1.13649880e+08  1.21772925e+08  1.28172738e+08  1.25921003e+08 
  1.02251628e+08  1.27413090e+08  1.43536003e+08  1.39608168e+08]
[19938520.58788408  23820112.52373682  15548736.09917826  25442148.01802777 
  40740641.94251268  32419024.79802893  39189954.97312701  10900432.60407 
  14399746.74791323  47510754.1136345    27490970.71371885  38804689.721829 
  21709217.97332156  22259467.97586216  21462009.37542079  12716473.1733876 
  27941775.87145402  32269170.9588753    20143126.98160855  19573172.83945039 
  15623028.35687589  14585001.66453167  15106796.00382977  12430864.0921877  ]
[    6274157.7505223      13261071.50692153    20573997.14939838 
    13494837.32095835    20217084.10260214    11097728.12615394 
    19617175.19609275        268778.06555497    18060001.32077903 
    27626544.6331929      11463205.12111128    20250744.01049217 
      1749367.09069516    -5117558.11767951    16909959.61079 
    26140449.18127505    21278311.68766474      8538136.21900804 
    -1593314.56627226  -12577529.40819877    -2716228.29261914 
  -12824814.47351796  -28885823.60153494  -37924546.34120899]
[19938520.58788408  23820112.52373682  15548736.09917826  25442148.01802777 
  40740641.94251268  32419024.79802893  39189954.97312701  10900432.60407 
  14399746.74791323  47510754.1136345    27490970.71371885  38804689.721829 
  21709217.97332156  22259467.97586216  21462009.37542079  12716473.1733876 
  27941775.87145402  32269170.9588753    20143126.98160855  19573172.83945039 
  15623028.35687589  14585001.66453167  15106796.00382977  12430864.0921877  ]
[  -7770043.25672613  -32046024.15097912  -21770496.23094985 
  -27559915.10213181  -21909235.67441123  -21265463.77454563 
  -27528979.87429909  -17191662.66720174      1933642.01514893 
      -901184.26121079  -18852449.30561296  -17838667.60307458 
  -19582603.21468729      4089771.98704457      8816239.09250807 
  -44498666.25673893  -21629409.2193118    -20696132.39587888 
    -6370490.1789267      -9356221.02915674  -21575956.27577557 
    -1171978.4217744      26058065.79829303    33565933.34508248]
[37566107.34493501  24231145.5382206    19175833.82754345  25513249.17698181 
  14260527.70674251  31303102.0432966    11697509.02731811  30093220.40343251 
  25097826.40694172    5368976.4689954    34546011.99870826  20194321.40264164 
  35302341.11694422  39026945.25075689  25945808.37016365  15426412.66389947 
  17667162.76789571  28059609.15875752  38677346.28463386  44150634.92964795 
  43231761.44281238  47131929.25999352  43740055.84365018  43489010.37832872]
[    6274157.7505223      13261071.50692153    20573997.14939838 
    13494837.32095835    20217084.10260214    11097728.12615394 
    19617175.19609275        268778.06555497    18060001.32077903 
    27626544.6331929      11463205.12111128    20250744.01049217 
      1749367.09069516    -5117558.11767951    16909959.61079 
    26140449.18127505    21278311.68766474      8538136.21900804 
    -1593314.56627226  -12577529.40819877    -2716228.29261914 
  -12824814.47351796  -28885823.60153494  -37924546.34120899]
[37566107.34493501  24231145.5382206    19175833.82754345  25513249.17698181 
  14260527.70674251  31303102.0432966    11697509.02731811  30093220.40343251 
  25097826.40694172    5368976.4689954    34546011.99870826  20194321.40264164 
  35302341.11694422  39026945.25075689  25945808.37016365  15426412.66389947 
  17667162.76789571  28059609.15875752  38677346.28463386  44150634.92964795 
  43231761.44281238  47131929.25999352  43740055.84365018  43489010.37832872]
[1.09804521e+08  8.03059439e+07  1.03897449e+08  8.37309423e+07 
  7.82543507e+07  8.56087194e+07  6.86723713e+07  1.04853106e+08 
  1.32010456e+08  9.34484253e+07  9.58793396e+07  8.75585766e+07 
  9.23936812e+07  1.14425569e+08  1.29573559e+08  8.84902706e+07 
  9.18756886e+07  8.56297591e+07  1.08455314e+08  1.04833405e+08 
  1.02295908e+08  1.23053936e+08  1.34894952e+08  1.37537691e+08]
increment_80
[1.22387318e+08  1.00922356e+08  1.09770137e+08  1.10159805e+08 
  1.28703900e+08  1.20204738e+08  1.21077628e+08  1.13241671e+08 
  1.27544319e+08  1.48661808e+08  1.12196492e+08  1.21826860e+08 
  1.23516162e+08  1.48738018e+08  1.41866762e+08  8.25786353e+07 
  1.15380202e+08  1.24688270e+08  1.31009177e+08  1.29256157e+08 
  1.02547525e+08  1.27275245e+08  1.44983318e+08  1.41368524e+08]
[21275578.2549057    24103118.0953221    14457594.04251813  28336910.67576064 
  42091779.67605107  34234984.48282172  41589613.4053067    11537522.5207994 
  15323666.19051617  50675285.00213981  28922164.48138791  41288525.67813745 
  21966416.42345647  22766721.96880336  25256669.42999886  13633629.10119205 
  30341797.98718565  33788862.9970897    21252406.73230902  19752045.33938647 
  15389956.47566558  14433600.81739585  15199798.436483      12609018.55204356]
[    7973587.50998517    16107793.58196112    21658559.3693663 
    16137687.5783401      20193739.99906423    12696652.1278381 
    21858144.89088651        -63771.15488382    19023139.54381189 
    28314847.62185313    12658930.45376226    22414411.81298275 
      2460646.6701707      -4962804.25621836    19618195.80964367 
    27381897.1187847      22793324.25737786      8914952.54833692 
    -1885708.04428275  -11518549.25393411    -2050704.0708281 
  -12822708.07678699  -28653199.66201856  -40275175.7998409  ]
[21275578.2549057    24103118.0953221    14457594.04251813  28336910.67576064 
  42091779.67605107  34234984.48282172  41589613.4053067    11537522.5207994 
  15323666.19051617  50675285.00213981  28922164.48138791  41288525.67813745 
  21966416.42345647  22766721.96880336  25256669.42999886  13633629.10119205 
  30341797.98718565  33788862.9970897    21252406.73230902  19752045.33938647 
  15389956.47566558  14433600.81739585  15199798.436483      12609018.55204356]
[  -8220205.29179797  -33705613.67792076  -20085914.33807442 
  -28104789.43861831  -20929792.85297291  -21363038.92094726 
  -29554039.80196262  -16653274.62209208      3277892.01058335 
    -1166889.09312656  -17073361.44182647  -18610952.85735673 
  -17324368.06628572      5404548.41730306      9629287.95508171 
  -44836564.26808312  -22415676.89052058  -20649399.94702999 
    -5616688.55052604    -9079981.1150594    -20668018.49308067 
    -1960417.04490959    26157783.71124304    36054463.65868401]
[36734816.53791717  21406766.50813342  19649084.08479466  23398384.37143301 
  13553396.01790317  30790755.96562038    8066714.91297223  31814378.13745815 
  25754594.52822684    4165518.78680499  34866747.59520544  18088507.04804759 
  34513185.37749633  39449717.3067207    24886336.8414205    15906677.18794895 
  16778594.65471615  27376445.18318394  39204395.95121556  44660406.69068417 
  43434865.11951588  47862911.44750401  44311414.51392087  44094368.15386322]
[    7973587.50998517    16107793.58196112    21658559.3693663 
    16137687.5783401      20193739.99906423    12696652.1278381 
    21858144.89088651        -63771.15488382    19023139.54381189 
    28314847.62185313    12658930.45376226    22414411.81298275 
      2460646.6701707      -4962804.25621836    19618195.80964367 
    27381897.1187847      22793324.25737786      8914952.54833692 
    -1885708.04428275  -11518549.25393411    -2050704.0708281 
  -12822708.07678699  -28653199.66201856  -40275175.7998409  ]
[36734816.53791717  21406766.50813342  19649084.08479466  23398384.37143301 
  13553396.01790317  30790755.96562038    8066714.91297223  31814378.13745815 
  25754594.52822684    4165518.78680499  34866747.59520544  18088507.04804759 
  34513185.37749633  39449717.3067207    24886336.8414205    15906677.18794895 
  16778594.65471615  27376445.18318394  39204395.95121556  44660406.69068417 
  43434865.11951588  47862911.44750401  44311414.51392087  44094368.15386322]
[1.08974643e+08  7.93657599e+07  1.07778444e+08  8.22425868e+07 
  7.88233854e+07  8.49655189e+07  6.51252326e+07  1.06972711e+08 
  1.33830779e+08  9.28761175e+07  9.77138406e+07  8.63096656e+07 
  9.43489451e+07  1.16424169e+08  1.29650737e+08  8.92598857e+07 
  9.07900707e+07  8.50171905e+07  1.08253036e+08  1.06853638e+08 
  1.04805688e+08  1.24073506e+08  1.38108148e+08  1.40446662e+08]
increment_90
[1.22783385e+08  1.01208934e+08  1.13448638e+08  1.12219854e+08 
  1.33235468e+08  1.23332993e+08  1.23654181e+08  1.15890352e+08 
  1.30451166e+08  1.51677942e+08  1.14111698e+08  1.23138929e+08 
  1.27612139e+08  1.52388880e+08  1.43696539e+08  8.45582275e+07 
  1.17223676e+08  1.28322549e+08  1.34378285e+08  1.32957178e+08 
  1.02697339e+08  1.26637180e+08  1.46491766e+08  1.42980033e+08]
[22685279.41959362  24699009.56419128  13179860.32009879  31891554.52926689 
  43072351.61059152  36166586.90834106  44079456.14878004  12210267.29643712 
  16331710.41582889  53379234.20239645  30028202.24357177  43725608.8197285 
  21920025.96184398  23207886.10508158  29416431.58935519  14558182.12647434 
  33576737.46275052  35182226.70894361  22198449.92812344  19854702.89662793 
  14980282.70695715  14332745.63661983  15016962.9273765    12592620.58334571]
[    9657351.22657246    19364105.06604275    22597412.1767511 
    19124792.80605194    19451797.31657732    14402128.00744454 
    24398086.87976502      -418215.35268432    19819434.83993208 
    28333965.32912248    13792737.58278755    25038993.07016261 
      3099397.75073351    -4718876.94885906    22816410.31688818 
    28294122.43340746    24456269.36940669      8854425.50920125 
    -2146608.63819252  -10287105.80244713    -1238557.91206791 
  -12612053.62781811  -28350452.94295956  -42627245.68355912]
[22685279.41959362  24699009.56419128  13179860.32009879  31891554.52926689 
  43072351.61059152  36166586.90834106  44079456.14878004  12210267.29643712 
  16331710.41582889  53379234.20239645  30028202.24357177  43725608.8197285 
  21920025.96184398  23207886.10508158  29416431.58935519  14558182.12647434 
  33576737.46275052  35182226.70894361  22198449.92812344  19854702.89662793 
  14980282.70695715  14332745.63661983  15016962.9273765    12592620.58334571]
[  -8789185.85480937  -35476427.48586971  -17689852.48572836 
  -29023805.73131993  -19173366.60834711  -21059265.11605962 
  -32114027.34217915  -15640132.60379573      4841730.57942955 
    -1239719.67441873  -15596706.95628172  -20093202.47648928 
  -14884349.45828794      6794176.16245882      9593333.45161137 
  -44621030.90574644  -23344520.34060645  -19929721.87887843 
    -4263542.18910954    -8342927.3590763    -19599971.51067595 
    -3174442.82022297    26742447.92701864    38989949.74681359]
[35695574.49775609  17964084.24921344  20397580.37012425  20691807.12325238 
  13341455.86075024  29960345.19858197    3865939.59557847  33517645.24679329 
  26398261.7822183      3458011.22987848  35104575.47827643  15155891.58385524 
  33772547.75549337  39778921.75584615  23144470.45919944  16491340.67649311 
  15607067.74373635  26907590.65778317  39163968.85838045  45015314.09487604 
  43441789.67848535  48431494.7755395    44838380.6198847    44503301.6814269  ]
[    9657351.22657246    19364105.06604275    22597412.1767511 
    19124792.80605194    19451797.31657732    14402128.00744454 
    24398086.87976502      -418215.35268432    19819434.83993208 
    28333965.32912248    13792737.58278755    25038993.07016261 
      3099397.75073351    -4718876.94885906    22816410.31688818 
    28294122.43340746    24456269.36940669      8854425.50920125 
    -2146608.63819252  -10287105.80244713    -1238557.91206791 
  -12612053.62781811  -28350452.94295956  -42627245.68355912]
[35695574.49775609  17964084.24921344  20397580.37012425  20691807.12325238 
  13341455.86075024  29960345.19858197    3865939.59557847  33517645.24679329 
  26398261.7822183      3458011.22987848  35104575.47827643  15155891.58385524 
  33772547.75549337  39778921.75584615  23144470.45919944  16491340.67649311 
  15607067.74373635  26907590.65778317  39163968.85838045  45015314.09487604 
  43441789.67848535  48431494.7755395    44838380.6198847    44503301.6814269  ]
[1.07766787e+08  7.82720074e+07  1.12321939e+08  8.00789407e+07 
  8.01863008e+07  8.45903103e+07  6.13518603e+07  1.09453671e+08 
  1.35327248e+08  9.26738561e+07  9.93873905e+07  8.45933191e+07 
  9.66905870e+07  1.18427465e+08  1.28849852e+08  9.03250124e+07 
  8.90232589e+07  8.49560678e+07  1.08023059e+08  1.09246649e+08 
  1.07532667e+08  1.24606987e+08  1.41838243e+08  1.43866233e+08]
increment_100
[1.24126199e+08  1.01971652e+08  1.17654582e+08  1.14270172e+08 
  1.37717845e+08  1.26697143e+08  1.26743140e+08  1.18797155e+08 
  1.33734116e+08  1.54534982e+08  1.15568790e+08  1.24404200e+08 
  1.30984300e+08  1.56205223e+08  1.44867861e+08  8.67802194e+07 
  1.19352149e+08  1.32610814e+08  1.38486564e+08  1.37264952e+08 
  1.02655107e+08  1.25546498e+08  1.47957070e+08  1.44526077e+08]
[23865312.32752851  26050302.76635539  12286930.23776428  35452562.43500291 
  44042568.33807626  38174265.76330524  46558718.56213863  12909347.94524551 
  17310814.70439741  55751787.49203973  30852309.44320128  45820114.12132283 
  21644969.81413918  23663383.61866476  32907144.06607016  15902222.19732493 
  36973713.58688994  36654864.08796789  23031600.12454388  19940779.5258866 
  14538767.3172209    14208887.6626398    14609812.63741783  12327293.67003652]
[  11021297.4150235      22619192.67163408    23789095.99921716 
    21864201.23794682    18840370.93689023    16059929.6253284 
    26946052.74726323      -442620.44023405    20413407.83029364 
    28191238.51676737    15038586.84025066    27574884.26283088 
      3940012.47759414    -4396198.09533198    25770453.81186376 
    29131147.13917974    25891041.40442219      8639541.62795791 
    -2470691.62466302    -9078559.18871888      -356505.29471316 
  -12242413.05146956  -28016686.89187575  -44977334.10076803]
[23865312.32752851  26050302.76635539  12286930.23776428  35452562.43500291 
  44042568.33807626  38174265.76330524  46558718.56213863  12909347.94524551 
  17310814.70439741  55751787.49203973  30852309.44320128  45820114.12132283 
  21644969.81413918  23663383.61866476  32907144.06607016  15902222.19732493 
  36973713.58688994  36654864.08796789  23031600.12454388  19940779.5258866 
  14538767.3172209    14208887.6626398    14609812.63741783  12327293.67003652]
[  -8507553.49595142  -37107174.66579406  -14892689.61879341 
  -30109905.04937086  -17529251.70037179  -20603357.24554673 
  -34433981.35316753  -14441200.21069792      6757074.72020523 
    -1316974.9086334    -14563646.44414659  -21727335.85243548 
  -12999549.11576794      8433646.02855721      9071891.72032174 
  -44214464.89583074  -24152510.1966762    -18671899.57242818 
    -2069629.39369248    -6739544.29000592  -18614818.1984628 
    -4641590.82133414    27688137.73954941    42456486.5707462  ]
[34787733.97814125  14547543.50249685  20802307.72327405  18216109.60410852 
  12840717.02480423  29035094.91131201    -459166.45341986  34847616.67343369 
  27082075.1702483      2550908.64881704  35183459.06319279  12032936.37882764 
  32912731.23345004  39986503.6085978    21575082.31891415  16944331.41460087 
  14386529.32925059  26347020.56213728  38692493.13548902  45240622.13291074 
  43346833.5926102    48873980.49096307  45296255.73483351  44797275.16455288]
[  11021297.4150235      22619192.67163408    23789095.99921716 
    21864201.23794682    18840370.93689023    16059929.6253284 
    26946052.74726323      -442620.44023405    20413407.83029364 
    28191238.51676737    15038586.84025066    27574884.26283088 
      3940012.47759414    -4396198.09533198    25770453.81186376 
    29131147.13917974    25891041.40442219      8639541.62795791 
    -2470691.62466302    -9078559.18871888      -356505.29471316 
  -12242413.05146956  -28016686.89187575  -44977334.10076803]
[34787733.97814125  14547543.50249685  20802307.72327405  18216109.60410852 
  12840717.02480423  29035094.91131201    -459166.45341986  34847616.67343369 
  27082075.1702483      2550908.64881704  35183459.06319279  12032936.37882764 
  32912731.23345004  39986503.6085978    21575082.31891415  16944331.41460087 
  14386529.32925059  26347020.56213728  38692493.13548902  45240622.13291074 
  43346833.5926102    48873980.49096307  45296255.73483351  44797275.16455288]
[1.07275764e+08  7.70884279e+07  1.16792901e+08  7.80593495e+07 
  8.14635500e+07  8.43898426e+07  5.84612064e+07  1.11940421e+08 
  1.36698677e+08  9.24243625e+07  1.00841903e+08  8.30525535e+07 
  9.88226374e+07  1.20576696e+08  1.28165819e+08  9.11390558e+07 
  8.71019152e+07  8.53166526e+07  1.08157538e+08  1.12236375e+08 
  1.10119004e+08  1.24916033e+08  1.45865333e+08  1.47864144e+08]
increment_110
[1.26449197e+08  1.03609272e+08  1.21626116e+08  1.16650307e+08 
  1.41955268e+08  1.29924577e+08  1.30104966e+08  1.21189619e+08 
  1.36834731e+08  1.57193753e+08  1.16404600e+08  1.25958442e+08 
  1.33568983e+08  1.60074673e+08  1.45674482e+08  8.87320066e+07 
  1.22290628e+08  1.37507419e+08  1.42744777e+08  1.41912890e+08 
  1.02209392e+08  1.24415103e+08  1.49167526e+08  1.45950115e+08]
[25087564.72908904  27723713.46762483  12027977.62919055  38040415.82919671 
  45091411.37322019  40294056.65570255  48676484.07167349  13450458.49742999 
  18263904.34643573  57870567.70535746  31457527.70548152  47233947.16103429 
  21280853.16925829  24231554.47572966  35448550.894752      18198889.82902598 
  39837678.12807829  38306382.15179277  23917641.61760861  20072795.88354918 
  14108620.61784041  13998271.10869917  14107444.60330158  11886197.08450158]
[  12522984.98991355    25450637.97386085    24939258.20921421 
    24107603.28451172    18806540.34231953    17797546.98286298 
    28784451.00388359      -148398.12487425    20835788.46527089 
    28137471.85493366    17045013.5055252      29341477.13156495 
      5019102.7693522      -4166132.15027986    27797857.59021544 
    30096489.26929542    26855643.61963269      8669178.44436111 
    -2927346.93607755    -8125102.58578411        846357.56851332 
  -11689004.21240714  -27863552.31671643  -47168498.1731893  ]
[25087564.72908904  27723713.46762483  12027977.62919055  38040415.82919671 
  45091411.37322019  40294056.65570255  48676484.07167349  13450458.49742999 
  18263904.34643573  57870567.70535746  31457527.70548152  47233947.16103429 
  21280853.16925829  24231554.47572966  35448550.894752      18198889.82902598 
  39837678.12807829  38306382.15179277  23917641.61760861  20072795.88354918 
  14108620.61784041  13998271.10869917  14107444.60330158  11886197.08450158]
[  -7249594.11127739  -38251083.37833323  -12648182.1411012 
  -30668153.31103644  -16481178.96394436  -20475702.44661582 
  -36284477.63669048  -13607995.15001118      8453167.49112753 
    -1508848.68719461  -14285875.45564763  -23015708.17574536 
  -11893904.84608539    10245218.81782532      8512636.68843234 
  -44181675.04520918  -24087581.00027167  -17074539.13676938 
        349191.70786908    -4418242.49111646  -18162659.3990868 
    -5912147.44445636    28786552.9494519      46106557.57935402]
[33623304.93556215  11677469.03771014  20890090.17541774  16150017.96489329 
  11776341.49607867  27921886.18596083  -4189533.00532931  35653116.34244005 
  27826326.50631931    1235204.76227335  34497622.45548435    9593777.51974897 
  31850202.48327772  40027946.16180566  20967016.54369237  17047291.94818792 
  13385851.01961059  25352573.61944109  38041011.87516795  45427079.74343942 
  43081476.60504998  49290461.11186679  45654269.65556081  45054950.61963161]
[  12522984.98991355    25450637.97386085    24939258.20921421 
    24107603.28451172    18806540.34231953    17797546.98286298 
    28784451.00388359      -148398.12487425    20835788.46527089 
    28137471.85493366    17045013.5055252      29341477.13156495 
      5019102.7693522      -4166132.15027986    27797857.59021544 
    30096489.26929542    26855643.61963269      8669178.44436111 
    -2927346.93607755    -8125102.58578411        846357.56851332 
  -11689004.21240714  -27863552.31671643  -47168498.1731893  ]
[33623304.93556215  11677469.03771014  20890090.17541774  16150017.96489329 
  11776341.49607867  27921886.18596083  -4189533.00532931  35653116.34244005 
  27826326.50631931    1235204.76227335  34497622.45548435    9593777.51974897 
  31850202.48327772  40027946.16180566  20967016.54369237  17047291.94818792 
  13385851.01961059  25352573.61944109  38041011.87516795  45427079.74343942 
  43081476.60504998  49290461.11186679  45654269.65556081  45054950.61963161]
[1.07918352e+08  7.62323329e+07  1.19825739e+08  7.73350764e+07 
  8.24477165e+07  8.39299867e+07  5.65856369e+07  1.13926972e+08 
  1.37423264e+08  9.20556660e+07  1.02159585e+08  8.21111624e+07 
  1.00316771e+08  1.22545805e+08  1.27772697e+08  9.07875034e+07 
  8.62199982e+07  8.60636912e+07  1.08245883e+08  1.15508073e+08 
  1.12240578e+08  1.25513656e+08  1.49592906e+08  1.52223760e+08]
increment_120
[1.28884198e+08  1.05828455e+08  1.24903259e+08  1.19648300e+08 
  1.46148297e+08  1.32514761e+08  1.33474333e+08  1.22397560e+08 
  1.39483566e+08  1.59498544e+08  1.16584065e+08  1.27793622e+08 
  1.35549418e+08  1.63850705e+08  1.46218442e+08  9.01228481e+07 
  1.26102510e+08  1.42856938e+08  1.46514359e+08  1.46692637e+08 
  1.01244662e+08  1.23156407e+08  1.49712004e+08  1.47287312e+08]
[26494657.51522448  28920104.75453592  12275686.7357752    39231766.01476409 
  46168197.79021478  42464068.39010277  49972794.35357489  13630753.2232891 
  19489431.7432971    59523147.78675832  32041681.38656353  47674987.26824628 
  21246452.43576543  24906379.74434255  37190413.62309249  21590149.88230556 
  41818973.5242674    40097671.27613157  24842917.6718723    20279478.66286644 
  13623912.73436761  13697279.69407768  13545899.8838948    11390208.9075776  ]
[  14614912.32444673    27376623.47487149    25789263.26027448 
    25802585.65995059    19256641.67220952    19520854.99653575 
    29586530.24335749        495043.66819453    21301037.59633617 
    27985172.23521159    20206746.56872135    29927544.52917393 
      6289600.0206025      -4115731.45816337    28837350.48517302 
    31219342.7685971      27305863.0463402        8942291.74083534 
    -3611420.64657088    -7538448.28992452      2725203.31373572 
  -11058797.35660251  -27958276.84252385  -49337495.07942186]
[26494657.51522448  28920104.75453592  12275686.7357752    39231766.01476409 
  46168197.79021478  42464068.39010277  49972794.35357489  13630753.2232891 
  19489431.7432971    59523147.78675832  32041681.38656353  47674987.26824628 
  21246452.43576543  24906379.74434255  37190413.62309249  21590149.88230556 
  41818973.5242674    40097671.27613157  24842917.6718723    20279478.66286644 
  13623912.73436761  13697279.69407768  13545899.8838948    11390208.9075776  ]
[  -5880550.67790884  -38883634.90379951  -11397509.06409125 
  -30272405.59716162  -15896549.44256161  -21198892.20139199 
  -37589924.22373379  -13666677.70873085      9641846.24691378 
    -1782741.62083705  -15086864.55913672  -23674657.12512385 
  -11651162.37898528    12102679.98966365      8019262.88880854 
  -44784476.01023274  -22855380.84390192  -15284942.84505963 
      2360523.86775581    -1540588.50474632  -18548484.35032862 
    -7030723.26976346    29711006.98406853    49861662.27252245]
[  3.17955498e+07    9.81188892e+06    2.07231639e+07    1.45169710e+07 
    1.02993943e+07    2.67000635e+07  -6.68139824e+06    3.57155803e+07 
    2.84757435e+07  -4.35562898e+04    3.26557414e+07    8.44974064e+06 
    3.05448956e+07    3.99459340e+07    2.13210031e+07    1.67139683e+07 
    1.28457359e+07    2.40657780e+07    3.72642513e+07    4.56954182e+07 
    4.24454362e+07    4.97885231e+07    4.58996294e+07    4.52797346e+07]
[  14614912.32444673    27376623.47487149    25789263.26027448 
    25802585.65995059    19256641.67220952    19520854.99653575 
    29586530.24335749        495043.66819453    21301037.59633617 
    27985172.23521159    20206746.56872135    29927544.52917393 
      6289600.0206025      -4115731.45816337    28837350.48517302 
    31219342.7685971      27305863.0463402        8942291.74083534 
    -3611420.64657088    -7538448.28992452      2725203.31373572 
  -11058797.35660251  -27958276.84252385  -49337495.07942186]
[  3.17955498e+07    9.81188892e+06    2.07231639e+07    1.45169710e+07 
    1.02993943e+07    2.67000635e+07  -6.68139824e+06    3.57155803e+07 
    2.84757435e+07  -4.35562898e+04    3.26557414e+07    8.44974064e+06 
    3.05448956e+07    3.99459340e+07    2.13210031e+07    1.67139683e+07 
    1.28457359e+07    2.40657780e+07    3.72642513e+07    4.56954182e+07 
    4.24454362e+07    4.97885231e+07    4.58996294e+07    4.52797346e+07]
[1.09237782e+08  7.58950739e+07  1.20954945e+08  7.83220470e+07 
  8.33247698e+07  8.26847872e+07  5.58836622e+07  1.14895709e+08 
  1.37252011e+08  9.17909882e+07  1.03231745e+08  8.20191834e+07 
  1.00773454e+08  1.24221285e+08  1.27429191e+08  8.88684503e+07 
  8.69892332e+07  8.72308195e+07  1.07622342e+08  1.18938769e+08 
  1.13851046e+08  1.26248289e+08  1.52707518e+08  1.56583912e+08]
