inc
sigma_11
sigma_12
sigma_13
sigma_21
sigma_22
sigma_23
sigma_31
sigma_32
sigma_33
increment_0
[1.9937163e-05  1.9937163e-05  1.9937163e-05  1.9937163e-05  1.9937163e-05 
  1.9937163e-05  1.9937163e-05  1.9937163e-05  1.9937163e-05  1.9937163e-05 
  1.9937163e-05  1.9937163e-05  1.9937163e-05  1.9937163e-05  1.9937163e-05 
  1.9937163e-05  1.9937163e-05  1.9937163e-05]
[-2.53901223e-06  -2.53901223e-06  -2.53901223e-06  -2.53901223e-06 
  -2.53901223e-06  -2.53901223e-06  -2.53901223e-06  -2.53901223e-06 
  -2.53901223e-06  -2.53901223e-06  -2.53901223e-06  -2.53901223e-06 
  -2.53901223e-06  -2.53901223e-06  -2.53901223e-06  -2.53901223e-06 
  -2.53901223e-06  -2.53901223e-06]
[5.5956064e-07  5.5956064e-07  5.5956064e-07  5.5956064e-07  5.5956064e-07 
  5.5956064e-07  5.5956064e-07  5.5956064e-07  5.5956064e-07  5.5956064e-07 
  5.5956064e-07  5.5956064e-07  5.5956064e-07  5.5956064e-07  5.5956064e-07 
  5.5956064e-07  5.5956064e-07  5.5956064e-07]
[-2.53901223e-06  -2.53901223e-06  -2.53901223e-06  -2.53901223e-06 
  -2.53901223e-06  -2.53901223e-06  -2.53901223e-06  -2.53901223e-06 
  -2.53901223e-06  -2.53901223e-06  -2.53901223e-06  -2.53901223e-06 
  -2.53901223e-06  -2.53901223e-06  -2.53901223e-06  -2.53901223e-06 
  -2.53901223e-06  -2.53901223e-06]
[2.63443199e-05  2.63443199e-05  2.63443199e-05  2.63443199e-05 
  2.63443199e-05  2.63443199e-05  2.63443199e-05  2.63443199e-05 
  2.63443199e-05  2.63443199e-05  2.63443199e-05  2.63443199e-05 
  2.63443199e-05  2.63443199e-05  2.63443199e-05  2.63443199e-05 
  2.63443199e-05  2.63443199e-05]
[-2.13692826e-06  -2.13692826e-06  -2.13692826e-06  -2.13692826e-06 
  -2.13692826e-06  -2.13692826e-06  -2.13692826e-06  -2.13692826e-06 
  -2.13692826e-06  -2.13692826e-06  -2.13692826e-06  -2.13692826e-06 
  -2.13692826e-06  -2.13692826e-06  -2.13692826e-06  -2.13692826e-06 
  -2.13692826e-06  -2.13692826e-06]
[5.5956064e-07  5.5956064e-07  5.5956064e-07  5.5956064e-07  5.5956064e-07 
  5.5956064e-07  5.5956064e-07  5.5956064e-07  5.5956064e-07  5.5956064e-07 
  5.5956064e-07  5.5956064e-07  5.5956064e-07  5.5956064e-07  5.5956064e-07 
  5.5956064e-07  5.5956064e-07  5.5956064e-07]
[-2.13692826e-06  -2.13692826e-06  -2.13692826e-06  -2.13692826e-06 
  -2.13692826e-06  -2.13692826e-06  -2.13692826e-06  -2.13692826e-06 
  -2.13692826e-06  -2.13692826e-06  -2.13692826e-06  -2.13692826e-06 
  -2.13692826e-06  -2.13692826e-06  -2.13692826e-06  -2.13692826e-06 
  -2.13692826e-06  -2.13692826e-06]
[2.95145533e-05  2.95145533e-05  2.95145533e-05  2.95145533e-05 
  2.95145533e-05  2.95145533e-05  2.95145533e-05  2.95145533e-05 
  2.95145533e-05  2.95145533e-05  2.95145533e-05  2.95145533e-05 
  2.95145533e-05  2.95145533e-05  2.95145533e-05  2.95145533e-05 
  2.95145533e-05  2.95145533e-05]
increment_10
[1.15650435e+08  1.06471967e+08  1.00929292e+08  1.05468685e+08 
  8.42231853e+07  8.85166600e+07  1.02337083e+08  1.05028142e+08 
  1.02216098e+08  1.10488001e+08  1.01715398e+08  1.02732050e+08 
  8.73050319e+07  9.26031077e+07  1.02143779e+08  1.05183444e+08 
  1.11730215e+08  1.06891225e+08]
[  2621530.19192145    9960426.85771726  11036668.30445678    8756286.91932447 
    8829175.715021      11992075.72679046  12674388.66952712  11835590.23707525 
  10481617.77742399    9658428.20524935  13162601.7486215    10907625.13350146 
  13894443.72649795  14148633.41537286  15393860.27255323  16325386.66042862 
    8115253.17335081      975269.95275954]
[  6055348.40578565    4346689.21315802  10559764.1613403      9467962.92584531 
    1640214.39462874  -2445034.94451222    1762534.88146892    8936621.39011227 
    9313729.35317219  14321656.89334495    3986666.14291236  -1463900.73506012 
    1561323.61020155    6090445.88569031    2051156.80069937    4910085.45255382 
  10273356.59368673  18514235.57817112]
[  2621530.19192145    9960426.85771726  11036668.30445678    8756286.91932447 
    8829175.715021      11992075.72679046  12674388.66952712  11835590.23707525 
  10481617.77742399    9658428.20524935  13162601.7486215    10907625.13350146 
  13894443.72649795  14148633.41537286  15393860.27255323  16325386.66042862 
    8115253.17335081      975269.95275954]
[-19778996.90315534  -25541877.15739894  -12901379.68031466 
  -17760566.79418516  -50102300.33125494  -42713089.85830128 
  -24000235.92644504    -9810618.15779362  -10586775.24299758 
      4984841.13422287  -20279367.09688067  -34325244.7842203 
  -41615734.15999425  -20692879.37841067    -8477407.45865765 
      1977716.14439212    -4916691.63217985  -18781985.0347176  ]
[-10780921.77681976  -11834621.74472786      -539990.07311854 
    -9559798.19990725  -12683568.25925014  -14875396.2365502 
    -8603837.92622896      4841429.12000026      4966910.97174911 
    11215277.49728658  -11457307.98910118  -17236582.86802391 
  -13686805.8329522        -332929.73024331      -184378.9038849 
      8648044.91661473      1781968.65754838      -412357.04177996]
[  6055348.40578565    4346689.21315802  10559764.1613403      9467962.92584531 
    1640214.39462874  -2445034.94451222    1762534.88146892    8936621.39011227 
    9313729.35317219  14321656.89334495    3986666.14291236  -1463900.73506012 
    1561323.61020155    6090445.88569031    2051156.80069937    4910085.45255382 
  10273356.59368673  18514235.57817112]
[-10780921.77681976  -11834621.74472786      -539990.07311854 
    -9559798.19990725  -12683568.25925014  -14875396.2365502 
    -8603837.92622896      4841429.12000026      4966910.97174911 
    11215277.49728658  -11457307.98910118  -17236582.86802391 
  -13686805.8329522        -332929.73024331      -184378.9038849 
      8648044.91661473      1781968.65754838      -412357.04177996]
[9.54323868e+07  1.07388382e+08  1.19189878e+08  1.16812457e+08 
  7.40047558e+07  8.80169443e+07  1.07571798e+08  1.17469180e+08 
  1.16255936e+08  1.30899328e+08  1.16477414e+08  9.25562305e+07 
  9.54595243e+07  1.11796653e+08  1.22207281e+08  1.29912957e+08 
  1.22333931e+08  1.08060669e+08]
increment_20
[1.20027656e+08  1.10633084e+08  1.05881011e+08  1.08494027e+08 
  8.69347080e+07  8.93631931e+07  1.05117785e+08  1.07934374e+08 
  1.07143552e+08  1.14504108e+08  1.05630512e+08  1.06066793e+08 
  9.04246723e+07  9.35148594e+07  1.03506433e+08  1.07543334e+08 
  1.14357880e+08  1.08434668e+08]
[  3865231.82687661  10143793.0763126      9485554.77373732    9560531.65569147 
  10103336.77922376  13095653.41345855  13923829.06959223  13314862.07759641 
    9183231.35935279    9396628.68116238  13386967.13140508  12515330.153791 
  14362997.82309993  14338845.92896833  16458065.79688912  17103881.79360503 
    7058401.17330583      297409.30824017]
[  7054396.80043822    4948096.18430585  12877096.99411163    8743101.966175 
    1844919.25187659  -1705112.88783101    2098043.27900729    8575255.48017403 
  11321612.00628039  14962797.20158759    4354380.72239476  -1211812.28726204 
    1830571.06270383    7015229.02520433    1355585.9886302      4955022.02350285 
  11923374.02285973  20303143.18416488]
[  3865231.82687661  10143793.0763126      9485554.77373732    9560531.65569147 
  10103336.77922376  13095653.41345855  13923829.06959223  13314862.07759641 
    9183231.35935279    9396628.68116238  13386967.13140508  12515330.153791 
  14362997.82309993  14338845.92896833  16458065.79688912  17103881.79360503 
    7058401.17330583      297409.30824017]
[-18794132.25777501  -24527972.19697835    -9779528.64333955 
  -19003369.93301354  -50874504.4408435    -44727266.14418433 
  -22823632.7399007      -7114846.15508174    -9217901.59626709 
      5833063.25376772  -19378759.145657      -34804443.30772863 
  -40899806.97969113  -19269612.86685361    -8641791.59783111 
      3496011.30735303    -6069879.79261423  -19597498.71648952]
[-10552246.83561958  -13121573.72024349      -733697.32938974 
  -11891032.9689047    -13718601.64544746  -15386965.23442587 
    -9175679.14432165      5521599.18090375      4068534.0520707 
    10767003.91463714  -13139365.68923024  -17423040.32729092 
  -14332100.96427655      1033100.83854816    -1614534.80175658 
      9209004.10290464        804647.29852568      -301808.14674795]
[  7054396.80043822    4948096.18430585  12877096.99411163    8743101.966175 
    1844919.25187659  -1705112.88783101    2098043.27900729    8575255.48017403 
  11321612.00628039  14962797.20158759    4354380.72239476  -1211812.28726204 
    1830571.06270383    7015229.02520433    1355585.9886302      4955022.02350285 
  11923374.02285973  20303143.18416488]
[-10552246.83561958  -13121573.72024349      -733697.32938974 
  -11891032.9689047    -13718601.64544746  -15386965.23442587 
    -9175679.14432165      5521599.18090375      4068534.0520707 
    10767003.91463714  -13139365.68923024  -17423040.32729092 
  -14332100.96427655      1033100.83854816    -1614534.80175658 
      9209004.10290464        804647.29852568      -301808.14674795]
[9.99072565e+07  1.11315270e+08  1.24726050e+08  1.19245334e+08 
  7.57494585e+07  9.07902005e+07  1.12422695e+08  1.22718147e+08 
  1.20256456e+08  1.34908468e+08  1.20755718e+08  9.67329882e+07 
  1.00070228e+08  1.15631294e+08  1.25559097e+08  1.34580955e+08 
  1.23681668e+08  1.10018703e+08]
increment_30
[1.24381879e+08  1.15098525e+08  1.10700775e+08  1.11700823e+08 
  8.95364240e+07  9.02926874e+07  1.07763670e+08  1.10490503e+08 
  1.11528685e+08  1.18430363e+08  1.08937558e+08  1.08964096e+08 
  9.29722191e+07  9.42922277e+07  1.04725959e+08  1.09530265e+08 
  1.17353235e+08  1.09433531e+08]
[  4906909.47876893  10270256.6913382      8133304.98498192  10015825.76448431 
  11553831.18388924  14100111.89621917  14971387.78512527  14500228.57261444 
    8107542.65666536    9095703.26629401  13418034.87527244  13959662.22499707 
  14874715.58261003  14521287.29847744  17265085.27883297  17867376.34989218 
    6262176.12004057    -225065.40337706]
[  7913525.10210102    5388568.67584403  14537274.76955102    8306547.17767032 
    2274269.94661248  -1282965.18568181    2434436.07230131    8121059.9961446 
  12909979.92196441  15710529.98496345    4700161.75706895    -832733.81192355 
    2082299.03472793    7680072.18767441      672010.9169549      5005507.89286582 
  13293913.45960898  21569810.68944601]
[  4906909.47876893  10270256.6913382      8133304.98498192  10015825.76448431 
  11553831.18388924  14100111.89621917  14971387.78512527  14500228.57261444 
    8107542.65666536    9095703.26629401  13418034.87527244  13959662.22499707 
  14874715.58261003  14521287.29847744  17265085.27883297  17867376.34989218 
    6262176.12004057    -225065.40337706]
[-17398503.66280019  -22927325.73933016    -7201003.63036781 
  -19374649.68774877  -51426820.28654303  -46144856.0221842 
  -21240259.4080837      -5809614.89732725    -7561008.39810281 
      7168441.95026649  -19582124.70603785  -35308338.05801856 
  -39530707.01512024  -18264924.61364093    -8496370.04722534 
      4826110.82002442    -6173942.97720531  -20873916.98574021]
[-10365743.46258988  -14505175.36723425    -1588307.37749519 
  -14146546.73095298  -14471274.85917939  -16112712.65945634 
    -9675598.54786159      4943981.21837888      3260146.22066777 
    10408128.9099203    -14877059.69510443  -17481325.13419968 
  -14913766.56531055      1485752.29911422    -2915115.75795287 
      9736743.55822692        195831.46307421      -520993.10964824]
[  7913525.10210102    5388568.67584403  14537274.76955102    8306547.17767032 
    2274269.94661248  -1282965.18568181    2434436.07230131    8121059.9961446 
  12909979.92196441  15710529.98496345    4700161.75706895    -832733.81192355 
    2082299.03472793    7680072.18767441      672010.9169549      5005507.89286582 
  13293913.45960898  21569810.68944601]
[-10365743.46258988  -14505175.36723425    -1588307.37749519 
  -14146546.73095298  -14471274.85917939  -16112712.65945634 
    -9675598.54786159      4943981.21837888      3260146.22066777 
    10408128.9099203    -14877059.69510443  -17481325.13419968 
  -14913766.56531055      1485752.29911422    -2915115.75795287 
      9736743.55822692        195831.46307421      -520993.10964824]
[1.04128096e+08  1.15246647e+08  1.29705466e+08  1.21862489e+08 
  7.73869486e+07  9.33595001e+07  1.17146961e+08  1.26776191e+08 
  1.24228931e+08  1.39101489e+08  1.23397465e+08  1.00310500e+08 
  1.04744346e+08  1.19257223e+08  1.28596264e+08  1.38926931e+08 
  1.25564024e+08  1.11311522e+08]
increment_40
[1.28622027e+08  1.20228857e+08  1.15874034e+08  1.15129537e+08 
  9.23834033e+07  9.12989721e+07  1.09600832e+08  1.12589416e+08 
  1.16026823e+08  1.22519195e+08  1.12450610e+08  1.11059123e+08 
  9.54131960e+07  9.50689389e+07  1.05394133e+08  1.11475937e+08 
  1.20486481e+08  1.10695158e+08]
[  5802222.62144734    9993549.52329572    6062996.59364747  10107043.34542741 
  13452269.25357673  14998964.27890437  15873476.65101667  15659738.88165142 
    6696168.94060517    8506435.01770234  13284088.18159155  15378979.0224303 
  15084428.1578995    14616877.2010846    17940534.46404772  18691269.90420539 
    5581166.96209217    -690467.87720495]
[  8187409.64914198    6020380.91975565  16651269.32787204    8102709.75876102 
    2906597.24143306    -944109.27660314    2878881.55198833    7722286.87394807 
  14621964.86074923  16879707.78979938    5040606.3759067      -460199.87494871 
    2503954.01068654    8372654.78009203      -46656.71573831    5073434.44542053 
  14449298.71861484  22675318.53434338]
[  5802222.62144734    9993549.52329572    6062996.59364747  10107043.34542741 
  13452269.25357673  14998964.27890437  15873476.65101667  15659738.88165142 
    6696168.94060517    8506435.01770234  13284088.18159155  15378979.0224303 
  15084428.1578995    14616877.2010846    17940534.46404772  18691269.90420539 
    5581166.96209217    -690467.87720495]
[-15784304.63883182  -20372316.34577335    -4649456.23579432 
  -19375652.39128416  -51436174.05772625  -47061717.29515798 
  -19559181.65015255    -4885148.5892537      -5552193.90332036 
      9120676.25309736  -19930334.82426868  -36039009.649519 
  -37844067.40457339  -17177592.90216987    -8530135.12746281 
      6530707.46680714    -5659530.04454959  -21443727.66047949]
[-10670410.31420996  -15769116.87094283    -2577050.35776759 
  -16418299.56842824  -14946966.48981246  -16899153.23278136 
    -9826026.85071618      4103298.85437894      2411972.14974913 
    10513693.91006645  -16755752.03367123  -17452387.30266692 
  -15325652.75616475      1836178.6343412      -4146295.14941251 
    10406510.96423592      -340230.29420415      -647761.64544235]
[  8187409.64914198    6020380.91975565  16651269.32787204    8102709.75876102 
    2906597.24143306    -944109.27660314    2878881.55198833    7722286.87394807 
  14621964.86074923  16879707.78979938    5040606.3759067      -460199.87494871 
    2503954.01068654    8372654.78009203      -46656.71573831    5073434.44542053 
  14449298.71861484  22675318.53434338]
[-10670410.31420996  -15769116.87094283    -2577050.35776759 
  -16418299.56842824  -14946966.48981246  -16899153.23278136 
    -9826026.85071618      4103298.85437894      2411972.14974913 
    10513693.91006645  -16755752.03367123  -17452387.30266692 
  -15325652.75616475      1836178.6343412      -4146295.14941251 
    10406510.96423592      -340230.29420415      -647761.64544235]
[1.07858478e+08  1.19372441e+08  1.34180524e+08  1.24218108e+08 
  7.96160415e+07  9.58658764e+07  1.21497993e+08  1.30418066e+08 
  1.28167079e+08  1.43452812e+08  1.25427150e+08  1.03316887e+08 
  1.08920054e+08  1.22866679e+08  1.30941951e+08  1.43566844e+08 
  1.27647129e+08  1.13010435e+08]
increment_50
[1.32526644e+08  1.25959883e+08  1.21379024e+08  1.18823304e+08 
  9.50345774e+07  9.22902214e+07  1.10614828e+08  1.14229430e+08 
  1.20676390e+08  1.26570693e+08  1.15782715e+08  1.12253658e+08 
  9.77699645e+07  9.59530524e+07  1.05562755e+08  1.13370496e+08 
  1.23687373e+08  1.12093637e+08]
[  6146951.11783588    9019469.43824687    3382684.28577656    9866988.79340235 
  15668810.13662958  15713336.3509727    16659252.28021549  16771173.91735587 
    5212459.86820367    7768774.25963156  13105233.21266626  16748877.7351213 
  15080611.18605122  14771601.64857627  18605034.15076379  19533197.30528669 
    5079694.83621135  -1101265.03212137]
[  8093347.72351125    6798451.95288644  19122246.31066518    8179805.79262542 
    3868663.53103715    -669723.91491598    3341855.35232214    7389590.69805675 
  16202964.09699069  18254594.12668977    5407030.63929654    -205745.94464376 
    2907561.46704446    8848285.21959009    -732235.56001692    5129039.26553214 
  15380679.79876006  23623500.17412941]
[  6146951.11783588    9019469.43824687    3382684.28577656    9866988.79340235 
  15668810.13662958  15713336.3509727    16659252.28021549  16771173.91735587 
    5212459.86820367    7768774.25963156  13105233.21266626  16748877.7351213 
  15080611.18605122  14771601.64857627  18605034.15076379  19533197.30528669 
    5079694.83621135  -1101265.03212137]
[-14120849.72310977  -16665380.08451327    -1853488.098814 
  -18857592.76993025  -51229995.94540269  -47750871.31385514 
  -17831964.93552267    -4189787.64359391    -2964768.09225349 
    11546028.46016942  -20247872.48440526  -37126843.72785276 
  -35891052.64423953  -15880382.14684117    -8535561.82363565 
      8441860.29979335    -4519158.26855445  -21244934.27348337]
[-11249636.434462      -16853001.3183863      -3435704.9957884 
  -18626362.91797207  -15001801.74437082  -17812374.18528199 
    -9770316.43975968      3148004.61583198      1500214.05839904 
    11079897.14586217  -18594806.80386767  -17449006.29224971 
  -15672918.138096          2102889.97745981    -5200261.10772598 
    11175241.91300258      -720527.12809857      -502885.62468763]
[  8093347.72351125    6798451.95288644  19122246.31066518    8179805.79262542 
    3868663.53103715    -669723.91491598    3341855.35232214    7389590.69805675 
  16202964.09699069  18254594.12668977    5407030.63929654    -205745.94464376 
    2907561.46704446    8848285.21959009    -732235.56001692    5129039.26553214 
  15380679.79876006  23623500.17412941]
[-11249636.434462      -16853001.3183863      -3435704.9957884 
  -18626362.91797207  -15001801.74437082  -17812374.18528199 
    -9770316.43975968      3148004.61583198      1500214.05839904 
    11079897.14586217  -18594806.80386767  -17449006.29224971 
  -15672918.138096          2102889.97745981    -5200261.10772598 
    11175241.91300258      -720527.12809857      -502885.62468763]
[1.10725144e+08  1.23582922e+08  1.38436953e+08  1.26515246e+08 
  8.22176544e+07  9.80292262e+07  1.25517783e+08  1.33725901e+08 
  1.32443871e+08  1.47900237e+08  1.27052406e+08  1.05452853e+08 
  1.12619454e+08  1.26606337e+08  1.32960230e+08  1.48326534e+08 
  1.29970186e+08  1.15112285e+08]
increment_60
[1.35938449e+08  1.31707728e+08  1.26770481e+08  1.22554218e+08 
  9.66483419e+07  9.27555430e+07  1.10953782e+08  1.15455226e+08 
  1.25589455e+08  1.30241889e+08  1.19054254e+08  1.12867081e+08 
  9.99707034e+07  9.67311620e+07  1.05222568e+08  1.15081107e+08 
  1.26798102e+08  1.13634832e+08]
[  5122500.0499123      7296435.61790196      255047.04725778    9464671.95726358 
  17742467.19772626  16248158.81066362  17408169.62170716  17858245.82682741 
    3837974.85608642    6855934.75792494  12897420.86109635  17949125.80289844 
  15134656.9187369    15025399.88464366  19455479.85921998  20318150.2824066 
    4937467.77773429  -1530195.86168826]
[  8131915.02214538    7585723.57813191  21874303.92845946    8503660.19815569 
    5065053.99537105    -309871.38178191    3598860.40225702    7090161.5932227 
  17574124.20502339  19814525.52143238    5857356.8810154      -142956.71331679 
    3124193.96650457    8930903.81338851  -1360690.08012936    5073452.12924469 
  16126298.72943506  24460282.25671018]
[  5122500.0499123      7296435.61790196      255047.04725778    9464671.95726358 
  17742467.19772626  16248158.81066362  17408169.62170716  17858245.82682741 
    3837974.85608642    6855934.75792494  12897420.86109635  17949125.80289844 
  15134656.9187369    15025399.88464366  19455479.85921998  20318150.2824066 
    4937467.77773429  -1530195.86168826]
[-12643686.514171      -12113934.92043124      1205925.06694262 
  -17833165.6234826    -51334854.00450158  -48887128.21349724 
  -16361392.91576188    -3451056.14158284        198894.45354838 
    14066591.98247582  -20246289.07335754  -38413363.72647773 
  -33862516.51347317  -14721363.24824256    -8172179.75869823 
    10267458.93255281    -2916524.98368943  -20218614.80611229]
[-11610653.6270176    -17806026.72239409    -3997187.72250393 
  -20660519.01292999  -14642346.10461018  -18833903.65427908 
    -9929618.874251          2325645.71888766        392562.91088206 
    11964812.25461501  -20438267.28124579  -17632148.41483659 
  -16225437.93943207      2186121.5427439      -5890892.8102353 
    11855389.77105227      -962605.62413054        -58185.84283763]
[  8131915.02214538    7585723.57813191  21874303.92845946    8503660.19815569 
    5065053.99537105    -309871.38178191    3598860.40225702    7090161.5932227 
  17574124.20502339  19814525.52143238    5857356.8810154      -142956.71331679 
    3124193.96650457    8930903.81338851  -1360690.08012936    5073452.12924469 
  16126298.72943506  24460282.25671018]
[-11610653.6270176    -17806026.72239409    -3997187.72250393 
  -20660519.01292999  -14642346.10461018  -18833903.65427908 
    -9929618.874251          2325645.71888766        392562.91088206 
    11964812.25461501  -20438267.28124579  -17632148.41483659 
  -16225437.93943207      2186121.5427439      -5890892.8102353 
    11855389.77105227      -962605.62413054        -58185.84283763]
[1.11931069e+08  1.27538436e+08  1.42613359e+08  1.28873201e+08 
  8.49918548e+07  9.93208481e+07  1.29005156e+08  1.36835922e+08 
  1.37263461e+08  1.52207286e+08  1.28643483e+08  1.06607662e+08 
  1.15981472e+08  1.30072373e+08  1.35204741e+08  1.52856650e+08 
  1.32746660e+08  1.17682760e+08]
increment_70
[1.39281957e+08  1.37581952e+08  1.31971537e+08  1.26273482e+08 
  9.80690623e+07  9.29290133e+07  1.10722402e+08  1.16451734e+08 
  1.30381036e+08  1.33679805e+08  1.22665752e+08  1.13219625e+08 
  1.02182989e+08  9.71644717e+07  1.04498995e+08  1.16560863e+08 
  1.29640166e+08  1.15377070e+08]
[  2528387.42758913    4423185.13786246  -3205570.20694105    8954460.28213812 
  19754104.54506532  16488358.98256184  18063934.6139029    18834637.94438859 
    2632498.27582497    5639192.24696686  12569374.64081886  18756490.86157853 
  15202493.63027379  15090763.18166051  20511917.12286595  21050138.1121082 
    5192007.46855085  -2210225.17415639]
[  8059514.89556208    8363889.18573107  24726579.88377056    9072939.98258558 
    6186230.8146228        404661.88766374    3689615.2332801      6930064.87273336 
  18907240.34232263  21518487.05404665    6511795.86058058      -97644.00519072 
    3327313.41270365    8898220.74052355  -1787660.90666895    4806981.59047919 
  16736565.35567562  25272872.1940658  ]
[  2528387.42758913    4423185.13786246  -3205570.20694105    8954460.28213812 
  19754104.54506532  16488358.98256184  18063934.6139029    18834637.94438859 
    2632498.27582497    5639192.24696686  12569374.64081886  18756490.86157853 
  15202493.63027379  15090763.18166051  20511917.12286595  21050138.1121082 
    5192007.46855085  -2210225.17415639]
[-11040492.6037412      -6629416.31253287      4452475.70780812 
  -16335632.92360898  -50840238.25142532  -50480666.22553416 
  -15626587.26953184    -2536162.83587584      3587474.94391111 
    16389565.13335937  -19460658.01188618  -39765583.18994077 
  -32029820.95541728  -14148749.60486358    -7336453.4590816 
    11752967.30445405    -1027726.05245838  -18337153.59333177]
[-11903625.74936817  -18673481.32376186    -4024173.29932258 
  -22337983.70490641  -14135181.76689825  -19887298.83573932 
  -10631759.94522308      1800633.66919797      -674011.60157115 
    12853967.57780611  -22163376.85828403  -17987461.38616811 
  -17081605.15640089      1967719.94143256    -5933441.14944498 
    12103327.16137563      -972453.69540045        759650.90662561]
[  8059514.89556208    8363889.18573107  24726579.88377056    9072939.98258558 
    6186230.8146228        404661.88766374    3689615.2332801      6930064.87273336 
  18907240.34232263  21518487.05404665    6511795.86058058      -97644.00519072 
    3327313.41270365    8898220.74052355  -1787660.90666895    4806981.59047919 
  16736565.35567562  25272872.1940658  ]
[-11903625.74936817  -18673481.32376186    -4024173.29932258 
  -22337983.70490641  -14135181.76689825  -19887298.83573932 
  -10631759.94522308      1800633.66919797      -674011.60157115 
    12853967.57780611  -22163376.85828403  -17987461.38616811 
  -17081605.15640089      1967719.94143256    -5933441.14944498 
    12103327.16137563      -972453.69540045        759650.90662561]
[1.11814671e+08  1.30958290e+08  1.46666239e+08  1.31306463e+08 
  8.85797843e+07  9.98144648e+07  1.31576520e+08  1.39795439e+08 
  1.42396039e+08  1.56081585e+08  1.30675515e+08  1.06811040e+08 
  1.18958007e+08  1.32728473e+08  1.37953957e+08  1.56937058e+08 
  1.35951417e+08  1.20599537e+08]
increment_80
[1.43442153e+08  1.43230252e+08  1.36457699e+08  1.30015858e+08 
  1.00130516e+08  9.32296268e+07  1.10421756e+08  1.17810701e+08 
  1.34386253e+08  1.37181287e+08  1.26733272e+08  1.13573489e+08 
  1.04518264e+08  9.71998441e+07  1.03956734e+08  1.17834782e+08 
  1.32405935e+08  1.17550156e+08]
[-1580534.74924668      726505.90738176  -6624834.10612625    8268059.97010796 
  21769660.83724041  16369086.25225396  18481208.42635855  19600833.82155344 
    1509578.93789747    3971680.0395176    12035850.22407717  19071474.33259302 
  15246089.11446276  14666272.67093895  21517439.12843903  21722861.43060542 
    5617944.57601934  -3437479.69105471]
[  7470419.51989553    9198748.14615846  27230488.64330323  10100131.36167797 
    6978950.61044698    1740390.3992106      3810161.56101963    6863570.14459597 
  20288590.85659093  23446823.29018326    7437041.79403608      102128.05049824 
    3598735.8654039      9234761.63618154  -1894028.69568219    4332318.29290023 
  17174651.76070573  26345522.21694007]
[-1580534.74924668      726505.90738176  -6624834.10612625    8268059.97010796 
  21769660.83724041  16369086.25225396  18481208.42635855  19600833.82155344 
    1509578.93789747    3971680.0395176    12035850.22407717  19071474.33259302 
  15246089.11446276  14666272.67093895  21517439.12843903  21722861.43060542 
    5617944.57601934  -3437479.69105471]
[  -8461026.04255072      -857103.42112795      7574261.08143521 
  -14045756.98101124  -49013404.55379979  -52173925.49409697 
  -15871585.18490139    -1088059.4659838        6677008.88826863 
    18514215.77537135  -17755307.38330888  -40906259.6012097 
  -30430142.61628398  -14260871.10091199    -6130062.66315971 
    12705511.76801198      1377036.28614179  -15446554.08145159]
[-12433305.29831912  -19344170.34814566    -3726935.71573884 
  -23402729.46490698  -13868543.43483554  -20808180.53281523 
  -12184694.78725804      1389650.88073488    -1325577.34223225 
    13505972.53680953  -23731496.51340863  -18413529.19081187 
  -18430099.08911704      1520393.71736948    -5358450.07694831 
    11698298.57738394      -801187.33232364      2094126.7511254  ]
[  7470419.51989553    9198748.14615846  27230488.64330323  10100131.36167797 
    6978950.61044698    1740390.3992106      3810161.56101963    6863570.14459597 
  20288590.85659093  23446823.29018326    7437041.79403608      102128.05049824 
    3598735.8654039      9234761.63618154  -1894028.69568219    4332318.29290023 
  17174651.76070573  26345522.21694007]
[-12433305.29831912  -19344170.34814566    -3726935.71573884 
  -23402729.46490698  -13868543.43483554  -20808180.53281523 
  -12184694.78725804      1389650.88073488    -1325577.34223225 
    13505972.53680953  -23731496.51340863  -18413529.19081187 
  -18430099.08911704      1520393.71736948    -5358450.07694831 
    11698298.57738394      -801187.33232364      2094126.7511254  ]
[1.11303050e+08  1.33602127e+08  1.50400706e+08  1.34248923e+08 
  9.33692621e+07  9.99355552e+07  1.33043737e+08  1.42952816e+08 
  1.47189070e+08  1.59564485e+08  1.33306384e+08  1.06506551e+08 
  1.21646787e+08  1.34515145e+08  1.41147852e+08  1.60367822e+08 
  1.39668535e+08  1.24010203e+08]
increment_90
[1.48281813e+08  1.48286036e+08  1.40202051e+08  1.33893592e+08 
  1.02876164e+08  9.37192456e+07  1.10350792e+08  1.19779580e+08 
  1.37813254e+08  1.40759209e+08  1.31093004e+08  1.13948544e+08 
  1.06856047e+08  9.71182192e+07  1.03649307e+08  1.19143718e+08 
  1.35289891e+08  1.20258659e+08]
[  -6620718.01174283    -2957267.89350241  -10302699.27607366 
      7414617.25471516    23482068.03979045    15912116.13447041 
    18508990.0804999      20225125.5482371          316542.62871144 
      1748096.53538758    11362340.25324398    18696099.96468347 
    15271841.4474762      13749151.43140454    22297516.67766249 
    22306722.46094538      6000135.15511032    -5270228.67394333]
[  6295659.23569418  10212248.77303749  29667975.66265644  11486119.93922426 
    7598898.77976619    3561018.0462664      4138436.28148313    6746114.61558585 
  21725697.77274301  25752831.06364677    8528455.50824085      351620.90660705 
    3842821.21824311  10024830.82832147  -1583776.88383358    3772961.84263045 
  17491778.90161965  27614499.71170758]
[  -6620718.01174283    -2957267.89350241  -10302699.27607366 
      7414617.25471516    23482068.03979045    15912116.13447041 
    18508990.0804999      20225125.5482371          316542.62871144 
      1748096.53538758    11362340.25324398    18696099.96468347 
    15271841.4474762      13749151.43140454    22297516.67766249 
    22306722.46094538      6000135.15511032    -5270228.67394333]
[  -5039622.47706324      4633406.63335124    10568529.82792184 
  -10888799.57306397  -46118185.09444565  -53563218.49886736 
  -16622508.02136871      1124605.23899158      9490452.91450995 
    20484845.51598924  -15412837.58352076  -41612153.83854717 
  -28811650.83638889  -14584994.11380309    -4931373.29529509 
    13308121.75270344      4202606.24329579  -11493804.88357542]
[-13281231.35236669  -19619043.72674846    -3412150.66354413 
  -23873013.7751995    -13931535.82406015  -21463331.42935734 
  -14392394.81972975        920823.19232606    -1664021.07595278 
    14061089.17319148  -25213699.03512381  -18905146.64047861 
  -20134328.28860536      1034926.81108755    -4306715.47073584 
    10748912.67355225      -642843.39216999      3937524.67371576]
[  6295659.23569418  10212248.77303749  29667975.66265644  11486119.93922426 
    7598898.77976619    3561018.0462664      4138436.28148313    6746114.61558585 
  21725697.77274301  25752831.06364677    8528455.50824085      351620.90660705 
    3842821.21824311  10024830.82832147  -1583776.88383358    3772961.84263045 
  17491778.90161965  27614499.71170758]
[-13281231.35236669  -19619043.72674846    -3412150.66354413 
  -23873013.7751995    -13931535.82406015  -21463331.42935734 
  -14392394.81972975        920823.19232606    -1664021.07595278 
    14061089.17319148  -25213699.03512381  -18905146.64047861 
  -20134328.28860536      1034926.81108755    -4306715.47073584 
    10748912.67355225      -642843.39216999      3937524.67371576]
[1.10747912e+08  1.35954237e+08  1.53815933e+08  1.37861199e+08 
  9.87235536e+07  9.99464718e+07  1.33732402e+08  1.46596582e+08 
  1.51614450e+08  1.62740171e+08  1.36281206e+08  1.05814587e+08 
  1.24172672e+08  1.35965483e+08  1.44524379e+08  1.63273208e+08 
  1.43680130e+08  1.27981201e+08]
increment_100
[1.52999170e+08  1.52722750e+08  1.43226245e+08  1.38070432e+08 
  1.05867076e+08  9.40757658e+07  1.09975753e+08  1.21791004e+08 
  1.40549412e+08  1.44239785e+08  1.35156776e+08  1.14375742e+08 
  1.09151449e+08  9.70678115e+07  1.03395900e+08  1.20401346e+08 
  1.38151141e+08  1.23256399e+08]
[-11364158.16362227    -6211147.26375146  -14699251.62240117 
      6359891.16031799    24826157.9598848      15249504.99664873 
    18137026.73335392    20837873.24029468      -893770.50040876 
      -992314.66881074    10746727.46988508    16898596.4068563 
    15065580.40643671    12468583.6348747      22823429.47140691 
    22856887.97412906      6392077.14988954    -7585471.45208968]
[  4707913.39347981  11419619.40979336  32574171.61868166  13153191.27516629 
    8311871.77334649    5457463.09413735    4945296.98165015    6502415.12217283 
  23255516.16352423  28427958.62586537    9613022.55874685      659053.50937394 
    4301371.27553502  11168704.49245025    -903289.94081318    3237825.34367455 
  17907123.72274893  28651475.83060848]
[-11364158.16362227    -6211147.26375146  -14699251.62240117 
      6359891.16031799    24826157.9598848      15249504.99664873 
    18137026.73335392    20837873.24029468      -893770.50040876 
      -992314.66881074    10746727.46988508    16898596.4068563 
    15065580.40643671    12468583.6348747      22823429.47140691 
    22856887.97412906      6392077.14988954    -7585471.45208968]
[  -1460089.92125132      9865342.78814972    13005828.91005928 
    -6669529.24387667  -42852863.38407516  -54625241.99645043 
  -17270547.34913507      3717235.11281485    11977009.10582401 
    22250055.08550991  -13001497.05303032  -41819921.67022501 
  -26723790.53326475  -15037268.54213454    -3711222.09269324 
    13670914.40890591      6847244.61474421    -6861339.89654306]
[-14380529.53828649  -19282780.65023868    -3107656.01049692 
  -23629448.60432315  -14151068.21090879  -21784305.28248007 
  -15966925.62244602        428906.78292577    -1684726.78209816 
    14655776.87940204  -26589451.48867145  -19489533.57308733 
  -21614599.42271587        486058.17487897    -2624251.82193461 
      9462960.35232603      -661882.92841654      5957230.82029533]
[  4707913.39347981  11419619.40979336  32574171.61868166  13153191.27516629 
    8311871.77334649    5457463.09413735    4945296.98165015    6502415.12217283 
  23255516.16352423  28427958.62586537    9613022.55874685      659053.50937394 
    4301371.27553502  11168704.49245025    -903289.94081318    3237825.34367455 
  17907123.72274893  28651475.83060848]
[-14380529.53828649  -19282780.65023868    -3107656.01049692 
  -23629448.60432315  -14151068.21090879  -21784305.28248007 
  -15966925.62244602        428906.78292577    -1684726.78209816 
    14655776.87940204  -26589451.48867145  -19489533.57308733 
  -21614599.42271587        486058.17487897    -2624251.82193461 
      9462960.35232603      -661882.92841654      5957230.82029533]
[1.10469411e+08  1.38534724e+08  1.56590268e+08  1.42371463e+08 
  1.03903224e+08  9.96892456e+07  1.34136279e+08  1.50424211e+08 
  1.55828774e+08  1.65645515e+08  1.39097613e+08  1.04109531e+08 
  1.26855601e+08  1.37267279e+08  1.48160193e+08  1.65818230e+08 
  1.47656875e+08  1.31983363e+08]
increment_110
[1.56723257e+08  1.56360256e+08  1.45378529e+08  1.42678298e+08 
  1.08417031e+08  9.42814978e+07  1.09097515e+08  1.23168541e+08 
  1.42203310e+08  1.47417358e+08  1.38438260e+08  1.14945551e+08 
  1.11203654e+08  9.69673939e+07  1.03176517e+08  1.21185259e+08 
  1.40667612e+08  1.26172134e+08]
[-14384304.37303991    -8986831.83099059  -19521605.90940054 
      4834570.49494939    26139234.63669489    14691029.19242192 
    17621767.57756067    21454094.76908018    -2021870.89940705 
    -3982271.57103308    10200695.44485381    13440469.80234103 
    14197114.55542146    11141461.1440765      23012304.29889122 
    23526272.68504046      6861969.18075627    -9853654.9255297  ]
[  3154642.61465554  12541448.74941721  35935653.64471875  15242607.10789878 
    8975784.05399021    7075453.88873095    6192977.85243869    6260013.56914646 
  24662635.48459089  31325008.19011061  10741806.68698901    1109481.21470542 
    5485475.96038619  12407246.62552752        51483.2710766      2735761.98401727 
  18660658.99523391  29267507.4392003  ]
[-14384304.37303991    -8986831.83099059  -19521605.90940054 
      4834570.49494939    26139234.63669489    14691029.19242192 
    17621767.57756067    21454094.76908018    -2021870.89940705 
    -3982271.57103308    10200695.44485381    13440469.80234103 
    14197114.55542146    11141461.1440765      23012304.29889122 
    23526272.68504046      6861969.18075627    -9853654.9255297  ]
[    1435960.10082755    15038966.99617421    14128248.83877334 
    -1270439.76186515  -39540560.5918304    -55413511.8563794 
  -17603952.41484451      5972459.26558536    14110529.60495093 
    23779235.56468571  -10904698.46953386  -41534229.13792187 
  -24095427.26373985  -15760960.42064235    -2428261.90393642 
    13976842.97797516      8695347.56760609    -2348125.42599451]
[-1.56177778e+07  -1.81947179e+07  -2.88022058e+06  -2.25169612e+07 
  -1.44931756e+07  -2.21079986e+07  -1.56018237e+07  -7.81207107e+04 
  -1.22859642e+06    1.53498474e+07  -2.75922842e+07  -2.00676504e+07 
  -2.22051236e+07    4.33053026e+03  -3.90771329e+05    8.32103476e+06 
  -8.86857045e+05    7.82442233e+06]
[  3154642.61465554  12541448.74941721  35935653.64471875  15242607.10789878 
    8975784.05399021    7075453.88873095    6192977.85243869    6260013.56914646 
  24662635.48459089  31325008.19011061  10741806.68698901    1109481.21470542 
    5485475.96038619  12407246.62552752        51483.2710766      2735761.98401727 
  18660658.99523391  29267507.4392003  ]
[-1.56177778e+07  -1.81947179e+07  -2.88022058e+06  -2.25169612e+07 
  -1.44931756e+07  -2.21079986e+07  -1.56018237e+07  -7.81207107e+04 
  -1.22859642e+06    1.53498474e+07  -2.75922842e+07  -2.00676504e+07 
  -2.22051236e+07    4.33053026e+03  -3.90771329e+05    8.32103476e+06 
  -8.86857045e+05    7.82442233e+06]
[1.10898088e+08  1.41427600e+08  1.58370345e+08  1.47907200e+08 
  1.09004256e+08  9.93632571e+07  1.34675316e+08  1.53885301e+08 
  1.59801250e+08  1.68496362e+08  1.41419395e+08  1.01266074e+08 
  1.29820794e+08  1.38391803e+08  1.52077135e+08  1.68289109e+08 
  1.51259460e+08  1.35609534e+08]
increment_120
[1.59441387e+08  1.59398280e+08  1.46888347e+08  1.47751348e+08 
  1.10523187e+08  9.42849011e+07  1.08063979e+08  1.23915291e+08 
  1.43022947e+08  1.50043113e+08  1.41124667e+08  1.15524775e+08 
  1.12878062e+08  9.65975333e+07  1.02878392e+08  1.21152849e+08 
  1.42593732e+08  1.28777877e+08]
[-15963750.59778227  -11912632.45317072  -23933777.80567849 
      2667569.51014225    27050133.93997533    14182288.34891219 
    17483049.98856138    22113583.9437426      -3030966.84874413 
    -6890603.28452671      9489934.62480315    10076025.44856801 
    12898583.55220524    10199309.06616702    22960246.97136994 
    24339342.48884505      7332317.7727942    -11576867.25167125]
[  1948561.86703355  13250406.61098206  39140092.1362606    17597700.86158521 
    9710639.25680812    8664945.33034938    7299872.56422105    6091912.66647704 
  25451226.23436667  34117146.30530965  12139946.45562436    1441996.92352965 
    7048734.26731588  13425919.41050128      998503.02674129    2229519.19739499 
  19476671.86623801  29811587.73195652]
[-15963750.59778227  -11912632.45317072  -23933777.80567849 
      2667569.51014225    27050133.93997533    14182288.34891219 
    17483049.98856138    22113583.9437426      -3030966.84874413 
    -6890603.28452671      9489934.62480315    10076025.44856801 
    12898583.55220524    10199309.06616702    22960246.97136994 
    24339342.48884505      7332317.7727942    -11576867.25167125]
[    3365638.59638673    20986891.76031249    14183352.97680193 
      4710416.86165714  -36510174.13711619  -56073417.85805219 
  -17651463.46779002      7662365.89166657    16294656.04796464 
    24862916.61066484    -8837232.60321451  -40978238.84209812 
  -21115027.80300059  -16674721.94113619    -1106018.4484564 
    14269020.93805666    10006018.80502357      1398646.29417249]
[-16923097.95461901  -16206766.63430292    -2976434.75418384 
  -21197739.88141616  -14991786.18658119  -22537197.44404818 
  -14073549.18275082      -649179.28204901      -505970.09677176 
    15938025.40710498  -27855527.58305322  -20629576.84650604 
  -21982113.2546756        -212369.73932816      1901739.01055252 
      7636694.16574026    -1114290.74483358      9553376.39934226]
[  1948561.86703355  13250406.61098206  39140092.1362606    17597700.86158521 
    9710639.25680812    8664945.33034938    7299872.56422105    6091912.66647704 
  25451226.23436667  34117146.30530965  12139946.45562436    1441996.92352965 
    7048734.26731588  13425919.41050128      998503.02674129    2229519.19739499 
  19476671.86623801  29811587.73195652]
[-16923097.95461901  -16206766.63430292    -2976434.75418384 
  -21197739.88141616  -14991786.18658119  -22537197.44404818 
  -14073549.18275082      -649179.28204901      -505970.09677176 
    15938025.40710498  -27855527.58305322  -20629576.84650604 
  -21982113.2546756        -212369.73932816      1901739.01055252 
      7636694.16574026    -1114290.74483358      9553376.39934226]
[1.11611562e+08  1.44638447e+08  1.59652702e+08  1.53827490e+08 
  1.13444213e+08  9.91452047e+07  1.35731811e+08  1.56858868e+08 
  1.63568498e+08  1.71203967e+08  1.43540671e+08  9.87499294e+07 
  1.33049262e+08  1.39577458e+08  1.56171100e+08  1.70779757e+08 
  1.54368734e+08  1.39084939e+08]
