inc
sigma_11
sigma_12
sigma_13
sigma_21
sigma_22
sigma_23
sigma_31
sigma_32
sigma_33
increment_0
[1.22949115e-05  1.22949115e-05  1.22949115e-05  1.22949115e-05 
  1.22949115e-05  1.22949115e-05  1.22949115e-05  1.22949115e-05 
  1.22949115e-05  1.22949115e-05  1.22949115e-05  1.22949115e-05 
  1.22949115e-05  1.22949115e-05  1.22949115e-05  1.22949115e-05 
  1.22949115e-05  1.22949115e-05  1.22949115e-05  1.22949115e-05 
  1.22949115e-05  1.22949115e-05  1.22949115e-05  1.22949115e-05 
  1.22949115e-05  1.22949115e-05  1.22949115e-05  1.22949115e-05 
  1.22949115e-05  1.22949115e-05  1.22949115e-05  1.22949115e-05 
  1.22949115e-05  1.22949115e-05  1.22949115e-05]
[-2.69202061e-06  -2.69202061e-06  -2.69202061e-06  -2.69202061e-06 
  -2.69202061e-06  -2.69202061e-06  -2.69202061e-06  -2.69202061e-06 
  -2.69202061e-06  -2.69202061e-06  -2.69202061e-06  -2.69202061e-06 
  -2.69202061e-06  -2.69202061e-06  -2.69202061e-06  -2.69202061e-06 
  -2.69202061e-06  -2.69202061e-06  -2.69202061e-06  -2.69202061e-06 
  -2.69202061e-06  -2.69202061e-06  -2.69202061e-06  -2.69202061e-06 
  -2.69202061e-06  -2.69202061e-06  -2.69202061e-06  -2.69202061e-06 
  -2.69202061e-06  -2.69202061e-06  -2.69202061e-06  -2.69202061e-06 
  -2.69202061e-06  -2.69202061e-06  -2.69202061e-06]
[-1.12099553e-05  -1.12099553e-05  -1.12099553e-05  -1.12099553e-05 
  -1.12099553e-05  -1.12099553e-05  -1.12099553e-05  -1.12099553e-05 
  -1.12099553e-05  -1.12099553e-05  -1.12099553e-05  -1.12099553e-05 
  -1.12099553e-05  -1.12099553e-05  -1.12099553e-05  -1.12099553e-05 
  -1.12099553e-05  -1.12099553e-05  -1.12099553e-05  -1.12099553e-05 
  -1.12099553e-05  -1.12099553e-05  -1.12099553e-05  -1.12099553e-05 
  -1.12099553e-05  -1.12099553e-05  -1.12099553e-05  -1.12099553e-05 
  -1.12099553e-05  -1.12099553e-05  -1.12099553e-05  -1.12099553e-05 
  -1.12099553e-05  -1.12099553e-05  -1.12099553e-05]
[-2.69202061e-06  -2.69202061e-06  -2.69202061e-06  -2.69202061e-06 
  -2.69202061e-06  -2.69202061e-06  -2.69202061e-06  -2.69202061e-06 
  -2.69202061e-06  -2.69202061e-06  -2.69202061e-06  -2.69202061e-06 
  -2.69202061e-06  -2.69202061e-06  -2.69202061e-06  -2.69202061e-06 
  -2.69202061e-06  -2.69202061e-06  -2.69202061e-06  -2.69202061e-06 
  -2.69202061e-06  -2.69202061e-06  -2.69202061e-06  -2.69202061e-06 
  -2.69202061e-06  -2.69202061e-06  -2.69202061e-06  -2.69202061e-06 
  -2.69202061e-06  -2.69202061e-06  -2.69202061e-06  -2.69202061e-06 
  -2.69202061e-06  -2.69202061e-06  -2.69202061e-06]
[1.60429816e-05  1.60429816e-05  1.60429816e-05  1.60429816e-05 
  1.60429816e-05  1.60429816e-05  1.60429816e-05  1.60429816e-05 
  1.60429816e-05  1.60429816e-05  1.60429816e-05  1.60429816e-05 
  1.60429816e-05  1.60429816e-05  1.60429816e-05  1.60429816e-05 
  1.60429816e-05  1.60429816e-05  1.60429816e-05  1.60429816e-05 
  1.60429816e-05  1.60429816e-05  1.60429816e-05  1.60429816e-05 
  1.60429816e-05  1.60429816e-05  1.60429816e-05  1.60429816e-05 
  1.60429816e-05  1.60429816e-05  1.60429816e-05  1.60429816e-05 
  1.60429816e-05  1.60429816e-05  1.60429816e-05]
[-3.70846487e-06  -3.70846487e-06  -3.70846487e-06  -3.70846487e-06 
  -3.70846487e-06  -3.70846487e-06  -3.70846487e-06  -3.70846487e-06 
  -3.70846487e-06  -3.70846487e-06  -3.70846487e-06  -3.70846487e-06 
  -3.70846487e-06  -3.70846487e-06  -3.70846487e-06  -3.70846487e-06 
  -3.70846487e-06  -3.70846487e-06  -3.70846487e-06  -3.70846487e-06 
  -3.70846487e-06  -3.70846487e-06  -3.70846487e-06  -3.70846487e-06 
  -3.70846487e-06  -3.70846487e-06  -3.70846487e-06  -3.70846487e-06 
  -3.70846487e-06  -3.70846487e-06  -3.70846487e-06  -3.70846487e-06 
  -3.70846487e-06  -3.70846487e-06  -3.70846487e-06]
[-1.12099553e-05  -1.12099553e-05  -1.12099553e-05  -1.12099553e-05 
  -1.12099553e-05  -1.12099553e-05  -1.12099553e-05  -1.12099553e-05 
  -1.12099553e-05  -1.12099553e-05  -1.12099553e-05  -1.12099553e-05 
  -1.12099553e-05  -1.12099553e-05  -1.12099553e-05  -1.12099553e-05 
  -1.12099553e-05  -1.12099553e-05  -1.12099553e-05  -1.12099553e-05 
  -1.12099553e-05  -1.12099553e-05  -1.12099553e-05  -1.12099553e-05 
  -1.12099553e-05  -1.12099553e-05  -1.12099553e-05  -1.12099553e-05 
  -1.12099553e-05  -1.12099553e-05  -1.12099553e-05  -1.12099553e-05 
  -1.12099553e-05  -1.12099553e-05  -1.12099553e-05]
[-3.70846487e-06  -3.70846487e-06  -3.70846487e-06  -3.70846487e-06 
  -3.70846487e-06  -3.70846487e-06  -3.70846487e-06  -3.70846487e-06 
  -3.70846487e-06  -3.70846487e-06  -3.70846487e-06  -3.70846487e-06 
  -3.70846487e-06  -3.70846487e-06  -3.70846487e-06  -3.70846487e-06 
  -3.70846487e-06  -3.70846487e-06  -3.70846487e-06  -3.70846487e-06 
  -3.70846487e-06  -3.70846487e-06  -3.70846487e-06  -3.70846487e-06 
  -3.70846487e-06  -3.70846487e-06  -3.70846487e-06  -3.70846487e-06 
  -3.70846487e-06  -3.70846487e-06  -3.70846487e-06  -3.70846487e-06 
  -3.70846487e-06  -3.70846487e-06  -3.70846487e-06]
[2.21927976e-05  2.21927976e-05  2.21927976e-05  2.21927976e-05 
  2.21927976e-05  2.21927976e-05  2.21927976e-05  2.21927976e-05 
  2.21927976e-05  2.21927976e-05  2.21927976e-05  2.21927976e-05 
  2.21927976e-05  2.21927976e-05  2.21927976e-05  2.21927976e-05 
  2.21927976e-05  2.21927976e-05  2.21927976e-05  2.21927976e-05 
  2.21927976e-05  2.21927976e-05  2.21927976e-05  2.21927976e-05 
  2.21927976e-05  2.21927976e-05  2.21927976e-05  2.21927976e-05 
  2.21927976e-05  2.21927976e-05  2.21927976e-05  2.21927976e-05 
  2.21927976e-05  2.21927976e-05  2.21927976e-05]
increment_10
[1.36424238e+08  7.74089019e+07  8.33392454e+07  7.62956622e+07 
  7.95136234e+07  7.42709146e+07  7.17571906e+07  6.27099201e+07 
  6.69398544e+07  6.96100087e+07  7.30118516e+07  7.47313333e+07 
  6.49965323e+07  6.92246930e+07  7.31699841e+07  7.74414429e+07 
  7.01985900e+07  7.34073273e+07  6.90067963e+07  8.16952444e+07 
  8.17005228e+07  6.83147031e+07  7.16724883e+07  6.94467709e+07 
  7.51414418e+07  7.05999027e+07  9.52784440e+07  1.02208445e+08 
  9.37945518e+07  8.98407629e+07  8.24455584e+07  1.07264818e+08 
  1.00771590e+08  1.05205309e+08  1.10565405e+08]
[  24140831.62589628    -1555489.70823996      5246813.08765276 
      9905309.74379016    14917887.22328408        -70508.35429863 
      -389791.56537823      7033945.62668078      6577354.91835997 
      3675409.30065588      8937161.53683078      1565868.86581084 
      1590080.11345785      6710667.03947379    -2661383.80423209 
      5286454.50928959      3345144.78913119      7079596.60592538 
      6841962.28362287    -7017487.99668864      -130738.3895607 
      4808063.28226123      1744353.61236617      3340032.69628354 
      3213473.02791706      2204532.49532786  -18570024.58006645 
  -16106396.09439092    -9194030.06513902    -5310000.98467574 
    -4594864.51111602  -24364667.55191592  -20463207.30897051 
  -17314753.19475883    -9536059.76510363]
[-1475750.05995798    7607219.04403301    3014326.51198787    8056035.74820278 
    2536096.86571534    6022940.13475954    3552091.99087532    2327502.33188515 
    4941764.42166604    2376481.39720524    3468400.86909015    6250845.59089698 
    -891210.08088844      492408.0082985      3729870.56970596    2317211.65620636 
    3868691.52139289    3999207.54503336    4129959.15744436    3143272.91531111 
    1957686.54456618    1007674.68804962    4139001.50584934    2684342.85016745 
    1983757.40181783    4698984.33652864    6593458.07844981    6304370.6334266 
    6293106.19608471    4622731.07658602    5253378.47857125    9404065.77396159 
  10935008.27016437    8378202.86549324    8231837.10518658]
[  24140831.62589628    -1555489.70823996      5246813.08765276 
      9905309.74379016    14917887.22328408        -70508.35429863 
      -389791.56537823      7033945.62668078      6577354.91835997 
      3675409.30065588      8937161.53683078      1565868.86581084 
      1590080.11345785      6710667.03947379    -2661383.80423209 
      5286454.50928959      3345144.78913119      7079596.60592538 
      6841962.28362287    -7017487.99668864      -130738.3895607 
      4808063.28226123      1744353.61236617      3340032.69628354 
      3213473.02791706      2204532.49532786  -18570024.58006645 
  -16106396.09439092    -9194030.06513902    -5310000.98467574 
    -4594864.51111602  -24364667.55191592  -20463207.30897051 
  -17314753.19475883    -9536059.76510363]
[  6.79677640e+07    5.76224796e+06    1.45588449e+07    1.19640948e+07 
    1.29064047e+07    4.99849927e+04    3.79242541e+06  -4.35157793e+06 
    4.12830065e+05    3.12931286e+06    7.22958945e+06    2.33378109e+06 
  -5.85030926e+06    1.95426364e+06    2.27151578e+05    9.53223973e+06 
    4.04194354e+06    7.35501686e+06  -3.94219952e+05    2.83124528e+06 
    1.15969937e+07  -2.52995338e+06    3.87492331e+06    1.42088531e+06 
    9.23329217e+06  -2.66184938e+06    1.41456081e+07    1.76173930e+07 
    1.65484922e+07    1.75740172e+07    1.02349610e+07    1.83095680e+07 
    1.75585569e+07    2.41705957e+07    3.13932927e+07]
[  -2729153.1733767      -5935521.89451044    -1045061.36412668 
    -5392325.67157786    -5653236.4528443      -7733616.42115165 
    -4626740.32661448      -860028.11119083    -3938278.02209534 
    -5919565.1235973      -5011590.02932451    -6270491.63136358 
      3207136.81642772    -2872028.02322938      -766007.92711388 
    -4016916.57278468    -7352231.61260319    -7956932.0081063 
    -2582108.55779286      1560279.44794359    -4732777.0176984 
      -424464.03536892    -7611228.58298465    -6011680.33261982 
    -8117060.12072799    -4530453.76127768    -8872407.66004671 
    -2640539.81302359    -7555714.53072481    -8746791.22015259 
    -9792891.23761746    -9464609.91895803  -14030931.89408174 
  -11783113.59891034  -15819267.85504154]
[-1475750.05995798    7607219.04403301    3014326.51198787    8056035.74820278 
    2536096.86571534    6022940.13475954    3552091.99087532    2327502.33188515 
    4941764.42166604    2376481.39720524    3468400.86909015    6250845.59089698 
    -891210.08088844      492408.0082985      3729870.56970596    2317211.65620636 
    3868691.52139289    3999207.54503336    4129959.15744436    3143272.91531111 
    1957686.54456618    1007674.68804962    4139001.50584934    2684342.85016745 
    1983757.40181783    4698984.33652864    6593458.07844981    6304370.6334266 
    6293106.19608471    4622731.07658602    5253378.47857125    9404065.77396159 
  10935008.27016437    8378202.86549324    8231837.10518658]
[  -2729153.1733767      -5935521.89451044    -1045061.36412668 
    -5392325.67157786    -5653236.4528443      -7733616.42115165 
    -4626740.32661448      -860028.11119083    -3938278.02209534 
    -5919565.1235973      -5011590.02932451    -6270491.63136358 
      3207136.81642772    -2872028.02322938      -766007.92711388 
    -4016916.57278468    -7352231.61260319    -7956932.0081063 
    -2582108.55779286      1560279.44794359    -4732777.0176984 
      -424464.03536892    -7611228.58298465    -6011680.33261982 
    -8117060.12072799    -4530453.76127768    -8872407.66004671 
    -2640539.81302359    -7555714.53072481    -8746791.22015259 
    -9792891.23761746    -9464609.91895803  -14030931.89408174 
  -11783113.59891034  -15819267.85504154]
[1.32210243e+08  1.21124695e+08  1.27159354e+08  1.29419790e+08 
  1.13897320e+08  1.04368698e+08  1.20377871e+08  1.09698745e+08 
  1.19381721e+08  1.21869885e+08  1.25142107e+08  1.12103282e+08 
  9.60287826e+07  1.14134914e+08  1.06817379e+08  1.24491554e+08 
  1.26066122e+08  1.27653057e+08  1.10467955e+08  9.66995437e+07 
  1.22734334e+08  1.02960912e+08  1.23607555e+08  1.17562856e+08 
  1.28955819e+08  1.02011117e+08  1.11959278e+08  1.06803072e+08 
  1.21605537e+08  1.30124178e+08  1.23812869e+08  1.03445871e+08 
  1.19918981e+08  1.25931742e+08  1.29208685e+08]
increment_20
[1.42462913e+08  7.93773638e+07  8.48412940e+07  7.74217332e+07 
  8.11520814e+07  7.68451721e+07  7.34119730e+07  6.23306041e+07 
  6.71304600e+07  6.91828927e+07  7.44899463e+07  7.52408188e+07 
  6.43788013e+07  6.92386902e+07  7.37875902e+07  7.94692630e+07 
  7.13983071e+07  7.48789216e+07  6.99303645e+07  8.38799598e+07 
  8.31104733e+07  6.74433115e+07  7.10361214e+07  6.91085277e+07 
  7.55586203e+07  6.99409927e+07  9.75888762e+07  1.05336562e+08 
  9.53041161e+07  8.95940036e+07  8.27106654e+07  1.11853216e+08 
  1.04995635e+08  1.09176907e+08  1.17950095e+08]
[  22036735.28475703    -1516857.54716299      5383555.29541636 
    10584408.31236583    13128392.55206897      -530504.75452534 
        308253.08257104      6795510.82039322      7208514.35115915 
      3488852.00268659      8974177.61958984      2552881.01387419 
      1433216.09119243      6650932.67492902    -2244769.59898992 
      5467302.9112995        3482914.15248628      7638707.50873352 
      6610995.45211943  -10879628.86749747        174527.85680937 
      4833057.09993925      3103587.01231229      3662247.45674628 
      3059167.11708851      3148519.83211458  -22659876.46429509 
  -17281728.67299711  -10928057.80315529    -2519384.21840925 
    -4415228.3613595    -28309390.55172402  -24869182.5830301 
  -19872558.49954076  -10161077.98802269]
[    -86470.73669312    7816152.05239019    3550213.93423509    8792258.00435647 
    3285596.40467493    6503412.02347571    3523934.79049122    3037211.20570035 
    5314643.78718551    2656330.71843157    4029089.31134374    6529206.2123112 
    -131489.48966675    1322371.6792511      3767267.74199098    2811828.03499859 
    4003160.19559095    4358963.5204655      4455946.63935528    5556367.57811358 
    2177079.90826274    1352175.88112548    3770530.30714481    2828297.00518591 
    2426236.73795246    5192541.07622714    8980551.35155433    6492513.14013361 
    7483002.31628935    3817151.36550146    5995793.12586173  11078055.53575175 
  12479499.60498406    9690995.86923689    8234511.45661318]
[  22036735.28475703    -1516857.54716299      5383555.29541636 
    10584408.31236583    13128392.55206897      -530504.75452534 
        308253.08257104      6795510.82039322      7208514.35115915 
      3488852.00268659      8974177.61958984      2552881.01387419 
      1433216.09119243      6650932.67492902    -2244769.59898992 
      5467302.9112995        3482914.15248628      7638707.50873352 
      6610995.45211943  -10879628.86749747        174527.85680937 
      4833057.09993925      3103587.01231229      3662247.45674628 
      3059167.11708851      3148519.83211458  -22659876.46429509 
  -17281728.67299711  -10928057.80315529    -2519384.21840925 
    -4415228.3613595    -28309390.55172402  -24869182.5830301 
  -19872558.49954076  -10161077.98802269]
[  7.23083800e+07    6.14245224e+06    1.49904367e+07    1.22220353e+07 
    1.23963880e+07    6.80644382e+05    4.14798388e+06  -5.63716201e+06 
  -5.52234209e+05    1.72176730e+06    7.35266945e+06    2.16050389e+06 
  -7.68262040e+06    8.18257521e+05    4.17210655e+04    1.04607007e+07 
    4.04704798e+06    7.88960010e+06  -5.01384680e+05    2.20693326e+06 
    1.26541638e+07  -3.98625407e+06    3.21115865e+06    1.29303949e+05 
    8.74955797e+06  -3.40748735e+06    1.50407350e+07    1.95269417e+07 
    1.69803634e+07    1.75172364e+07    9.45371574e+06    2.05167473e+07 
    1.92778549e+07    2.64400105e+07    3.69793059e+07]
[  -5048168.0765867      -6204400.50026469    -1007557.96498667 
    -6281223.41632724    -5942982.98989629    -7093401.99149236 
    -3820032.37772075    -1947472.69814898    -4115569.7001528 
    -6633716.20179171    -5001805.40195329    -6661432.95749044 
      2270660.67549101    -3634061.79716535      -818589.21360042 
    -4198994.73407494    -7494745.7186521      -8601663.14878774 
    -3786555.4844147      -1110168.16486639    -5514996.97661184 
    -1259025.99500297    -7957955.39844956    -5809597.15208544 
    -8755054.07275682    -5874049.49937057  -13346679.87467191 
    -2381500.36993583  -10089089.16692251    -7114817.29290338 
  -10379088.99862204  -10426653.49691225  -17609674.66458132 
  -13930875.733565      -18576072.69426522]
[    -86470.73669312    7816152.05239019    3550213.93423509    8792258.00435647 
    3285596.40467493    6503412.02347571    3523934.79049122    3037211.20570035 
    5314643.78718551    2656330.71843157    4029089.31134374    6529206.2123112 
    -131489.48966675    1322371.6792511      3767267.74199098    2811828.03499859 
    4003160.19559095    4358963.5204655      4455946.63935528    5556367.57811358 
    2177079.90826274    1352175.88112548    3770530.30714481    2828297.00518591 
    2426236.73795246    5192541.07622714    8980551.35155433    6492513.14013361 
    7483002.31628935    3817151.36550146    5995793.12586173  11078055.53575175 
  12479499.60498406    9690995.86923689    8234511.45661318]
[  -5048168.0765867      -6204400.50026469    -1007557.96498667 
    -6281223.41632724    -5942982.98989629    -7093401.99149236 
    -3820032.37772075    -1947472.69814898    -4115569.7001528 
    -6633716.20179171    -5001805.40195329    -6661432.95749044 
      2270660.67549101    -3634061.79716535      -818589.21360042 
    -4198994.73407494    -7494745.7186521      -8601663.14878774 
    -3786555.4844147      -1110168.16486639    -5514996.97661184 
    -1259025.99500297    -7957955.39844956    -5809597.15208544 
    -8755054.07275682    -5874049.49937057  -13346679.87467191 
    -2381500.36993583  -10089089.16692251    -7114817.29290338 
  -10379088.99862204  -10426653.49691225  -17609674.66458132 
  -13930875.733565      -18576072.69426522]
[1.38190538e+08  1.25415511e+08  1.31360757e+08  1.34275856e+08 
  1.17202333e+08  1.07147769e+08  1.23443569e+08  1.14197978e+08 
  1.22514288e+08  1.24711500e+08  1.29274373e+08  1.15841560e+08 
  9.89950237e+07  1.17779236e+08  1.10473422e+08  1.29467309e+08 
  1.29856363e+08  1.32187126e+08  1.14895593e+08  9.97842572e+07 
  1.28727783e+08  1.06141332e+08  1.27848803e+08  1.19793511e+08 
  1.32824208e+08  1.06793042e+08  1.18669769e+08  1.10396067e+08 
  1.27216184e+08  1.33440377e+08  1.27037784e+08  1.07031231e+08 
  1.23785091e+08  1.31025882e+08  1.33768449e+08]
increment_30
[1.47003128e+08  8.19692411e+07  8.70247764e+07  7.93396706e+07 
  8.33599246e+07  7.87348937e+07  7.63759795e+07  6.40141383e+07 
  6.90546008e+07  7.01530232e+07  7.72395911e+07  7.64785889e+07 
  6.45561299e+07  7.14852933e+07  7.53650279e+07  8.24892533e+07 
  7.34680963e+07  7.74215817e+07  7.19692970e+07  8.48865457e+07 
  8.43655798e+07  6.86323454e+07  7.26763159e+07  7.08425724e+07 
  7.78847241e+07  7.12033359e+07  9.83424835e+07  1.04584887e+08 
  9.53585052e+07  8.84860509e+07  8.35043539e+07  1.15586985e+08 
  1.07996694e+08  1.11681002e+08  1.24547823e+08]
[  19201357.96516779      -897144.30211903      5248246.6216688 
    11318797.03588758    12418201.24788517    -1268537.18601422 
      -204505.69858594      6538263.07142165      7707636.63432925 
      3326012.56142037      9224267.44716301      2489673.01835232 
      1468544.05863969      6353627.88756053    -2619363.39953775 
      5899745.11977031      3452291.23057051      7989759.74498312 
      6405694.15927839  -11668671.20828423      1014458.65353977 
      4777818.28485238      2972582.68047729      3807981.67905442 
      2838514.580482          3525025.99433563  -23427203.26630859 
  -15378726.13109626    -9496554.29409075      -307712.01994309 
    -3276397.70812003  -29235507.53570864  -26124039.65267024 
  -18964104.4401059    -10358921.02810265]
[  1467204.15696907    7736236.2993187      4230716.47906113    9255660.83360845 
    3697335.25875394    7099766.21859089    3912465.52729046    3574596.24281585 
    5786025.39489422    2994714.17468995    4534798.6633069      7175213.52082796 
    -289154.14130953    2173171.04268308    4166330.59149635    3245428.69792865 
    4324453.12324699    4807049.99693094    4764385.62028529    5775711.11408617 
    1868190.0495995      1775388.68086494    3903008.39279121    3105722.66177977 
    3047976.29892285    5807026.96080882    9449815.39906248    6328641.48459584 
    7471740.45773042    3570604.78074717    6053119.32979749  11784259.41878975 
  12884687.50715217    9509489.2400939      8021357.79344481]
[  19201357.96516779      -897144.30211903      5248246.6216688 
    11318797.03588758    12418201.24788517    -1268537.18601422 
      -204505.69858594      6538263.07142165      7707636.63432925 
      3326012.56142037      9224267.44716301      2489673.01835232 
      1468544.05863969      6353627.88756053    -2619363.39953775 
      5899745.11977031      3452291.23057051      7989759.74498312 
      6405694.15927839  -11668671.20828423      1014458.65353977 
      4777818.28485238      2972582.68047729      3807981.67905442 
      2838514.580482          3525025.99433563  -23427203.26630859 
  -15378726.13109626    -9496554.29409075      -307712.01994309 
    -3276397.70812003  -29235507.53570864  -26124039.65267024 
  -18964104.4401059    -10358921.02810265]
[  7.42787500e+07    7.30535919e+06    1.61599561e+07    1.29850632e+07 
    1.30336850e+07    5.49482188e+05    5.05959993e+06  -5.50781209e+06 
    1.29078132e+04    1.55876028e+06    8.79071958e+06    2.00597588e+06 
  -9.04277203e+06    1.44653664e+06    2.16666008e+05    1.23821370e+07 
    4.67178787e+06    9.26461394e+06  -1.39920854e+05    1.76599443e+06 
    1.31901886e+07  -3.86235708e+06    3.72892699e+06    6.94452555e+05 
    9.58632851e+06  -2.93414668e+06    1.51914341e+07    1.92218946e+07 
    1.70986450e+07    1.68126813e+07    9.55611482e+06    2.33167911e+07 
    2.10296452e+07    2.89282237e+07    4.19308155e+07]
[  -5366023.41389897    -5567402.60091706    -1221626.4161481 
    -6241752.82094352    -6791615.617435        -6469142.63705341 
    -3280301.80111752    -1635533.13040583    -3916799.07972492 
    -6796022.76382182    -4727843.44292101    -7213470.89015088 
      3245901.1176486      -3751520.37362874      -740429.35701939 
    -3850099.64328093    -7286031.40848528    -8868714.82227008 
    -3741278.41648086      -976475.19248839    -4680370.7255421 
    -1546008.71953096    -8048131.91446424    -5707325.06035651 
    -8386158.00224617    -6982048.22935912  -13889206.81828866 
    -2124206.41579489  -10035380.02596776    -6756789.62617547 
    -9907547.60481884  -10565670.55433431  -18519684.56945007 
  -13848304.42483742  -20398403.35723967]
[  1467204.15696907    7736236.2993187      4230716.47906113    9255660.83360845 
    3697335.25875394    7099766.21859089    3912465.52729046    3574596.24281585 
    5786025.39489422    2994714.17468995    4534798.6633069      7175213.52082796 
    -289154.14130953    2173171.04268308    4166330.59149635    3245428.69792865 
    4324453.12324699    4807049.99693094    4764385.62028529    5775711.11408617 
    1868190.0495995      1775388.68086494    3903008.39279121    3105722.66177977 
    3047976.29892285    5807026.96080882    9449815.39906248    6328641.48459584 
    7471740.45773042    3570604.78074717    6053119.32979749  11784259.41878975 
  12884687.50715217    9509489.2400939      8021357.79344481]
[  -5366023.41389897    -5567402.60091706    -1221626.4161481 
    -6241752.82094352    -6791615.617435        -6469142.63705341 
    -3280301.80111752    -1635533.13040583    -3916799.07972492 
    -6796022.76382182    -4727843.44292101    -7213470.89015088 
      3245901.1176486      -3751520.37362874      -740429.35701939 
    -3850099.64328093    -7286031.40848528    -8868714.82227008 
    -3741278.41648086      -976475.19248839    -4680370.7255421 
    -1546008.71953096    -8048131.91446424    -5707325.06035651 
    -8386158.00224617    -6982048.22935912  -13889206.81828866 
    -2124206.41579489  -10035380.02596776    -6756789.62617547 
    -9907547.60481884  -10565670.55433431  -18519684.56945007 
  -13848304.42483742  -20398403.35723967]
[1.44241413e+08  1.29441613e+08  1.36575899e+08  1.38083600e+08 
  1.20695057e+08  1.09148741e+08  1.26204879e+08  1.17753056e+08 
  1.26374151e+08  1.28154497e+08  1.34122863e+08  1.18815888e+08 
  9.91663686e+07  1.21895713e+08  1.13500160e+08  1.34811189e+08 
  1.33724467e+08  1.36996534e+08  1.17321447e+08  1.00994175e+08 
  1.31895964e+08  1.09650152e+08  1.31897941e+08  1.23475581e+08 
  1.36805369e+08  1.11080233e+08  1.21575710e+08  1.14240595e+08 
  1.31902028e+08  1.37747114e+08  1.30267960e+08  1.11775014e+08 
  1.26857418e+08  1.36387884e+08  1.37485955e+08]
increment_40
[1.50405367e+08  8.53045589e+07  8.88484514e+07  8.16048040e+07 
  8.52898962e+07  8.07714978e+07  7.90856108e+07  6.65508517e+07 
  7.11818645e+07  7.19482267e+07  8.04433837e+07  7.84818085e+07 
  6.55729330e+07  7.42272048e+07  7.74502993e+07  8.57352720e+07 
  7.60947056e+07  8.00490243e+07  7.48330070e+07  8.52227781e+07 
  8.57996664e+07  7.03183849e+07  7.48987985e+07  7.30441593e+07 
  8.07932240e+07  7.27751501e+07  9.84448310e+07  1.02171640e+08 
  9.49504306e+07  8.67233442e+07  8.43208230e+07  1.18838167e+08 
  1.09051050e+08  1.12962662e+08  1.31812620e+08]
[  16113455.86943562      -176469.44564607      4958630.82075885 
    11690020.78170619    12129469.55181461    -1668552.30756985 
      -982727.32110142      6367595.63731951      8049502.92356825 
      3152151.28611915      9634704.92898684      1650863.65842598 
      1392409.06501544      6048081.84249118    -3097799.67091577 
      6341642.01847765      3349385.57069546      8132816.53014043 
      6384918.63166932  -11556609.25994073      1727475.85714824 
      4950865.29108108      2528113.27502577      3973807.72985147 
      2881217.80675551      3518836.87580269  -23330557.26190634 
  -12916998.18574722    -6682505.81891639      1686084.94646055 
    -1698760.32543018  -29771601.66925524  -26110038.2675924 
  -15437072.64688328    -9858674.37990888]
[  3080001.0844998      7568039.74852389    5163734.49527873    9766913.14505776 
    4170537.96662996    7421266.64107215    4255129.78192389    4084422.64302679 
    6363447.91181627    3441808.1741175      4867060.19229151    8133380.54800022 
    -498041.1472924      2964861.60146543    4502522.10953613    3662959.36903299 
    4697073.25798622    5339561.37441536    4934301.69180033    5324026.93829713 
    1529764.33424145    2085234.24437426    4312071.48544075    3395709.81888799 
    3577464.09934344    6335402.98905326    9433679.02695272    6113220.80560798 
    6931135.2458138      3763768.54061214    5875231.44256503  12473457.48993848 
  13239746.31923177    8542841.74148186    7854887.65159902]
[  16113455.86943562      -176469.44564607      4958630.82075885 
    11690020.78170619    12129469.55181461    -1668552.30756985 
      -982727.32110142      6367595.63731951      8049502.92356825 
      3152151.28611915      9634704.92898684      1650863.65842598 
      1392409.06501544      6048081.84249118    -3097799.67091577 
      6341642.01847765      3349385.57069546      8132816.53014043 
      6384918.63166932  -11556609.25994073      1727475.85714824 
      4950865.29108108      2528113.27502577      3973807.72985147 
      2881217.80675551      3518836.87580269  -23330557.26190634 
  -12916998.18574722    -6682505.81891639      1686084.94646055 
    -1698760.32543018  -29771601.66925524  -26110038.2675924 
  -15437072.64688328    -9858674.37990888]
[74625004.54523744    9389485.21158078  17101438.03409046  13850576.52900231 
  13744771.0182356        617843.36014194    5741685.41699442  -4592942.41135421 
      849094.87737163    2262280.95343712  10770033.3505762      2047961.42056368 
  -9734517.46868185    2703016.58692428      739128.41632728  14699025.53375105 
    5833214.00803681  10700587.99156749      841291.62973682    1224367.90748274 
  13874545.2322131    -3298217.07771668    4688756.29914977    1898784.80811962 
  11144177.89009646  -2581950.65273976  15107687.26053893  17712143.3295951 
  17261515.24904046  15610317.54606825  10002688.55809607  25984947.51647653 
  21626213.14667619  31411932.44220007  48136429.73412908]
[  -5289811.77766294    -4653898.25348289    -1911008.98430704 
    -5934745.81856662    -8194650.69660553    -4816368.72590207 
    -2796182.84532812    -1111270.20201378    -3965147.32398667 
    -6909488.19720424    -4382874.25550361    -8017046.85315071 
      4659838.43482014    -3952677.80708153      -210327.34806836 
    -3724497.05253137    -7078716.02887453    -9153439.30677966 
    -3143966.73788443        -59742.62165993    -3892670.4933829 
    -1592099.79856266    -8227163.17775487    -5906870.99505784 
    -7803539.05676996    -7660206.60963142  -13711821.96446213 
    -2228073.47440046    -9091442.66714653    -7073363.01956152 
    -9178092.14712432  -11011307.50027025  -19640575.85825899 
  -13331591.8367701    -23937637.22769253]
[  3080001.0844998      7568039.74852389    5163734.49527873    9766913.14505776 
    4170537.96662996    7421266.64107215    4255129.78192389    4084422.64302679 
    6363447.91181627    3441808.1741175      4867060.19229151    8133380.54800022 
    -498041.1472924      2964861.60146543    4502522.10953613    3662959.36903299 
    4697073.25798622    5339561.37441536    4934301.69180033    5324026.93829713 
    1529764.33424145    2085234.24437426    4312071.48544075    3395709.81888799 
    3577464.09934344    6335402.98905326    9433679.02695272    6113220.80560798 
    6931135.2458138      3763768.54061214    5875231.44256503  12473457.48993848 
  13239746.31923177    8542841.74148186    7854887.65159902]
[  -5289811.77766294    -4653898.25348289    -1911008.98430704 
    -5934745.81856662    -8194650.69660553    -4816368.72590207 
    -2796182.84532812    -1111270.20201378    -3965147.32398667 
    -6909488.19720424    -4382874.25550361    -8017046.85315071 
      4659838.43482014    -3952677.80708153      -210327.34806836 
    -3724497.05253137    -7078716.02887453    -9153439.30677966 
    -3143966.73788443        -59742.62165993    -3892670.4933829 
    -1592099.79856266    -8227163.17775487    -5906870.99505784 
    -7803539.05676996    -7660206.60963142  -13711821.96446213 
    -2228073.47440046    -9091442.66714653    -7073363.01956152 
    -9178092.14712432  -11011307.50027025  -19640575.85825899 
  -13331591.8367701    -23937637.22769253]
[1.50668527e+08  1.34075888e+08  1.42236651e+08  1.41631824e+08 
  1.24096243e+08  1.10753046e+08  1.28398702e+08  1.21451315e+08 
  1.30664918e+08  1.32512471e+08  1.39049513e+08  1.21513011e+08 
  9.90650799e+07  1.26423513e+08  1.15949575e+08  1.40752241e+08 
  1.37962730e+08  1.41869273e+08  1.18872137e+08  1.01464720e+08 
  1.34886682e+08  1.12843651e+08  1.36415977e+08  1.28025995e+08 
  1.41281624e+08  1.14227891e+08  1.23834991e+08  1.17901801e+08 
  1.36526563e+08  1.42772710e+08  1.33919587e+08  1.17007482e+08 
  1.29769883e+08  1.42495387e+08  1.42544353e+08]
increment_50
[1.52717248e+08  8.90786751e+07  9.06124795e+07  8.43559591e+07 
  8.72420384e+07  8.33073355e+07  8.14890138e+07  6.92599573e+07 
  7.31837053e+07  7.41313833e+07  8.33165793e+07  8.11971197e+07 
  6.70839920e+07  7.63719573e+07  7.97192336e+07  8.83052660e+07 
  7.89583598e+07  8.23241191e+07  7.79023105e+07  8.47042368e+07 
  8.74876590e+07  7.18325411e+07  7.72657596e+07  7.48769071e+07 
  8.35842824e+07  7.43384778e+07  9.82858346e+07  9.98413869e+07 
  9.48504075e+07  8.56921252e+07  8.57303177e+07  1.20737574e+08 
  1.08491334e+08  1.13103712e+08  1.39013588e+08]
[  1.33759563e+07    2.57275577e+04    4.78375300e+06    1.13421580e+07 
    1.15616535e+07  -1.56504162e+06  -2.04710243e+06    6.24141465e+06 
    8.22103000e+06    2.95432469e+06    1.00388037e+07    3.03486689e+05 
    1.31530101e+06    5.58363066e+06  -3.64077472e+06    6.71670251e+06 
    3.25193016e+06    8.22692457e+06    6.28340628e+06  -1.10599621e+07 
    2.16160838e+06    5.07837318e+06    2.02514874e+06    4.18552358e+06 
    3.14320686e+06    3.81038494e+06  -2.28621556e+07  -1.07867266e+07 
  -4.10599528e+06    2.88079485e+06  -5.21718797e+05  -3.01104233e+07 
  -2.46207806e+07  -1.02044370e+07  -8.52315398e+06]
[  4623640.68618251    7510253.38429589    6089990.60028783  10535676.66153255 
    5108806.57854512    7371545.37870507    4818844.10195863    4532851.30240525 
    6977237.79121572    3987581.61454676    5176555.88067177    9396985.23324216 
    -599478.24057603    3873311.1455557      4926862.5063356      4010783.31992311 
    5162201.70824153    5987260.02453057    5184175.85823497    4589876.62123875 
    1426691.82591648    2495387.81355334    4705251.45426394    3668030.65480484 
    4083007.99660886    6488526.89974577    9061476.06744499    6131564.04058766 
    6245583.2585368      4192635.76447207    5814940.3661784    13294095.05604029 
  13193020.76211439    7050429.53743798    7631739.60709683]
[  1.33759563e+07    2.57275577e+04    4.78375300e+06    1.13421580e+07 
    1.15616535e+07  -1.56504162e+06  -2.04710243e+06    6.24141465e+06 
    8.22103000e+06    2.95432469e+06    1.00388037e+07    3.03486689e+05 
    1.31530101e+06    5.58363066e+06  -3.64077472e+06    6.71670251e+06 
    3.25193016e+06    8.22692457e+06    6.28340628e+06  -1.10599621e+07 
    2.16160838e+06    5.07837318e+06    2.02514874e+06    4.18552358e+06 
    3.14320686e+06    3.81038494e+06  -2.28621556e+07  -1.07867266e+07 
  -4.10599528e+06    2.88079485e+06  -5.21718797e+05  -3.01104233e+07 
  -2.46207806e+07  -1.02044370e+07  -8.52315398e+06]
[73843103.91588771  11761640.16724694  17863575.95278389  14625134.11619031 
  14260067.17498474    1415924.15448082    6190199.78812005  -3448177.20212238 
    1559862.18884485    3263319.92009929  12478558.19529728    2346305.24385407 
  -9858788.80896063    3497974.16103541    1499415.13588989  16431586.36672673 
    7179940.31954226  11764006.99370279    1943140.28142653      276317.49937748 
  14700666.5424902    -2806271.66377304    5842393.47899571    2800960.07930908 
  12748049.45350499  -2198711.75783853  15001555.77431694  16156749.70324532 
  17628742.49138996  14576681.9542762    10909902.72821449  27650387.36383906 
  21558311.71314465  33113547.9605962    54975552.19793324]
[  -5774290.51708371    -3951758.32588541    -2353182.44395198 
    -6062594.38218571  -10218772.14558583    -2238481.00882075 
    -2721706.95172062      -607972.11890891    -4128465.96928944 
    -6945695.06806491    -3966330.05387642    -9188497.82467612 
      6049248.30139935    -4477027.89074093        284031.45310546 
    -3735261.08078004    -6738043.07502016    -9546846.2922537 
    -2499671.08191394      1105223.52831595    -3445269.9333802 
    -1980289.03323387    -8403057.58804886    -6312246.85769904 
    -7138061.84853463    -7806606.77236338  -13000674.98664362 
    -2850773.33928503    -7968314.37646945    -7440941.10355176 
    -8963527.92662568  -11958800.81299639  -21006821.36497516 
  -12853569.84314334  -28930179.2259611  ]
[  4623640.68618251    7510253.38429589    6089990.60028783  10535676.66153255 
    5108806.57854512    7371545.37870507    4818844.10195863    4532851.30240525 
    6977237.79121572    3987581.61454676    5176555.88067177    9396985.23324216 
    -599478.24057603    3873311.1455557      4926862.5063356      4010783.31992311 
    5162201.70824153    5987260.02453057    5184175.85823497    4589876.62123875 
    1426691.82591648    2495387.81355334    4705251.45426394    3668030.65480484 
    4083007.99660886    6488526.89974577    9061476.06744499    6131564.04058766 
    6245583.2585368      4192635.76447207    5814940.3661784    13294095.05604029 
  13193020.76211439    7050429.53743798    7631739.60709683]
[  -5774290.51708371    -3951758.32588541    -2353182.44395198 
    -6062594.38218571  -10218772.14558583    -2238481.00882075 
    -2721706.95172062      -607972.11890891    -4128465.96928944 
    -6945695.06806491    -3966330.05387642    -9188497.82467612 
      6049248.30139935    -4477027.89074093        284031.45310546 
    -3735261.08078004    -6738043.07502016    -9546846.2922537 
    -2499671.08191394      1105223.52831595    -3445269.9333802 
    -1980289.03323387    -8403057.58804886    -6312246.85769904 
    -7138061.84853463    -7806606.77236338  -13000674.98664362 
    -2850773.33928503    -7968314.37646945    -7440941.10355176 
    -8963527.92662568  -11958800.81299639  -21006821.36497516 
  -12853569.84314334  -28930179.2259611  ]
[1.56925956e+08  1.38834447e+08  1.47197678e+08  1.45355281e+08 
  1.27032806e+08  1.12382216e+08  1.30675370e+08  1.25076124e+08 
  1.34786178e+08  1.36998183e+08  1.43483262e+08  1.24139789e+08 
  9.95229684e+07  1.30769623e+08  1.18583108e+08  1.46155819e+08 
  1.42126581e+08  1.46224790e+08  1.19987878e+08  1.01434763e+08 
  1.38116693e+08  1.16179482e+08  1.41008558e+08  1.32192590e+08 
  1.45850383e+08  1.16633554e+08  1.25591914e+08  1.21858456e+08 
  1.40951129e+08  1.47195118e+08  1.37793793e+08  1.22416540e+08 
  1.33357720e+08  1.47277706e+08  1.49163177e+08]
increment_60
[1.55102322e+08  9.31119519e+07  9.29640620e+07  8.81729471e+07 
  8.98964092e+07  8.67534173e+07  8.43216775e+07  7.15081163e+07 
  7.57275516e+07  7.61054045e+07  8.60923867e+07  8.41410745e+07 
  6.89679197e+07  7.78760355e+07  8.19571849e+07  8.99689601e+07 
  8.16542238e+07  8.41898439e+07  8.06300922e+07  8.34009099e+07 
  8.92650953e+07  7.30470070e+07  7.97783871e+07  7.62153886e+07 
  8.60322536e+07  7.59538963e+07  9.79023278e+07  9.81602577e+07 
  9.50479399e+07  8.56978039e+07  8.77394519e+07  1.21469668e+08 
  1.07438747e+08  1.13359374e+08  1.45558696e+08]
[  11289245.19891588      -485619.532581          4741536.97763445 
    10173191.02764725    10192279.55304135      -675431.70431231 
    -3237325.44265052      5960189.25040831      8301564.3438829 
      2687723.89945646    10447110.90688761    -1492465.65967157 
      1279237.99169603      4734704.86466071    -4089090.41539249 
      6812076.31347387      3257425.17600629      8297530.62906514 
      5954627.8635239    -10322088.1508667        2360857.5690208 
      4835447.26928986      1561260.67487281      4356724.41854443 
      3368747.85517617      4951162.45228834  -22007007.31330311 
    -8935806.37839425    -2515979.66616445      3333710.49124774 
      -245917.93846781  -29979174.26182962  -21497274.8768197 
    -4753466.6129188      -6784559.97107382]
[  6177561.40519951    7584446.41081087    6814874.89893207  11560421.67539208 
    6636141.82174865    6963008.4397324      5546358.70541424    5012534.4654977 
    7452860.17824577    4550475.82712468    5498834.33259286  11093133.66206784 
    -702801.72378493    4907995.63258011    5482985.2008319      4324103.85765685 
    5670950.86104934    6608749.39890837    5640973.19303576    3696028.20216357 
    1525019.98582792    3159635.72504753    4938885.81681137    3949259.3033621 
    4652918.03930308    6240253.18811721    8301423.51553959    6300867.37023635 
    5804618.07237181    4598846.01051915    6129152.35589168  14057971.12295581 
  12449552.57133411    5157022.62888721    7299085.21233768]
[  11289245.19891588      -485619.532581          4741536.97763445 
    10173191.02764725    10192279.55304135      -675431.70431231 
    -3237325.44265052      5960189.25040831      8301564.3438829 
      2687723.89945646    10447110.90688761    -1492465.65967157 
      1279237.99169603      4734704.86466071    -4089090.41539249 
      6812076.31347387      3257425.17600629      8297530.62906514 
      5954627.8635239    -10322088.1508667        2360857.5690208 
      4835447.26928986      1561260.67487281      4356724.41854443 
      3368747.85517617      4951162.45228834  -22007007.31330311 
    -8935806.37839425    -2515979.66616445      3333710.49124774 
      -245917.93846781  -29979174.26182962  -21497274.8768197 
    -4753466.6129188      -6784559.97107382]
[73302383.31479271  14111779.76298951  19000358.85634938  15485594.91488693 
  14832197.9520359      3564276.37462732    7120130.53620599  -2617465.00233992 
    2805007.13927897    4018778.66917157  14125238.54147305    2546629.2033715 
  -9381981.07629042    3610009.57830139    2451706.84197796  17230401.3171952 
    8450665.77222254  12382021.69499806    2746356.81954677  -1089464.56180478 
  15496598.9895597    -2509283.23401953    7272883.8079304      3215433.67015854 
  14046517.04597794  -1405421.0536418    14911816.8260488    15053454.91619004 
  17988494.63965103  13923648.412776      12088874.4123412    28370865.13882819 
  21875773.50620802  34464374.09699479  61532769.05435826]
[  -7274823.26103433    -3539330.4012948      -2171456.18455659 
    -6944292.69330139  -13093329.04294757        829086.17794198 
    -2906752.6318547        -299036.48938154    -4184618.64951631 
    -6889854.52885771    -3411662.80008142  -11103591.40694449 
      7356325.73812348    -5210012.85231463        437890.502562 
    -3719863.32513573    -6332016.58874048    -9905625.17495397 
    -2317311.26809213      2419036.88868535    -3111870.50927076 
    -2859825.14720002    -8553161.81359727    -6707304.20720153 
    -6618094.10237561    -7413483.71529308  -11840914.68181786 
    -3655848.6914758      -7172647.30147849    -7393615.70466585 
    -9864431.58207393  -13003736.70157061  -22230962.07869673 
  -11839863.83074666  -33754989.17081015]
[  6177561.40519951    7584446.41081087    6814874.89893207  11560421.67539208 
    6636141.82174865    6963008.4397324      5546358.70541424    5012534.4654977 
    7452860.17824577    4550475.82712468    5498834.33259286  11093133.66206784 
    -702801.72378493    4907995.63258011    5482985.2008319      4324103.85765685 
    5670950.86104934    6608749.39890837    5640973.19303576    3696028.20216357 
    1525019.98582792    3159635.72504753    4938885.81681137    3949259.3033621 
    4652918.03930308    6240253.18811721    8301423.51553959    6300867.37023635 
    5804618.07237181    4598846.01051915    6129152.35589168  14057971.12295581 
  12449552.57133411    5157022.62888721    7299085.21233768]
[  -7274823.26103433    -3539330.4012948      -2171456.18455659 
    -6944292.69330139  -13093329.04294757        829086.17794198 
    -2906752.6318547        -299036.48938154    -4184618.64951631 
    -6889854.52885771    -3411662.80008142  -11103591.40694449 
      7356325.73812348    -5210012.85231463        437890.502562 
    -3719863.32513573    -6332016.58874048    -9905625.17495397 
    -2317311.26809213      2419036.88868535    -3111870.50927076 
    -2859825.14720002    -8553161.81359727    -6707304.20720153 
    -6618094.10237561    -7413483.71529308  -11840914.68181786 
    -3655848.6914758      -7172647.30147849    -7393615.70466585 
    -9864431.58207393  -13003736.70157061  -22230962.07869673 
  -11839863.83074666  -33754989.17081015]
[1.62888317e+08  1.43365780e+08  1.51375241e+08  1.49395830e+08 
  1.30043182e+08  1.14596170e+08  1.33658566e+08  1.28574106e+08 
  1.39090472e+08  1.41045072e+08  1.47560891e+08  1.27026615e+08 
  1.00728554e+08  1.34444041e+08  1.22010382e+08  1.50577250e+08 
  1.46144946e+08  1.49761059e+08  1.21184930e+08  1.01043090e+08 
  1.41303142e+08  1.20126319e+08  1.45684478e+08  1.35726881e+08 
  1.50236012e+08  1.18487739e+08  1.26822170e+08  1.26254738e+08 
  1.45296458e+08  1.50593866e+08  1.41694776e+08  1.27481106e+08 
  1.38313729e+08  1.49995707e+08  1.56888500e+08]
increment_70
[1.58630843e+08  9.64960111e+07  9.64423841e+07  9.22877210e+07 
  9.37586444e+07  9.01512901e+07  8.68318587e+07  7.39213545e+07 
  7.81891291e+07  7.84902144e+07  8.81996767e+07  8.79919299e+07 
  7.12121703e+07  7.91137558e+07  8.40991607e+07  9.08978265e+07 
  8.40661745e+07  8.57548407e+07  8.27287145e+07  8.17839285e+07 
  9.08205926e+07  7.45905777e+07  8.22785171e+07  7.76317336e+07 
  8.78883984e+07  7.78188634e+07  9.66060350e+07  9.64357228e+07 
  9.50296690e+07  8.62371094e+07  9.00948538e+07  1.21523828e+08 
  1.06041124e+08  1.13748922e+08  1.51940058e+08]
[    9793020.60123451    -1419033.79001171      4819416.08645901 
      8778548.35868513      8134105.47465673      1267962.6377364 
    -4188194.68555814      5570534.27492803      8200782.30119725 
      2451884.76931825    10812691.8889853      -3405776.12070163 
      1377141.1427042        3362328.19540592    -4119604.62185485 
      6670675.35615762      3440131.61914284      8237572.64123097 
      5753229.84398425    -9455094.50463928      2569380.38794913 
      4027795.17383237      1125258.35596377      4350115.98045605 
      3496857.96265891      6211885.43759514  -20172539.35764121 
    -6806168.43667705    -1101575.1490463        3294052.87757911 
      -276766.43553845  -28957174.95290595  -17338878.22992923 
        913241.68921589    -4649537.11624509]
[  7644797.90298894    7674054.37018965    7357591.91670712  12558263.59415455 
    8644334.92904711    6191314.52114776    6277156.05330912    5538320.86377708 
    7852148.64087767    5093865.06037471    5836506.42921159  13019744.51597315 
    -964593.63344532    6133398.38147376    5989749.86148467    4658069.20786475 
    6120676.13404527    7179496.43482255    6068088.72003131    2693351.57698232 
    1709055.1889522      4105070.20425588    5170313.63753612    4236959.09564926 
    5361809.38870872    6007371.28072754    7267886.83009372    6330626.38160034 
    5601694.86482315    4963167.10152644    6614319.16385096  14506613.90763874 
  11291399.68673339    2926854.89968048    6682209.20493843]
[    9793020.60123451    -1419033.79001171      4819416.08645901 
      8778548.35868513      8134105.47465673      1267962.6377364 
    -4188194.68555814      5570534.27492803      8200782.30119725 
      2451884.76931825    10812691.8889853      -3405776.12070163 
      1377141.1427042        3362328.19540592    -4119604.62185485 
      6670675.35615762      3440131.61914284      8237572.64123097 
      5753229.84398425    -9455094.50463928      2569380.38794913 
      4027795.17383237      1125258.35596377      4350115.98045605 
      3496857.96265891      6211885.43759514  -20172539.35764121 
    -6806168.43667705    -1101575.1490463        3294052.87757911 
      -276766.43553845  -28957174.95290595  -17338878.22992923 
        913241.68921589    -4649537.11624509]
[73840120.36949591  15694754.18499203  21144912.2403613    16014131.09402269 
  16000421.4252877      6430587.41263755    7995633.78758663  -1634899.72587957 
    4001751.75309369    5135553.58573735  15153160.2866654      3367787.98638858 
  -8339849.71544137    3261732.25651237    3601255.83675329  17223642.21778645 
    9673323.12634003  12638177.31432845    3253575.33591541  -2575093.46308027 
  16056177.3829621    -2031722.62853048    8718839.41022094    3705284.28835084 
  14692165.46749369    -325379.73271527  14211094.60890635  13965698.8870271 
  18022074.40120485  13515037.89784423  13455774.45100952  28640173.00021403 
  22126945.38470513  35785461.38403558  67922676.34118967]
[  -9478363.45005389    -3224589.33819057    -1482370.27911934 
    -8282872.48779022  -16740102.3945107        3771328.82355376 
    -3235372.37470909        107877.38509749    -4342558.42701796 
    -6614553.70326808    -2896768.99624145  -13360275.52894381 
      8750164.79248412    -6222938.02739794        546988.90663751 
    -3582829.80778147    -5963457.34941627  -10212762.80262881 
    -2603833.07502792      3944632.89319985    -2855555.14038206 
    -3921459.23098256    -8609408.5821815      -6969063.7769381 
    -6276728.2596691      -6572716.16154362  -10284475.15953222 
    -4416960.9503668      -6477903.19657481    -7050181.90365621 
  -11340525.12656675  -13607628.53756705  -23097293.80102676 
    -9899146.1137635    -37831222.22885238]
[  7644797.90298894    7674054.37018965    7357591.91670712  12558263.59415455 
    8644334.92904711    6191314.52114776    6277156.05330912    5538320.86377708 
    7852148.64087767    5093865.06037471    5836506.42921159  13019744.51597315 
    -964593.63344532    6133398.38147376    5989749.86148467    4658069.20786475 
    6120676.13404527    7179496.43482255    6068088.72003131    2693351.57698232 
    1709055.1889522      4105070.20425588    5170313.63753612    4236959.09564926 
    5361809.38870872    6007371.28072754    7267886.83009372    6330626.38160034 
    5601694.86482315    4963167.10152644    6614319.16385096  14506613.90763874 
  11291399.68673339    2926854.89968048    6682209.20493843]
[  -9478363.45005389    -3224589.33819057    -1482370.27911934 
    -8282872.48779022  -16740102.3945107        3771328.82355376 
    -3235372.37470909        107877.38509749    -4342558.42701796 
    -6614553.70326808    -2896768.99624145  -13360275.52894381 
      8750164.79248412    -6222938.02739794        546988.90663751 
    -3582829.80778147    -5963457.34941627  -10212762.80262881 
    -2603833.07502792      3944632.89319985    -2855555.14038206 
    -3921459.23098256    -8609408.5821815      -6969063.7769381 
    -6276728.2596691      -6572716.16154362  -10284475.15953222 
    -4416960.9503668      -6477903.19657481    -7050181.90365621 
  -11340525.12656675  -13607628.53756705  -23097293.80102676 
    -9899146.1137635    -37831222.22885238]
[1.68329753e+08  1.46804924e+08  1.55623110e+08  1.53003461e+08 
  1.34196063e+08  1.17399980e+08  1.37003746e+08  1.31935712e+08 
  1.43301700e+08  1.45144329e+08  1.50915728e+08  1.30587667e+08 
  1.02294579e+08  1.37422116e+08  1.26039231e+08  1.54040596e+08 
  1.50255435e+08  1.52610648e+08  1.22850167e+08  1.00356797e+08 
  1.44224496e+08  1.24505791e+08  1.50210126e+08  1.39265826e+08 
  1.54055757e+08  1.20188254e+08  1.27645673e+08  1.30700010e+08 
  1.49439699e+08  1.53538460e+08  1.45395797e+08  1.32325106e+08 
  1.43564155e+08  1.52425858e+08  1.64344738e+08]
increment_80
[1.62825272e+08  9.90909278e+07  9.97462219e+07  9.62207173e+07 
  9.74338836e+07  9.32125982e+07  8.91678663e+07  7.64564097e+07 
  8.05957376e+07  8.09892571e+07  8.98588008e+07  9.26645849e+07 
  7.39050219e+07  8.05023915e+07  8.59295690e+07  9.15350251e+07 
  8.61114558e+07  8.72603697e+07  8.37563669e+07  7.98136039e+07 
  9.21333247e+07  7.65763793e+07  8.47300752e+07  7.91046024e+07 
  8.94125547e+07  7.99994018e+07  9.44854808e+07  9.43966313e+07 
  9.49037781e+07  8.70502205e+07  9.26149596e+07  1.21358677e+08 
  1.04510539e+08  1.14113820e+08  1.57795748e+08]
[    8411973.01337348    -2138728.42646466      4940350.11809758 
      7803521.9843037        5050548.32503953      3877145.93803816 
    -4886330.94893057      5198846.16577013      8004330.96600218 
      2201382.5749892      11023438.40643985    -5096115.56837869 
      1570724.74137088      1531476.22039715    -3731180.14784046 
      6381854.14048299      3751230.30909163      8018842.20486378 
      6101066.36276514    -9006218.3375301        2734236.99739649 
      2520758.14392731        801534.46439621      4186299.24799302 
      3492036.7938645        6505979.06277288  -17153527.15337267 
    -4528154.43351345          37486.94276182      3020879.09666124 
      -156751.15789914  -26847490.69030529  -13003642.25357246 
      6726841.21294369    -2755490.63653572]
[  9221419.01155213    7734426.4805408      7829438.35150207  13438764.48934539 
  11318466.15105756    5395230.0278064      7006209.34479477    6104622.64305542 
    8282925.42547325    5558007.99850313    6235301.0953568    14820945.82245083 
  -1270715.46153962    7526084.8245875      6451609.2909587      5035950.42876406 
    6521050.81997957    7682849.70996214    6233435.78657559    1863718.10492922 
    2012173.81734857    5329773.3498438      5494487.55875388    4525451.07065432 
    6181827.78500322    6299691.18039311    6123686.65430096    6182072.21685738 
    5685777.72586308    5321064.15250542    6973802.19246003  14478293.97100676 
  10048668.51635672      739244.14180478    5999662.29883641]
[    8411973.01337348    -2138728.42646466      4940350.11809758 
      7803521.9843037        5050548.32503953      3877145.93803816 
    -4886330.94893057      5198846.16577013      8004330.96600218 
      2201382.5749892      11023438.40643985    -5096115.56837869 
      1570724.74137088      1531476.22039715    -3731180.14784046 
      6381854.14048299      3751230.30909163      8018842.20486378 
      6101066.36276514    -9006218.3375301        2734236.99739649 
      2520758.14392731        801534.46439621      4186299.24799302 
      3492036.7938645        6505979.06277288  -17153527.15337267 
    -4528154.43351345          37486.94276182      3020879.09666124 
      -156751.15789914  -26847490.69030529  -13003642.25357246 
      6726841.21294369    -2755490.63653572]
[74709378.82746948  16791948.50554296  23144321.79672094  16620336.40453107 
  16058757.39733374    9610058.42246342    8830758.93957788    -393410.45503667 
    5160973.32803989    6362893.32289777  15693046.08391065    4808896.92708724 
  -6817174.65089701    2807434.78540908    4786630.73179035  16821732.70138447 
  10678808.31893654  12795333.68608244    3294102.87368871  -4435199.44286823 
  16315070.71567251  -1245208.88343994  10065022.09872716    4245531.79402552 
  14884475.65496111      522596.47911798  12761202.74179409  12689971.12631935 
  17763017.95899676  13253881.36382034  14967124.22040428  29007743.53417487 
  21999038.53032291  37006535.2821364    73410467.16527082]
[-12373471.88039684    -2866349.64300377      -593613.83529533 
    -9643005.05954127  -20629780.19161455      6197932.32024635 
    -3466416.10378905        469476.8289192      -4612533.40466673 
    -6253741.45257435    -2407666.12656173  -15167577.12259021 
    10439504.77451682    -7440532.24962495        554103.22863945 
    -3284152.40858044    -5598081.45279649  -10438321.23928892 
    -3181855.49568329      5346670.74031743    -2522290.55578706 
    -5385273.68697246    -8506111.7348802      -7068029.85190116 
    -6015574.41379986    -5576193.17852381    -8343194.08783246 
    -5159886.90978636    -6061634.83363369    -6574267.53116717 
  -12602287.70767276  -13468355.23319815  -23779719.48387744 
    -7803707.60306306  -40849307.56669955]
[  9221419.01155213    7734426.4805408      7829438.35150207  13438764.48934539 
  11318466.15105756    5395230.0278064      7006209.34479477    6104622.64305542 
    8282925.42547325    5558007.99850313    6235301.0953568    14820945.82245083 
  -1270715.46153962    7526084.8245875      6451609.2909587      5035950.42876406 
    6521050.81997957    7682849.70996214    6233435.78657559    1863718.10492922 
    2012173.81734857    5329773.3498438      5494487.55875388    4525451.07065432 
    6181827.78500322    6299691.18039311    6123686.65430096    6182072.21685738 
    5685777.72586308    5321064.15250542    6973802.19246003  14478293.97100676 
  10048668.51635672      739244.14180478    5999662.29883641]
[-12373471.88039684    -2866349.64300377      -593613.83529533 
    -9643005.05954127  -20629780.19161455      6197932.32024635 
    -3466416.10378905        469476.8289192      -4612533.40466673 
    -6253741.45257435    -2407666.12656173  -15167577.12259021 
    10439504.77451682    -7440532.24962495        554103.22863945 
    -3284152.40858044    -5598081.45279649  -10438321.23928892 
    -3181855.49568329      5346670.74031743    -2522290.55578706 
    -5385273.68697246    -8506111.7348802      -7068029.85190116 
    -6015574.41379986    -5576193.17852381    -8343194.08783246 
    -5159886.90978636    -6061634.83363369    -6574267.53116717 
  -12602287.70767276  -13468355.23319815  -23779719.48387744 
    -7803707.60306306  -40849307.56669955]
[1.73267851e+08  1.49786206e+08  1.59365763e+08  1.56575381e+08 
  1.38608467e+08  1.20989519e+08  1.40370952e+08  1.35638583e+08 
  1.47350960e+08  1.49069769e+08  1.53689072e+08  1.34414590e+08 
  1.03868488e+08  1.39772257e+08  1.30674281e+08  1.56798130e+08 
  1.54193194e+08  1.55139822e+08  1.24715801e+08  9.92432863e+07 
  1.46792340e+08  1.29555163e+08  1.54491957e+08  1.42770069e+08 
  1.57278096e+08  1.21869549e+08  1.28295847e+08  1.35248006e+08 
  1.53358277e+08  1.56245052e+08  1.48727608e+08  1.37483263e+08 
  1.48287633e+08  1.55493249e+08  1.70440816e+08]
increment_90
[1.67467634e+08  1.01301960e+08  1.02515580e+08  1.00408479e+08 
  1.01139803e+08  9.64660705e+07  9.14536979e+07  7.92535797e+07 
  8.28880850e+07  8.36356253e+07  9.09518904e+07  9.76633594e+07 
  7.71979859e+07  8.23007105e+07  8.74933930e+07  9.23351679e+07 
  8.78507534e+07  8.90985776e+07  8.38928372e+07  7.76832462e+07 
  9.32820676e+07  7.90226909e+07  8.71033948e+07  8.08744654e+07 
  9.09264612e+07  8.28235878e+07  9.23764938e+07  9.24913880e+07 
  9.51331069e+07  8.78441757e+07  9.52433800e+07  1.21804615e+08 
  1.03514434e+08  1.15275373e+08  1.62259541e+08]
[    6747602.09378243    -2606836.01904523      5009802.19545138 
      7101325.54301429        801340.87950186      5605308.4468829 
    -5690941.69393523      4935977.9616388        7606010.53246917 
      1966249.84858318    10976333.77006133    -6286024.44016303 
      1712233.27733729      -384683.40379276    -3367166.67900479 
      6084488.0776009        3967301.60079463      7659757.18802519 
      6891698.04285458    -9366410.84689482      2590924.21701276 
        505213.14779631        578794.09614751      4012800.45855325 
      3373855.83911566      5633576.51061227  -13407250.35003207 
    -2656337.91462592        417016.03529793      2720191.34123831 
        635538.2509984    -24416202.48615658    -9477971.0513108 
    11529495.71255314    -1535855.8356047  ]
[11086596.41418499    7800641.09304667    8207038.15368767  14220136.50685379 
  14677260.05148557    5110796.54360886    7743501.38954475    6602939.32158528 
    8733782.31409375    5907383.69378642    6661700.7566651    16217598.33935991 
  -1477137.17059579    8877119.38761384    6907741.10802796    5436769.14397298 
    6931937.02973769    8178429.9707261      6206049.94017947    1351048.34152378 
    2503529.90844957    6613685.61929458    5860024.11821161    4730631.10030623 
    7086732.73059211    7128989.88896141    4859242.42175368    5924775.64536512 
    6073390.22049958    5653771.9685863      6976087.654262      14063934.53251361 
    8912118.39891273    -886522.56165492    5534246.49509478]
[    6747602.09378243    -2606836.01904523      5009802.19545138 
      7101325.54301429        801340.87950186      5605308.4468829 
    -5690941.69393523      4935977.9616388        7606010.53246917 
      1966249.84858318    10976333.77006133    -6286024.44016303 
      1712233.27733729      -384683.40379276    -3367166.67900479 
      6084488.0776009        3967301.60079463      7659757.18802519 
      6891698.04285458    -9366410.84689482      2590924.21701276 
        505213.14779631        578794.09614751      4012800.45855325 
      3373855.83911566      5633576.51061227  -13407250.35003207 
    -2656337.91462592        417016.03529793      2720191.34123831 
        635538.2509984    -24416202.48615658    -9477971.0513108 
    11529495.71255314    -1535855.8356047  ]
[75361972.36308806  17796184.92659039  24622309.97911628  17705828.48299853 
  14828047.79615634  12590836.37894017    9574070.34551886    1306850.62836648 
    6100205.59885312    7788497.81252252  15552099.60857164    6598595.63392427 
  -4790407.52016324    2697304.49872143    5795052.79576085  16494067.23303702 
  11354355.05333886  13239880.76344699    2938828.36538427  -6577844.53861581 
  16397886.11680886    -114053.48730642  11301031.38158123    5000979.88561593 
  14948872.67039171    1221025.1523845    11307579.76483395  11395692.09067737 
  17510080.81466517  12943463.67242988  16710984.85629183  29994059.60733828 
  21770069.46924045  38587479.66109417  77001196.75624949]
[-15772247.08134783    -2515761.90147613        455115.74026477 
  -10821168.04059094  -24412402.56425358      7573651.57966366 
    -3712545.25191276        761643.51560532    -4873758.04823268 
    -5883420.83980029    -1994996.45594978  -15616436.09700523 
    12401910.32672194    -8756645.12915134        405289.22655775 
    -2879778.03732289    -5119993.5557248    -10577870.04846118 
    -3791890.79381236      6403276.17073316    -2173151.50123188 
    -7182200.11957675    -8346027.50003572    -6991053.56482354 
    -5675770.05230292    -4604195.60088208    -6376570.2367667 
    -5839641.70777198    -6169773.77420292    -6199133.37739274 
  -13184246.93606745  -12513932.04339967  -24251013.87724974 
    -7208013.83350792  -42503668.1524843  ]
[11086596.41418499    7800641.09304667    8207038.15368767  14220136.50685379 
  14677260.05148557    5110796.54360886    7743501.38954475    6602939.32158528 
    8733782.31409375    5907383.69378642    6661700.7566651    16217598.33935991 
  -1477137.17059579    8877119.38761384    6907741.10802796    5436769.14397298 
    6931937.02973769    8178429.9707261      6206049.94017947    1351048.34152378 
    2503529.90844957    6613685.61929458    5860024.11821161    4730631.10030623 
    7086732.73059211    7128989.88896141    4859242.42175368    5924775.64536512 
    6073390.22049958    5653771.9685863      6976087.654262      14063934.53251361 
    8912118.39891273    -886522.56165492    5534246.49509478]
[-15772247.08134783    -2515761.90147613        455115.74026477 
  -10821168.04059094  -24412402.56425358      7573651.57966366 
    -3712545.25191276        761643.51560532    -4873758.04823268 
    -5883420.83980029    -1994996.45594978  -15616436.09700523 
    12401910.32672194    -8756645.12915134        405289.22655775 
    -2879778.03732289    -5119993.5557248    -10577870.04846118 
    -3791890.79381236      6403276.17073316    -2173151.50123188 
    -7182200.11957675    -8346027.50003572    -6991053.56482354 
    -5675770.05230292    -4604195.60088208    -6376570.2367667 
    -5839641.70777198    -6169773.77420292    -6199133.37739274 
  -13184246.93606745  -12513932.04339967  -24251013.87724974 
    -7208013.83350792  -42503668.1524843  ]
[1.77684316e+08  1.52808136e+08  1.62221674e+08  1.60447351e+08 
  1.42846606e+08  1.24691001e+08  1.43485089e+08  1.39926595e+08 
  1.50837124e+08  1.52978392e+08  1.55707431e+08  1.38228959e+08 
  1.05435097e+08  1.42073718e+08  1.35317227e+08  1.59224023e+08 
  1.57601598e+08  1.57769990e+08  1.26608204e+08  9.77473926e+07 
  1.49424160e+08  1.34876825e+08  1.58545659e+08  1.45944476e+08 
  1.60055292e+08  1.23407552e+08  1.29516327e+08  1.39510805e+08 
  1.57089570e+08  1.58685384e+08  1.51712569e+08  1.42751132e+08 
  1.52119213e+08  1.59345229e+08  1.74534831e+08]
increment_100
[1.72680334e+08  1.03604769e+08  1.05292523e+08  1.05777528e+08 
  1.05444279e+08  1.00513405e+08  9.36756415e+07  8.24275249e+07 
  8.50938284e+07  8.65766226e+07  9.15166932e+07  1.02552448e+08 
  8.05542848e+07  8.44180027e+07  8.88199998e+07  9.36159212e+07 
  8.93861623e+07  9.14679779e+07  8.36802897e+07  7.56855439e+07 
  9.42864245e+07  8.15470324e+07  8.94157646e+07  8.28842436e+07 
  9.25762543e+07  8.61158349e+07  9.16694171e+07  9.13506309e+07 
  9.59943719e+07  8.86142690e+07  9.79842073e+07  1.23202956e+08 
  1.03160325e+08  1.17059086e+08  1.65841587e+08]
[    5228025.79528543    -2958075.52028428      4866354.87572788 
      6497005.07389767    -3508796.86463242      6689010.24953912 
    -6735605.10261217      4690710.25298034      6859782.51877469 
      1736586.48915818    10804690.77153805    -7176947.15367618 
      1715660.7177594      -1943828.56596139    -3275685.80128289 
      5843916.12930212      4015883.34620733      7008641.26160727 
      7624505.21994723  -10179128.28313948      2195789.68891815 
    -1245675.18340602        317301.20781961      3893212.73695735 
      3244982.16202535      3740026.03249655  -10630816.44566685 
    -1402004.11698297        447170.07633468      2423664.75118606 
      1782061.35639529  -22942168.78707029    -7484142.36189092 
    14871770.89427378    -1089671.53423696]
[12991913.13844022    7980461.35060047    8499158.34286203  15036898.4723748 
  18040812.78988149    5091032.30306115    8394596.37520686    6970444.66988206 
    9203658.96124774    6022898.64373528    7063914.72347646  17359558.22296967 
  -1456222.33237083    9830844.43800294    7368943.72258535    5800080.60560755 
    7337655.66547326    8797562.206989        6264891.73126686    1284287.49017179 
    2907355.81442435    7603865.58296301    6176427.23445898    4835704.31770958 
    7944774.48568407    8422169.0736128      3549762.00733809    5627241.15060103 
    6489043.82636561    6010292.22454584    6742785.22533601  13794706.12182047 
    8167597.95450516  -1922218.91621226    5442830.79680999]
[    5228025.79528543    -2958075.52028428      4866354.87572788 
      6497005.07389767    -3508796.86463242      6689010.24953912 
    -6735605.10261217      4690710.25298034      6859782.51877469 
      1736586.48915818    10804690.77153805    -7176947.15367618 
      1715660.7177594      -1943828.56596139    -3275685.80128289 
      5843916.12930212      4015883.34620733      7008641.26160727 
      7624505.21994723  -10179128.28313948      2195789.68891815 
    -1245675.18340602        317301.20781961      3893212.73695735 
      3244982.16202535      3740026.03249655  -10630816.44566685 
    -1402004.11698297        447170.07633468      2423664.75118606 
      1782061.35639529  -22942168.78707029    -7484142.36189092 
    14871770.89427378    -1089671.53423696]
[76433023.84126006  19009309.08572975  25914376.52306802  20036358.7356191 
  13349765.82982542  15925498.99737312  10178680.29427395    3424059.37350026 
    6746325.31335284    9637081.54419754  14916073.5010879      8298335.74318244 
  -2643301.10464933    3077692.20848538    6395770.86418723  16638629.82229095 
  11766153.8396636    14061378.71794069    2326366.96433494  -8556476.25382349 
  16498928.67915168    1096153.76253479  12476431.15626432    5967989.51854862 
  15138657.41821513    1628586.39211132  11073549.4206804    10418261.85511095 
  17647730.51202197  12595186.84868898  18579043.33011871  31463481.97350417 
  21407146.59131926  40291997.72377599  79214191.14511386]
[-19307044.17588773    -2230844.63837964      1793378.50451211 
  -11975342.44868657  -27809281.88925263      8332863.48844754 
    -3971757.47188445      1132816.81845012    -5005452.6455535 
    -5493011.7442256      -1866761.1275349    -15393475.32230602 
    14156167.08812082    -9747788.64094332        266485.54580118 
    -2425788.67441838    -4561466.10297323  -10710219.78758487 
    -4685547.60271658      6976059.88352091    -1882384.67287 
    -8575382.35067148    -8228110.75757483    -6758465.54203855 
    -5226242.12847783    -3767822.24178873    -5174931.13743917 
    -6380240.41081468    -6265158.88829772    -5978342.04061017 
  -13105847.34038762  -11436501.25077007  -24479311.48967653 
    -7995722.60516925  -42796749.59756958]
[12991913.13844022    7980461.35060047    8499158.34286203  15036898.4723748 
  18040812.78988149    5091032.30306115    8394596.37520686    6970444.66988206 
    9203658.96124774    6022898.64373528    7063914.72347646  17359558.22296967 
  -1456222.33237083    9830844.43800294    7368943.72258535    5800080.60560755 
    7337655.66547326    8797562.206989        6264891.73126686    1284287.49017179 
    2907355.81442435    7603865.58296301    6176427.23445898    4835704.31770958 
    7944774.48568407    8422169.0736128      3549762.00733809    5627241.15060103 
    6489043.82636561    6010292.22454584    6742785.22533601  13794706.12182047 
    8167597.95450516  -1922218.91621226    5442830.79680999]
[-19307044.17588773    -2230844.63837964      1793378.50451211 
  -11975342.44868657  -27809281.88925263      8332863.48844754 
    -3971757.47188445      1132816.81845012    -5005452.6455535 
    -5493011.7442256      -1866761.1275349    -15393475.32230602 
    14156167.08812082    -9747788.64094332        266485.54580118 
    -2425788.67441838    -4561466.10297323  -10710219.78758487 
    -4685547.60271658      6976059.88352091    -1882384.67287 
    -8575382.35067148    -8228110.75757483    -6758465.54203855 
    -5226242.12847783    -3767822.24178873    -5174931.13743917 
    -6380240.41081468    -6265158.88829772    -5978342.04061017 
  -13105847.34038762  -11436501.25077007  -24479311.48967653 
    -7995722.60516925  -42796749.59756958]
[1.81895714e+08  1.56132055e+08  1.64073583e+08  1.65355955e+08 
  1.45881888e+08  1.28434162e+08  1.46108563e+08  1.44303853e+08 
  1.53568193e+08  1.57036013e+08  1.57478749e+08  1.41816109e+08 
  1.07416752e+08  1.44503180e+08  1.39126971e+08  1.61791161e+08 
  1.60499091e+08  1.60632844e+08  1.28588085e+08  9.71514382e+07 
  1.52145459e+08  1.39457410e+08  1.62357671e+08  1.48841170e+08 
  1.62569798e+08  1.24824243e+08  1.31328569e+08  1.42869357e+08 
  1.60623046e+08  1.60969019e+08  1.54288570e+08  1.47500101e+08 
  1.54983172e+08  1.63709415e+08  1.77280876e+08]
increment_110
[1.77995225e+08  1.06254657e+08  1.08827482e+08  1.12115169e+08 
  1.09891494e+08  1.05110528e+08  9.57012571e+07  8.58757729e+07 
  8.73692880e+07  8.96217914e+07  9.21490222e+07  1.07139531e+08 
  8.33606819e+07  8.68318277e+07  8.98631939e+07  9.53774797e+07 
  9.09301309e+07  9.43752833e+07  8.37598055e+07  7.37465702e+07 
  9.48218376e+07  8.38042676e+07  9.16511891e+07  8.48169203e+07 
  9.42470714e+07  8.94314487e+07  9.21495728e+07  9.07533464e+07 
  9.70370492e+07  8.94802457e+07  1.00634701e+08  1.25725674e+08 
  1.03250889e+08  1.18840721e+08  1.69211243e+08]
[    4573709.88125481    -3392387.85507871      4476899.32353328 
      5860551.85531906    -6481357.49436878      7336807.81406501 
    -8095314.91531125      4302518.50683415      5797740.25359191 
      1519280.69393857    10366665.16900164    -7768231.06010338 
      1420820.87759456    -3259190.19897245    -3506886.95955678 
      5727698.57196812      3864959.00300909      6146427.55926645 
      7763716.73097881  -10894357.10889421      1899793.77162543 
    -2389623.31491595        -77907.7247634        3840535.37025689 
      3179082.5642804        1378529.50194137    -8723765.79296191 
      -293209.31505439        736211.81895566      2082802.49988069 
      2822502.79883483  -22447847.76000603    -6726519.48486972 
    17158572.30172599    -1094605.0449051  ]
[14326948.65670313    8316561.47519424    8813028.01364412  16027659.29837885 
  20558278.8264256      5192376.07171515    9038184.09592783    7330525.01168052 
    9697508.55424399    6000371.78697326    7581914.10553997  18464898.20649571 
  -1245166.76440687  10521236.57599235    7911602.04077203    6081429.20976388 
    7737006.94385536    9560917.63592938    6710669.30280233    1511180.44634089 
    3145703.21041818    8283420.93662776    6405640.40962354    4889964.83641814 
    8679752.70291325  10017223.28812434    2460849.44529728    5182715.27526934 
    6671927.11591804    6407498.90893977    6534112.36163929  13732545.45965941 
    7835132.98822326  -2562042.96267645    5530943.55448161]
[    4573709.88125481    -3392387.85507871      4476899.32353328 
      5860551.85531906    -6481357.49436878      7336807.81406501 
    -8095314.91531125      4302518.50683415      5797740.25359191 
      1519280.69393857    10366665.16900164    -7768231.06010338 
      1420820.87759456    -3259190.19897245    -3506886.95955678 
      5727698.57196812      3864959.00300909      6146427.55926645 
      7763716.73097881  -10894357.10889421      1899793.77162543 
    -2389623.31491595        -77907.7247634        3840535.37025689 
      3179082.5642804        1378529.50194137    -8723765.79296191 
      -293209.31505439        736211.81895566      2082802.49988069 
      2822502.79883483  -22447847.76000603    -6726519.48486972 
    17158572.30172599    -1094605.0449051  ]
[  78513514.48969129    20463622.04817072    27713407.84270008 
    23266206.97922574    12480508.73985486    19535748.08461467 
    10484877.99034495      5679455.59418204      7294008.6235945 
    11672280.50576772    14238301.66083949      9867828.17350257 
      -914370.46068658      3830116.31027922      6541128.00590937 
    17323825.02175492    12119691.5410045      15246826.14132607 
      1703916.64499652  -10393855.83944415    16268993.45270456 
      2161884.03136394    13606466.08565763      6908419.35682231 
    15428638.44589796      1720256.11061276    11615358.06026766 
      9787494.62905623    18009602.50680383    12332121.8516102 
    20287104.79200334    33572835.40955966    20924012.9985362 
    41580917.28575858    80939474.30039573]
[-22144085.73302484    -1948987.18324684      3265934.84601741 
  -13302962.0418233    -29662436.23348786      8910156.52183708 
    -4316836.46584144      1647949.27158576    -5031728.8788809 
    -5075146.53312287    -2236370.49380743  -15212476.19935921 
    15485866.02123897  -10302051.04126864          99082.40358548 
    -1933013.76848648    -4010833.66381944  -10785155.49495933 
    -6399665.84290764      7265642.34390789    -1772206.47399294 
    -9522265.46347558    -8175480.63513081    -6429118.62110296 
    -4752195.78329378    -3408342.22185839    -4819416.68192231 
    -6695552.63679468    -6027570.8054103      -5719345.72716507 
  -12795138.63581693  -10279944.24183315  -24543418.53680334 
    -8920003.89298031  -42150545.94986863]
[14326948.65670313    8316561.47519424    8813028.01364412  16027659.29837885 
  20558278.8264256      5192376.07171515    9038184.09592783    7330525.01168052 
    9697508.55424399    6000371.78697326    7581914.10553997  18464898.20649571 
  -1245166.76440687  10521236.57599235    7911602.04077203    6081429.20976388 
    7737006.94385536    9560917.63592938    6710669.30280233    1511180.44634089 
    3145703.21041818    8283420.93662776    6405640.40962354    4889964.83641814 
    8679752.70291325  10017223.28812434    2460849.44529728    5182715.27526934 
    6671927.11591804    6407498.90893977    6534112.36163929  13732545.45965941 
    7835132.98822326  -2562042.96267645    5530943.55448161]
[-22144085.73302484    -1948987.18324684      3265934.84601741 
  -13302962.0418233    -29662436.23348786      8910156.52183708 
    -4316836.46584144      1647949.27158576    -5031728.8788809 
    -5075146.53312287    -2236370.49380743  -15212476.19935921 
    15485866.02123897  -10302051.04126864          99082.40358548 
    -1933013.76848648    -4010833.66381944  -10785155.49495933 
    -6399665.84290764      7265642.34390789    -1772206.47399294 
    -9522265.46347558    -8175480.63513081    -6429118.62110296 
    -4752195.78329378    -3408342.22185839    -4819416.68192231 
    -6695552.63679468    -6027570.8054103      -5719345.72716507 
  -12795138.63581693  -10279944.24183315  -24543418.53680334 
    -8920003.89298031  -42150545.94986863]
[1.85824372e+08  1.59482049e+08  1.65644980e+08  1.70999128e+08 
  1.47807731e+08  1.32145168e+08  1.48109306e+08  1.48247120e+08 
  1.55787944e+08  1.61044592e+08  1.59570720e+08  1.45424286e+08 
  1.09490253e+08  1.46839211e+08  1.42128161e+08  1.64630424e+08 
  1.63121485e+08  1.63586871e+08  1.31268152e+08  9.75324250e+07 
  1.54458274e+08  1.43231741e+08  1.65892516e+08  1.51560412e+08 
  1.64893589e+08  1.26664888e+08  1.33191795e+08  1.45732691e+08 
  1.63937144e+08  1.63149880e+08  1.56540378e+08  1.51741177e+08 
  1.57132716e+08  1.67917373e+08  1.79377171e+08]
increment_120
[1.83117570e+08  1.09292480e+08  1.13313431e+08  1.18375008e+08 
  1.13486077e+08  1.09324214e+08  9.73775473e+07  8.93408398e+07 
  8.98453651e+07  9.25420874e+07  9.35695511e+07  1.11664431e+08 
  8.57387350e+07  8.98686064e+07  9.07844238e+07  9.76337968e+07 
  9.27096029e+07  9.78345424e+07  8.43460390e+07  7.18585216e+07 
  9.47600664e+07  8.59427104e+07  9.37830267e+07  8.65754951e+07 
  9.57977630e+07  9.28898116e+07  9.32458547e+07  9.03913710e+07 
  9.81323598e+07  9.05927289e+07  1.03196435e+08  1.29157516e+08 
  1.03601005e+08  1.20455787e+08  1.72278040e+08]
[    5212755.80069152    -4076493.62610244      3876219.91399664 
      5031229.60440124    -7805902.71945308      7326519.11634553 
    -9574899.09541203      3809268.26525439      4549792.61913043 
      1312448.59916219      9378698.96071845    -8116537.33756434 
        785139.33775331    -4625984.38187827    -3868595.02860391 
      5774294.67955783      3575373.01902524      5157680.5414207 
      7073454.76725288  -11296640.4184793        1780157.71295128 
    -3223098.2057064        -529042.3571578        3886177.00217372 
      3145476.87629186      -601958.99164508    -6860008.51052771 
      1079342.98583008      1309800.36181979      1699466.01508327 
      3792846.2046858    -22478218.38588575    -6453779.26285878 
    18697969.57837256    -1182204.49382874]
[14637695.49674705    8756850.12314762    9279579.85307775  17182475.19376504 
  21992208.74298024    5591042.0048439      9644003.81587185    7794707.78949175 
  10162508.01922333    6038729.55846383    8420048.32237216  19482685.16415735 
    -964320.3470816    11186246.78285598    8464040.59084259    6232250.66298823 
    8144404.07155316  10377402.6220822      7607063.87590952    1864423.57092551 
    3275536.21743155    8862821.4836479      6529255.66053317    4966735.27600128 
    9322114.16447736  11572228.28799407    1571543.15107856    4508515.22013385 
    6648315.70401571    6868676.87120421    6399673.6415627    13797291.07616092 
    7693624.17376427  -2932366.72055551    5655988.50373492]
[    5212755.80069152    -4076493.62610244      3876219.91399664 
      5031229.60440124    -7805902.71945308      7326519.11634553 
    -9574899.09541203      3809268.26525439      4549792.61913043 
      1312448.59916219      9378698.96071845    -8116537.33756434 
        785139.33775331    -4625984.38187827    -3868595.02860391 
      5774294.67955783      3575373.01902524      5157680.5414207 
      7073454.76725288  -11296640.4184793        1780157.71295128 
    -3223098.2057064        -529042.3571578        3886177.00217372 
      3145476.87629186      -601958.99164508    -6860008.51052771 
      1079342.98583008      1309800.36181979      1699466.01508327 
      3792846.2046858    -22478218.38588575    -6453779.26285878 
    18697969.57837256    -1182204.49382874]
[  82058087.05935368    22073905.49927863    30442938.30078283 
    26131831.30285778    12104972.37908149    22448915.68968925 
    10490984.69298111      7812552.89245198      7997766.37610702 
    13570291.49166993    13846895.20879219    11512111.82665905 
        472917.70164533      5155393.8542079        6461300.49206464 
    18593643.39732659    12674260.467532        16857654.52772539 
        997054.79922105  -12230118.18169981    15541664.14179581 
      3136589.30647358    14726165.06265431      7691331.87019637 
    15672679.77650329      2157534.55654435    12345779.8716628 
      9397193.93955571    18526838.78054056    12270838.67161878 
    21911163.21619397    36248740.42108287    20475753.03747033 
    42319343.88532437    82416447.13700679]
[-23878639.81457523    -1566448.68294566      4383948.73377113 
  -14703041.78905196  -29434723.61295921      9399973.46641218 
    -4740530.19457519      2286118.82591841    -4995310.45732916 
    -4679588.95943656    -3288436.59203574  -14448802.23704459 
    16651470.96536473  -10821597.95303194          61901.94526342 
    -1498505.52432184    -3418148.11182792  -10856211.96083686 
    -8053942.24408974      7661603.82703269    -1922260.36307629 
  -10354699.61089697    -8106540.67679197    -6020084.94306415 
    -4284550.42484314    -3460618.97909204    -5032486.42657771 
    -6786804.23515238    -5595151.43474678    -5394621.6958067 
  -12382772.67075448    -8941124.64021695  -24382976.53937843 
    -9386419.67707754  -41373313.36121053]
[14637695.49674705    8756850.12314762    9279579.85307775  17182475.19376504 
  21992208.74298024    5591042.0048439      9644003.81587185    7794707.78949175 
  10162508.01922333    6038729.55846383    8420048.32237216  19482685.16415735 
    -964320.3470816    11186246.78285598    8464040.59084259    6232250.66298823 
    8144404.07155316  10377402.6220822      7607063.87590952    1864423.57092551 
    3275536.21743155    8862821.4836479      6529255.66053317    4966735.27600128 
    9322114.16447736  11572228.28799407    1571543.15107856    4508515.22013385 
    6648315.70401571    6868676.87120421    6399673.6415627    13797291.07616092 
    7693624.17376427  -2932366.72055551    5655988.50373492]
[-23878639.81457523    -1566448.68294566      4383948.73377113 
  -14703041.78905196  -29434723.61295921      9399973.46641218 
    -4740530.19457519      2286118.82591841    -4995310.45732916 
    -4679588.95943656    -3288436.59203574  -14448802.23704459 
    16651470.96536473  -10821597.95303194          61901.94526342 
    -1498505.52432184    -3418148.11182792  -10856211.96083686 
    -8053942.24408974      7661603.82703269    -1922260.36307629 
  -10354699.61089697    -8106540.67679197    -6020084.94306415 
    -4284550.42484314    -3460618.97909204    -5032486.42657771 
    -6786804.23515238    -5595151.43474678    -5394621.6958067 
  -12382772.67075448    -8941124.64021695  -24382976.53937843 
    -9386419.67707754  -41373313.36121053]
[1.89201207e+08  1.62435392e+08  1.68264228e+08  1.76103464e+08 
  1.49635014e+08  1.35484482e+08  1.49688223e+08  1.51596895e+08 
  1.57819725e+08  1.64861650e+08  1.61921566e+08  1.49148802e+08 
  1.11222420e+08  1.49396954e+08  1.44472292e+08  1.67818313e+08 
  1.65717291e+08  1.66637068e+08  1.34505409e+08  9.81540065e+07 
  1.56358433e+08  1.46516920e+08  1.69194342e+08  1.54057822e+08 
  1.66954298e+08  1.29403495e+08  1.35236710e+08  1.48394460e+08 
  1.67197724e+08  1.65302264e+08  1.58827849e+08  1.55424356e+08 
  1.59023213e+08  1.71326923e+08  1.81434770e+08]
