inc
sigma_11
sigma_12
sigma_13
sigma_21
sigma_22
sigma_23
sigma_31
sigma_32
sigma_33
increment_0
[-1.10562649e-05  -1.10562649e-05  -1.10562649e-05  -1.10562649e-05 
  -1.10562649e-05  -1.10562649e-05  -1.10562649e-05  -1.10562649e-05 
  -1.10562649e-05  -1.10562649e-05  -1.10562649e-05  -1.10562649e-05 
  -1.10562649e-05  -1.10562649e-05]
[1.33367098e-06  1.33367098e-06  1.33367098e-06  1.33367098e-06 
  1.33367098e-06  1.33367098e-06  1.33367098e-06  1.33367098e-06 
  1.33367098e-06  1.33367098e-06  1.33367098e-06  1.33367098e-06 
  1.33367098e-06  1.33367098e-06]
[3.92622583e-06  3.92622583e-06  3.92622583e-06  3.92622583e-06 
  3.92622583e-06  3.92622583e-06  3.92622583e-06  3.92622583e-06 
  3.92622583e-06  3.92622583e-06  3.92622583e-06  3.92622583e-06 
  3.92622583e-06  3.92622583e-06]
[1.33367098e-06  1.33367098e-06  1.33367098e-06  1.33367098e-06 
  1.33367098e-06  1.33367098e-06  1.33367098e-06  1.33367098e-06 
  1.33367098e-06  1.33367098e-06  1.33367098e-06  1.33367098e-06 
  1.33367098e-06  1.33367098e-06]
[-3.4119902e-05  -3.4119902e-05  -3.4119902e-05  -3.4119902e-05 
  -3.4119902e-05  -3.4119902e-05  -3.4119902e-05  -3.4119902e-05 
  -3.4119902e-05  -3.4119902e-05  -3.4119902e-05  -3.4119902e-05 
  -3.4119902e-05  -3.4119902e-05]
[-1.43267924e-06  -1.43267924e-06  -1.43267924e-06  -1.43267924e-06 
  -1.43267924e-06  -1.43267924e-06  -1.43267924e-06  -1.43267924e-06 
  -1.43267924e-06  -1.43267924e-06  -1.43267924e-06  -1.43267924e-06 
  -1.43267924e-06  -1.43267924e-06]
[3.92622583e-06  3.92622583e-06  3.92622583e-06  3.92622583e-06 
  3.92622583e-06  3.92622583e-06  3.92622583e-06  3.92622583e-06 
  3.92622583e-06  3.92622583e-06  3.92622583e-06  3.92622583e-06 
  3.92622583e-06  3.92622583e-06]
[-1.43267924e-06  -1.43267924e-06  -1.43267924e-06  -1.43267924e-06 
  -1.43267924e-06  -1.43267924e-06  -1.43267924e-06  -1.43267924e-06 
  -1.43267924e-06  -1.43267924e-06  -1.43267924e-06  -1.43267924e-06 
  -1.43267924e-06  -1.43267924e-06]
[-5.35452383e-06  -5.35452383e-06  -5.35452383e-06  -5.35452383e-06 
  -5.35452383e-06  -5.35452383e-06  -5.35452383e-06  -5.35452383e-06 
  -5.35452383e-06  -5.35452383e-06  -5.35452383e-06  -5.35452383e-06 
  -5.35452383e-06  -5.35452383e-06]
increment_10
[1.15820029e+08  9.40437681e+07  7.63904283e+07  9.00169550e+07 
  8.62505404e+07  8.82966992e+07  8.83613263e+07  1.05320300e+08 
  7.93325743e+07  8.22172967e+07  8.86597666e+07  1.19913329e+08 
  1.10050676e+08  1.21636395e+08]
[    2834362.91477019    -7583391.35859466    -6324572.86071609 
      2160108.974922        -1951028.76388317  -11557921.36171312 
      3902071.73236942      5191893.1101715      -7186985.97712581 
  -19085997.05882177      9901167.80197218      9984336.92939607 
    -2810579.84227913      6354641.48363624]
[  8994088.20952404  19923058.1595057    18222190.31704534  29003001.16662361 
  23278176.54329868  18724554.86729196  25650482.31573882  26550959.40250502 
  25713280.53840451  14229361.49902603  23395844.56640659  33450461.00062122 
  20375073.7721822    36220301.15814887]
[    2834362.91477019    -7583391.35859466    -6324572.86071609 
      2160108.974922        -1951028.76388317  -11557921.36171312 
      3902071.73236942      5191893.1101715      -7186985.97712581 
  -19085997.05882177      9901167.80197218      9984336.92939607 
    -2810579.84227913      6354641.48363624]
[  17055176.1408351        5746200.46281374        984948.06187568 
  -18083830.57432425    -6543551.52730408    12212976.24409078 
  -14440603.37230351    -3000320.92921831    -3925231.26331148 
    14263331.44466888  -22010795.52178773      4783814.23922067 
    19349426.54306792      6700769.36195278]
[-19772043.57329686  -24444038.35542325  -21983903.95582262 
    -8337719.78744644  -22450083.44708112  -19355120.16420503 
  -14663356.0219005      -8119562.51565452  -12336759.74896762 
    -5825507.39488033  -14260408.06331334      8334388.31211371 
    -2728218.84342321    13440760.51101493]
[  8994088.20952404  19923058.1595057    18222190.31704534  29003001.16662361 
  23278176.54329868  18724554.86729196  25650482.31573882  26550959.40250502 
  25713280.53840451  14229361.49902603  23395844.56640659  33450461.00062122 
  20375073.7721822    36220301.15814887]
[-19772043.57329686  -24444038.35542325  -21983903.95582262 
    -8337719.78744644  -22450083.44708112  -19355120.16420503 
  -14663356.0219005      -8119562.51565452  -12336759.74896762 
    -5825507.39488033  -14260408.06331334      8334388.31211371 
    -2728218.84342321    13440760.51101493]
[8.89593545e+07  9.29519591e+07  9.64182789e+07  8.30343157e+07 
  8.76853030e+07  1.09017878e+08  8.53280781e+07  9.88946869e+07 
  1.06556290e+08  1.17596441e+08  7.11806892e+07  1.27261523e+08 
  1.26291586e+08  1.35408828e+08]
increment_20
[1.19995159e+08  9.51522362e+07  7.56424505e+07  8.99220502e+07 
  8.46910415e+07  8.82741114e+07  9.12514579e+07  1.10582192e+08 
  8.46508429e+07  8.77448770e+07  8.99007055e+07  1.21008660e+08 
  1.11688370e+08  1.26304099e+08]
[    4829493.61032943    -8647736.96568732    -4462337.99106811 
      2935976.16032034    -2079414.48980284  -13653592.94106705 
      6094128.4714792        8686882.2940766      -3762118.50917122 
  -18130100.66579521    10292356.72171555      9433739.94662598 
    -2169745.62256255      5372440.68224668]
[11976686.43188777  22049255.25429673  20030280.30571788  31764125.71503469 
  24782118.00115035  22841889.87628658  28244389.22696202  27174191.94045427 
  27412549.58369572  16516473.35715        25758800.50205542  34812591.86010382 
  24444326.65666546  38787658.42637689]
[    4829493.61032943    -8647736.96568732    -4462337.99106811 
      2935976.16032034    -2079414.48980284  -13653592.94106705 
      6094128.4714792        8686882.2940766      -3762118.50917122 
  -18130100.66579521    10292356.72171555      9433739.94662598 
    -2169745.62256255      5372440.68224668]
[  14007694.24389735      4501078.66637095        288625.35250771 
  -24924902.34573869    -9846414.33541384    11658448.67605848 
  -17699684.58252675    -5043627.55065362    -3671557.03478422 
    16137166.59237946  -25876334.63751004      3820070.07925277 
    16294091.06970561      8247811.22713831]
[-18944935.93658524  -25485947.65506452  -21742380.45766197 
    -4754390.35147088  -23643216.49824773  -19117444.57083298 
  -10037716.40401669  -10121530.82212657    -9200794.94685215 
    -3912404.01197088  -13451083.18813456      8855145.88872001 
      4250643.37308565    17039917.59149925]
[11976686.43188777  22049255.25429673  20030280.30571788  31764125.71503469 
  24782118.00115035  22841889.87628658  28244389.22696202  27174191.94045427 
  27412549.58369572  16516473.35715        25758800.50205542  34812591.86010382 
  24444326.65666546  38787658.42637689]
[-18944935.93658524  -25485947.65506452  -21742380.45766197 
    -4754390.35147088  -23643216.49824773  -19117444.57083298 
  -10037716.40401669  -10121530.82212657    -9200794.94685215 
    -3912404.01197088  -13451083.18813456      8855145.88872001 
      4250643.37308565    17039917.59149925]
[9.20362679e+07  9.66155624e+07  1.01306281e+08  8.50872811e+07 
  8.84125494e+07  1.16997531e+08  9.07310884e+07  9.76659160e+07 
  1.14119144e+08  1.27481427e+08  7.14508471e+07  1.32191408e+08 
  1.37035432e+08  1.46487816e+08]
increment_30
[1.23803388e+08  9.47621743e+07  7.47156558e+07  9.13856992e+07 
  8.55214797e+07  8.98385789e+07  9.28326596e+07  1.14499572e+08 
  8.80442292e+07  9.11006852e+07  9.20040268e+07  1.22047542e+08 
  1.14734350e+08  1.29360798e+08]
[    6396068.62176508    -9738309.18721438    -4011931.51603618 
      3380433.08294301    -1349563.25551634  -14060737.57575549 
      7165015.51552571      9782645.63988907    -1830010.7774482 
  -17500203.43236886    10005244.76332361      8845580.60295318 
    -1103102.00682148      4597508.22956621]
[14252949.98254236  23313304.42553556  21462040.90556108  34189629.85866667 
  26094532.50797409  24616261.61661895  30519181.43415313  27428562.55668504 
  29032682.45167113  18428241.4464478    27773901.26028598  35538247.29707691 
  26891139.4202865    40759083.59788138]
[    6396068.62176508    -9738309.18721438    -4011931.51603618 
      3380433.08294301    -1349563.25551634  -14060737.57575549 
      7165015.51552571      9782645.63988907    -1830010.7774482 
  -17500203.43236886    10005244.76332361      8845580.60295318 
    -1103102.00682148      4597508.22956621]
[  11769978.2935622        2982031.68047612      -480580.03063839 
  -29896827.70674656  -11660793.5290134      11723396.08904804 
  -20974401.64452677    -4693609.76674278    -5350367.91705664 
    15992392.01802555  -27855793.24254134      3170661.69020764 
    13998014.53838289      8306583.0723623  ]
[-18103150.4642228    -26743026.80663739  -21410055.49003457 
    -2115796.84297774  -24572771.42485415  -18069010.3631485 
    -6546765.65826495  -13015350.84590509    -6171056.09303896 
    -2758108.57435104  -13087648.70820658      8143901.14443673 
      9156372.40056687    18963626.64265916]
[14252949.98254236  23313304.42553556  21462040.90556108  34189629.85866667 
  26094532.50797409  24616261.61661895  30519181.43415313  27428562.55668504 
  29032682.45167113  18428241.4464478    27773901.26028598  35538247.29707691 
  26891139.4202865    40759083.59788138]
[-18103150.4642228    -26743026.80663739  -21410055.49003457 
    -2115796.84297774  -24572771.42485415  -18069010.3631485 
    -6546765.65826495  -13015350.84590509    -6171056.09303896 
    -2758108.57435104  -13087648.70820658      8143901.14443673 
      9156372.40056687    18963626.64265916]
[9.51889537e+07  9.91519746e+07  1.05643601e+08  8.76375638e+07 
  9.01789425e+07  1.23270759e+08  9.55962824e+07  9.84876265e+07 
  1.19730864e+08  1.34677131e+08  7.33415492e+07  1.35746415e+08 
  1.45227398e+08  1.53685016e+08]
increment_40
[1.26728971e+08  9.45890936e+07  7.40120024e+07  9.30170690e+07 
  8.72381861e+07  9.20051806e+07  9.40474850e+07  1.18107980e+08 
  9.10679826e+07  9.35229672e+07  9.39595241e+07  1.22708174e+08 
  1.18051474e+08  1.32322914e+08]
[    7385327.02830678  -10296111.2417639      -4792381.93741677 
      3044510.47709143      -298261.72873737  -13565309.02929021 
      7543358.97046137    10286623.88320663      -696120.02625554 
  -16734479.03184107      9118248.61086527      8009703.06640647 
        104374.6373964        4041600.12325472]
[16671080.54470484  24459955.29092585  23095002.94605776  36239847.66578541 
  27643942.59253994  25959057.6781572    32395239.20492516  27607972.35282963 
  30702638.21508656  20014708.10706446  29535253.43924558  36391340.22059272 
  29225575.57999381  42397807.28174692]
[    7385327.02830678  -10296111.2417639      -4792381.93741677 
      3044510.47709143      -298261.72873737  -13565309.02929021 
      7543358.97046137    10286623.88320663      -696120.02625554 
  -16734479.03184107      9118248.61086527      8009703.06640647 
        104374.6373964        4041600.12325472]
[  10237210.59924825      1781609.99413069    -1959773.46432266 
  -33299142.55155629  -13295819.4334559      11228034.17289826 
  -23587929.47849682    -3438661.68687232    -7804331.5289821 
    14812782.89074395  -29308784.20983719      2234562.00285163 
    11860945.62345995      8329824.85138596]
[-17391094.72333711  -27758967.56983527  -20505235.66302145 
      -598994.87347641  -24714801.43569189  -16001262.0450649 
    -4196849.3052506    -16191646.75029321    -2330146.39707385 
    -2048810.71345271  -13041876.98586745      8090451.50527592 
    11992662.35674067    20020611.44718938]
[16671080.54470484  24459955.29092585  23095002.94605776  36239847.66578541 
  27643942.59253994  25959057.6781572    32395239.20492516  27607972.35282963 
  30702638.21508656  20014708.10706446  29535253.43924558  36391340.22059272 
  29225575.57999381  42397807.28174692]
[-17391094.72333711  -27758967.56983527  -20505235.66302145 
      -598994.87347641  -24714801.43569189  -16001262.0450649 
    -4196849.3052506    -16191646.75029321    -2330146.39707385 
    -2048810.71345271  -13041876.98586745      8090451.50527592 
    11992662.35674067    20020611.44718938]
[9.93561749e+07  1.02130777e+08  1.10299678e+08  9.04392558e+07 
  9.27397188e+07  1.29452027e+08  1.00042911e+08  9.97324113e+07 
  1.25969142e+08  1.40417763e+08  7.52100164e+07  1.39635725e+08 
  1.52127457e+08  1.59471325e+08]
increment_50
[1.28498672e+08  9.51024899e+07  7.37330542e+07  9.48818059e+07 
  8.99412213e+07  9.47463922e+07  9.51688145e+07  1.21033296e+08 
  9.35503328e+07  9.53721833e+07  9.58924176e+07  1.23677069e+08 
  1.21518442e+08  1.35294300e+08]
[    8132397.70895196  -10338109.17451229    -6292341.61036061 
      2369757.19939351      1043376.60470202  -12696602.63640869 
      7226235.00731272    10446468.69256523      -202767.1695761 
  -15860736.53097025      7720576.4464055        6926347.98704646 
      1295858.74423063      3611573.89977476]
[18942635.62699238  25661304.6316422    24482605.96884837  37807327.75864488 
  29499136.33215983  27309173.29229616  33869018.07829501  28075326.66781472 
  32311499.5250668    21234001.64468947  31129387.66299295  37385984.22989699 
  31372037.10272004  43841790.67001614]
[    8132397.70895196  -10338109.17451229    -6292341.61036061 
      2369757.19939351      1043376.60470202  -12696602.63640869 
      7226235.00731272    10446468.69256523      -202767.1695761 
  -15860736.53097025      7720576.4464055        6926347.98704646 
      1295858.74423063      3611573.89977476]
[    9229155.5420709        1071148.78531643    -4170493.11685695 
  -35277250.45425487  -14849002.45001224      9920296.6422992 
  -25135173.86797663    -2304405.20481956  -11010385.90100078 
    13077511.10201151  -30316111.30461615      1575997.70162956 
    10396391.30217632      8387526.51574265]
[-16564481.04663065  -28065538.72845116  -19347710.7772074 
      -223117.66064457  -23791531.87083726  -13399679.28038901 
    -3038140.7680621    -18680074.45954911      1977721.58979703 
    -1772794.21748771  -13131459.90035503      8912222.98959663 
    12789817.00257132    20583125.90510476]
[18942635.62699238  25661304.6316422    24482605.96884837  37807327.75864488 
  29499136.33215983  27309173.29229616  33869018.07829501  28075326.66781472 
  32311499.5250668    21234001.64468947  31129387.66299295  37385984.22989699 
  31372037.10272004  43841790.67001614]
[-16564481.04663065  -28065538.72845116  -19347710.7772074 
      -223117.66064457  -23791531.87083726  -13399679.28038901 
    -3038140.7680621    -18680074.45954911      1977721.58979703 
    -1772794.21748771  -13131459.90035503      8912222.98959663 
    12789817.00257132    20583125.90510476]
[1.04288805e+08  1.06249486e+08  1.14627902e+08  9.34413540e+07 
  9.64072553e+07  1.35398752e+08  1.04074373e+08  1.01601333e+08 
  1.32799358e+08  1.45037928e+08  7.70370519e+07  1.44584914e+08 
  1.57704487e+08  1.64312670e+08]
increment_60
[1.28895012e+08  9.71344486e+07  7.43615143e+07  9.72764590e+07 
  9.35543170e+07  9.80679597e+07  9.60159205e+07  1.22736235e+08 
  9.55899664e+07  9.72906669e+07  9.77438389e+07  1.24918134e+08 
  1.25106867e+08  1.37988341e+08]
[    8804828.29020689    -9565761.28865078    -7954944.14267498 
      1742882.69644119      2714610.57829698  -11176309.71813629 
      6531349.91359958    10272392.42633067        157244.15534523 
  -14714415.44465909      5998465.04256801      5592493.07058753 
      2125250.56645202      3262202.01096688]
[20879958.85475625  27280406.40577154  25076479.22474184  38770306.13154536 
  31768976.37760992  29303096.16443943  35181569.15612862  29009277.19819635 
  34068206.82741171  22304312.10162232  32774983.95999162  38319237.09901115 
  33122308.97413714  45152795.27921562]
[    8804828.29020689    -9565761.28865078    -7954944.14267498 
      1742882.69644119      2714610.57829698  -11176309.71813629 
      6531349.91359958    10272392.42633067        157244.15534523 
  -14714415.44465909      5998465.04256801      5592493.07058753 
      2125250.56645202      3262202.01096688]
[    8285964.74146578        434457.96955717    -6548088.03682985 
  -36001525.86587097  -16762145.19681608      6932533.79294727 
  -26297211.26416291    -2114955.42408801  -15044342.23521552 
    10745858.0957253    -31171419.35107331      1280419.16956706 
      9720625.78804761      8187528.00790422]
[-15868201.25861597  -26947514.86017771  -18394844.96316001 
    -1028971.7500314    -21287907.40240327  -10676572.57703359 
    -2502225.13075132  -19766440.43787957      6117754.21392734 
    -1148563.96026531  -12896788.97716979      9971739.36303411 
    12901936.80044135    20962815.73572499]
[20879958.85475625  27280406.40577154  25076479.22474184  38770306.13154536 
  31768976.37760992  29303096.16443943  35181569.15612862  29009277.19819635 
  34068206.82741171  22304312.10162232  32774983.95999162  38319237.09901115 
  33122308.97413714  45152795.27921562]
[-15868201.25861597  -26947514.86017771  -18394844.96316001 
    -1028971.7500314    -21287907.40240327  -10676572.57703359 
    -2502225.13075132  -19766440.43787957      6117754.21392734 
    -1148563.96026531  -12896788.97716979      9971739.36303411 
    12901936.80044135    20962815.73572499]
[1.08936236e+08  1.11960457e+08  1.17835655e+08  9.61931805e+07 
  1.01663134e+08  1.40374606e+08  1.07609191e+08  1.04351095e+08 
  1.39604199e+08  1.49311564e+08  7.91746359e+07  1.49915372e+08 
  1.62566552e+08  1.68200608e+08]
increment_70
[1.28003429e+08  1.00663789e+08  7.57068151e+07  9.97666451e+07 
  9.74705242e+07  1.01717476e+08  9.66415913e+07  1.22959300e+08 
  9.73168822e+07  9.95801328e+07  9.94513405e+07  1.26425305e+08 
  1.28875919e+08  1.40303672e+08]
[    9364537.6856051      -8038948.24934066    -9740886.06413932 
      1213670.40233337      4215358.10407351    -8440872.93767279 
      5594189.79338796      9728920.81530801        399080.94988255 
  -13089563.29008615      4229398.93443096      4115410.10804099 
      2002804.06232017      3081036.12915316]
[22542513.33606882  29491323.64553954  25073257.57860778  39379507.99063797 
  34525166.3979841    32598577.51214153  36481575.65200529  30367294.08843401 
  36112472.54173495  23584115.3918187    34636614.73354632  39167334.90216324 
  34292752.56378677  46328670.95504992]
[    9364537.6856051      -8038948.24934066    -9740886.06413932 
      1213670.40233337      4215358.10407351    -8440872.93767279 
      5594189.79338796      9728920.81530801        399080.94988255 
  -13089563.29008615      4229398.93443096      4115410.10804099 
      2002804.06232017      3081036.12915316]
[    7358205.44606201      -802404.52772177    -8753115.03359462 
  -36178356.03444177  -19558781.3969763        1907923.784681 
  -27360850.14560826    -3225347.00544565  -18674871.90994488 
      7101988.78706989  -32104390.49060368      1328847.17769252 
    10349368.83261347      7668017.15647322]
[-15153075.44605119  -23901812.93293636  -18192545.06237011 
    -2539423.53847948  -17061415.29616363    -8561498.76560002 
    -2167779.17771385  -19102452.0904894        8426904.11730181 
        878517.66197328  -12047078.85683554    10432474.29177596 
    12876443.89602015    21252573.92851074]
[22542513.33606882  29491323.64553954  25073257.57860778  39379507.99063797 
  34525166.3979841    32598577.51214153  36481575.65200529  30367294.08843401 
  36112472.54173495  23584115.3918187    34636614.73354632  39167334.90216324 
  34292752.56378677  46328670.95504992]
[-15153075.44605119  -23901812.93293636  -18192545.06237011 
    -2539423.53847948  -17061415.29616363    -8561498.76560002 
    -2167779.17771385  -19102452.0904894        8426904.11730181 
        878517.66197328  -12047078.85683554    10432474.29177596 
    12876443.89602015    21252573.92851074]
[1.13615509e+08  1.19636395e+08  1.19770468e+08  9.83601374e+07 
  1.08683848e+08  1.43954539e+08  1.10531709e+08  1.08221353e+08 
  1.45368788e+08  1.54084530e+08  8.20985433e+07  1.54769522e+08 
  1.67437290e+08  1.71259158e+08]
increment_80
[1.26089675e+08  1.04912521e+08  7.73106935e+07  1.01681560e+08 
  1.00886366e+08  1.05405847e+08  9.75995481e+07  1.22676339e+08 
  9.91034568e+07  1.01860621e+08  1.01021423e+08  1.28280410e+08 
  1.32769894e+08  1.42186233e+08]
[    9880022.35046015    -6189052.35545462  -11134800.35860316 
        575623.14822433      4906566.40524933    -5572399.90877526 
      4407916.83664596      8846031.02675529        358163.68180352 
  -11175762.85074189      2380991.90592965      2950861.84801943 
      1357375.91112471      3041256.52422476]
[23997059.70716537  31994369.46799993  24929365.80258219  40162593.42336273 
  37424603.33010934  36525584.28526562  37963819.42461281  31902588.41470629 
  38029750.38412778  25416799.24781501  36606856.88568544  40107552.69523525 
  35000692.9549139    47408740.44073497]
[    9880022.35046015    -6189052.35545462  -11134800.35860316 
        575623.14822433      4906566.40524933    -5572399.90877526 
      4407916.83664596      8846031.02675529        358163.68180352 
  -11175762.85074189      2380991.90592965      2950861.84801943 
      1357375.91112471      3041256.52422476]
[    6289668.88832823    -2707320.83588068  -11016909.23679273 
  -36489137.29198895  -22878310.97931348    -4125487.85396925 
  -27873668.05259185    -4617304.45506316  -20880545.89910041 
      2456938.63551832  -32755071.95192949      1499167.30787862 
    11882437.95817533      6670099.79851453]
[-14300693.95273404  -19935450.36400659  -18271905.01077174 
    -3636214.12500996  -12236401.98390382    -7009994.95953802 
    -1650134.74073334  -17120674.18576196      9009350.75159811 
      3040330.32540467  -10622005.01989146      9831919.56550011 
    12601281.47930407    21329449.31315028]
[23997059.70716537  31994369.46799993  24929365.80258219  40162593.42336273 
  37424603.33010934  36525584.28526562  37963819.42461281  31902588.41470629 
  38029750.38412778  25416799.24781501  36606856.88568544  40107552.69523525 
  35000692.9549139    47408740.44073497]
[-14300693.95273404  -19935450.36400659  -18271905.01077174 
    -3636214.12500996  -12236401.98390382    -7009994.95953802 
    -1650134.74073334  -17120674.18576196      9009350.75159811 
      3040330.32540467  -10622005.01989146      9831919.56550011 
    12601281.47930407    21329449.31315028]
[1.18352719e+08  1.28429401e+08  1.21280037e+08  1.00759503e+08 
  1.16780059e+08  1.46597388e+08  1.13461253e+08  1.13741927e+08 
  1.50091290e+08  1.58549018e+08  8.67300782e+07  1.58573114e+08 
  1.71992448e+08  1.73309497e+08]
increment_90
[1.23626259e+08  1.09274877e+08  7.90682671e+07  1.02328777e+08 
  1.03076548e+08  1.08869178e+08  9.93720550e+07  1.23226807e+08 
  1.01198001e+08  1.04063446e+08  1.02814826e+08  1.30188316e+08 
  1.36620801e+08  1.43710577e+08]
[  10387058.76384955    -4203663.17976865  -11713410.71804932 
      -479519.07904035      4054450.21032178    -3596269.42726188 
      2757848.64409217      7909641.1378249        -253747.1756561 
    -9371492.0668463          373358.19007278      2318934.4127843 
        644750.95164963      3109262.41348088]
[25473430.35359456  34641699.24175516  24978758.66019428  41434465.92975071 
  40054727.86379162  40172625.96090378  39911694.23216978  33301238.06034677 
  39312231.40879104  27865571.0332431    38602503.40538013  41138110.6162248 
  35647245.42650979  48485172.13639896]
[  10387058.76384955    -4203663.17976865  -11713410.71804932 
      -479519.07904035      4054450.21032178    -3596269.42726188 
      2757848.64409217      7909641.1378249        -253747.1756561 
    -9371492.0668463          373358.19007278      2318934.4127843 
        644750.95164963      3109262.41348088]
[    4731161.64505344    -5459318.49360156  -13522690.60647318 
  -37448414.64376126  -25610366.72934837  -10027007.14706938 
  -27233324.25753478    -4927542.00437206  -21537446.33818662 
    -1617355.4205152    -32587802.97394458      1458875.49794076 
    13473501.16185294      5148550.63351196]
[-13176206.04925255  -15768047.10366238  -18104818.25998705 
    -3575586.93679351    -8174268.22510186    -5532022.89981815 
      -283743.04444623  -14836679.60375017      9042566.132108 
      3627242.75425239    -8695248.66289199      8530156.18541499 
    11920404.81241114    21205306.87156765]
[25473430.35359456  34641699.24175516  24978758.66019428  41434465.92975071 
  40054727.86379162  40172625.96090378  39911694.23216978  33301238.06034677 
  39312231.40879104  27865571.0332431    38602503.40538013  41138110.6162248 
  35647245.42650979  48485172.13639896]
[-13176206.04925255  -15768047.10366238  -18104818.25998705 
    -3575586.93679351    -8174268.22510186    -5532022.89981815 
      -283743.04444623  -14836679.60375017      9042566.132108 
      3627242.75425239    -8695248.66289199      8530156.18541499 
    11920404.81241114    21205306.87156765]
[1.23138581e+08  1.37472802e+08  1.23254401e+08  1.04093772e+08 
  1.25013593e+08  1.49295814e+08  1.17433213e+08  1.20909472e+08 
  1.54605382e+08  1.61582890e+08  9.38552203e+07  1.61327499e+08 
  1.75697217e+08  1.74422110e+08]
increment_100
[1.21227272e+08  1.12861676e+08  8.02517696e+07  1.02175268e+08 
  1.04054323e+08  1.12438496e+08  1.02178750e+08  1.24775770e+08 
  1.03637243e+08  1.06638027e+08  1.04450679e+08  1.31805560e+08 
  1.40189130e+08  1.45103021e+08]
[  1.00697279e+07  -2.69924351e+06  -1.17148535e+07  -1.76687183e+06 
    2.15483895e+06  -2.10490023e+06    6.68136583e+05    7.18905027e+06 
  -1.13653293e+06  -7.73371533e+06  -1.65525552e+06    1.76294604e+06 
  -9.33320036e+03    3.26923931e+06]
[27121644.2849561    37583262.05194552  25379484.76987673  42912326.45107448 
  42294662.39898343  43652516.62522191  42290367.44000408  34497007.63612978 
  40243428.74948288  30741170.46150898  40548328.8843661    42013184.34367295 
  36297656.72267589  49572486.34347938]
[  1.00697279e+07  -2.69924351e+06  -1.17148535e+07  -1.76687183e+06 
    2.15483895e+06  -2.10490023e+06    6.68136583e+05    7.18905027e+06 
  -1.13653293e+06  -7.73371533e+06  -1.65525552e+06    1.76294604e+06 
  -9.33320036e+03    3.26923931e+06]
[    2219635.96913764    -9771817.36364197  -16571306.14308988 
  -38725146.57957758  -27783602.18098836  -15503108.6431847 
  -24984285.03532575    -4098144.41054689  -21272579.44818103 
    -4990750.47680485  -32097596.04206244      1305994.92013758 
    14854218.2109382        3462276.2602624  ]
[-10923869.27156359  -11186624.1910156    -18043327.12752814 
    -2786375.83306043    -5062287.16588715    -4043895.77292597 
      1692196.95843668  -13025175.29556992      8836262.80291247 
      3616348.21628717    -6462043.59755667      7053468.57272374 
    10985911.23045309    21006750.80956216]
[27121644.2849561    37583262.05194552  25379484.76987673  42912326.45107448 
  42294662.39898343  43652516.62522191  42290367.44000408  34497007.63612978 
  40243428.74948288  30741170.46150898  40548328.8843661    42013184.34367295 
  36297656.72267589  49572486.34347938]
[-10923869.27156359  -11186624.1910156    -18043327.12752814 
    -2786375.83306043    -5062287.16588715    -4043895.77292597 
      1692196.95843668  -13025175.29556992      8836262.80291247 
      3616348.21628717    -6462043.59755667      7053468.57272374 
    10985911.23045309    21006750.80956216]
[1.28584953e+08  1.46693897e+08  1.25236832e+08  1.08265475e+08 
  1.32654671e+08  1.52448043e+08  1.22577807e+08  1.28581894e+08 
  1.59032269e+08  1.63923719e+08  1.02464498e+08  1.63427855e+08 
  1.78752791e+08  1.75172687e+08]
increment_110
[1.19829935e+08  1.13989083e+08  7.98136351e+07  1.02406219e+08 
  1.04686898e+08  1.16291141e+08  1.05972001e+08  1.27113180e+08 
  1.06223063e+08  1.09682761e+08  1.05455440e+08  1.33161392e+08 
  1.43222272e+08  1.46649219e+08]
[    8399554.39773638    -2957077.41885949  -11582743.49416186 
    -2868971.52186274          98933.258721        -1383870.64409972 
    -1458324.53263156      6876405.07319536    -1803490.86359516 
    -6373669.41753873    -3597330.4703363        1098794.24073812 
      -524853.83026296      3566671.05837375]
[28600835.31983875  40388796.47106123  26108004.01273483  44200592.42133494 
  44033872.69507752  46715314.50337933  44701222.86783214  35590181.35829089 
  41293135.08614537  33759680.3908736    42301706.01523567  42669420.01570784 
  36707515.0280712    50651598.31197126]
[    8399554.39773638    -2957077.41885949  -11582743.49416186 
    -2868971.52186274          98933.258721        -1383870.64409972 
    -1458324.53263156      6876405.07319536    -1803490.86359516 
    -6373669.41753873    -3597330.4703363        1098794.24073812 
      -524853.83026296      3566671.05837375]
[    -571609.19470449  -14872513.71592607  -20894978.09387536 
  -39508804.99694097  -29344575.06594465  -19455640.9272057 
  -21242463.57783156    -2495400.09610883  -21069815.69802872 
    -7659338.084761      -31838671.17090933      1220084.06043554 
    15954144.3755261        2040671.69606613]
[  -7506743.9691988      -6983474.54559207  -18387524.85961277 
    -2134582.32599978    -2782049.60592618    -3311667.12710864 
      3219485.43970894  -11782719.3116271        8406120.81320446 
      3413579.87374419    -4236136.79549043      5570315.66368835 
    10001959.08176426    20702007.05322007]
[28600835.31983875  40388796.47106123  26108004.01273483  44200592.42133494 
  44033872.69507752  46715314.50337933  44701222.86783214  35590181.35829089 
  41293135.08614537  33759680.3908736    42301706.01523567  42669420.01570784 
  36707515.0280712    50651598.31197126]
[  -7506743.9691988      -6983474.54559207  -18387524.85961277 
    -2134582.32599978    -2782049.60592618    -3311667.12710864 
      3219485.43970894  -11782719.3116271        8406120.81320446 
      3413579.87374419    -4236136.79549043      5570315.66368835 
    10001959.08176426    20702007.05322007]
[1.35549954e+08  1.56308451e+08  1.26107569e+08  1.12381658e+08 
  1.39844000e+08  1.55564755e+08  1.27937694e+08  1.36022721e+08 
  1.62981817e+08  1.66029139e+08  1.11187628e+08  1.65411777e+08 
  1.81160555e+08  1.76187314e+08]
increment_120
[1.18557009e+08  1.13569533e+08  7.86805145e+07  1.03396268e+08 
  1.05597427e+08  1.20078298e+08  1.10274189e+08  1.29801325e+08 
  1.08887992e+08  1.12762053e+08  1.06167420e+08  1.34457968e+08 
  1.45848022e+08  1.48465772e+08]
[    6412867.99926928    -4397187.63869334  -11572632.04845605 
    -3645416.16579292    -1849394.1643856      -1681230.84411619 
    -3444807.43035245      6883028.61212379    -2245858.56696399 
    -5407676.52899816    -5377230.55551652        361145.81424621 
      -980777.48698041      3908755.04000979]
[30173555.02263565  42333378.86302028  26815524.10872144  45195569.11303596 
  45378027.11948332  49043456.87144063  46963294.04782304  36564761.89356224 
  42454814.88533217  36605651.76200314  43861069.73236275  43115246.95068512 
  37000494.92385947  51705775.84987496]
[    6412867.99926928    -4397187.63869334  -11572632.04845605 
    -3645416.16579292    -1849394.1643856      -1681230.84411619 
    -3444807.43035245      6883028.61212379    -2245858.56696399 
    -5407676.52899816    -5377230.55551652        361145.81424621 
      -980777.48698041      3908755.04000979]
[  -4133910.32593235  -18654020.29263654  -25891733.47697186 
  -39512454.59020506  -30109858.17603466  -21496923.11186553 
  -16688126.24525739      -462035.44045472  -21015131.96545619 
    -9742838.20350397  -31601518.5209826        1343082.01955273 
    16845352.96178947      1048536.03055781]
[  -4455170.75262869    -4579452.33093895  -18595431.4578068 
    -1929992.09379384    -1116516.94131235    -3545958.51716684 
      3776710.60456621  -10922862.86047289      7757578.08584582 
      3052321.20456245    -2055497.56528738      4014087.6386239 
      9265771.0890245      20288659.27297113]
[30173555.02263565  42333378.86302028  26815524.10872144  45195569.11303596 
  45378027.11948332  49043456.87144063  46963294.04782304  36564761.89356224 
  42454814.88533217  36605651.76200314  43861069.73236275  43115246.95068512 
  37000494.92385947  51705775.84987496]
[  -4455170.75262869    -4579452.33093895  -18595431.4578068 
    -1929992.09379384    -1116516.94131235    -3545958.51716684 
      3776710.60456621  -10922862.86047289      7757578.08584582 
      3052321.20456245    -2055497.56528738      4014087.6386239 
      9265771.0890245      20288659.27297113]
[1.42550391e+08  1.65135357e+08  1.26795828e+08  1.16025307e+08 
  1.46853223e+08  1.58310370e+08  1.32799236e+08  1.42952391e+08 
  1.66544931e+08  1.68032572e+08  1.19720287e+08  1.67385303e+08 
  1.83363479e+08  1.77653407e+08]
