inc
sigma_11
sigma_12
sigma_13
sigma_21
sigma_22
sigma_23
sigma_31
sigma_32
sigma_33
increment_0
[1.10405833e-05  1.10405833e-05  1.10405833e-05  1.10405833e-05 
  1.10405833e-05  1.10405833e-05  1.10405833e-05  1.10405833e-05 
  1.10405833e-05  1.10405833e-05  1.10405833e-05  1.10405833e-05 
  1.10405833e-05  1.10405833e-05  1.10405833e-05  1.10405833e-05 
  1.10405833e-05  1.10405833e-05  1.10405833e-05  1.10405833e-05 
  1.10405833e-05  1.10405833e-05  1.10405833e-05  1.10405833e-05 
  1.10405833e-05  1.10405833e-05  1.10405833e-05  1.10405833e-05]
[-5.90008364e-06  -5.90008364e-06  -5.90008364e-06  -5.90008364e-06 
  -5.90008364e-06  -5.90008364e-06  -5.90008364e-06  -5.90008364e-06 
  -5.90008364e-06  -5.90008364e-06  -5.90008364e-06  -5.90008364e-06 
  -5.90008364e-06  -5.90008364e-06  -5.90008364e-06  -5.90008364e-06 
  -5.90008364e-06  -5.90008364e-06  -5.90008364e-06  -5.90008364e-06 
  -5.90008364e-06  -5.90008364e-06  -5.90008364e-06  -5.90008364e-06 
  -5.90008364e-06  -5.90008364e-06  -5.90008364e-06  -5.90008364e-06]
[-4.47946066e-06  -4.47946066e-06  -4.47946066e-06  -4.47946066e-06 
  -4.47946066e-06  -4.47946066e-06  -4.47946066e-06  -4.47946066e-06 
  -4.47946066e-06  -4.47946066e-06  -4.47946066e-06  -4.47946066e-06 
  -4.47946066e-06  -4.47946066e-06  -4.47946066e-06  -4.47946066e-06 
  -4.47946066e-06  -4.47946066e-06  -4.47946066e-06  -4.47946066e-06 
  -4.47946066e-06  -4.47946066e-06  -4.47946066e-06  -4.47946066e-06 
  -4.47946066e-06  -4.47946066e-06  -4.47946066e-06  -4.47946066e-06]
[-5.90008364e-06  -5.90008364e-06  -5.90008364e-06  -5.90008364e-06 
  -5.90008364e-06  -5.90008364e-06  -5.90008364e-06  -5.90008364e-06 
  -5.90008364e-06  -5.90008364e-06  -5.90008364e-06  -5.90008364e-06 
  -5.90008364e-06  -5.90008364e-06  -5.90008364e-06  -5.90008364e-06 
  -5.90008364e-06  -5.90008364e-06  -5.90008364e-06  -5.90008364e-06 
  -5.90008364e-06  -5.90008364e-06  -5.90008364e-06  -5.90008364e-06 
  -5.90008364e-06  -5.90008364e-06  -5.90008364e-06  -5.90008364e-06]
[7.53505103e-06  7.53505103e-06  7.53505103e-06  7.53505103e-06 
  7.53505103e-06  7.53505103e-06  7.53505103e-06  7.53505103e-06 
  7.53505103e-06  7.53505103e-06  7.53505103e-06  7.53505103e-06 
  7.53505103e-06  7.53505103e-06  7.53505103e-06  7.53505103e-06 
  7.53505103e-06  7.53505103e-06  7.53505103e-06  7.53505103e-06 
  7.53505103e-06  7.53505103e-06  7.53505103e-06  7.53505103e-06 
  7.53505103e-06  7.53505103e-06  7.53505103e-06  7.53505103e-06]
[2.52800236e-06  2.52800236e-06  2.52800236e-06  2.52800236e-06 
  2.52800236e-06  2.52800236e-06  2.52800236e-06  2.52800236e-06 
  2.52800236e-06  2.52800236e-06  2.52800236e-06  2.52800236e-06 
  2.52800236e-06  2.52800236e-06  2.52800236e-06  2.52800236e-06 
  2.52800236e-06  2.52800236e-06  2.52800236e-06  2.52800236e-06 
  2.52800236e-06  2.52800236e-06  2.52800236e-06  2.52800236e-06 
  2.52800236e-06  2.52800236e-06  2.52800236e-06  2.52800236e-06]
[-4.47946066e-06  -4.47946066e-06  -4.47946066e-06  -4.47946066e-06 
  -4.47946066e-06  -4.47946066e-06  -4.47946066e-06  -4.47946066e-06 
  -4.47946066e-06  -4.47946066e-06  -4.47946066e-06  -4.47946066e-06 
  -4.47946066e-06  -4.47946066e-06  -4.47946066e-06  -4.47946066e-06 
  -4.47946066e-06  -4.47946066e-06  -4.47946066e-06  -4.47946066e-06 
  -4.47946066e-06  -4.47946066e-06  -4.47946066e-06  -4.47946066e-06 
  -4.47946066e-06  -4.47946066e-06  -4.47946066e-06  -4.47946066e-06]
[2.52800236e-06  2.52800236e-06  2.52800236e-06  2.52800236e-06 
  2.52800236e-06  2.52800236e-06  2.52800236e-06  2.52800236e-06 
  2.52800236e-06  2.52800236e-06  2.52800236e-06  2.52800236e-06 
  2.52800236e-06  2.52800236e-06  2.52800236e-06  2.52800236e-06 
  2.52800236e-06  2.52800236e-06  2.52800236e-06  2.52800236e-06 
  2.52800236e-06  2.52800236e-06  2.52800236e-06  2.52800236e-06 
  2.52800236e-06  2.52800236e-06  2.52800236e-06  2.52800236e-06]
[6.689711e-06  6.689711e-06  6.689711e-06  6.689711e-06  6.689711e-06 
  6.689711e-06  6.689711e-06  6.689711e-06  6.689711e-06  6.689711e-06 
  6.689711e-06  6.689711e-06  6.689711e-06  6.689711e-06  6.689711e-06 
  6.689711e-06  6.689711e-06  6.689711e-06  6.689711e-06  6.689711e-06 
  6.689711e-06  6.689711e-06  6.689711e-06  6.689711e-06  6.689711e-06 
  6.689711e-06  6.689711e-06  6.689711e-06]
increment_10
[7.27233824e+07  1.03667627e+08  7.81526199e+07  1.05258120e+08 
  7.96967077e+07  7.12677813e+07  8.35591940e+07  9.66603274e+07 
  9.60002254e+07  9.81399007e+07  1.04038908e+08  1.12100084e+08 
  9.48676405e+07  1.04411047e+08  1.04866242e+08  9.92937574e+07 
  1.04947192e+08  1.18124928e+08  1.16686281e+08  1.17782655e+08 
  1.21261442e+08  1.20259713e+08  1.13344630e+08  1.35288274e+08 
  1.43636027e+08  1.36735611e+08  1.25037340e+08  1.17010750e+08]
[  12093358.22053052    19406461.15978426      9979815.95313342 
    21726769.25776006  -17002700.10949849      4762374.31219546 
    -7801719.8601821      -8769675.73325809      6093838.09296968 
    -4217995.69544299    -3890070.46074599      2129094.41313343 
  -14994803.39636839  -14755821.51972836    -9168969.64973462 
    -2783966.94013452  -16085615.68737438          96983.42900683 
    -1558411.72758041      2714178.46127825      1947609.18119629 
    -6680291.4109325      -9849971.75263571    10254076.59544576 
    19414482.00092222    -2086157.67481978  -15165648.58538483 
  -24695434.97368438]
[  -6450790.28656113        929694.82032025  -13504676.40439765 
    13008318.28726894        -56244.97440942    18289865.68218818 
    -5137737.67968615    17186525.23785748    26998101.66624565 
    -9961348.11538307    -5161235.13838139    31205709.39203219 
    14435927.09646739    10577961.81978957      8052523.75010171 
  -15896905.23097233    15775445.48376906    21313825.30081489 
    11451775.14074254      -200711.30062775  -13395687.97470119 
    12887459.63302363    11795353.82048149    -1298353.60127202 
      2665122.55911972      6221834.78816664    -2443146.06543097 
      6358024.30105397]
[  12093358.22053052    19406461.15978426      9979815.95313342 
    21726769.25776006  -17002700.10949849      4762374.31219546 
    -7801719.8601821      -8769675.73325809      6093838.09296968 
    -4217995.69544299    -3890070.46074599      2129094.41313343 
  -14994803.39636839  -14755821.51972836    -9168969.64973462 
    -2783966.94013452  -16085615.68737438          96983.42900683 
    -1558411.72758041      2714178.46127825      1947609.18119629 
    -6680291.4109325      -9849971.75263571    10254076.59544576 
    19414482.00092222    -2086157.67481978  -15165648.58538483 
  -24695434.97368438]
[-13085461.56866094    15146021.11585699    -7116602.50304269 
    39465676.97403448      2922407.98566133      1175925.60009195 
      4213114.92654073    26984864.06205469    28457473.02573005 
      4975542.66450436    14602963.90847942    48828638.40597197 
    21531537.18825185    32116053.10768671    28027533.13268731 
      5973026.43601498    36927756.48930109    42975207.30073891 
    33702392.29578104    43342310.96011332    22610220.62102027 
    45406352.59110375    35264271.33836538    48833100.82404772 
    48353367.92095961    52926739.024099        47723304.23120411 
    48266377.71857779]
[15160835.65144014  19738238.87832285    7230425.16104819  11950847.12477018 
    6925658.53919944  11485513.24173785  -7577339.99922242  19119549.57730687 
  20491235.31396592      -39856.18622518      166959.2925363    18772592.14667756 
  15409291.13964815    8650948.21982913    9435008.75565642  -1895474.06198713 
    8161642.68496262  17254759.96779145  17887334.02681082  -9487565.22387692 
      809998.96890543    4198764.8290174    14048924.62039585  -6761352.23032922 
    6818234.381303        7929514.63676238  -5415607.44149563    6890259.23767434]
[  -6450790.28656113        929694.82032025  -13504676.40439765 
    13008318.28726894        -56244.97440942    18289865.68218818 
    -5137737.67968615    17186525.23785748    26998101.66624565 
    -9961348.11538307    -5161235.13838139    31205709.39203219 
    14435927.09646739    10577961.81978957      8052523.75010171 
  -15896905.23097233    15775445.48376906    21313825.30081489 
    11451775.14074254      -200711.30062775  -13395687.97470119 
    12887459.63302363    11795353.82048149    -1298353.60127202 
      2665122.55911972      6221834.78816664    -2443146.06543097 
      6358024.30105397]
[15160835.65144014  19738238.87832285    7230425.16104819  11950847.12477018 
    6925658.53919944  11485513.24173785  -7577339.99922242  19119549.57730687 
  20491235.31396592      -39856.18622518      166959.2925363    18772592.14667756 
  15409291.13964815    8650948.21982913    9435008.75565642  -1895474.06198713 
    8161642.68496262  17254759.96779145  17887334.02681082  -9487565.22387692 
      809998.96890543    4198764.8290174    14048924.62039585  -6761352.23032922 
    6818234.381303        7929514.63676238  -5415607.44149563    6890259.23767434]
[6.53861315e+07  9.04700608e+07  7.55650308e+07  1.10844267e+08 
  8.33986918e+07  7.17392320e+07  8.35749018e+07  1.00543848e+08 
  9.57560309e+07  8.18244879e+07  8.89217551e+07  1.14178084e+08 
  9.16780916e+07  1.05932987e+08  1.02726339e+08  8.96992314e+07 
  1.06040583e+08  1.09018656e+08  1.04334542e+08  1.21001391e+08 
  1.00910334e+08  1.09317389e+08  1.05546496e+08  1.21345473e+08 
  1.18110378e+08  1.23692620e+08  1.24732935e+08  1.26528168e+08]
increment_20
[7.50687080e+07  1.07973616e+08  7.98464987e+07  1.06013845e+08 
  8.11194596e+07  7.19904629e+07  8.77440996e+07  9.99849750e+07 
  9.82860195e+07  1.03487039e+08  1.04582767e+08  1.18970869e+08 
  9.72516971e+07  1.05278821e+08  1.03023053e+08  1.00358436e+08 
  1.08465924e+08  1.22061182e+08  1.18577975e+08  1.19828262e+08 
  1.24648282e+08  1.24257478e+08  1.17164561e+08  1.43414180e+08 
  1.52770297e+08  1.44842262e+08  1.29533540e+08  1.20027021e+08]
[  10211261.60616838    19977200.2949868        8971344.9338803 
    22377287.36793795  -18136209.92557614      5208712.64661494 
    -8352705.92459276  -10350424.72562507      6157361.04207894 
    -3594571.39109049    -3094301.85173969      4509748.42437299 
  -15974311.57996519  -17719460.82433953  -12433376.76237336 
    -4007398.10664689  -14305658.36596622      1634608.69904774 
      -871930.63900009      1070753.00827144        909636.18789989 
    -5217889.97932439    -7142152.07848006    14866759.9501115 
    23748413.91224841    -1762418.29382012  -16305441.46571017 
  -26549713.41994365]
[  -7077960.65405789      1362138.47455951  -14377098.06574862 
    12492356.44140004        522428.36766284    21043410.92827005 
    -6327057.6385248      16645420.69112083    27788569.32217003 
  -11180937.48912678    -3317444.08402473    32688889.26340723 
    15544276.20010911      9817110.44583101    10840524.76879891 
  -15201549.29302328    18389174.46118808    24831967.55262743 
    14873347.72054085    -1124044.55081001  -15840499.39789925 
    15333179.1700936      14577375.11668821      -682119.53061481 
      4374215.38351745      7148855.23858951    -1778310.33926452 
      6880561.04588339]
[  10211261.60616838    19977200.2949868        8971344.9338803 
    22377287.36793795  -18136209.92557614      5208712.64661494 
    -8352705.92459276  -10350424.72562507      6157361.04207894 
    -3594571.39109049    -3094301.85173969      4509748.42437299 
  -15974311.57996519  -17719460.82433953  -12433376.76237336 
    -4007398.10664689  -14305658.36596622      1634608.69904774 
      -871930.63900009      1070753.00827144        909636.18789989 
    -5217889.97932439    -7142152.07848006    14866759.9501115 
    23748413.91224841    -1762418.29382012  -16305441.46571017 
  -26549713.41994365]
[-12764904.58176291    20158058.67161786    -7057318.29931332 
    40803559.34947874      4497110.35975109      3328984.38412944 
      4900109.06620661    28898960.6396075      28877894.06839664 
      7659452.33397897    13823177.15103986    51531502.51700353 
    23206341.31534638    31943275.05439406    29384357.98896551 
      6663102.97455457    38006974.33674641    44722363.5378677 
    34915344.21983051    44424067.88124617    23290690.87880589 
    47075241.0467468      36722829.73072466    52438823.36837204 
    52178009.90949292    57688164.11256056    51254491.21049331 
    51974657.06205445]
[  15079059.0363737      21212779.32203151      7630642.89635651 
    11014171.40423734      8234592.90152115    11416638.89044696 
    -5827251.35357561    19906689.59229399    21141635.87351431 
      -610540.95567082      1260551.61623275    24314138.16459802 
    15417874.15320698      8640962.26659602      8163469.79168909 
      -628015.50955856    12533084.44501038    21289816.18870199 
    20386801.01773691  -11547164.49302324      -605278.80869329 
      6961551.03586101    17087831.61398236    -5870930.39326885 
      8848937.92684592    10071513.13673082    -4094860.81298226 
      5767258.45951211]
[  -7077960.65405789      1362138.47455951  -14377098.06574862 
    12492356.44140004        522428.36766284    21043410.92827005 
    -6327057.6385248      16645420.69112083    27788569.32217003 
  -11180937.48912678    -3317444.08402473    32688889.26340723 
    15544276.20010911      9817110.44583101    10840524.76879891 
  -15201549.29302328    18389174.46118808    24831967.55262743 
    14873347.72054085    -1124044.55081001  -15840499.39789925 
    15333179.1700936      14577375.11668821      -682119.53061481 
      4374215.38351745      7148855.23858951    -1778310.33926452 
      6880561.04588339]
[  15079059.0363737      21212779.32203151      7630642.89635651 
    11014171.40423734      8234592.90152115    11416638.89044696 
    -5827251.35357561    19906689.59229399    21141635.87351431 
      -610540.95567082      1260551.61623275    24314138.16459802 
    15417874.15320698      8640962.26659602      8163469.79168909 
      -628015.50955856    12533084.44501038    21289816.18870199 
    20386801.01773691  -11547164.49302324      -605278.80869329 
      6961551.03586101    17087831.61398236    -5870930.39326885 
      8848937.92684592    10071513.13673082    -4094860.81298226 
      5767258.45951211]
[6.74298343e+07  9.62314363e+07  7.70333060e+07  1.12775271e+08 
  8.65780515e+07  7.41204779e+07  8.60255846e+07  1.04238738e+08 
  9.67424505e+07  8.67868823e+07  8.86300813e+07  1.18564108e+08 
  9.42163643e+07  1.07428787e+08  1.04626533e+08  9.20463495e+07 
  1.08347767e+08  1.12800949e+08  1.06675988e+08  1.24051169e+08 
  1.04551999e+08  1.12275858e+08  1.07937424e+08  1.25993249e+08 
  1.23008706e+08  1.29478286e+08  1.29131942e+08  1.31538613e+08]
increment_30
[7.94283635e+07  1.10022573e+08  8.26722266e+07  1.08962436e+08 
  8.33620792e+07  7.24896844e+07  8.94856610e+07  1.03281975e+08 
  9.87192607e+07  1.06454052e+08  1.05646700e+08  1.23306383e+08 
  9.87889276e+07  1.06978366e+08  1.03470637e+08  1.00770315e+08 
  1.11607120e+08  1.24877064e+08  1.20659949e+08  1.22170240e+08 
  1.28767389e+08  1.28992891e+08  1.22829000e+08  1.50030753e+08 
  1.58689359e+08  1.50990907e+08  1.34560774e+08  1.24078312e+08]
[    7787697.54577368    17570233.85480538      6204076.17699192 
    23050103.73849487  -17445173.79708931      5945682.9093372 
    -9300490.97471459  -10132890.18978209      5663837.6727741 
    -2848438.98563593    -2867424.66819649      5660508.90047974 
  -16032345.06414827  -18001395.19776831  -14193091.70302074 
    -4973453.42200869  -11470487.21121194      2044752.79239456 
        165432.28876579        193167.88706483      1241716.82429374 
    -2713738.17929206    -2342086.05031208    17840883.56324928 
    24812894.64184736    -1007060.14456916  -14781526.13511957 
  -27863152.32138571]
[  -7649020.15792836        103572.29556276  -15075079.19743417 
    11637592.25706358        338556.37959193    22578725.1121413 
    -6180937.70598759    17232423.20614767    28416020.17193144 
  -11451232.58035996    -2697985.10933449    33351129.95583327 
    17150933.85732263    10368936.75660012    12035669.15015787 
  -15146146.44464292    21756240.73618143    27225531.39280967 
    15785051.34040029      -820416.71695943  -17728973.47024769 
    18002553.47171608    16252881.65644964      1550801.15624338 
      4154086.13189616      8692372.00666844    -1634266.68551799 
      7243485.23179848]
[    7787697.54577368    17570233.85480538      6204076.17699192 
    23050103.73849487  -17445173.79708931      5945682.9093372 
    -9300490.97471459  -10132890.18978209      5663837.6727741 
    -2848438.98563593    -2867424.66819649      5660508.90047974 
  -16032345.06414827  -18001395.19776831  -14193091.70302074 
    -4973453.42200869  -11470487.21121194      2044752.79239456 
        165432.28876579        193167.88706483      1241716.82429374 
    -2713738.17929206    -2342086.05031208    17840883.56324928 
    24812894.64184736    -1007060.14456916  -14781526.13511957 
  -27863152.32138571]
[-10753045.8355476      22430142.1675008      -6854005.78352619 
    41178973.93309495      5335570.25215471      4962314.81958819 
      5395601.74870687    30875969.9193367      28186414.25453463 
      8430416.96481105    12870536.20673713    52911086.0477557 
    23777821.77293266    32580091.97278437    31261056.06183658 
      6181024.94167203    38258080.32569006    45700621.36767092 
    34691873.34507655    45376557.33518652    24221109.5548665 
    48107498.2294885      37841781.34786257    55162039.50517388 
    53602295.96207466    60919831.17295979    52610799.18810102 
    55999809.786569    ]
[  14870317.8113119      20872654.37016165      7521484.25734616 
    10512372.905418          9635852.92169415      9260637.1837747 
    -5097096.13437854    21650170.23928239    20636807.5662712 
      -757090.70014435      1965000.92554636    27725903.21733815 
    15927787.6176718        9222872.71992263      6438994.37453846 
        -80898.32051131    17266864.24521871    23306962.56421471 
    21227097.34221032  -11422775.05958178    -1247372.37399181 
    10391277.01210366    19258191.72821109    -3325560.82441398 
      9149455.13275254    11903822.99263823    -1065364.51078494 
      5500925.87125643]
[  -7649020.15792836        103572.29556276  -15075079.19743417 
    11637592.25706358        338556.37959193    22578725.1121413 
    -6180937.70598759    17232423.20614767    28416020.17193144 
  -11451232.58035996    -2697985.10933449    33351129.95583327 
    17150933.85732263    10368936.75660012    12035669.15015787 
  -15146146.44464292    21756240.73618143    27225531.39280967 
    15785051.34040029      -820416.71695943  -17728973.47024769 
    18002553.47171608    16252881.65644964      1550801.15624338 
      4154086.13189616      8692372.00666844    -1634266.68551799 
      7243485.23179848]
[  14870317.8113119      20872654.37016165      7521484.25734616 
    10512372.905418          9635852.92169415      9260637.1837747 
    -5097096.13437854    21650170.23928239    20636807.5662712 
      -757090.70014435      1965000.92554636    27725903.21733815 
    15927787.6176718        9222872.71992263      6438994.37453846 
        -80898.32051131    17266864.24521871    23306962.56421471 
    21227097.34221032  -11422775.05958178    -1247372.37399181 
    10391277.01210366    19258191.72821109    -3325560.82441398 
      9149455.13275254    11903822.99263823    -1065364.51078494 
      5500925.87125643]
[7.11018053e+07  1.00049349e+08  7.88171834e+07  1.13799682e+08 
  8.87759132e+07  7.61866709e+07  8.77405790e+07  1.07262580e+08 
  9.67861247e+07  8.94042354e+07  8.92259728e+07  1.21837915e+08 
  9.54897997e+07  1.09114274e+08  1.07180037e+08  9.31503783e+07 
  1.09976195e+08  1.15929968e+08  1.08465325e+08  1.26283410e+08 
  1.07997083e+08  1.15676464e+08  1.10755026e+08  1.29578909e+08 
  1.27271792e+08  1.34078271e+08  1.31920908e+08  1.36851007e+08]
increment_40
[8.53333444e+07  1.11597109e+08  8.58964036e+07  1.14183641e+08 
  8.54609395e+07  7.25893698e+07  8.98219516e+07  1.05528579e+08 
  9.89683056e+07  1.08154106e+08  1.06798025e+08  1.26002565e+08 
  9.99065207e+07  1.08197892e+08  1.05237948e+08  1.01834568e+08 
  1.14614885e+08  1.26654238e+08  1.23344165e+08  1.24590461e+08 
  1.32816215e+08  1.34839245e+08  1.29812513e+08  1.56089588e+08 
  1.63001870e+08  1.56775131e+08  1.39859843e+08  1.27554896e+08]
[    5252988.29974955    13418474.25058625      3215100.40658819 
    23391889.17146357  -15504545.90141892      5825344.4309804 
  -10543755.45623536    -9657333.65599193      5120577.49582468 
    -1752916.90488723    -2928582.82777909      6412936.84402208 
  -15450040.67263659  -17357873.20489301  -15187465.02415573 
    -5729703.78697312    -8451575.58728445      1411176.27635325 
        996425.71728549    -1032794.10111189      2160970.2141004 
          53634.74343845      2884643.95689525    19801649.18342016 
    25011329.02629927        157027.49427523  -12358729.17661362 
  -28995092.36280057]
[  -8690938.15545481    -2336828.74643249  -15738067.90428419 
    10932140.83723413      -310717.48008169    23408235.98852442 
    -5188218.65014246    18194499.04005349    29492015.11219444 
  -11049347.15214304    -2902604.87185506    33833828.33568613 
    18989531.38867544    11107038.08932777    12516777.50913643 
  -15543070.99146229    25541346.98393691    28822847.94822538 
    15795704.64486266      -992624.82630029  -19143967.09407467 
    20935454.72268403    17678037.01319295      3352984.05898436 
      3577934.01596478    10583997.41882624      -516255.54154487 
      7699928.16880716]
[    5252988.29974955    13418474.25058625      3215100.40658819 
    23391889.17146357  -15504545.90141892      5825344.4309804 
  -10543755.45623536    -9657333.65599193      5120577.49582468 
    -1752916.90488723    -2928582.82777909      6412936.84402208 
  -15450040.67263659  -17357873.20489301  -15187465.02415573 
    -5729703.78697312    -8451575.58728445      1411176.27635325 
        996425.71728549    -1032794.10111189      2160970.2141004 
          53634.74343845      2884643.95689525    19801649.18342016 
    25011329.02629927        157027.49427523  -12358729.17661362 
  -28995092.36280057]
[-7631288.43392206  23222354.9486178    -6547811.28354652  42907361.17400514 
    5000735.0210775      6060296.9291827      5964650.36480044  32416686.33559566 
  27835286.51791877    7943580.25031216  11690588.11158391  53499236.91407818 
  23561203.43826612  32850707.0894828    33158941.57965962    6036644.0197409 
  38408189.15877354  45831809.42819534  34695712.91912829  45650582.02935391 
  24905488.95768606  48747192.42596191  39212285.63614997  57074882.39651375 
  53888221.27448089  63627686.79688025  54144761.64320759  59705873.0239916  ]
[  14279328.92611617    19275772.52327225      7358660.28599032 
    10949340.07427768    10725340.36554153      6729418.10718009 
    -5116127.16616385    23102941.47271851    20199679.23789553 
      -423911.31995087      2006214.93165337    30032796.00593776 
    17016332.20057152      9245031.77565055      5458421.09439679 
        201082.8049123      21845286.69023938    24684245.48222277 
    21541861.36299243  -10411756.97338631    -1628299.27193577 
    14528809.73302766    21332897.39515573      -805562.76133899 
      9002070.53711104    13779231.01515333      2575137.11055501 
      5210606.45407813]
[  -8690938.15545481    -2336828.74643249  -15738067.90428419 
    10932140.83723413      -310717.48008169    23408235.98852442 
    -5188218.65014246    18194499.04005349    29492015.11219444 
  -11049347.15214304    -2902604.87185506    33833828.33568613 
    18989531.38867544    11107038.08932777    12516777.50913643 
  -15543070.99146229    25541346.98393691    28822847.94822538 
    15795704.64486266      -992624.82630029  -19143967.09407467 
    20935454.72268403    17678037.01319295      3352984.05898436 
      3577934.01596478    10583997.41882624      -516255.54154487 
      7699928.16880716]
[  14279328.92611617    19275772.52327225      7358660.28599032 
    10949340.07427768    10725340.36554153      6729418.10718009 
    -5116127.16616385    23102941.47271851    20199679.23789553 
      -423911.31995087      2006214.93165337    30032796.00593776 
    17016332.20057152      9245031.77565055      5458421.09439679 
        201082.8049123      21845286.69023938    24684245.48222277 
    21541861.36299243  -10411756.97338631    -1628299.27193577 
    14528809.73302766    21332897.39515573      -805562.76133899 
      9002070.53711104    13779231.01515333      2575137.11055501 
      5210606.45407813]
[7.59573962e+07  1.03083246e+08  8.07113160e+07  1.16071391e+08 
  8.95465051e+07  7.81172316e+07  8.90816247e+07  1.09579165e+08 
  9.70444482e+07  9.05678085e+07  8.99593330e+07  1.24042993e+08 
  9.65009057e+07  1.10338706e+08  1.09931198e+08  9.46127426e+07 
  1.11656754e+08  1.18313508e+08  1.10687661e+08  1.27906358e+08 
  1.10908835e+08  1.19140790e+08  1.14227888e+08  1.32947497e+08 
  1.30546309e+08  1.38699935e+08  1.34859003e+08  1.41781678e+08]
increment_50
[9.14018048e+07  1.13810744e+08  8.89233620e+07  1.21186887e+08 
  8.75959887e+07  7.26321227e+07  8.92101450e+07  1.06661289e+08 
  9.92984078e+07  1.09248362e+08  1.08119281e+08  1.28070196e+08 
  1.01616036e+08  1.08762941e+08  1.07450492e+08  1.03649186e+08 
  1.17308592e+08  1.27826347e+08  1.27281474e+08  1.27572462e+08 
  1.36887465e+08  1.40984172e+08  1.36701262e+08  1.61307455e+08 
  1.66408275e+08  1.62934647e+08  1.45463578e+08  1.30088469e+08]
[    2974544.45357879      9037918.35182031        673607.69120372 
    24261774.32938737  -12699833.5400506        4944026.77414289 
  -11999408.65112501    -9876721.44489341      4689416.04357988 
      -245412.56112338    -2860457.22087795      6908506.89129407 
  -13693722.06240063  -16312346.02746935  -15721139.0164505 
    -6564421.07383716    -5850873.78687891        606836.67900426 
      2220859.84363715    -1868469.17584099      3880730.74521896 
      2718385.92380261      6875218.220575        20144988.74155284 
    24701177.461395          1525377.71253166    -9580206.47180679 
  -30082090.54578621]
[-10013686.65960919    -6016908.74472229  -16645478.06091809 
      9844995.67239215      -981368.99875587    23794928.63764881 
    -3532808.15335523    18850695.88693035    30832872.92750788 
  -10262293.58631124    -3377074.23815823    34256934.87730561 
    21565268.70684805    11667681.89628888    12637131.41731394 
  -16297848.35170049    29257689.91128556    29944841.92340191 
    16035612.53939429    -1941284.1219096    -19993404.6315792 
    24181898.8529672      18807062.11294063      4243395.55812095 
      3347570.12762255    12704002.55815719      1404381.20349022 
      8268841.20898359]
[    2974544.45357879      9037918.35182031        673607.69120372 
    24261774.32938737  -12699833.5400506        4944026.77414289 
  -11999408.65112501    -9876721.44489341      4689416.04357988 
      -245412.56112338    -2860457.22087795      6908506.89129407 
  -13693722.06240063  -16312346.02746935  -15721139.0164505 
    -6564421.07383716    -5850873.78687891        606836.67900426 
      2220859.84363715    -1868469.17584099      3880730.74521896 
      2718385.92380261      6875218.220575        20144988.74155284 
    24701177.461395          1525377.71253166    -9580206.47180679 
  -30082090.54578621]
[-4868047.60498141  22953124.62293741  -6257907.10543998  46192378.34720965 
    4241922.80246143    6516765.34308561    6619332.33779986  33415412.75710094 
  27600274.22408627    6647195.16856396  10362822.27833874  54164540.37475175 
  23315384.75354476  32732604.03429692  34331492.0375008      6423246.35278733 
  38718254.93188209  45460391.51515725  35854404.72626279  45267808.11659861 
  25278381.55650404  48902341.19761339  40693012.08397783  58422159.12859549 
  53887334.37384179  66352289.61597437  56217498.41287049  63026520.37643401]
[13265116.82419713  16663011.2367214      7077324.82561674  11678095.01032821 
  11541709.68160186    4578591.71852221  -5580818.23038964  23686822.52195334 
  20130620.42482644      204167.74123721    1800150.51206864  31523572.37653367 
  18977081.69615214    8153466.72672404    5690095.19526271      225848.89767522 
  25331103.9822496    25357612.77157822  22036474.0378986    -8775611.18415561 
  -1693759.81852471  18726087.15222334  23134381.56443005      981815.8427445 
    8868819.91633847  15620085.19779014    6020098.88203875    4491545.50656273]
[-10013686.65960919    -6016908.74472229  -16645478.06091809 
      9844995.67239215      -981368.99875587    23794928.63764881 
    -3532808.15335523    18850695.88693035    30832872.92750788 
  -10262293.58631124    -3377074.23815823    34256934.87730561 
    21565268.70684805    11667681.89628888    12637131.41731394 
  -16297848.35170049    29257689.91128556    29944841.92340191 
    16035612.53939429    -1941284.1219096    -19993404.6315792 
    24181898.8529672      18807062.11294063      4243395.55812095 
      3347570.12762255    12704002.55815719      1404381.20349022 
      8268841.20898359]
[13265116.82419713  16663011.2367214      7077324.82561674  11678095.01032821 
  11541709.68160186    4578591.71852221  -5580818.23038964  23686822.52195334 
  20130620.42482644      204167.74123721    1800150.51206864  31523572.37653367 
  18977081.69615214    8153466.72672404    5690095.19526271      225848.89767522 
  25331103.9822496    25357612.77157822  22036474.0378986    -8775611.18415561 
  -1693759.81852471  18726087.15222334  23134381.56443005      981815.8427445 
    8868819.91633847  15620085.19779014    6020098.88203875    4491545.50656273]
[8.05899421e+07  1.05694801e+08  8.26343057e+07  1.19796890e+08 
  8.95941420e+07  7.95804979e+07  9.00549366e+07  1.11433037e+08 
  9.72945226e+07  9.09933009e+07  9.05629667e+07  1.26050219e+08 
  9.78843985e+07  1.11034199e+08  1.12146043e+08  9.66160822e+07 
  1.13466078e+08  1.19985028e+08  1.13826480e+08  1.28901278e+08 
  1.13334441e+08  1.22489806e+08  1.18046660e+08  1.36217640e+08 
  1.33185350e+08  1.43533660e+08  1.38068110e+08  1.46228560e+08]
increment_60
[9.59924064e+07  1.17379996e+08  9.20814012e+07  1.28392143e+08 
  9.00769476e+07  7.25526339e+07  8.84629238e+07  1.07361815e+08 
  9.97636089e+07  1.10661669e+08  1.10065592e+08  1.30358423e+08 
  1.04713577e+08  1.09895614e+08  1.09810317e+08  1.05821909e+08 
  1.19670905e+08  1.29344196e+08  1.32160597e+08  1.30884769e+08 
  1.40674051e+08  1.46309198e+08  1.42186696e+08  1.65435508e+08 
  1.69734340e+08  1.68729529e+08  1.50938172e+08  1.32374894e+08]
[    1068885.73117985      6653762.22034412      -503903.36261684 
    25598461.47937717  -10237083.1641576        3274939.58823094 
  -13722498.11597717  -10804301.06785072      4191193.5610206 
      1646433.80839211    -1825427.22869239      7318244.23452457 
  -10946745.19367226  -14787578.39369541  -16027120.61521562 
    -7601958.212592        -4164065.0533247          174108.94855682 
      3366510.82307286    -1922621.25015949      6279021.89964467 
      4190032.96111573      8663450.44058715    19253170.26623848 
    24093278.43634278      2564755.79050593    -7265056.95151144 
  -31182880.65193572]
[-11222862.24835524  -10521492.88867846  -17923619.90261417 
      8193288.50924763    -1211913.59843507    23983003.20177409 
    -1845622.80728027    19093083.99604022    32130391.29035588 
    -9414735.50351486    -3965100.39932721    34679144.71565579 
    24850427.89390826    12052280.78817205    12455025.09393108 
  -16946330.60788595    32218911.18496917    30672732.50060526 
    17150334.84915125    -2809214.74740531  -20367414.9308423 
    26721162.59714127    19641454.82687537      4786575.57643795 
      3733549.67952608    14458327.51017814      3162032.20592097 
      8929918.63013877]
[    1068885.73117985      6653762.22034412      -503903.36261684 
    25598461.47937717  -10237083.1641576        3274939.58823094 
  -13722498.11597717  -10804301.06785072      4191193.5610206 
      1646433.80839211    -1825427.22869239      7318244.23452457 
  -10946745.19367226  -14787578.39369541  -16027120.61521562 
    -7601958.212592        -4164065.0533247          174108.94855682 
      3366510.82307286    -1922621.25015949      6279021.89964467 
      4190032.96111573      8663450.44058715    19253170.26623848 
    24093278.43634278      2564755.79050593    -7265056.95151144 
  -31182880.65193572]
[-3589602.59932499  22603879.82425267  -6176256.05306163  50100456.36143386 
    4261300.27724958    6118362.1786517      7513858.38477365  34185403.76703098 
  27428720.00648393    5174151.05811099    8625310.68329699  55447078.92165418 
  23809853.886007      33156984.64751957  34621028.57015265    7179841.8014275 
  39171951.29985864  45118752.818765      38414159.44823495  44846401.13480368 
  24994217.55625484  48680939.57896252  42101281.08423954  59542176.44885235 
  54619860.79015641  68469817.9484174    58291745.68734259  66484586.2946099  ]
[12207261.78945735  14006516.40816283    6918410.58766031  11336257.74727485 
  12235081.04019882    4001134.46453208  -6166531.57112264  23543327.98525515 
  20398791.97339274    1021484.53684077    1641157.19023161  32440229.56881557 
  21573954.35909119    6219649.39095011    7047162.93766407      300212.31515344 
  27391267.43043664  25556535.20254352  22970310.60611339  -6869047.41140647 
  -1451653.56593188  21839519.36959256  24499474.24410695    1981960.84663912 
    8661536.82925236  16785215.10073542    8611384.93961209    3483818.35531782]
[-11222862.24835524  -10521492.88867846  -17923619.90261417 
      8193288.50924763    -1211913.59843507    23983003.20177409 
    -1845622.80728027    19093083.99604022    32130391.29035588 
    -9414735.50351486    -3965100.39932721    34679144.71565579 
    24850427.89390826    12052280.78817205    12455025.09393108 
  -16946330.60788595    32218911.18496917    30672732.50060526 
    17150334.84915125    -2809214.74740531  -20367414.9308423 
    26721162.59714127    19641454.82687537      4786575.57643795 
      3733549.67952608    14458327.51017814      3162032.20592097 
      8929918.63013877]
[12207261.78945735  14006516.40816283    6918410.58766031  11336257.74727485 
  12235081.04019882    4001134.46453208  -6166531.57112264  23543327.98525515 
  20398791.97339274    1021484.53684077    1641157.19023161  32440229.56881557 
  21573954.35909119    6219649.39095011    7047162.93766407      300212.31515344 
  27391267.43043664  25556535.20254352  22970310.60611339  -6869047.41140647 
  -1451653.56593188  21839519.36959256  24499474.24410695    1981960.84663912 
    8661536.82925236  16785215.10073542    8611384.93961209    3483818.35531782]
[8.37005746e+07  1.08276195e+08  8.41539981e+07  1.24499777e+08 
  9.01235096e+07  8.03039614e+07  9.11473186e+07  1.13141442e+08 
  9.77158489e+07  9.13683047e+07  9.08930755e+07  1.28378851e+08 
  1.00253992e+08  1.12046196e+08  1.13690132e+08  9.88181778e+07 
  1.15498771e+08  1.21518229e+08  1.17817588e+08  1.29535983e+08 
  1.15113781e+08  1.25613055e+08  1.21681385e+08  1.39312321e+08 
  1.36052428e+08  1.47804142e+08  1.41183439e+08  1.50646155e+08]
increment_70
[9.94742619e+07  1.22059032e+08  9.51383116e+07  1.34572581e+08 
  9.24389142e+07  7.27253225e+07  8.80734139e+07  1.08540565e+08 
  1.00677319e+08  1.12629401e+08  1.12781257e+08  1.32764778e+08 
  1.08898256e+08  1.12455533e+08  1.12461784e+08  1.08104076e+08 
  1.21971004e+08  1.31624276e+08  1.37017062e+08  1.34525055e+08 
  1.44071430e+08  1.50725543e+08  1.46063451e+08  1.68474609e+08 
  1.72930364e+08  1.73633881e+08  1.56102955e+08  1.34839253e+08]
[    -543945.68117825      6439417.60697002      -898929.12422981 
    26964246.25869043    -8693950.72094112      1620179.68041077 
  -15307292.80098002  -11647953.20032026      3661646.11981776 
      3556468.59277098          81434.28175538      7711994.43710622 
    -7948406.29727666  -12525634.64765129  -15929813.40119866 
    -8619676.86510916    -3422911.62339815        125401.26371227 
      3825385.08898327    -1309119.84222892      8798012.63448634 
      4532351.05603373      8915795.61728701    17738804.11271494 
    23286500.11749262      3034735.47250063    -5687965.12486253 
  -32123859.97887744]
[-12357507.03845513  -15074145.52384121  -19179617.70189127 
      6279227.16129309      -841842.32163379    24250287.02680455 
      -662423.73799312    19404876.1801418      33217667.34050453 
    -8918928.46031989    -4411495.64845639    35097882.98681529 
    28195950.68001929    12622569.78110302    12163687.64174893 
  -17393103.61021218    34322876.17094041    30971450.78612596 
    18805383.59571838    -2909813.97355977  -20235053.52499312 
    28139974.19990446    20531511.30281884      5386376.64569925 
      4488213.57220754    15913916.76832185      4356487.14971887 
      9617182.76706397]
[    -543945.68117825      6439417.60697002      -898929.12422981 
    26964246.25869043    -8693950.72094112      1620179.68041077 
  -15307292.80098002  -11647953.20032026      3661646.11981776 
      3556468.59277098          81434.28175538      7711994.43710622 
    -7948406.29727666  -12525634.64765129  -15929813.40119866 
    -8619676.86510916    -3422911.62339815        125401.26371227 
      3825385.08898327    -1309119.84222892      8798012.63448634 
      4532351.05603373      8915795.61728701    17738804.11271494 
    23286500.11749262      3034735.47250063    -5687965.12486253 
  -32123859.97887744]
[-3343180.62961157  22864042.9202617    -6378690.78408706  53601979.34076722 
    5075755.36863865    5458305.37724375    8367470.04672761  35550876.38471698 
  27542385.54440773    3768310.81928516    6643965.36553384  57252427.9080973 
  24973886.99202719  34537990.3782321    34510640.59304026    7978559.29621821 
  40078934.26801419  45198311.2005867    41713276.5467004    45089523.82970496 
  24336878.6551774    48560194.95343824  43299687.86474287  60477734.83148568 
  55878953.42900497  69798553.50502011  60239492.08367466  70019800.79693641]
[11255637.21331795  12009776.40207977    7200561.18090524    9459800.12306896 
  13053309.26577614    5028689.09810855  -6797315.76051703  23350760.93765491 
  20838293.04451423    1797320.43952986    1667149.49383058  32800934.33267678 
  24136426.44238306    4328194.66303671    8962094.40409522      533091.1564615 
  28428918.99044901  25418937.63655184  23961931.15470772  -4772898.32631939 
  -1013932.82358475  23459728.93966797  25632644.78790596    2383355.81163571 
    8413918.29905526  17401904.29842626  10335648.44951347    2667116.25729602]
[-12357507.03845513  -15074145.52384121  -19179617.70189127 
      6279227.16129309      -841842.32163379    24250287.02680455 
      -662423.73799312    19404876.1801418      33217667.34050453 
    -8918928.46031989    -4411495.64845639    35097882.98681529 
    28195950.68001929    12622569.78110302    12163687.64174893 
  -17393103.61021218    34322876.17094041    30971450.78612596 
    18805383.59571838    -2909813.97355977  -20235053.52499312 
    28139974.19990446    20531511.30281884      5386376.64569925 
      4488213.57220754    15913916.76832185      4356487.14971887 
      9617182.76706397]
[11255637.21331795  12009776.40207977    7200561.18090524    9459800.12306896 
  13053309.26577614    5028689.09810855  -6797315.76051703  23350760.93765491 
  20838293.04451423    1797320.43952986    1667149.49383058  32800934.33267678 
  24136426.44238306    4328194.66303671    8962094.40409522      533091.1564615 
  28428918.99044901  25418937.63655184  23961931.15470772  -4772898.32631939 
  -1013932.82358475  23459728.93966797  25632644.78790596    2383355.81163571 
    8413918.29905526  17401904.29842626  10335648.44951347    2667116.25729602]
[8.55585445e+07  1.11060621e+08  8.50446608e+07  1.29477616e+08 
  9.12050196e+07  8.07036459e+07  9.22433304e+07  1.15299533e+08 
  9.85688399e+07  9.19464054e+07  9.12475954e+07  1.31040905e+08 
  1.03376297e+08  1.13847106e+08  1.14899565e+08  1.00822906e+08 
  1.18096663e+08  1.23462542e+08  1.22119246e+08  1.30315832e+08 
  1.16472113e+08  1.28646473e+08  1.24811472e+08  1.42049375e+08 
  1.39191257e+08  1.51384081e+08  1.44316673e+08  1.55019235e+08]
increment_80
[1.02770395e+08  1.27522570e+08  9.77653625e+07  1.39427535e+08 
  9.41520072e+07  7.34630668e+07  8.82713657e+07  1.10238359e+08 
  1.02111610e+08  1.14560173e+08  1.16267523e+08  1.34840760e+08 
  1.13486738e+08  1.16399364e+08  1.15464747e+08  1.10202856e+08 
  1.24548908e+08  1.34367546e+08  1.41567961e+08  1.38489928e+08 
  1.47727276e+08  1.54813568e+08  1.49162031e+08  1.70798033e+08 
  1.75962281e+08  1.77928047e+08  1.61139992e+08  1.37543455e+08]
[  -1917707.11675657      7390970.20788895    -1409961.19555422 
    28147049.80175779    -7788501.36808251        802149.80966273 
  -16292308.11319199  -11836609.92368047      3189584.70012783 
      4882827.1743345        2135471.09873906      8034005.13718431 
    -5176648.18248521    -9642891.89708006  -15268874.98272272 
    -9467497.90913788    -3105692.18157099        248915.74683485 
      3782140.10360287      -318495.83203888    11129609.92946286 
      4452269.02796457      8572042.03651936    16089549.10804239 
    22416566.49221206      3264503.91264159    -4655378.1052238 
  -32893214.44620818]
[-1.34978266e+07  -1.89990502e+07  -2.00714772e+07    4.31566039e+06 
  -4.45363125e+04    2.50177282e+07    2.22021814e+04    2.02370739e+07 
    3.41654630e+07  -9.09869245e+06  -4.23339874e+06    3.55473175e+07 
    3.12784060e+07    1.35880515e+07    1.21356514e+07  -1.79243724e+07 
    3.58591202e+07    3.08790430e+07    2.05471945e+07  -2.35828589e+06 
  -1.96276945e+07    2.89953400e+07    2.15418406e+07    6.13484308e+06 
    5.36294079e+06    1.74926324e+07    5.01142899e+06    1.02898097e+07]
[  -1917707.11675657      7390970.20788895    -1409961.19555422 
    28147049.80175779    -7788501.36808251        802149.80966273 
  -16292308.11319199  -11836609.92368047      3189584.70012783 
      4882827.1743345        2135471.09873906      8034005.13718431 
    -5176648.18248521    -9642891.89708006  -15268874.98272272 
    -9467497.90913788    -3105692.18157099        248915.74683485 
      3782140.10360287      -318495.83203888    11129609.92946286 
      4452269.02796457      8572042.03651936    16089549.10804239 
    22416566.49221206      3264503.91264159    -4655378.1052238 
  -32893214.44620818]
[-3138783.56954041  23894331.24327443  -6618609.25727101  56314107.58698125 
    6034868.50026759    5394715.50583634    9262483.73587111  37631717.20288449 
  28057644.44236348    2373707.75471815    5173720.72051797  59212884.30253261 
  26445471.25333515  36744214.72182677  34504175.8737843      8457052.10154877 
  41448469.94162245  45664689.7909371    45098108.76263905  46124428.56942993 
  24011374.55234643  48804589.34459788  44395372.51518369  61296634.94532818 
  57280696.28147483  70620861.65087879  62185627.89164959  73525118.09211755]
[10419652.06031131  10714767.52409946    7758289.81007308    6619937.87052076 
  13926369.33057043    6663071.9691994    -7627828.21955727  23318222.10699091 
  21357561.6877731      2129589.98210044    1987013.02918238  32590476.19434038 
  26465284.4512939      2974200.35573091  10872762.335292          604110.47255915 
  29114961.44832491  24995278.8471548    24758504.92380335  -2667340.77015497 
    -300893.3131683    24398682.74172284  26604269.25125218    2425140.28417793 
    8297623.64142296  17923377.74164216  11346238.31776862    2209639.63149274]
[-1.34978266e+07  -1.89990502e+07  -2.00714772e+07    4.31566039e+06 
  -4.45363125e+04    2.50177282e+07    2.22021814e+04    2.02370739e+07 
    3.41654630e+07  -9.09869245e+06  -4.23339874e+06    3.55473175e+07 
    3.12784060e+07    1.35880515e+07    1.21356514e+07  -1.79243724e+07 
    3.58591202e+07    3.08790430e+07    2.05471945e+07  -2.35828589e+06 
  -1.96276945e+07    2.89953400e+07    2.15418406e+07    6.13484308e+06 
    5.36294079e+06    1.74926324e+07    5.01142899e+06    1.02898097e+07]
[10419652.06031131  10714767.52409946    7758289.81007308    6619937.87052076 
  13926369.33057043    6663071.9691994    -7627828.21955727  23318222.10699091 
  21357561.6877731      2129589.98210044    1987013.02918238  32590476.19434038 
  26465284.4512939      2974200.35573091  10872762.335292          604110.47255915 
  29114961.44832491  24995278.8471548    24758504.92380335  -2667340.77015497 
    -300893.3131683    24398682.74172284  26604269.25125218    2425140.28417793 
    8297623.64142296  17923377.74164216  11346238.31776862    2209639.63149274]
[8.71740951e+07  1.14080756e+08  8.56767152e+07  1.34354572e+08 
  9.22689727e+07  8.13516973e+07  9.34659747e+07  1.17806768e+08 
  9.98917227e+07  9.26416408e+07  9.21612781e+07  1.33733376e+08 
  1.06727023e+08  1.16464616e+08  1.16002868e+08  1.02428461e+08 
  1.21193720e+08  1.25797229e+08  1.26233101e+08  1.31581122e+08 
  1.17967232e+08  1.32009920e+08  1.27447519e+08  1.44485973e+08 
  1.42376865e+08  1.54618266e+08  1.47591701e+08  1.59265179e+08]
increment_90
[1.06285994e+08  1.33692446e+08  9.99156787e+07  1.43245162e+08 
  9.50858014e+07  7.49743542e+07  8.89323376e+07  1.12497039e+08 
  1.04059527e+08  1.16044321e+08  1.20254963e+08  1.36222766e+08 
  1.17747741e+08  1.21179796e+08  1.18642149e+08  1.11978464e+08 
  1.27759089e+08  1.37145098e+08  1.45769691e+08  1.42619879e+08 
  1.51913551e+08  1.58583164e+08  1.52017570e+08  1.72862213e+08 
  1.78726909e+08  1.81608361e+08  1.65848334e+08  1.40445955e+08]
[  -3082367.40031528      8699293.8289768      -2205865.32262299 
    29179272.8538441      -7189139.47455254      1008816.82858059 
  -16667693.97613066  -11113046.89888086      2880003.64879342 
      5342641.33455396      3866133.39109783      8220708.11720349 
    -3162600.66721579    -6808370.83271586  -14109919.37356713 
  -10227217.96651359    -2772585.80255827        434084.0022149 
      3554106.92490294        655823.20382707    13241498.10020437 
      4207152.97504942      8109426.69129105    14560674.64560099 
    21512622.05648637      3255136.02215687    -4053147.7126869 
  -33450424.21314058]
[-14497407.16096356  -22113851.34199172  -20461847.165429 
      2464558.91541775      1019872.17342307    26359854.23382109 
        539544.63634616    21934068.53153012    34968145.94327319 
    -9812530.55185688    -3216742.17667036    36064439.54766892 
    33696250.02959988    15267767.89569545    12554642.11623441 
  -18613884.63681541    37087436.73208579    30645312.20627879 
    22043182.79275617    -1293728.71409611  -18638767.39639253 
    29555630.5363909      22570903.13670248      7153456.04273785 
      6321254.11396408    19307420.42534067      5205148.07346396 
    11000722.61579562]
[  -3082367.40031528      8699293.8289768      -2205865.32262299 
    29179272.8538441      -7189139.47455254      1008816.82858059 
  -16667693.97613066  -11113046.89888086      2880003.64879342 
      5342641.33455396      3866133.39109783      8220708.11720349 
    -3162600.66721579    -6808370.83271586  -14109919.37356713 
  -10227217.96651359    -2772585.80255827        434084.0022149 
      3554106.92490294        655823.20382707    13241498.10020437 
      4207152.97504942      8109426.69129105    14560674.64560099 
    21512622.05648637      3255136.02215687    -4053147.7126869 
  -33450424.21314058]
[-2459413.91843646  25692066.25541959  -6712169.74844392  58427059.17139211 
    6809658.1976626      6361032.3967881    10240627.0320043    40793303.36481182 
  28892118.01813664    1059559.85801483    4435114.74389437  61093942.83676893 
  28004870.33223958  39791078.35081243  34716355.95142158    8544781.50797018 
  43418677.4550508    46371070.57756591  48155971.00780383  47899560.0266164 
  24184590.97572884  49252816.30986845  45449120.60758628  62055835.97499878 
  58748084.98520061  71051879.97380732  63943045.41979362  76996708.97328581]
[  9775624.49465647    9944222.13332883    8480444.99114149    3258897.71072002 
  14727119.05249773    8292247.43566198  -8494994.47038883  23176419.97763113 
  22077101.22833916    2044789.65014861    2665190.94544395  31706338.40461816 
  28376500.110886        2388582.38648799  12560516.84813651      453859.15434901 
  29829321.25327189  24477153.06557177  25195756.00157838    -680241.14460239 
      706422.87019772  25061508.92340713  27380667.49009284    2513084.63351669 
    8259934.71901628  18500348.92481053  11840808.16029522    2066492.07216658]
[-14497407.16096356  -22113851.34199172  -20461847.165429 
      2464558.91541775      1019872.17342307    26359854.23382109 
        539544.63634616    21934068.53153012    34968145.94327319 
    -9812530.55185688    -3216742.17667036    36064439.54766892 
    33696250.02959988    15267767.89569545    12554642.11623441 
  -18613884.63681541    37087436.73208579    30645312.20627879 
    22043182.79275617    -1293728.71409611  -18638767.39639253 
    29555630.5363909      22570903.13670248      7153456.04273785 
      6321254.11396408    19307420.42534067      5205148.07346396 
    11000722.61579562]
[  9775624.49465647    9944222.13332883    8480444.99114149    3258897.71072002 
  14727119.05249773    8292247.43566198  -8494994.47038883  23176419.97763113 
  22077101.22833916    2044789.65014861    2665190.94544395  31706338.40461816 
  28376500.110886        2388582.38648799  12560516.84813651      453859.15434901 
  29829321.25327189  24477153.06557177  25195756.00157838    -680241.14460239 
      706422.87019772  25061508.92340713  27380667.49009284    2513084.63351669 
    8259934.71901628  18500348.92481053  11840808.16029522    2066492.07216658]
[8.90771312e+07  1.17398904e+08  8.62848832e+07  1.39198275e+08 
  9.30424128e+07  8.26351786e+07  9.48205609e+07  1.20916395e+08 
  1.01632406e+08  9.33833703e+07  9.36755037e+07  1.36290277e+08 
  1.10031765e+08  1.19846258e+08  1.17073884e+08  1.03626662e+08 
  1.24887333e+08  1.28290887e+08  1.29932413e+08  1.33473165e+08 
  1.19763903e+08  1.35560402e+08  1.29772731e+08  1.46680193e+08 
  1.45492667e+08  1.57526403e+08  1.50826684e+08  1.63378015e+08]
increment_100
[1.09807563e+08  1.40504936e+08  1.01751726e+08  1.46544210e+08 
  9.54441531e+07  7.73228484e+07  8.99479396e+07  1.15219668e+08 
  1.06518941e+08  1.17061530e+08  1.24605349e+08  1.36754535e+08 
  1.21423954e+08  1.26149878e+08  1.21761084e+08  1.13399145e+08 
  1.31606403e+08  1.39450449e+08  1.49722920e+08  1.46836495e+08 
  1.56466654e+08  1.61837839e+08  1.54991802e+08  1.75007511e+08 
  1.80936079e+08  1.84377103e+08  1.69769810e+08  1.43355387e+08]
[  -4204994.39537872    10081142.65434231    -3175814.15973573 
    30164273.05558725    -6614446.8754578        2011301.05586842 
  -16529289.67852161    -9431179.93621883      2807774.43339769 
      5150157.43607771      5042250.82034916      8289837.85739483 
    -2230839.93101476    -4683570.97376793  -12758360.35830077 
  -11007296.93140587    -2371893.70400184        564980.48496089 
      3391549.71806205      1461807.11900898    15192327.50268185 
      3991889.24911909      7703542.73894436    13229239.75413184 
    20435171.96194921      2877027.41279242    -3741526.94788073 
  -33736047.81884687]
[-15176207.57294562  -24516156.51314539  -20455878.31853286 
        780764.0002873        2257133.61403338    28190333.82669427 
      1113348.25930212    24592258.03656377    35530572.27049877 
  -10831908.6888322      -1412692.6727997      36616679.18366602 
    35180643.40742961    17831681.97862203    13327385.44405769 
  -19439453.80420062    38044054.20756836    30482665.70513231 
    23097186.11563868          39702.94684965  -17346583.234185 
    29747552.00708798    23423504.11720989      8361302.16993685 
      7520640.27389228    21085660.67864365      5236514.78694097 
    11879874.10395607]
[  -4204994.39537872    10081142.65434231    -3175814.15973573 
    30164273.05558725    -6614446.8754578        2011301.05586842 
  -16529289.67852161    -9431179.93621883      2807774.43339769 
      5150157.43607771      5042250.82034916      8289837.85739483 
    -2230839.93101476    -4683570.97376793  -12758360.35830077 
  -11007296.93140587    -2371893.70400184        564980.48496089 
      3391549.71806205      1461807.11900898    15192327.50268185 
      3991889.24911909      7703542.73894436    13229239.75413184 
    20435171.96194921      2877027.41279242    -3741526.94788073 
  -33736047.81884687]
[-1277886.28660276  28116595.74602298  -6766565.70478152  60315112.3111065 
    7270409.85720133    8432694.12164245  11306080.37907741  45148602.7376842 
  29856501.97989797    -266821.99847606    4472653.53524777  62660439.02385882 
  29855716.71496163  43527224.70796444  35063183.5087625      8279233.68356908 
  46111673.96536338  47022496.8878141    50748650.11743429  50159961.24422919 
  24603189.0831542    49383208.29221268  46614133.48261443  62639256.64662908 
  60260455.13524388  70949076.49099533  65166396.88669986  80421055.92449288]
[  9414020.11918464    9508930.43026873    9224599.17835283    -500840.28066318 
  15565545.67038827    9760665.51754857  -9335493.96086291  22591397.80630802 
  23110830.46664237    1792475.5414092      3678885.72690617  30108476.71437705 
  29641557.90810785    2762494.26617538  13990015.04703029      252089.67242495 
  30505640.45453361  24023429.95218992  25246642.38671677    1133547.37159034 
    1943502.90245516  25468822.71171405  27873484.38452303    2984023.09598346 
    8237666.56426326  19063965.4721815    12102988.15005226    2129697.89849737]
[-15176207.57294562  -24516156.51314539  -20455878.31853286 
        780764.0002873        2257133.61403338    28190333.82669427 
      1113348.25930212    24592258.03656377    35530572.27049877 
  -10831908.6888322      -1412692.6727997      36616679.18366602 
    35180643.40742961    17831681.97862203    13327385.44405769 
  -19439453.80420062    38044054.20756836    30482665.70513231 
    23097186.11563868          39702.94684965  -17346583.234185 
    29747552.00708798    23423504.11720989      8361302.16993685 
      7520640.27389228    21085660.67864365      5236514.78694097 
    11879874.10395607]
[  9414020.11918464    9508930.43026873    9224599.17835283    -500840.28066318 
  15565545.67038827    9760665.51754857  -9335493.96086291  22591397.80630802 
  23110830.46664237    1792475.5414092      3678885.72690617  30108476.71437705 
  29641557.90810785    2762494.26617538  13990015.04703029      252089.67242495 
  30505640.45453361  24023429.95218992  25246642.38671677    1133547.37159034 
    1943502.90245516  25468822.71171405  27873484.38452303    2984023.09598346 
    8237666.56426326  19063965.4721815    12102988.15005226    2129697.89849737]
[9.13286764e+07  1.20962597e+08  8.67981463e+07  1.44322999e+08 
  9.33492584e+07  8.46788235e+07  9.62275975e+07  1.24772092e+08 
  1.03626487e+08  9.39997979e+07  9.57338996e+07  1.38529546e+08 
  1.13445210e+08  1.23700567e+08  1.18144425e+08  1.04453046e+08 
  1.29227587e+08  1.30539321e+08  1.33251191e+08  1.35857678e+08 
  1.21642463e+08  1.38744037e+08  1.32120325e+08  1.48654333e+08 
  1.48344966e+08  1.59885784e+08  1.53620535e+08  1.67323019e+08]
increment_110
[1.13097422e+08  1.47383215e+08  1.03493582e+08  1.49732887e+08 
  9.55378524e+07  8.02740212e+07  9.10132095e+07  1.18337786e+08 
  1.09340739e+08  1.17668881e+08  1.29421592e+08  1.36836021e+08 
  1.24763857e+08  1.30965313e+08  1.25032445e+08  1.14445240e+08 
  1.35510223e+08  1.40996045e+08  1.53783019e+08  1.51067768e+08 
  1.61230211e+08  1.64616965e+08  1.58256095e+08  1.77196489e+08 
  1.82552450e+08  1.86127279e+08  1.72735367e+08  1.46073019e+08]
[  -5292296.91749864    11516039.81503128    -4131419.13576496 
    31063933.10414607    -6063507.134787          3135288.42522748 
  -16019375.48033571    -7066462.10084851      2873450.81873745 
      4969943.99938099      5659191.73465545      8368350.84800695 
    -1957436.47588857    -3096780.20657905  -11459849.72293403 
  -11770621.08331434    -1998064.27706589        530078.87016897 
      3536993.9476421        2311076.0363189      17077916.5320747 
      3977263.66238642      7427498.97474127    12092286.38392485 
    19103285.35865218      2193004.4326182      -3722973.21264537 
  -33760773.08898155]
[-15563780.68299785  -26436718.44758267  -20323810.33812355 
      -753980.04978593      3434589.52708919    30203851.35081127 
      1969199.4397266      27821011.19271444    35939433.16627417 
  -11956729.55898249        612118.09016728    37093846.1130825 
    36111622.74880354    21064904.95664617    14108476.82405757 
  -20385225.61405902    38735193.3775793      30420879.23190665 
    23647788.28017885      1475685.9384667    -15852422.65649681 
    29447963.01934125    23922825.46280859      9445045.55298872 
      9027009.55887327    22456017.19117763      5430733.99078266 
    12963972.53287594]
[  -5292296.91749864    11516039.81503128    -4131419.13576496 
    31063933.10414607    -6063507.134787          3135288.42522748 
  -16019375.48033571    -7066462.10084851      2873450.81873745 
      4969943.99938099      5659191.73465545      8368350.84800695 
    -1957436.47588857    -3096780.20657905  -11459849.72293403 
  -11770621.08331434    -1998064.27706589        530078.87016897 
      3536993.9476421        2311076.0363189      17077916.5320747 
      3977263.66238642      7427498.97474127    12092286.38392485 
    19103285.35865218      2193004.4326182      -3722973.21264537 
  -33760773.08898155]
[    151950.38931394  30585951.63085516  -6894142.74532794  62099050.86451842 
    7356277.60320848  11129154.84671106  12531194.5043781    50257667.9829846 
  30844166.39913309  -1995054.58313615    5216369.7276296    63938460.07734564 
  32110987.70621878  47515734.07396659  35578303.75788868    7626193.02850797 
  49231549.34741897  47459126.81043455  53022922.76959413  52490375.33529738 
  24927314.69606828  48850732.37150554  47941787.92802253  62957183.68818416 
  61581464.24028336  70207343.17852749  65891103.35961176  83780804.7981332  ]
[    9314157.98969064      9184571.09535446      9863070.84059401 
    -4337741.24706282    16391462.44329146    11235627.92463864 
  -10445011.3792006      21661688.06086192    24363547.20572326 
      1447634.04716512      4670564.07180835    27932231.82321801 
    30412418.73568887      3814303.12513496    15193214.39402269 
        162914.03502554    30873714.60844716    23599742.66850674 
    25000572.93311799      2865958.54903829      3299841.7271051 
    25591444.0466067      28062781.95298133      3551748.22562908 
      8522949.36366012    19443806.08995911    12335057.49688364 
      2237284.19679964]
[-15563780.68299785  -26436718.44758267  -20323810.33812355 
      -753980.04978593      3434589.52708919    30203851.35081127 
      1969199.4397266      27821011.19271444    35939433.16627417 
  -11956729.55898249        612118.09016728    37093846.1130825 
    36111622.74880354    21064904.95664617    14108476.82405757 
  -20385225.61405902    38735193.3775793      30420879.23190665 
    23647788.28017885      1475685.9384667    -15852422.65649681 
    29447963.01934125    23922825.46280859      9445045.55298872 
      9027009.55887327    22456017.19117763      5430733.99078266 
    12963972.53287594]
[    9314157.98969064      9184571.09535446      9863070.84059401 
    -4337741.24706282    16391462.44329146    11235627.92463864 
  -10445011.3792006      21661688.06086192    24363547.20572326 
      1447634.04716512      4670564.07180835    27932231.82321801 
    30412418.73568887      3814303.12513496    15193214.39402269 
        162914.03502554    30873714.60844716    23599742.66850674 
    25000572.93311799      2865958.54903829      3299841.7271051 
    25591444.0466067      28062781.95298133      3551748.22562908 
      8522949.36366012    19443806.08995911    12335057.49688364 
      2237284.19679964]
[9.37155616e+07  1.24322214e+08  8.71700341e+07  1.49705189e+08 
  9.31930483e+07  8.71022455e+07  9.75995947e+07  1.29123318e+08 
  1.05622583e+08  9.41079441e+07  9.82955831e+07  1.40492533e+08 
  1.17005538e+08  1.27567777e+08  1.19385127e+08  1.04887475e+08 
  1.33801089e+08  1.32310564e+08  1.36436939e+08  1.38381672e+08 
  1.23254811e+08  1.41217396e+08  1.34664992e+08  1.50427854e+08 
  1.50694192e+08  1.61570704e+08  1.55850053e+08  1.71096951e+08]
increment_120
[1.16166915e+08  1.53567156e+08  1.05064207e+08  1.52985077e+08 
  9.56871931e+07  8.35918340e+07  9.16809634e+07  1.21801063e+08 
  1.12556855e+08  1.18012161e+08  1.34670685e+08  1.36990381e+08 
  1.27984197e+08  1.35167463e+08  1.28684256e+08  1.15174410e+08 
  1.38933875e+08  1.41781021e+08  1.57877764e+08  1.55246241e+08 
  1.65962284e+08  1.66929097e+08  1.61602104e+08  1.79449447e+08 
  1.83631473e+08  1.87140960e+08  1.74955473e+08  1.48394479e+08]
[  -6197114.31663289    12857524.09801258    -4852640.07039443 
    31844255.61126444    -5596397.84499207      3808468.67812932 
  -15329418.02439659    -4427962.78074173      2952550.53181512 
      5503516.61826701      5854531.73130216      8635614.3685993 
    -1982683.7483967      -1747562.53170163  -10476590.62269122 
  -12496192.94189338    -1616256.03399958        415911.39045292 
      3918612.67101702      3401249.06766471    18917370.07233421 
      4126749.77713152      7299124.25679146    11191237.08506941 
    17613500.62563455      1534868.36821584    -3900244.55455267 
  -33588328.12526104]
[-15928170.21195189  -28001740.18653512  -20320119.18515359 
    -1973445.60183141      4458668.55325477    31998230.86935194 
      3306782.48118045    30992601.52240131    36342364.33158608 
  -12736179.51048366      2419236.62289456    37303603.66175824 
    36771680.17618382    24691816.88050397    14791784.11205886 
  -21339650.04326774    39257626.42124961    30495873.59534869 
    23779382.00116316      2891368.98617915  -14140676.51120331 
    28783057.57722159    24104881.49781259    10142884.79395166 
    10700428.16913904    23213937.27102317      5899677.08900183 
    14162123.68449512]
[  -6197114.31663289    12857524.09801258    -4852640.07039443 
    31844255.61126444    -5596397.84499207      3808468.67812932 
  -15329418.02439659    -4427962.78074173      2952550.53181512 
      5503516.61826701      5854531.73130216      8635614.3685993 
    -1982683.7483967      -1747562.53170163  -10476590.62269122 
  -12496192.94189338    -1616256.03399958        415911.39045292 
      3918612.67101702      3401249.06766471    18917370.07233421 
      4126749.77713152      7299124.25679146    11191237.08506941 
    17613500.62563455      1534868.36821584    -3900244.55455267 
  -33588328.12526104]
[  1561702.1722047    32695348.38040068  -7259325.75235008  63983705.90188187 
    7421488.51188852  13931949.14765845  14011468.00020609  55427406.52568436 
  32114237.37387825  -4328150.90714772    6400273.94784191  65032669.44626489 
  34671806.1141325    51290470.77564824  36556475.86299449    6709279.5320304 
  52396477.08117583  47600711.81362037  55012336.12832788  54598473.64589497 
  24861651.35086656  47698984.0393192    49282175.2732406    63154266.20037214 
  62436913.68158085  68815139.8428264    66307851.8420368    86935169.45938939]
[    9306850.5613842        8835020.40118569    10352815.30125108 
    -7544213.11121709    16915047.35397737    12902985.95994708 
  -12226060.76154209    20672419.8490469      25647851.22582908 
        997625.17475101      5343244.98791084    25275427.229305 
    30879704.04785468      4906427.10088144    16179762.05480191 
        290240.79262571    30832018.11365596    23100694.35094532 
    24572979.76410472      4445207.59919124      4798948.45339326 
    25515434.98191233    28042327.92739852      3755839.0687348 
      9170555.81812847    19526958.35969307    12556164.50996788 
      2231134.12689845]
[-15928170.21195189  -28001740.18653512  -20320119.18515359 
    -1973445.60183141      4458668.55325477    31998230.86935194 
      3306782.48118045    30992601.52240131    36342364.33158608 
  -12736179.51048366      2419236.62289456    37303603.66175824 
    36771680.17618382    24691816.88050397    14791784.11205886 
  -21339650.04326774    39257626.42124961    30495873.59534869 
    23779382.00116316      2891368.98617915  -14140676.51120331 
    28783057.57722159    24104881.49781259    10142884.79395166 
    10700428.16913904    23213937.27102317      5899677.08900183 
    14162123.68449512]
[    9306850.5613842        8835020.40118569    10352815.30125108 
    -7544213.11121709    16915047.35397737    12902985.95994708 
  -12226060.76154209    20672419.8490469      25647851.22582908 
        997625.17475101      5343244.98791084    25275427.229305 
    30879704.04785468      4906427.10088144    16179762.05480191 
        290240.79262571    30832018.11365596    23100694.35094532 
    24572979.76410472      4445207.59919124      4798948.45339326 
    25515434.98191233    28042327.92739852      3755839.0687348 
      9170555.81812847    19526958.35969307    12556164.50996788 
      2231134.12689845]
[9.60802925e+07  1.27240175e+08  8.73217114e+07  1.55108926e+08 
  9.30854607e+07  8.95674483e+07  9.88754782e+07  1.33512861e+08 
  1.07792870e+08  9.34127388e+07  1.01166407e+08  1.42320583e+08 
  1.20598379e+08  1.30949323e+08  1.21084708e+08  1.05043716e+08 
  1.38137872e+08  1.33447586e+08  1.39495543e+08  1.40800062e+08 
  1.24349728e+08  1.43008218e+08  1.37271454e+08  1.52117036e+08 
  1.52381088e+08  1.62584691e+08  1.57592748e+08  1.74620297e+08]
