# inc   q0   q1   q2   q3
     0  1.87039000e-02 -5.61401929e-01 -5.55611739e-01  6.13003779e-01
    10  2.16430976e-02 -5.63060934e-01 -5.56308758e-01  6.10749151e-01
    20  2.53283566e-02 -5.64876986e-01 -5.56937839e-01  6.08352454e-01
    30  2.88723049e-02 -5.66569759e-01 -5.57594229e-01  6.06014666e-01
    40  3.23361118e-02 -5.68153296e-01 -5.58269576e-01  6.03731140e-01
    50  3.57215062e-02 -5.69653697e-01 -5.58963141e-01  6.01480546e-01
    60  3.90144778e-02 -5.71085949e-01 -5.59676934e-01  5.99249897e-01
    70  4.22142719e-02 -5.72445289e-01 -5.60408843e-01  5.97047968e-01
    80  4.53218243e-02 -5.73733750e-01 -5.61156256e-01  5.94877444e-01
    90  4.83404379e-02 -5.74960254e-01 -5.61917880e-01  5.92732827e-01
   100  5.12818806e-02 -5.76131689e-01 -5.62693498e-01  5.90608561e-01
   110  5.41606445e-02 -5.77247130e-01 -5.63482919e-01  5.88506054e-01
   120  5.69808123e-02 -5.78308376e-01 -5.64285674e-01  5.86425006e-01
