# inc   q0   q1   q2   q3
     0  9.13653220e-01  3.24821040e-01  5.31961800e-02 -2.38535640e-01
    10  9.13215762e-01  3.25598499e-01  5.64780266e-02 -2.38396357e-01
    20  9.12726349e-01  3.26735040e-01  5.93488831e-02 -2.38017929e-01
    30  9.12249513e-01  3.27930618e-01  6.18243239e-02 -2.37571227e-01
    40  9.11785492e-01  3.29155815e-01  6.40246870e-02 -2.37074894e-01
    50  9.11337044e-01  3.30379875e-01  6.60398906e-02 -2.36543154e-01
    60  9.10897757e-01  3.31600371e-01  6.79372821e-02 -2.35989398e-01
    70  9.10461255e-01  3.32825907e-01  6.97560734e-02 -2.35417310e-01
    80  9.10022523e-01  3.34066566e-01  7.15184147e-02 -2.34826860e-01
    90  9.09579711e-01  3.35332546e-01  7.32222700e-02 -2.34212151e-01
   100  9.09131882e-01  3.36630706e-01  7.48612591e-02 -2.33569647e-01
   110  9.08679712e-01  3.37959449e-01  7.64351957e-02 -2.32899661e-01
   120  9.08225987e-01  3.39308857e-01  7.79455564e-02 -2.32205830e-01
