# inc   q0   q1   q2   q3
     0  4.36094439e-01  7.04418498e-02 -6.68193868e-01 -5.98645588e-01
    10  4.35763817e-01  7.15886501e-02 -6.67795769e-01 -5.99194269e-01
    20  4.35456509e-01  7.28500055e-02 -6.67413226e-01 -5.99691664e-01
    30  4.35021077e-01  7.41667621e-02 -6.67173886e-01 -6.00112455e-01
    40  4.34440127e-01  7.55389304e-02 -6.67077917e-01 -6.00468733e-01
    50  4.33715217e-01  7.69663111e-02 -6.67121349e-01 -6.00763184e-01
    60  4.32859522e-01  7.84394098e-02 -6.67289212e-01 -6.01003328e-01
    70  4.31887086e-01  7.99478530e-02 -6.67567524e-01 -6.01195049e-01
    80  4.30812419e-01  8.14848220e-02 -6.67943243e-01 -6.01342421e-01
    90  4.29644307e-01  8.30511435e-02 -6.68410904e-01 -6.01444213e-01
   100  4.28399600e-01  8.46500779e-02 -6.68960957e-01 -6.01497619e-01
   110  4.27109887e-01  8.62802159e-02 -6.69572491e-01 -6.01502741e-01
   120  4.25809198e-01  8.79252423e-02 -6.70213840e-01 -6.01472432e-01
