# inc   q0   q1   q2   q3
     0  5.13176633e-01 -3.96852073e-01  7.60854655e-01 -1.60738801e-02
    10  5.12481949e-01 -3.97900325e-01  7.60747268e-01 -1.73544745e-02
    20  5.11527276e-01 -3.99241079e-01  7.60654120e-01 -1.87541229e-02
    30  5.10495509e-01 -4.00519338e-01  7.60641374e-01 -2.00822045e-02
    40  5.09381855e-01 -4.01714717e-01  7.60724997e-01 -2.12812245e-02
    50  5.08181312e-01 -4.02836256e-01  7.60904492e-01 -2.23396110e-02
    60  5.06896671e-01 -4.03900529e-01  7.61169082e-01 -2.32756520e-02
    70  5.05533858e-01 -4.04919665e-01  7.61507773e-01 -2.41142072e-02
    80  5.04113809e-01 -4.05903996e-01  7.61900241e-01 -2.48844660e-02
    90  5.02666199e-01 -4.06860038e-01  7.62322270e-01 -2.56194809e-02
   100  5.01205616e-01 -4.07792942e-01  7.62760796e-01 -2.63403630e-02
   110  4.99735585e-01 -4.08707026e-01  7.63211033e-01 -2.70523828e-02
   120  4.98258489e-01 -4.09603435e-01  7.63670928e-01 -2.77528025e-02
