# inc   q0   q1   q2   q3
     0  4.39908751e-01  1.28024840e-01 -8.25716722e-01  3.29062041e-01
    10  4.40027447e-01  1.29513395e-01 -8.24433848e-01  3.31528213e-01
    20  4.40260320e-01  1.31611264e-01 -8.22930516e-01  3.34117780e-01
    30  4.40407685e-01  1.33752168e-01 -8.21483786e-01  3.36624149e-01
    40  4.40598162e-01  1.35878494e-01 -8.20087343e-01  3.38920411e-01
    50  4.40972800e-01  1.37889590e-01 -8.18780968e-01  3.40774379e-01
    60  4.41574303e-01  1.39677573e-01 -8.17606347e-01  3.42085035e-01
    70  4.42338136e-01  1.41182692e-01 -8.16588976e-01  3.42909413e-01
    80  4.43197566e-01  1.42403110e-01 -8.15730450e-01  3.43338178e-01
    90  4.44139962e-01  1.43389855e-01 -8.14998559e-01  3.43447803e-01
   100  4.45150642e-01  1.44190402e-01 -8.14366235e-01  3.43304047e-01
   110  4.46186303e-01  1.44843204e-01 -8.13817677e-01  3.42985449e-01
   120  4.47201535e-01  1.45384639e-01 -8.13341661e-01  3.42563039e-01
