# inc   q0   q1   q2   q3
     0  9.09158190e-01 -6.55689500e-02  3.81241000e-01  1.54231640e-01
    10  9.08369542e-01 -6.57025113e-02  3.82328778e-01  1.56117455e-01
    20  9.07350512e-01 -6.58891745e-02  3.83912951e-01  1.58064895e-01
    30  9.06264992e-01 -6.59456614e-02  3.85630985e-01  1.60073978e-01
    40  9.05100281e-01 -6.58432867e-02  3.87512780e-01  1.62148046e-01
    50  9.03859153e-01 -6.55960713e-02  3.89546286e-01  1.64284749e-01
    60  9.02559659e-01 -6.52375388e-02  3.91682042e-01  1.66479136e-01
    70  9.01217557e-01 -6.48092150e-02  3.93874841e-01  1.68728451e-01
    80  8.99843583e-01 -6.43234343e-02  3.96099088e-01  1.71024954e-01
    90  8.98440510e-01 -6.37614689e-02  3.98352361e-01  1.73362398e-01
   100  8.97011015e-01 -6.31166323e-02  4.00628679e-01  1.75738985e-01
   110  8.95558796e-01 -6.24009263e-02  4.02919213e-01  1.78147905e-01
   120  8.94090046e-01 -6.16407733e-02  4.05206875e-01  1.80584587e-01
