# inc   q0   q1   q2   q3
     0  1.19127080e-01 -6.02074719e-01  5.49639229e-01  5.66755229e-01
    10  1.15892089e-01 -6.03528794e-01  5.50461818e-01  5.65078583e-01
    20  1.12206035e-01 -6.04773649e-01  5.51450016e-01  5.63525970e-01
    30  1.08671320e-01 -6.05933891e-01  5.52454687e-01  5.61986194e-01
    40  1.05217667e-01 -6.07038738e-01  5.53482790e-01  5.60437342e-01
    50  1.01837267e-01 -6.08100799e-01  5.54526727e-01  5.58876282e-01
    60  9.85510014e-02 -6.09119680e-01  5.55565454e-01  5.57322117e-01
    70  9.53800510e-02 -6.10096106e-01  5.56575571e-01  5.55795845e-01
    80  9.23301050e-02 -6.11045185e-01  5.57545600e-01  5.54293999e-01
    90  8.93856110e-02 -6.11975596e-01  5.58480214e-01  5.52807320e-01
   100  8.65305454e-02 -6.12890485e-01  5.59393167e-01  5.51322957e-01
   110  8.37566282e-02 -6.13794514e-01  5.60300380e-01  5.49822340e-01
   120  8.10632756e-02 -6.14682222e-01  5.61213325e-01  5.48301118e-01
