# inc   q0   q1   q2   q3
     0  3.51540489e-01  5.81619309e-01 -1.54273900e-02 -7.33416839e-01
    10  3.51794472e-01  5.79514257e-01 -1.58060367e-02 -7.34951730e-01
    20  3.52286816e-01  5.76929376e-01 -1.64952451e-02 -7.36732245e-01
    30  3.52816810e-01  5.74382789e-01 -1.72049060e-02 -7.38450203e-01
    40  3.53379935e-01  5.71874462e-01 -1.79305229e-02 -7.40108585e-01
    50  3.53970712e-01  5.69408520e-01 -1.86692919e-02 -7.41707577e-01
    60  3.54582929e-01  5.66987533e-01 -1.94175388e-02 -7.43248977e-01
    70  3.55213671e-01  5.64616269e-01 -2.01744735e-02 -7.44731299e-01
    80  3.55860249e-01  5.62301994e-01 -2.09403914e-02 -7.46151091e-01
    90  3.56518625e-01  5.60053667e-01 -2.17161367e-02 -7.47504361e-01
   100  3.57183493e-01  5.57867770e-01 -2.24991603e-02 -7.48797230e-01
   110  3.57851248e-01  5.55739947e-01 -2.32891176e-02 -7.50035474e-01
   120  3.58519699e-01  5.53671450e-01 -2.40881275e-02 -7.51219883e-01
