# inc   q0   q1   q2   q3
     0  4.81371852e-01 -6.09711803e-01 -6.24023433e-01  8.44240104e-02
    10  4.81464090e-01 -6.10011383e-01 -6.23690419e-01  8.41944384e-02
    20  4.81616634e-01 -6.10342229e-01 -6.23277280e-01  8.39834194e-02
    30  4.81810042e-01 -6.10662468e-01 -6.22827732e-01  8.38811666e-02
    40  4.82014800e-01 -6.11010051e-01 -6.22331795e-01  8.38545551e-02
    50  4.82231411e-01 -6.11398823e-01 -6.21780039e-01  8.38685218e-02
    60  4.82470906e-01 -6.11829016e-01 -6.21168322e-01  8.38868067e-02
    70  4.82735948e-01 -6.12296509e-01 -6.20500903e-01  8.38905230e-02
    80  4.83008428e-01 -6.12797753e-01 -6.19795891e-01  8.38738738e-02
    90  4.83269363e-01 -6.13326625e-01 -6.19074366e-01  8.38337817e-02
   100  4.83515186e-01 -6.13875865e-01 -6.18343394e-01  8.37910117e-02
   110  4.83750105e-01 -6.14437915e-01 -6.17604786e-01  8.37628419e-02
   120  4.83981047e-01 -6.15003928e-01 -6.16861819e-01  8.37496887e-02
