# inc   q0   q1   q2   q3
     0  1.56677740e-01 -8.11728220e-01  5.09614250e-01  2.38417070e-01
    10  1.56430869e-01 -8.11245028e-01  5.10626226e-01  2.38058281e-01
    20  1.56523564e-01 -8.10713540e-01  5.11651598e-01  2.37605916e-01
    30  1.56661402e-01 -8.10191157e-01  5.12663972e-01  2.37114206e-01
    40  1.56788633e-01 -8.09671969e-01  5.13685760e-01  2.36591562e-01
    50  1.56928908e-01 -8.09161435e-01  5.14710742e-01  2.36016826e-01
    60  1.57089514e-01 -8.08640031e-01  5.15762848e-01  2.35399385e-01
    70  1.57236462e-01 -8.08107838e-01  5.16829669e-01  2.34788222e-01
    80  1.57330577e-01 -8.07562217e-01  5.17905618e-01  2.34230923e-01
    90  1.57364887e-01 -8.07001030e-01  5.18986599e-01  2.33748882e-01
   100  1.57346269e-01 -8.06422845e-01  5.20069825e-01  2.33348933e-01
   110  1.57264710e-01 -8.05823895e-01  5.21162059e-01  2.33035983e-01
   120  1.57110216e-01 -8.05206884e-01  5.22263698e-01  2.32806540e-01
