inc
quat_01
quat_02
quat_03
quat_04
increment_0
[0.17602863  0.17602863  0.17602863  0.17602863  0.17602863  0.17602863 
  0.17602863  0.17602863  0.17602863  0.17602863  0.17602863  0.17602863 
  0.17602863  0.17602863  0.17602863  0.17602863  0.17602863  0.17602863 
  0.17602863  0.17602863  0.17602863  0.17602863  0.17602863  0.17602863 
  0.17602863  0.17602863  0.17602863  0.17602863]
[0.95681114  0.95681114  0.95681114  0.95681114  0.95681114  0.95681114 
  0.95681114  0.95681114  0.95681114  0.95681114  0.95681114  0.95681114 
  0.95681114  0.95681114  0.95681114  0.95681114  0.95681114  0.95681114 
  0.95681114  0.95681114  0.95681114  0.95681114  0.95681114  0.95681114 
  0.95681114  0.95681114  0.95681114  0.95681114]
[-0.17355682  -0.17355682  -0.17355682  -0.17355682  -0.17355682  -0.17355682 
  -0.17355682  -0.17355682  -0.17355682  -0.17355682  -0.17355682  -0.17355682 
  -0.17355682  -0.17355682  -0.17355682  -0.17355682  -0.17355682  -0.17355682 
  -0.17355682  -0.17355682  -0.17355682  -0.17355682  -0.17355682  -0.17355682 
  -0.17355682  -0.17355682  -0.17355682  -0.17355682]
[-0.15298496  -0.15298496  -0.15298496  -0.15298496  -0.15298496  -0.15298496 
  -0.15298496  -0.15298496  -0.15298496  -0.15298496  -0.15298496  -0.15298496 
  -0.15298496  -0.15298496  -0.15298496  -0.15298496  -0.15298496  -0.15298496 
  -0.15298496  -0.15298496  -0.15298496  -0.15298496  -0.15298496  -0.15298496 
  -0.15298496  -0.15298496  -0.15298496  -0.15298496]
increment_10
[0.17525438  0.17522369  0.17294914  0.17481518  0.17507629  0.17362419 
  0.17333654  0.17506733  0.1748446    0.1735291    0.17365915  0.17483709 
  0.17395788  0.17343627  0.17446092  0.17476952  0.17444382  0.1747205 
  0.1748417    0.17483154  0.17448931  0.17503553  0.17482311  0.17524228 
  0.17542425  0.17614359  0.17641828  0.17589582]
[0.95742432  0.95757758  0.95887654  0.95748697  0.95730997  0.95825496 
  0.95864839  0.95745535  0.95757347  0.95830456  0.95812286  0.95759114 
  0.95818165  0.95854901  0.95775637  0.95767277  0.95784941  0.95771528 
  0.95759412  0.95761408  0.95793863  0.95745253  0.95761471  0.9574529 
  0.9573136    0.95683521  0.9569258    0.95685417]
[-0.17140998  -0.17167671  -0.17593385  -0.17102276  -0.17147457  -0.1718564 
  -0.17629443  -0.17152068  -0.17122489  -0.17492348  -0.17528563  -0.17161707 
  -0.17060447  -0.17493064  -0.17276962  -0.1722241    -0.1736859    -0.17522862 
  -0.17269321  -0.17270957  -0.17488768  -0.17312051  -0.17330292  -0.17472113 
  -0.17467799  -0.174005      -0.17502786  -0.17289058]
[-0.1524572    -0.15122481  -0.14032697  -0.15300187  -0.15330491  -0.14855116 
  -0.1409538    -0.15235268  -0.1521987    -0.14471279  -0.14532044  -0.15165346 
  -0.15006899  -0.14318845  -0.14972233  -0.15052351  -0.1480779    -0.14679618 
  -0.15040259  -0.15026848  -0.14601834  -0.1505872    -0.14958962  -0.14848099 
  -0.14921326  -0.15219091  -0.15011611  -0.15362167]
increment_20
[0.17445459  0.17451486  0.16984624  0.173431      0.17405927  0.17087402 
  0.17133318  0.17399542  0.17338446  0.17095557  0.17176122  0.17339845 
  0.17129518  0.1713956    0.17295361  0.17291852  0.17315332  0.17363045 
  0.17330896  0.1737323    0.17351625  0.17430474  0.1736126    0.17474144 
  0.17489407  0.17650834  0.17725096  0.17601939]
[0.95817189  0.95845179  0.96092606  0.95827434  0.95776864  0.9599166 
  0.9600887    0.95811434  0.95855422  0.95976866  0.95919505  0.95849379 
  0.95987019  0.96000794  0.9587416    0.95886088  0.95867819  0.95847874 
  0.9585392    0.95829752  0.95875537  0.9579518    0.95833174  0.95793295 
  0.95773619  0.95668184  0.95682203  0.95686544]
[-0.16878292  -0.16952652  -0.17877403  -0.16789949  -0.16933926  -0.16980836 
  -0.17914791  -0.16953985  -0.16828686  -0.17618691  -0.1767559    -0.16980813 
  -0.16659513  -0.17590501  -0.17175093  -0.17053221  -0.17374562  -0.17673725 
  -0.17244358  -0.17236622  -0.17637843  -0.17289238  -0.1730628    -0.17585417 
  -0.1757858    -0.17446596  -0.17668199  -0.17198125]
[-0.15160658  -0.14891434  -0.12575055  -0.15310698  -0.15397021  -0.14327357 
  -0.12954018  -0.15165338  -0.15096746  -0.13629561  -0.13856512  -0.14962562 
  -0.14681022  -0.13440882  -0.14629835  -0.14698216  -0.14410592  -0.14119109 
  -0.14638928  -0.14755623  -0.13989602  -0.14850736  -0.14665678  -0.14458633 
  -0.14578345  -0.15220475  -0.14784173  -0.15442845]
increment_30
[0.1735906    0.17370613  0.1665709    0.17197148  0.17297096  0.16775909 
  0.16964253  0.1729705    0.17162893  0.16861819  0.17031598  0.17187981 
  0.16846628  0.16975267  0.17150763  0.17084362  0.17192933  0.17268682 
  0.17184281  0.17273591  0.17291524  0.17374536  0.17261935  0.1743632 
  0.17469764  0.17685034  0.17813236  0.17624261]
[0.9589145    0.95936348  0.96276233  0.95908779  0.95823479  0.96169971 
  0.96122056  0.958713      0.95967205  0.96102962  0.95996595  0.959435 
  0.96159795  0.9611657    0.95965682  0.96015468  0.95945007  0.95912286 
  0.95944619  0.95893984  0.95933243  0.95833156  0.95894251  0.9583123 
  0.95797724  0.95651541  0.95665025  0.95689279]
[-0.16589732  -0.16770706  -0.18215025  -0.1648606    -0.16687243  -0.16818903 
  -0.18192625  -0.16794234  -0.16542036  -0.17787256  -0.1779834    -0.1680801 
  -0.16325172  -0.17672695  -0.17063839  -0.16893095  -0.17386085  -0.17788833 
  -0.17252395  -0.17235472  -0.17785865  -0.17267376  -0.17312448  -0.17663793 
  -0.17694681  -0.17481192  -0.178222      -0.1710024  ]
[-0.15108725  -0.14602133  -0.11029103  -0.15296211  -0.15498621  -0.13675893 
  -0.11907677  -0.15081763  -0.1490274    -0.12787232  -0.1333407    -0.14727826 
  -0.14246887  -0.12693351  -0.1432706    -0.14275078  -0.14024361  -0.13644907 
  -0.142016      -0.1445356    -0.13471417  -0.14695896  -0.14373493  -0.14154172 
  -0.14300409  -0.15245658  -0.14603454  -0.15508999]
increment_40
[0.17267402  0.17257588  0.16313972  0.1704615    0.1715968    0.16430324 
  0.16823805  0.17195907  0.16951937  0.16657699  0.16922876  0.17020146 
  0.16552097  0.16844881  0.17017359  0.16862899  0.17080213  0.17185971 
  0.17036731  0.17175523  0.17259895  0.17332519  0.1718562    0.17411367 
  0.1748291    0.17715825  0.17909622  0.17650828]
[0.95963277  0.96042282  0.96434118  0.95991444  0.95883685  0.96355554 
  0.96208848  0.95928626  0.96093898  0.96205169  0.96050734  0.96045854 
  0.96333363  0.96207534  0.96047453  0.96149335  0.96014581  0.95966905 
  0.96034921  0.95959777  0.95974209  0.95859645  0.95944041  0.95859223 
  0.95804029  0.95633853  0.95640362  0.95694427]
[-0.16272694  -0.1663408    -0.18577973  -0.16177875  -0.16387487  -0.16730691 
  -0.1844701    -0.16665076  -0.16293868  -0.17999567  -0.17885703  -0.16636125 
  -0.16087125  -0.17730113  -0.1695192    -0.16784795  -0.17409994  -0.17863667 
  -0.17281266  -0.17264375  -0.17920917  -0.17237764  -0.17347945  -0.17709991 
  -0.17807828  -0.17510564  -0.17964781  -0.17000199]
[-0.15102509  -0.14190245  -0.0944321    -0.1527573    -0.15598543  -0.12873839 
  -0.10978389  -0.14975808  -0.14598098  -0.11962529  -0.12960494  -0.14448114 
  -0.13679022  -0.12083194  -0.14068711  -0.13755678  -0.13651322  -0.13262161 
  -0.13725944  -0.14094819  -0.13034106  -0.14607252  -0.14087025  -0.1393592 
  -0.14100252  -0.15287116  -0.14471807  -0.15556933]
increment_50
[0.17175056  0.17097435  0.1597162    0.16896417  0.16983543  0.16068183 
  0.16708449  0.17091907  0.16712725  0.16485839  0.16841088  0.16834771 
  0.16254262  0.16735532  0.16896491  0.16635799  0.1698616    0.17115938 
  0.16887228  0.17082419  0.17248357  0.17298116  0.17123783  0.17393097 
  0.17520315  0.17742712  0.18019242  0.17678181]
[0.96029655  0.96168306  0.96560464  0.9607222    0.95964314  0.96535653 
  0.96273826  0.9598688    0.96230984  0.96283533  0.96089832  0.96156308 
  0.96501801  0.96280617  0.9611863    0.96281959  0.9607171    0.9601264 
  0.96124512  0.96024046  0.96003307  0.95878951  0.95985695  0.95880796 
  0.95797418  0.95615587  0.95607735  0.9570231  ]
[-0.15931131  -0.16548355  -0.18945021  -0.15854982  -0.1603261    -0.16736173 
  -0.18665044  -0.16546432  -0.16117739  -0.18238296  -0.17936133  -0.16467968 
  -0.1595478    -0.17757383  -0.1684403    -0.16746387  -0.17446379  -0.17908007 
  -0.17330824  -0.17324603  -0.18034712  -0.17199113  -0.17392841  -0.17730748 
  -0.17911155  -0.17535357  -0.18095918  -0.16901756]
[-0.15149981  -0.13619347  -0.07878476  -0.15272823  -0.15664136  -0.11940758 
  -0.10187953  -0.14852649  -0.14159836  -0.11183155  -0.12705004  -0.14119525 
  -0.12986389  -0.11603457  -0.13856273  -0.1313747    -0.13316183  -0.12958433 
  -0.13211446  -0.13690573  -0.12673136  -0.14566828  -0.13820692  -0.13783093 
  -0.1396724    -0.15341671  -0.14387695  -0.15584621]
increment_60
[0.17086095  0.16890519  0.15642316  0.16752594  0.16769709  0.15702666 
  0.16609978  0.16979788  0.16456038  0.16338104  0.16782093  0.16633277 
  0.15957722  0.1663494    0.16784507  0.16405692  0.16912712  0.17057824 
  0.16735552  0.1699607    0.17249312  0.17265319  0.17070627  0.17377978 
  0.17574063  0.17763513  0.18145339  0.17706003]
[0.96088329  0.96310505  0.96653498  0.96148771  0.96065113  0.96701453 
  0.96323662  0.96048931  0.9637242    0.96343702  0.96118819  0.96272816 
  0.96660532  0.96343767  0.96181596  0.9641088    0.96115933  0.9605025 
  0.9621282    0.96083813  0.96023826  0.95895748  0.96021132  0.95897726 
  0.95783718  0.95598603  0.95567728  0.95712358]
[-0.15571759  -0.16510898  -0.19313139  -0.15509069  -0.15634543  -0.16828531 
  -0.188494      -0.1641325    -0.1603072    -0.18483892  -0.179541      -0.16308092 
  -0.1592078    -0.17749968  -0.16736907  -0.16775122  -0.17488391  -0.17933217 
  -0.17406621  -0.17408466  -0.18126216  -0.1715242    -0.17431768  -0.17736828 
  -0.18001663  -0.17551261  -0.18214826  -0.16810305]
[-0.1525184    -0.12899118  -0.06357832  -0.15304677  -0.15679034  -0.10911273 
  -0.09516345  -0.1472735    -0.13585707  -0.10454812  -0.12537318  -0.13745 
  -0.1219104    -0.11229245  -0.13684181  -0.12425406  -0.13032409  -0.12719274 
  -0.12650065  -0.13265742  -0.123825      -0.14550216  -0.13589309  -0.13676147 
  -0.13877024  -0.15405128  -0.14344897  -0.15590241]
increment_70
[0.17004485  0.16647786  0.15312308  0.16617467  0.16524541  0.15335074 
  0.16520758  0.16856117  0.16185717  0.16201487  0.16746299  0.16415385 
  0.15658809  0.16539679  0.16680179  0.16166046  0.16856615  0.17011969 
  0.16578138  0.16915222  0.17262314  0.1723077    0.1702802    0.17364636 
  0.1763929    0.1777614    0.18288096  0.17735278]
[0.96137475  0.96460065  0.96716686  0.96219898  0.96182142  0.96850389 
  0.9636433    0.96115784  0.96515236  0.96393364  0.96139455  0.96394766 
  0.96808797  0.96401078  0.96237608  0.96537493  0.9614945    0.96079249 
  0.96301054  0.96138189  0.96035754  0.9591262    0.96048952  0.95910451 
  0.9576742    0.95584853  0.95521571  0.95724271]
[-0.15203129  -0.16526128  -0.19690412  -0.15135793  -0.15199544  -0.16997266 
  -0.19013324  -0.16247311  -0.16033241  -0.18725083  -0.17943398  -0.16162674 
  -0.15965994  -0.17707826  -0.16628335  -0.168643      -0.1752689    -0.17945063 
  -0.17520737  -0.17503991  -0.18197452  -0.17098702  -0.17460341  -0.17734053 
  -0.18078501  -0.17552596  -0.18319585  -0.16730912]
[-0.1540449    -0.12049654  -0.0486864    -0.15378516  -0.15649567  -0.09794419 
  -0.08914815  -0.14616848  -0.12875055  -0.09757173  -0.12441912  -0.13317362 
  -0.11311304  -0.10940933  -0.13549643  -0.11608906  -0.12804137  -0.12543744 
  -0.1201233    -0.1284267    -0.12165495  -0.14543188  -0.13408274  -0.13607282 
  -0.13806681  -0.15474204  -0.14337634  -0.15569214]
increment_80
[0.16926633  0.16386154  0.14890096  0.16490025  0.16258297  0.14971888 
  0.16434682  0.16719456  0.15909292  0.16068755  0.16725761  0.16184121 
  0.1535805    0.16447648  0.16583246  0.15914313  0.16813529  0.16977129 
  0.1641575    0.16841417  0.17290239  0.17192459  0.16996381  0.17348809 
  0.17712155  0.17782762  0.18442442  0.17765386]
[0.96178881  0.96605802  0.96764891  0.96285999  0.96309038  0.96978181 
  0.96399219  0.96187696  0.9665335    0.96437108  0.96154953  0.9652016 
  0.96944871  0.96454966  0.96287554  0.96660149  0.96174944  0.96100687 
  0.96387339  0.9618572    0.96038304  0.95931191  0.96068834  0.95921546 
  0.95751744  0.95574743  0.95471938  0.95738862]
[-0.14828474  -0.16597457  -0.20073733  -0.14737654  -0.14743065  -0.17222103 
  -0.19178444  -0.16047163  -0.16109884  -0.18959435  -0.17914354  -0.16041987 
  -0.16060672  -0.17642643  -0.16519193  -0.17001586  -0.17554813  -0.17949743 
  -0.17688308  -0.17595488  -0.18256238  -0.17041214  -0.17478955  -0.17721726 
  -0.18144191  -0.17536947  -0.18409005  -0.16666384]
[-0.15595777  -0.11105738  -0.03447627  -0.15488287  -0.15584578  -0.08629839 
  -0.08323408  -0.1452155    -0.12062171  -0.09067479  -0.12391527  -0.12829173 
  -0.10386389  -0.10707544  -0.13446903  -0.10700291  -0.12629882  -0.12419414 
  -0.11275093  -0.12452819  -0.12016723  -0.14533514  -0.13281126  -0.13565262 
  -0.13735768  -0.15546618  -0.14355975  -0.15514282]
increment_90
[0.16849027  0.16120994  0.14344251  0.163676      0.15978166  0.14616329 
  0.16353208  0.16568479  0.15632176  0.15943881  0.16712513  0.15944274 
  0.15064507  0.1635924    0.16492003  0.156595      0.16777447  0.16949979 
  0.16254266  0.16774758  0.17338152  0.17150296  0.16973135  0.17324526 
  0.17790491  0.17788955  0.18602137  0.17795604]
[0.96214673  0.96739236  0.96806528  0.96347828  0.96441369  0.9708392 
  0.96427715  0.9626525    0.96781865  0.96473309  0.96167307  0.96646132 
  0.97065112  0.96505636  0.96333121  0.96772425  0.96195649  0.96116718 
  0.96466538  0.96226639  0.96030478  0.9595158    0.96081776  0.95935074 
  0.95737908  0.95567019  0.95421366  0.95756827]
[-0.1444605    -0.16720582  -0.20452751  -0.14319462  -0.14274501  -0.17479904 
  -0.19357742  -0.15824767  -0.16236011  -0.19191074  -0.17874987  -0.1596198 
  -0.1617843    -0.17568286  -0.16408373  -0.17176926  -0.17568501  -0.17949631 
  -0.17917311  -0.17667637  -0.18311467  -0.1698241    -0.17489228  -0.17692755 
  -0.18202269  -0.1750348    -0.18482572  -0.16617929]
[-0.15816404  -0.10102277  -0.02103223  -0.15625324  -0.15491905  -0.07451738 
  -0.07716621  -0.14424422  -0.11193638  -0.08390231  -0.12370363  -0.12268683 
  -0.09470115  -0.10506796  -0.13368205  -0.09738126  -0.12500488  -0.12332295 
  -0.10439151  -0.1212007    -0.11925855  -0.14517555  -0.13203478  -0.13538421 
  -0.13653894  -0.15624534  -0.14391593  -0.15420475]
increment_100
[0.16769799  0.15859684  0.13792935  0.16246543  0.15685039  0.14264171 
  0.16284293  0.1640052    0.15354538  0.15839555  0.16700284  0.15696378 
  0.14792355  0.16277644  0.16404507  0.15417928  0.16743553  0.16926711 
  0.1610337    0.16713702  0.17411458  0.17103947  0.16955565  0.1728969 
  0.17870702  0.17799041  0.18766366  0.1782618  ]
[0.96246341  0.96857046  0.96830388  0.96405901  0.96578857  0.97170843 
  0.96448        0.96349665  0.96898984  0.96498347  0.9617804    0.96771249 
  0.9716633    0.96550972  0.96375919  0.96866692  0.96213511  0.96129036 
  0.96532067  0.96262369  0.96011762  0.9597318    0.9608829    0.95953026 
  0.95726532  0.95561138  0.95370594  0.95777863]
[-0.14053813  -0.16881366  -0.20806863  -0.13879972  -0.13796731  -0.17745671 
  -0.19543017  -0.15590956  -0.1639453    -0.19411223  -0.17825448  -0.15937469 
  -0.16292175  -0.17490197  -0.16296846  -0.17381525  -0.17563454  -0.17941243 
  -0.18204777  -0.17706595  -0.18367132  -0.1691947    -0.17490427  -0.17640526 
  -0.1825261    -0.17446338  -0.18537328  -0.16583462]
[-0.16059454  -0.09066564  -0.00839836  -0.1578919    -0.15367308  -0.0628107 
  -0.07118682  -0.1430689    -0.10297792  -0.07770586  -0.12374916  -0.11616634 
  -0.0862877    -0.10346063  -0.13303656  -0.0877577    -0.12415268  -0.12280339 
  -0.09530348  -0.11861067  -0.11884072  -0.14502936  -0.13177033  -0.1352388 
  -0.1356139    -0.15712681  -0.14444405  -0.15291075]
increment_110
[0.16673724  0.15610707  0.13295998  0.16119009  0.15390539  0.13916564 
  0.16225734  0.1622239    0.15081204  0.15747401  0.16683962  0.15439026 
  0.14540696  0.16204207  0.16322206  0.15195368  0.16710239  0.16907211 
  0.15970007  0.16657266  0.1751114    0.17054525  0.16939894  0.17247539 
  0.17948974  0.17815643  0.18930791  0.17857607]
[0.96278565  0.96955825  0.96837336  0.96463106  0.96714774  0.97240235 
  0.96459358  0.96436871  0.97002668  0.96516597  0.96188306  0.96894447 
  0.97252409  0.96590174  0.96415431  0.96941912  0.96229534  0.96137915 
  0.96579653  0.96294363  0.95983453  0.95994143  0.96090447  0.9597465 
  0.95717303  0.95557302  0.953228      0.95801858]
[-0.13642318  -0.17062575  -0.21111211  -0.13418442  -0.13340471  -0.18004037 
  -0.19754245  -0.15367011  -0.16571791  -0.19620465  -0.17768508  -0.15956712 
  -0.16394072  -0.1741127    -0.16184441  -0.17602315  -0.17546641  -0.1792466 
  -0.18537169  -0.17714062  -0.18425926  -0.16850243  -0.17482489  -0.17569289 
  -0.18297798  -0.17359154  -0.18571225  -0.16558067]
[-0.16319071  -0.08046262    0.00252063  -0.15968472  -0.15212352  -0.05149817 
  -0.06487497  -0.14164003  -0.09402951  -0.07183534  -0.12399001  -0.10885122 
  -0.07859487  -0.10227888  -0.13255718  -0.07843784  -0.12359614  -0.12261894 
  -0.08585032  -0.11668041  -0.11875267  -0.14503        -0.13191991  -0.1351699 
  -0.13461907  -0.15813432  -0.14501677  -0.1513077  ]
increment_120
[0.16556668  0.15370751  0.12864476  0.1598188    0.15101327  0.13582526 
  0.16169766  0.1604654    0.14820517  0.15656524  0.16656439  0.1517556 
  0.14297572  0.16136318  0.16247294  0.1498469    0.1667989    0.1689229 
  0.15859448  0.16610756  0.17634052  0.17006393  0.1691954    0.17204225 
  0.1802936    0.17834361  0.19085267  0.17889301]
[0.96312365  0.9703721    0.96832811  0.96520282  0.9684388    0.97287252 
  0.96462588  0.9652071    0.97090158  0.9653068    0.96201322  0.97012615 
  0.97328589  0.96625095  0.96450399  0.97002681  0.96243472  0.96143438 
  0.96607109  0.96320199  0.95947397  0.96011794  0.96093408  0.95998304 
  0.95707303  0.95555866  0.95282583  0.95828911]
[-0.13207955  -0.17262212  -0.21367711  -0.12942847  -0.12910783  -0.18286332 
  -0.19996133  -0.15169751  -0.16768758  -0.1983595    -0.17699632  -0.16003675 
  -0.16500946  -0.17333769  -0.16073576  -0.17827938  -0.17534057  -0.17906829 
  -0.18900554  -0.17713642  -0.18492599  -0.16781578  -0.17462022  -0.17497406 
  -0.18346439  -0.17244663  -0.18593271  -0.1653883  ]
[-0.16593827  -0.07038173    0.0115451    -0.16152319  -0.15050735  -0.04039259 
  -0.05801937  -0.14004991  -0.08524222  -0.06575423  -0.12433493  -0.101063 
  -0.07102389  -0.10136599  -0.13228234  -0.06935673  -0.12309838  -0.1226521 
  -0.07636329  -0.11520804  -0.1188112    -0.14522278  -0.13223615  -0.13497443 
  -0.13358988  -0.15925881  -0.14535205  -0.14941883]
