inc
quat_01
quat_02
quat_03
quat_04
increment_0
[0.41710914  0.41710914  0.41710914  0.41710914  0.41710914  0.41710914 
  0.41710914  0.41710914  0.41710914  0.41710914  0.41710914  0.41710914 
  0.41710914  0.41710914  0.41710914  0.41710914  0.41710914  0.41710914 
  0.41710914  0.41710914  0.41710914  0.41710914  0.41710914  0.41710914 
  0.41710914  0.41710914  0.41710914  0.41710914  0.41710914  0.41710914 
  0.41710914  0.41710914  0.41710914  0.41710914  0.41710914  0.41710914]
[-0.00407607  -0.00407607  -0.00407607  -0.00407607  -0.00407607  -0.00407607 
  -0.00407607  -0.00407607  -0.00407607  -0.00407607  -0.00407607  -0.00407607 
  -0.00407607  -0.00407607  -0.00407607  -0.00407607  -0.00407607  -0.00407607 
  -0.00407607  -0.00407607  -0.00407607  -0.00407607  -0.00407607  -0.00407607 
  -0.00407607  -0.00407607  -0.00407607  -0.00407607  -0.00407607  -0.00407607 
  -0.00407607  -0.00407607  -0.00407607  -0.00407607  -0.00407607  -0.00407607]
[-0.68173163  -0.68173163  -0.68173163  -0.68173163  -0.68173163  -0.68173163 
  -0.68173163  -0.68173163  -0.68173163  -0.68173163  -0.68173163  -0.68173163 
  -0.68173163  -0.68173163  -0.68173163  -0.68173163  -0.68173163  -0.68173163 
  -0.68173163  -0.68173163  -0.68173163  -0.68173163  -0.68173163  -0.68173163 
  -0.68173163  -0.68173163  -0.68173163  -0.68173163  -0.68173163  -0.68173163 
  -0.68173163  -0.68173163  -0.68173163  -0.68173163  -0.68173163  -0.68173163]
[-0.60103689  -0.60103689  -0.60103689  -0.60103689  -0.60103689  -0.60103689 
  -0.60103689  -0.60103689  -0.60103689  -0.60103689  -0.60103689  -0.60103689 
  -0.60103689  -0.60103689  -0.60103689  -0.60103689  -0.60103689  -0.60103689 
  -0.60103689  -0.60103689  -0.60103689  -0.60103689  -0.60103689  -0.60103689 
  -0.60103689  -0.60103689  -0.60103689  -0.60103689  -0.60103689  -0.60103689 
  -0.60103689  -0.60103689  -0.60103689  -0.60103689  -0.60103689  -0.60103689]
increment_10
[0.41524274  0.41500778  0.41542062  0.4153772    0.41603473  0.41508577 
  0.41531816  0.41502691  0.41597801  0.41610563  0.41515392  0.41532805 
  0.41563085  0.41538522  0.4170565    0.41606768  0.41579623  0.41578017 
  0.41554651  0.41590428  0.41562678  0.41678188  0.41529481  0.41526642 
  0.41525223  0.41574158  0.41514373  0.41672183  0.41517804  0.4157624 
  0.41498902  0.41537077  0.41516513  0.41482983  0.41538645  0.41380003]
[-0.00448228  -0.00599082  -0.00309934  -0.00383229  -0.00374482  -0.00413285 
  -0.00386596  -0.00421354  -0.00415134  -0.00390232  -0.00364877  -0.0037031 
  -0.00407195  -0.00292053  -0.00430496  -0.0038446    -0.00317179  -0.00467415 
  -0.00341088  -0.0046159    -0.00473068  -0.00396578  -0.0034016    -0.00517923 
  -0.00350755  -0.00455726  -0.0047199    -0.00275045  -0.0071964    -0.0046962 
  -0.00571693  -0.00521919  -0.00552727  -0.00709566  -0.00599315  -0.00850852]
[-0.68126234  -0.68183725  -0.6820652    -0.68164141  -0.68145721  -0.68167857 
  -0.68176331  -0.68161432  -0.6814069    -0.6814465    -0.68169474  -0.68186857 
  -0.68153519  -0.68218364  -0.68096554  -0.68161795  -0.68242462  -0.68130285 
  -0.68187342  -0.68096939  -0.6807864    -0.6822          -0.68195678  -0.68162599 
  -0.68182775  -0.68103608  -0.68189955  -0.68296707  -0.68273462  -0.68185082 
  -0.68174189  -0.68054774  -0.68148212  -0.6826428    -0.68197993  -0.68307618]
[-0.60285571  -0.60235423  -0.60183317  -0.60233885  -0.60209397  -0.60249568 
  -0.60224138  -0.60260835  -0.60218742  -0.6020561    -0.60243356  -0.60211639 
  -0.60228249  -0.60172425  -0.6019396    -0.60188859  -0.6011656    -0.60243791 
  -0.60196187  -0.60272964  -0.60312675  -0.60073314  -0.6020412    -0.6024226 
  -0.60221608  -0.60276698  -0.6022013    -0.59990944  -0.60120616  -0.60182973 
  -0.60247774  -0.60356827  -0.60265205  -0.60155188  -0.60193152  -0.60175084]
increment_20
[0.41295502  0.41231973  0.41315457  0.41284571  0.41514224  0.41220301 
  0.4122801    0.41190536  0.41481455  0.41469004  0.4120497    0.41295959 
  0.41394401  0.41346471  0.41699809  0.41450158  0.41454547  0.41385742 
  0.41388567  0.41400389  0.4133936    0.41655721  0.41250957  0.41309578 
  0.41273537  0.41388124  0.41235849  0.41643126  0.41239302  0.41449949 
  0.412217      0.41293056  0.41242871  0.4117718    0.41335906  0.41015051]
[-0.0060041    -0.00941373  -0.00212171  -0.0037883    -0.00362259  -0.00397626 
  -0.00421596  -0.00521708  -0.00442128  -0.00385019  -0.00287956  -0.00368873 
  -0.0043112    -0.00142821  -0.00470431  -0.00323658  -0.00178854  -0.00609545 
  -0.00272675  -0.00535255  -0.00600768  -0.00299041  -0.0026022    -0.00732196 
  -0.00275123  -0.00505519  -0.00627784    0.00024454  -0.01186677  -0.00551728 
  -0.00745725  -0.00655778  -0.00831336  -0.01195462  -0.00774853  -0.01349307]
[-0.68038609  -0.68214799  -0.68255669  -0.68157243  -0.68087918  -0.68160794 
  -0.68205668  -0.68157607  -0.68091888  -0.68083811  -0.68188595  -0.68208449 
  -0.68121149  -0.68279511  -0.68000496  -0.68155835  -0.68359374  -0.68064037 
  -0.68201669  -0.67991816  -0.67930291  -0.6832179    -0.68205035  -0.6812621 
  -0.68190588  -0.68006812  -0.68230244  -0.68450785  -0.68375323  -0.6818952 
  -0.68135695  -0.67902658  -0.68119808  -0.68358049  -0.68197985  -0.6844527  ]
[-0.60539811  -0.60380289  -0.60283925  -0.60415486  -0.60336336  -0.6045523 
  -0.60399175  -0.60478162  -0.60353859  -0.60371916  -0.6043495    -0.6034994 
  -0.60380682  -0.60235847  -0.60306195  -0.60303912  -0.60070663  -0.60449447 
  -0.60294648  -0.60521353  -0.60631444  -0.59973698  -0.6038513    -0.60430143 
  -0.60385952  -0.60513148  -0.60364264  -0.59835938  -0.60189093  -0.60264307 
  -0.60479273  -0.60693349  -0.60481619  -0.60251041  -0.60330568  -0.60259356]
increment_30
[0.41057061  0.40963963  0.41073532  0.41021198  0.41423652  0.40928918 
  0.40902933  0.4086171    0.41387684  0.41313497  0.40883937  0.4104176 
  0.41238486  0.41155685  0.41692875  0.41285606  0.41327018  0.41190793 
  0.41227233  0.41208263  0.41122696  0.4163377    0.40962817  0.41098964 
  0.41025091  0.4120706    0.40950242  0.41609481  0.40958058  0.41332737 
  0.40934951  0.41063089  0.40968887  0.40864843  0.41151588  0.40649166]
[-0.0078914    -0.01314347  -0.00133694  -0.00392462  -0.0033576    -0.00385557 
  -0.00490859  -0.00673512  -0.00493766  -0.00383317  -0.00216978  -0.0036734 
  -0.00495652    0.00014628  -0.00516986  -0.00254769  -0.00050911  -0.00773728 
  -0.00238753  -0.00617119  -0.00743327  -0.0018116    -0.00190661  -0.00979006 
  -0.00227484  -0.00552356  -0.0082201      0.00351077  -0.01681766  -0.00660844 
  -0.00958976  -0.00794323  -0.01141395  -0.0169527    -0.01008647  -0.01848867]
[-0.67949397  -0.682537      -0.68298253  -0.68147574  -0.6803824    -0.68143521 
  -0.68247729  -0.68170697  -0.68032061  -0.68020603  -0.68204917  -0.68239237 
  -0.68068586  -0.68344331  -0.67900037  -0.68151093  -0.68479577  -0.67995833 
  -0.68212472  -0.67882702  -0.67773166  -0.6843041    -0.6821639    -0.68085181 
  -0.68189614  -0.67911036  -0.68274065  -0.68609188  -0.68470533  -0.68195199 
  -0.68097908  -0.677463      -0.68088835  -0.68449646  -0.68195532  -0.68577946]
[-0.60799461  -0.60511641  -0.60401124  -0.60605408  -0.60454662  -0.60672363 
  -0.60571912  -0.6068462    -0.60485159  -0.6054953    -0.60634528  -0.60488391 
  -0.60545926  -0.60293132  -0.60423686  -0.60422366  -0.60021851  -0.60657123 
  -0.60393021  -0.60773654  -0.60952189  -0.59865477  -0.60568436  -0.6061621 
  -0.60556311  -0.6074343    -0.60506644  -0.59676689  -0.60261059  -0.60337243 
  -0.60713138  -0.61021559  -0.60697265  -0.60347632  -0.60455759  -0.60343122]
increment_40
[0.40816427  0.4069419    0.40825769  0.40748156  0.41320982  0.40637975 
  0.4057254    0.40524224  0.41305743  0.41148547  0.40561576  0.407755 
  0.41082975  0.40955274  0.4168568    0.41110014  0.41196609  0.40991011 
  0.41061659  0.41016042  0.4091696    0.41611174  0.40676556  0.40876727 
  0.40781091  0.41031386  0.4066548    0.41576466  0.40671962  0.41214906 
  0.4064254    0.40845169  0.40697129  0.40549732  0.40969685  0.40286067]
[-0.0100044    -0.01707134  -0.00072909  -0.00417113  -0.00301758  -0.00385664 
  -0.00569097  -0.00864342  -0.00561863  -0.0038613    -0.00151385  -0.00361376 
  -0.00588542    0.00178218  -0.00567167  -0.00186444    0.00073123  -0.00950304 
  -0.0023086    -0.0070711    -0.00896765  -0.00062603  -0.00123639  -0.01238895 
  -0.00199147  -0.00597887  -0.01042373    0.00687971  -0.02199481  -0.00794522 
  -0.01201233  -0.00938575  -0.01465897  -0.02206462  -0.01303362  -0.02347696]
[-0.67857696  -0.68295182  -0.68331691  -0.68134319  -0.67992575  -0.68116413 
  -0.68295103  -0.68193717  -0.67966457  -0.67953372  -0.68215832  -0.68271903 
  -0.68001178  -0.68409583  -0.67796715  -0.6814404    -0.68598398  -0.67930341 
  -0.68218896  -0.67773983  -0.67608211  -0.68538181  -0.68231808  -0.68034624 
  -0.68183229  -0.67814781  -0.68320872  -0.68768606  -0.6856178    -0.68205554 
  -0.68062974  -0.67585526  -0.68054446  -0.68542402  -0.68188948  -0.68709939]
[-0.61060228  -0.60636925  -0.60531242  -0.60804016  -0.60576358  -0.60897952 
  -0.60739806  -0.60882322  -0.60614195  -0.60737034  -0.60838606  -0.60631471 
  -0.60726292  -0.60355304  -0.60544098  -0.6055016    -0.59975778  -0.60862983 
  -0.60498506  -0.61023532  -0.61270939  -0.59758045  -0.60743912  -0.60818157 
  -0.60728167  -0.60969036  -0.60642317  -0.59513048  -0.60334369  -0.60404492 
  -0.60944012  -0.61343198  -0.60911306  -0.60438315  -0.60580967  -0.60419081]
increment_50
[0.4057797    0.40422345  0.40577029  0.40466119  0.41201627  0.4034935 
  0.40241198  0.40180168  0.41228105  0.40976787  0.40241657  0.40498804 
  0.40925257  0.40739257  0.41680739  0.40921225  0.41063012  0.40786479 
  0.40889787  0.40824756  0.40724045  0.4158777    0.40395263  0.40642763 
  0.40541672  0.40859961  0.40384169  0.41542212  0.40384177  0.41095077 
  0.40346744  0.40638364  0.40428168  0.40236184  0.40779579  0.3993022  ]
[-0.01229467  -0.02109798  -0.00032888  -0.00450551  -0.00265477  -0.00397921 
  -0.00650478  -0.01087227  -0.00645112  -0.00392566  -0.00088826  -0.00354069 
  -0.00704005    0.00346866  -0.0061928    -0.00121692    0.00193673  -0.01137739 
  -0.00244642  -0.00809943  -0.01062013    0.00053167  -0.00053203  -0.01503836 
  -0.00183441  -0.00642253  -0.01291204    0.01027534  -0.02736718  -0.00952368 
  -0.0146655    -0.01089452  -0.01796361  -0.02722189  -0.01662644  -0.02839298]
[-0.67763204  -0.68337853  -0.6835475    -0.68118395  -0.6794767    -0.68080567 
  -0.68344489  -0.68225171  -0.67895801  -0.67882462  -0.68222832  -0.68303521 
  -0.67921688  -0.68475354  -0.67691487  -0.68135031  -0.68713627  -0.67870335 
  -0.68223003  -0.67669087  -0.67434955  -0.68642462  -0.68250901  -0.67974122 
  -0.6817114    -0.6771811    -0.68369369  -0.68928795  -0.68649829  -0.68224706 
  -0.68031308  -0.67419952  -0.68018307  -0.68636439  -0.6817489    -0.68838353]
[-0.61319368  -0.60757885  -0.60672332  -0.61009626  -0.60708069  -0.61129437 
  -0.60903642  -0.61071255  -0.60745267  -0.60932095  -0.61042988  -0.60781169 
  -0.6092021    -0.60426141  -0.60664611  -0.60688187  -0.59935207  -0.61063789 
  -0.60610126  -0.6126645    -0.61586939  -0.59654564  -0.60910051  -0.61036244 
  -0.60901846  -0.61190756  -0.60770725  -0.59346525  -0.60405543  -0.60462196 
  -0.61169686  -0.6165944    -0.61121569  -0.60520066  -0.60716109  -0.60487991]
increment_60
[0.40344282  0.40149933  0.40330136  0.40179084  0.41065852  0.40063924 
  0.39910848  0.39829839  0.41148817  0.40798727  0.39926149  0.40211785 
  0.40764549  0.405027      0.4168105    0.40720875  0.40924502  0.40576821 
  0.40712488  0.40634405  0.4054689    0.4156499    0.40118663  0.40401361 
  0.4030655    0.40693884  0.40105962  0.41505917  0.40099254  0.40970154 
  0.40048726  0.40442557  0.40160395  0.39927987  0.40578437  0.39583351]
[-0.01474051  -0.02517687  -0.00015184  -0.00493399  -0.00229018  -0.00421476 
  -0.00735862  -0.01337268  -0.00742876  -0.00401549  -0.00030327  -0.00346982 
  -0.00842461    0.00520863  -0.0067011    -0.00062969    0.00310307  -0.01336922 
  -0.00278884  -0.00930372  -0.01241248    0.00164906    0.00024324  -0.0177264 
  -0.00175556  -0.00684224  -0.01575473    0.01361865  -0.03281362  -0.01139693 
  -0.01750186  -0.01247615  -0.02127733  -0.03235241  -0.02082296  -0.03321936]
[-0.67666664  -0.68380556  -0.68368374  -0.68099609  -0.67902189  -0.6803739 
  -0.68393868  -0.68264868  -0.67819989  -0.67808649  -0.68226522  -0.68333241 
  -0.67831549  -0.68542243  -0.67586377  -0.68124547  -0.68824468  -0.67817192 
  -0.68227622  -0.67571815  -0.67252484  -0.6874085    -0.68273757  -0.67906441 
  -0.68152265  -0.67622064  -0.68419206  -0.69088946  -0.6873582    -0.68252615 
  -0.68004687  -0.67249386  -0.67982126  -0.6872922    -0.68152588  -0.68961084]
[-0.61574253  -0.6087482    -0.60821421  -0.61219613  -0.60850933  -0.61364631 
  -0.61064404  -0.61251151  -0.60882444  -0.61133376  -0.61245762  -0.60938166 
  -0.61126285  -0.60508023  -0.60780939  -0.60834632  -0.59902266  -0.61258165 
  -0.60724025  -0.61498206  -0.61899212  -0.59556863  -0.61067065  -0.61264207 
  -0.61078801  -0.61406809  -0.60892051  -0.59178727  -0.60470402  -0.60512215 
  -0.61387286  -0.61970663  -0.61327367  -0.60593592  -0.6086279    -0.60551564]
increment_70
[0.40117529  0.39880228  0.40084971  0.39893409  0.40917951  0.39781394 
  0.39582781  0.39473862  0.41062988  0.4061466    0.39614987  0.39914365 
  0.40600703  0.40241803  0.41689514  0.40509415  0.40782216  0.40362932 
  0.40530594  0.40445187  0.40387579  0.41544032  0.3984564    0.40157369 
  0.40076134  0.40535456  0.39828594  0.41466944  0.39820759  0.40837808 
  0.39749505  0.40255645  0.39891167  0.39628013  0.40370417  0.39246366]
[-0.01735091  -0.02931454  -0.00014809  -0.005482      -0.00193923  -0.00456634 
  -0.00828732  -0.01611308  -0.00852836  -0.00413371    0.00023042  -0.00339911 
  -0.01005462    0.00701216  -0.00715415  -0.00014686    0.00425569  -0.01554705 
  -0.00331853  -0.01071139  -0.01436244    0.00269862    0.0011197    -0.02045637 
  -0.00168995  -0.00723336  -0.01905095    0.01684281  -0.0382458    -0.01362835 
  -0.02044276  -0.01411647  -0.02459385  -0.03744348  -0.02547462  -0.03798174]
[-0.67567985  -0.68421305  -0.68376073  -0.68076806  -0.67855092  -0.67988781 
  -0.68441793  -0.68311207  -0.67739988  -0.67731997  -0.6822734    -0.68361079 
  -0.67732129  -0.68610555  -0.67484048  -0.68111824  -0.68931976  -0.67770146 
  -0.68236106  -0.67485223  -0.6706006    -0.68832182  -0.68300643  -0.67834064 
  -0.68126856  -0.67526955  -0.68472252  -0.6924844    -0.68820133  -0.68286589 
  -0.67983488  -0.67075026  -0.6794876    -0.68818914  -0.68124276  -0.6907795  ]
[-0.61823464  -0.60987696  -0.60974646  -0.61430969  -0.61003034  -0.61601605 
  -0.61222851  -0.61423097  -0.61027844  -0.61340485  -0.61446581  -0.61102298 
  -0.61342731  -0.60602783  -0.60888224  -0.60989888  -0.59874974  -0.61446106 
  -0.60835801  -0.61715348  -0.62207146  -0.59465547  -0.61215477  -0.61495861 
  -0.61258521  -0.61615452  -0.61004954  -0.59011095  -0.60526598  -0.60558714 
  -0.61595804  -0.62277052  -0.61527329  -0.60659356  -0.6101494    -0.60609682]
increment_80
[0.39899718  0.39616346  0.39839647  0.39614889  0.40762841  0.39500078 
  0.39258493  0.39115372  0.4096751    0.40425158  0.39308919  0.39607745 
  0.4043439    0.39953727  0.41705466  0.40289177  0.40637503  0.4014721 
  0.40341301  0.40258004  0.40246137  0.41526007  0.39576066  0.39914019 
  0.39852191  0.40385091  0.39550868  0.41424714  0.39550606  0.40699009 
  0.39449597  0.40073178  0.39619366  0.39337814  0.40162937  0.38919539]
[-0.02015937  -0.03352164  -0.0002206    -0.0061771    -0.00163009  -0.00506256 
  -0.00931686  -0.01905563  -0.00972642  -0.00427056    0.00073228  -0.00333451 
  -0.01192461    0.00888633  -0.00753167    0.00020053    0.00540132  -0.01798454 
  -0.00403091  -0.01230767  -0.01647209    0.00366261    0.00214017  -0.02324022 
  -0.00157812  -0.0075928    -0.02290676    0.01989241  -0.04363968  -0.01621896 
  -0.02341726  -0.0157762    -0.02792991  -0.04252147  -0.03037237  -0.04273001]
[-0.67466497  -0.68458029  -0.68382395  -0.68048485  -0.67804643  -0.67937637 
  -0.68486505  -0.68360687  -0.67657384  -0.67653335  -0.68225322  -0.68387671 
  -0.6762468    -0.6868064    -0.67385855  -0.68096337  -0.69037158  -0.67727464 
  -0.68250906  -0.67411111  -0.66857949  -0.68916143  -0.68331212  -0.67759482 
  -0.68096168  -0.67433081  -0.68531063  -0.69406939  -0.68902147  -0.6832258 
  -0.67966921  -0.66899704  -0.67921023  -0.68905418  -0.68093507  -0.69190498]
[-0.62066257  -0.61096697  -0.61128145  -0.61641567  -0.61162853  -0.61838217 
  -0.61379975  -0.61588741  -0.61181659  -0.61552015  -0.61645023  -0.61271868 
  -0.61567368  -0.60711446  -0.60985518  -0.61152847  -0.59851253  -0.61627573 
  -0.60944489  -0.6191543    -0.62510398  -0.59380315  -0.61355803  -0.61726191 
  -0.61438504  -0.6181624    -0.6110626    -0.5884482    -0.60573917  -0.60605158 
  -0.61795981  -0.625786      -0.61719039  -0.60716546  -0.61163616  -0.60660415]
increment_90
[0.39693005  0.39359154  0.39591591  0.39347957  0.40601754  0.39217488 
  0.3893944    0.38760348  0.40858407  0.40231519  0.39010318  0.39294568 
  0.40266198  0.39636777  0.41725379  0.40063652  0.40488763  0.39931901 
  0.40138536  0.40074266  0.40120962  0.41512474  0.39310523  0.39672149 
  0.39636994  0.402429      0.39274513  0.4137873    0.39288889  0.4055573 
  0.3914896    0.39891681  0.3934603    0.39057511  0.39961229  0.38603628]
[-0.02317751  -0.03780648  -0.0002479    -0.00703764  -0.00139857  -0.00572792 
  -0.0104376    -0.0221396    -0.01102613  -0.00440133    0.00124374  -0.00328568 
  -0.01401884    0.01084679  -0.0078664      0.00041087    0.00654084  -0.02073096 
  -0.00493267  -0.01406552  -0.01873392    0.00455624    0.00334095  -0.02610419 
  -0.0013861    -0.00792506  -0.02738416    0.02273547  -0.04896462  -0.0191538 
  -0.02639154  -0.01742697  -0.03130617  -0.04759465  -0.03539943  -0.04749307]
[-0.67360714  -0.68490143  -0.68391456  -0.68013532  -0.67748727  -0.67886987 
  -0.68525643  -0.68408198  -0.67573017  -0.6757442    -0.68220545  -0.68413634 
  -0.67509803  -0.68752855  -0.67289847  -0.68077664  -0.69140344  -0.67686322 
  -0.68273635  -0.67348355  -0.66647356  -0.68992455  -0.68365222  -0.67685686 
  -0.68060805  -0.67340767  -0.68596003  -0.69564531  -0.68980621  -0.68356482 
  -0.6795395    -0.66725575  -0.67900041  -0.68989666  -0.68063012  -0.69299773]
[-0.6230271    -0.6120183    -0.61278985  -0.61849838  -0.61331786  -0.62072679 
  -0.61537523  -0.61749917  -0.61345433  -0.6176511    -0.61839607  -0.61444313 
  -0.61798823  -0.60834155  -0.61077413  -0.6132156    -0.59831807  -0.61803782 
  -0.61052153  -0.62098904  -0.62808667  -0.5930049    -0.61487947  -0.61951225 
  -0.61616689  -0.62008887  -0.61193154  -0.58680557  -0.60614204  -0.60654394 
  -0.61989147  -0.62875389  -0.61900513  -0.60764169  -0.6130249    -0.60702104]
increment_100
[0.39496405  0.3910814    0.39338424  0.39094189  0.40433482  0.38929478 
  0.38626691  0.3841384    0.4073129    0.40034637  0.38721152  0.38978721 
  0.40095818  0.39293546  0.41746192  0.39833845  0.4033282    0.3971705 
  0.3991902    0.39894441  0.40007566  0.41504022  0.39050536  0.39431763 
  0.39432081  0.401089      0.39001767  0.41329033  0.39033493  0.40409006 
  0.38847745  0.39709326  0.39073086  0.38787103  0.39766717  0.38300507]
[-0.02638662  -0.04216175  -0.00013441  -0.00808147  -0.0012746    -0.00656131 
  -0.01162271  -0.02529423  -0.01245712  -0.00449344    0.00180154  -0.00325959 
  -0.0163201      0.01291469  -0.00821428    0.00050009    0.00767939  -0.0238034 
  -0.00601255  -0.01596165  -0.02112034    0.00541611    0.00473431  -0.02908777 
  -0.00110805  -0.00824621  -0.03242892    0.02537701  -0.05418812  -0.02242254 
  -0.02935763  -0.01906481  -0.03472176  -0.05266591  -0.04050276  -0.05226966]
[-0.67252047  -0.68517479  -0.68406557  -0.67972779  -0.67685897  -0.67840479 
  -0.68557247  -0.68449097  -0.67487163  -0.67497824  -0.68213145  -0.68439288 
  -0.67388952  -0.68827471  -0.67192653  -0.6805528    -0.69242237  -0.67643618 
  -0.683055      -0.6729256    -0.66431413  -0.69061566  -0.68402372  -0.67616035 
  -0.68020749  -0.67250334  -0.6866695    -0.69721286  -0.69055792  -0.68384666 
  -0.6794408    -0.66553682  -0.67884402  -0.69072267  -0.6803358    -0.69405582]
[-0.62531862  -0.61303609  -0.61425004  -0.62053948  -0.61512085  -0.62303568 
  -0.61697097  -0.61908804  -0.61521485  -0.61976364  -0.6202908    -0.61616693 
  -0.62035401  -0.60968259  -0.61169666  -0.61495863  -0.59817945  -0.61977664 
  -0.61159374  -0.62270356  -0.63101516  -0.59225188  -0.61611257  -0.62167089 
  -0.61792203  -0.62193157  -0.61263332  -0.58518488  -0.60649159  -0.60709324 
  -0.62175848  -0.63167572  -0.62072102  -0.60801691  -0.61429923  -0.6073397  ]
increment_110
[0.39305325  0.38863019  0.39078978  0.38853359  0.40256463  0.38631484 
  0.38320927  0.38079238  0.40583106  0.39833546  0.38442923  0.38664232 
  0.39923556  0.38930646  0.41765993  0.39598744  0.40167413  0.39502558 
  0.39683171  0.39718026  0.39898025  0.41501243  0.38800491  0.39192917 
  0.39238222  0.39981192  0.38733455  0.41276981  0.38782049  0.402583 
  0.38547386  0.39524177  0.38802665  0.38527719  0.39578264  0.38013437]
[-0.02974897  -0.0465368      0.000177      -0.00934887  -0.00129101  -0.00753028 
  -0.01284379  -0.02845436  -0.01406673  -0.00451327    0.00243098  -0.00326711 
  -0.01879865    0.01507402  -0.0086192      0.00048462    0.00882452  -0.02718621 
  -0.00724424  -0.01800216  -0.02357891    0.006282        0.00630238  -0.03223147 
  -0.00076945  -0.00860676  -0.0378804      0.02784125  -0.05928854  -0.02599578 
  -0.03232615  -0.02071394  -0.03816958  -0.0577451    -0.04563771  -0.05704224]
[-0.67145395  -0.6853861    -0.68429786  -0.67928282  -0.67614959  -0.67802294 
  -0.68579244  -0.68479257  -0.67400618  -0.67426344  -0.68202563  -0.68463739 
  -0.6726416    -0.68902087  -0.67091623  -0.68028512  -0.69343479  -0.67596114 
  -0.68346416  -0.67238279  -0.66215564  -0.69124883  -0.68441527  -0.67553456 
  -0.6797564    -0.67162498  -0.68745057  -0.6987676    -0.69128609  -0.6840353 
  -0.67936646  -0.66386227  -0.67871635  -0.69152504  -0.68005512  -0.69506099]
[-0.62751393  -0.61404137  -0.6156458    -0.62251835  -0.61705898  -0.62529116 
  -0.61860684  -0.62068241  -0.61710529  -0.62183383  -0.62213286  -0.61787433 
  -0.62274462  -0.6111166    -0.61266411  -0.61677052  -0.59810385  -0.62152413 
  -0.61265721  -0.62435979  -0.63388383  -0.59152369  -0.61724242  -0.62370323 
  -0.61965058  -0.62369563  -0.61314658  -0.58358357  -0.60679789  -0.60773913 
  -0.62355924  -0.63454059  -0.62235241  -0.60829278  -0.61546595  -0.60756421]
increment_120
[0.39116236  0.38622229  0.38818672  0.38621719  0.40070204  0.38324059 
  0.38018575  0.37758195  0.40411127  0.39626786  0.38172473  0.38355292 
  0.39748288  0.38558259  0.41782066  0.39356109  0.39995421  0.39287892 
  0.39432015  0.39543183  0.39783919  0.41509379  0.38563287  0.38955441 
  0.39053999  0.39854922  0.38467701  0.41226587  0.38533921  0.40100677 
  0.38249633  0.39332484  0.38534969  0.38279747  0.39392243  0.37740487]
[-0.03321393  -0.05087951    0.00070165  -0.01087567  -0.0014598    -0.00857924 
  -0.01409975  -0.03156303  -0.0159088    -0.00446529    0.00316001  -0.00333792 
  -0.02140813    0.01721615  -0.00907041    0.00034785    0.0100281    -0.03085235 
  -0.00858493  -0.02027051  -0.0260491      0.00720653    0.00800438  -0.03554744 
  -0.00041585  -0.00912247  -0.04353474    0.03019359  -0.06424429  -0.02980634 
  -0.03529506  -0.02247092  -0.04162926  -0.06282406  -0.05074193  -0.06176972]
[-0.67043904  -0.68553952  -0.68458604  -0.67885021  -0.67536614  -0.67773053 
  -0.68592616  -0.68495034  -0.67316985  -0.67360321  -0.68189998  -0.68483782 
  -0.67139554  -0.68969132  -0.66987553  -0.67997736  -0.69442779  -0.67543083 
  -0.68393842  -0.67183064  -0.66004902  -0.69184913  -0.6848141    -0.6749911 
  -0.67925471  -0.67078901  -0.68831856  -0.70029893  -0.69197418  -0.68411605 
  -0.67930036  -0.66228739  -0.67859484  -0.69228423  -0.67978852  -0.69600416]
[-0.62960331  -0.61504405  -0.61697045  -0.62440404  -0.61912545  -0.62748257 
  -0.62029453  -0.62231719  -0.61909881  -0.62386743  -0.62393001  -0.619575 
  -0.62512166  -0.61266267  -0.61368591  -0.61866012  -0.59808537  -0.62328764 
  -0.61373134  -0.62599231  -0.63669515  -0.59075375  -0.61826601  -0.62559632 
  -0.62136252  -0.6253938    -0.61347036  -0.58198506  -0.60708986  -0.6085149 
  -0.6253014    -0.63731157  -0.62392441  -0.6084914    -0.61655328  -0.60772385]
