inc
quat_01
quat_02
quat_03
quat_04
increment_0
[0.79050677  0.79050677  0.79050677  0.79050677  0.79050677  0.79050677 
  0.79050677  0.79050677  0.79050677  0.79050677  0.79050677  0.79050677 
  0.79050677  0.79050677  0.79050677  0.79050677  0.79050677  0.79050677 
  0.79050677]
[0.12750142  0.12750142  0.12750142  0.12750142  0.12750142  0.12750142 
  0.12750142  0.12750142  0.12750142  0.12750142  0.12750142  0.12750142 
  0.12750142  0.12750142  0.12750142  0.12750142  0.12750142  0.12750142 
  0.12750142]
[0.32843135  0.32843135  0.32843135  0.32843135  0.32843135  0.32843135 
  0.32843135  0.32843135  0.32843135  0.32843135  0.32843135  0.32843135 
  0.32843135  0.32843135  0.32843135  0.32843135  0.32843135  0.32843135 
  0.32843135]
[0.50097434  0.50097434  0.50097434  0.50097434  0.50097434  0.50097434 
  0.50097434  0.50097434  0.50097434  0.50097434  0.50097434  0.50097434 
  0.50097434  0.50097434  0.50097434  0.50097434  0.50097434  0.50097434 
  0.50097434]
increment_10
[0.78856219  0.78862821  0.78914603  0.78863289  0.78659682  0.78744385 
  0.78834425  0.7888329    0.78904926  0.78756835  0.78677166  0.7884898 
  0.78889597  0.78829797  0.78892861  0.78845835  0.78855389  0.78875996 
  0.78932686]
[0.12829619  0.12811099  0.12746173  0.12864754  0.13121549  0.130017 
  0.12877962  0.12781991  0.12766076  0.12976177  0.13084417  0.12834011 
  0.12788313  0.12867954  0.12753216  0.12861604  0.12829297  0.12796113 
  0.12740751]
[0.33114715  0.32980615  0.32956658  0.33109151  0.33282065  0.33008737 
  0.33038929  0.33248496  0.32969148  0.33074794  0.33073305  0.33038578 
  0.33156207  0.33113307  0.32921598  0.33128118  0.33050805  0.3300859 
  0.33061078]
[0.50204714  0.50287277  0.50238225  0.50188284  0.50326768  0.50405366 
  0.50276443  0.50085774  0.50240175  0.50349158  0.50446586  0.50265085 
  0.50135381  0.50237315  0.50293542  0.50203997  0.50248195  0.50252063 
  0.50142492]
increment_20
[0.78669288  0.78622444  0.787308      0.78710384  0.78203976  0.78425943 
  0.78615408  0.78701108  0.78800105  0.78395028  0.78239207  0.78611447 
  0.78724331  0.78591682  0.78756687  0.78586192  0.78625922  0.78669574 
  0.78772407]
[0.12941351  0.12958915  0.12784543  0.12995002  0.13570726  0.13315355 
  0.13064985  0.12820438  0.12784492  0.13284664  0.13512724  0.1296271 
  0.12799771  0.12989836  0.12730446  0.13019939  0.1294315    0.12867308 
  0.12747384]
[0.33422375  0.33096824  0.33097833  0.33380901  0.33854246  0.33107352 
  0.3324078    0.33758548  0.33044776  0.33306003  0.33308245  0.33240209 
  0.33561633  0.33431483  0.32921336  0.33515317  0.33269228  0.33232711 
  0.33385264]
[0.5026539    0.50548769  0.50423706  0.50214747  0.50535766  0.50754074 
  0.50437826  0.5002132    0.50350203  0.50679852  0.50858564  0.50470754 
  0.50122474  0.50368121  0.50512431  0.50313171  0.50434093  0.50409497 
  0.50178045]
increment_30
[0.7848569    0.78377043  0.78534112  0.7856289    0.7778812    0.78140274 
  0.78398984  0.78522221  0.78677027  0.78051775  0.77827579  0.78357997 
  0.78563839  0.78376713  0.78618067  0.78319254  0.78381966  0.78444788 
  0.78598283]
[0.13047245  0.13126644  0.128453      0.13117543  0.13955035  0.13599391 
  0.13250577  0.12848873  0.12819869  0.13571529  0.13908449  0.13116562 
  0.12801405  0.13075089  0.12709547  0.13183907  0.13076585  0.12966187 
  0.12770967]
[0.33732146  0.33224375  0.33236561  0.33635082  0.34459726  0.33184231 
  0.33429041  0.34235524  0.33154786  0.33509484  0.33518033  0.33443519 
  0.3396171    0.33767182  0.32912605  0.3392913    0.33492691  0.33504604 
  0.33742078]
[0.5031807    0.50802276  0.5062334    0.5024424    0.50663524  0.51068198 
  0.50601588  0.49970952  0.50461238  0.50998515  0.51244166  0.50690346 
  0.50104387  0.50457014  0.50738816  0.50409258  0.50631117  0.50554276 
  0.50206419]
increment_40
[0.78301446  0.78132192  0.78325898  0.78421847  0.77412371  0.77891038 
  0.78190747  0.7834265    0.78539243  0.77730136  0.77446632  0.78103089 
  0.78408077  0.78181743  0.7846989    0.78043191  0.78126188  0.78208962 
  0.78411518]
[0.13144075  0.13306205  0.12921886  0.13226795  0.14272881  0.13848317 
  0.13430905  0.12872704  0.12867921  0.13831933  0.14264052  0.13277875 
  0.127916      0.1312688    0.1270045    0.13355864  0.13225128  0.13077404 
  0.12808288]
[0.34042234  0.33360909  0.33377415  0.33873107  0.35086925  0.33240904 
  0.3360629    0.34684434  0.33290965  0.33690255  0.33707807  0.33635413 
  0.34355636  0.34116744  0.3289975    0.3437187    0.33713813  0.33823697 
  0.34130226]
[0.50371055  0.5104268    0.50833324  0.50276022  0.50719989  0.51344451 
  0.50758597  0.49937087  0.50573862  0.51299808  0.51597866  0.50914285 
  0.5008232    0.50510869  0.50978245  0.50492136  0.50840668  0.5067837 
  0.5022658  ]
increment_50
[0.78116729  0.77895684  0.78110759  0.78289412  0.77075988  0.77671548 
  0.77989591  0.7816187    0.78392291  0.77431832  0.77098952  0.77852755 
  0.78257756  0.78001676  0.78307895  0.77758217  0.77857051  0.77969942 
  0.78213995]
[0.13233015  0.13489658  0.13007566  0.13320546  0.14530101  0.14065493 
  0.136041      0.12893025  0.12926152  0.14063009  0.14577241  0.13443174 
  0.12769266  0.13153414  0.12709002  0.13535404  0.13391695  0.13187865 
  0.1285655  ]
[0.34350768  0.33501        0.3352501    0.3409523    0.35714901  0.33279658 
  0.33777968  0.351176      0.3344048    0.33850841  0.33883104  0.33809145 
  0.34745635  0.34481031  0.32880681  0.34841174  0.33933699  0.34189695 
  0.34549753]
[0.50425081  0.51263774  0.51044944  0.50307517  0.50720944  0.51592218 
  0.5090777    0.49912385  0.5068824    0.51581623  0.51915228  0.51138747 
  0.50054074  0.50534986  0.51236858  0.5056229    0.5106316    0.50772366 
  0.50235392]
increment_60
[0.77931251  0.77674344  0.77891457  0.78165658  0.76774862  0.77472346 
  0.7779134    0.77981513  0.78241945  0.77152808  0.76781945  0.77608959 
  0.7811146    0.77830643  0.78131981  0.77464283  0.77577284  0.77734806 
  0.78010762]
[0.13315692  0.13669144  0.13098248  0.13400846  0.14742266  0.14254799 
  0.13768149  0.12907052  0.12992827  0.14269821  0.1485228    0.1360905 
  0.12737094  0.13163546  0.12735556  0.13722086  0.13573053  0.13288349 
  0.12908264]
[0.34658519  0.33639672  0.33684175  0.3430211    0.36323091  0.3329762 
  0.3395319    0.3554608    0.3358803    0.33996698  0.34051094  0.33962948 
  0.35133335  0.34857414  0.3285249    0.35334903  0.34149634  0.34593463 
  0.34991649]
[0.50479694  0.51460891  0.51251665  0.50337982  0.50684506  0.51827645 
  0.51050235  0.49887551  0.50805794  0.51846321  0.52196415  0.51363036 
  0.50020147  0.50537835  0.51516144  0.50620488  0.51296586  0.50833179 
  0.50232283]
increment_70
[0.77745671  0.77473124  0.77666259  0.78051477  0.76504034  0.77286861 
  0.77593303  0.77802818  0.7809354    0.76889792  0.76490958  0.77372649 
  0.77969921  0.77665089  0.77942604  0.7716071    0.77292994  0.77510712 
  0.77809357]
[0.13393112  0.1383784    0.13196196  0.13468858  0.14923251  0.14418556 
  0.1391965    0.12913079  0.13066477  0.14457042  0.15095581  0.13770172 
  0.12694945  0.13164485  0.12780584  0.13916482  0.13762026  0.13373673 
  0.12952433]
[0.34963416  0.33773875  0.33864209  0.34491756  0.36900306  0.33292248 
  0.34139843  0.35974522  0.33718158  0.34133145  0.3421592    0.34096795 
  0.35513824  0.35239923  0.32815777  0.35846492  0.34357878  0.35014491 
  0.35436775]
[0.50535084  0.51630947  0.51449275  0.50367406  0.50624074  0.52062199 
  0.51185875  0.49857875  0.50928893  0.52094934  0.52445472  0.51587441 
  0.49982979  0.50527004  0.51814399  0.50671347  0.51535774  0.50864721 
  0.50221244]
increment_80
[0.77560709  0.7729563    0.77433474  0.77947603  0.76257873  0.7711092 
  0.77393914  0.77624987  0.77951756  0.76643715  0.76223104  0.77141191 
  0.77834717  0.7750539    0.77739104  0.76851368  0.77016477  0.77302946 
  0.77617693]
[0.13468143  0.13989239  0.13303813  0.13524753  0.15079943  0.14561915 
  0.14058727  0.12913221  0.13147119  0.14622707  0.15312181  0.1392645 
  0.12640569  0.13161249  0.12847727  0.14113582  0.13953692  0.13442883 
  0.1297811  ]
[0.35263028  0.33900977  0.34071491  0.34662761  0.37450528  0.33269555 
  0.34339825  0.3640207    0.33823105  0.34259692  0.34376089  0.34214133 
  0.35883491  0.35618997  0.32777244  0.36360133  0.34547992  0.35435117 
  0.35865918]
[0.50591149  0.51772681  0.51635252  0.50395885  0.50544931  0.52297164 
  0.51315793  0.49824687  0.51055603  0.52327726  0.52667448  0.51813933 
  0.49943447  0.50507258  0.52126959  0.50720951  0.5177058    0.50871366 
  0.50206557]
increment_90
[0.77376439  0.77141329  0.77192642  0.77851819  0.76031193  0.76944288 
  0.77193124  0.77448523  0.77821432  0.76414804  0.75975861  0.76906079 
  0.77703154  0.77351024  0.77521244  0.7654651    0.76764875  0.7711649 
  0.77441948]
[0.13545203  0.14120987  0.1342198    0.13570167  0.15215257  0.146896 
  0.14187752  0.12908129  0.13234756  0.14765364  0.15505977  0.14087895 
  0.12577171  0.13155948  0.12940176  0.14300688  0.14146973  0.13494201 
  0.12977315]
[0.35556886  0.34020834  0.34306532  0.34818819  0.37984063  0.33238201 
  0.34549018  0.36826785  0.33902237  0.34374584  0.34528547  0.34321472 
  0.36247546  0.3599056    0.3274266    0.36855008  0.34700545  0.35842845 
  0.36268758]
[0.50647033  0.51888303  0.51809346  0.50424148  0.50447643  0.52526319 
  0.51442148  0.49788496  0.51179139  0.52546644  0.5286788    0.52048273 
  0.49901404  0.50481875  0.52449278  0.5077234    0.51989319  0.50855127 
  0.50188756]
increment_100
[0.77192778  0.77008466  0.76943671  0.77761335  0.75819156  0.76783827 
  0.76989848  0.77274981  0.77703498  0.76200254  0.7574524    0.76662572 
  0.7757224    0.77199246  0.77291755  0.76254672  0.76544456  0.76953903 
  0.77282381]
[0.13627893  0.14232371  0.13550547  0.13607253  0.15333614  0.14808158 
  0.14310142  0.12897161  0.13328741  0.14888024  0.15681113  0.14260306 
  0.12509027  0.13149648  0.13056151  0.14470853  0.1433954    0.13526835 
  0.12950819]
[0.358462      0.34133132  0.34571598  0.34964986  0.38504509  0.33206127 
  0.34764427  0.37249224  0.33959008  0.34478887  0.34674966  0.34424592 
  0.36611913  0.36355645  0.32714794  0.37315306  0.34810002  0.36231512 
  0.36649823]
[0.50701139  0.51981391  0.51969786  0.50452623  0.50336257  0.52747658 
  0.51567603  0.49746717  0.51296169  0.52754851  0.53050995  0.52291885 
  0.49856191  0.50454239  0.52775598  0.50827033  0.52188003  0.50817311 
  0.50164732]
increment_110
[0.77008543  0.76894905  0.76685905  0.77673912  0.75616855  0.76624825 
  0.76783985  0.77104892  0.77595249  0.75995496  0.75526191  0.7641084 
  0.77440841  0.7704814    0.7705569    0.75982883  0.76355258  0.76817393 
  0.77137369]
[0.13719931  0.14323721  0.13689804  0.13639036  0.15439614  0.14923966 
  0.14427188  0.12880721  0.1342958    0.1499693    0.15843324  0.14443511 
  0.12437827  0.13142574  0.1318922    0.14621975  0.14527331  0.13539788 
  0.12903747]
[0.36134331  0.34235549  0.34868955  0.35105546  0.39012942  0.33179611 
  0.34984761  0.37669985  0.34000478  0.34574838  0.34820689  0.34526656 
  0.36979748  0.36714323  0.32695064  0.37727183  0.34879357  0.36598853 
  0.37017564]
[0.50751926  0.52057006  0.52115422  0.50481093  0.50216531  0.52962486 
  0.51692769  0.49698037  0.5140614    0.52956183  0.53219387  0.5254216 
  0.49806774  0.50427326  0.53098945  0.50886728  0.52366609  0.5075713 
  0.50130028]
increment_120
[0.76823598  0.76795494  0.76417568  0.77586733  0.7542211    0.76465178 
  0.76576694  0.76938446  0.77492476  0.75795505  0.75314253  0.76153228 
  0.77307207  0.76896396  0.76818245  0.75736389  0.76195409  0.76707157 
  0.77005794]
[0.1382195    0.14398322  0.13841363  0.13667559  0.15535978  0.15040952 
  0.145382      0.12859194  0.1353594    0.15098191  0.1599734    0.14635218 
  0.12365496  0.1313587    0.13331236  0.1474947    0.14703661  0.13531897 
  0.12843476]
[0.36423561  0.3432895    0.35201178  0.35244473  0.39509157  0.33160335 
  0.35209575  0.38087455  0.34035067  0.3466823    0.34971701  0.34626903 
  0.37354217  0.37066171  0.32680855  0.38088851  0.34916792  0.3694106 
  0.37372192]
[0.50797763  0.52121623  0.52246043  0.50510631  0.50091569  0.53171782 
  0.51816373  0.49643352  0.51510277  0.53152609  0.53374419  0.52796533 
  0.49752917  0.50403296  0.53415327  0.50947933  0.52525039  0.50677983 
  0.5008465  ]
