inc
quat_01
quat_02
quat_03
quat_04
increment_0
[0.63029448  0.63029448  0.63029448  0.63029448  0.63029448  0.63029448 
  0.63029448  0.63029448  0.63029448  0.63029448  0.63029448  0.63029448 
  0.63029448  0.63029448  0.63029448  0.63029448  0.63029448  0.63029448 
  0.63029448  0.63029448  0.63029448  0.63029448  0.63029448  0.63029448 
  0.63029448  0.63029448  0.63029448  0.63029448  0.63029448  0.63029448 
  0.63029448  0.63029448  0.63029448  0.63029448  0.63029448  0.63029448 
  0.63029448  0.63029448  0.63029448  0.63029448]
[0.07986354  0.07986354  0.07986354  0.07986354  0.07986354  0.07986354 
  0.07986354  0.07986354  0.07986354  0.07986354  0.07986354  0.07986354 
  0.07986354  0.07986354  0.07986354  0.07986354  0.07986354  0.07986354 
  0.07986354  0.07986354  0.07986354  0.07986354  0.07986354  0.07986354 
  0.07986354  0.07986354  0.07986354  0.07986354  0.07986354  0.07986354 
  0.07986354  0.07986354  0.07986354  0.07986354  0.07986354  0.07986354 
  0.07986354  0.07986354  0.07986354  0.07986354]
[0.14806899  0.14806899  0.14806899  0.14806899  0.14806899  0.14806899 
  0.14806899  0.14806899  0.14806899  0.14806899  0.14806899  0.14806899 
  0.14806899  0.14806899  0.14806899  0.14806899  0.14806899  0.14806899 
  0.14806899  0.14806899  0.14806899  0.14806899  0.14806899  0.14806899 
  0.14806899  0.14806899  0.14806899  0.14806899  0.14806899  0.14806899 
  0.14806899  0.14806899  0.14806899  0.14806899  0.14806899  0.14806899 
  0.14806899  0.14806899  0.14806899  0.14806899]
[0.75790914  0.75790914  0.75790914  0.75790914  0.75790914  0.75790914 
  0.75790914  0.75790914  0.75790914  0.75790914  0.75790914  0.75790914 
  0.75790914  0.75790914  0.75790914  0.75790914  0.75790914  0.75790914 
  0.75790914  0.75790914  0.75790914  0.75790914  0.75790914  0.75790914 
  0.75790914  0.75790914  0.75790914  0.75790914  0.75790914  0.75790914 
  0.75790914  0.75790914  0.75790914  0.75790914  0.75790914  0.75790914 
  0.75790914  0.75790914  0.75790914  0.75790914]
increment_10
[0.63109904  0.6321748    0.63284998  0.6323165    0.63219105  0.63197347 
  0.63165554  0.63198561  0.63183638  0.6321376    0.63190548  0.63022912 
  0.6316112    0.63104067  0.63212396  0.63171252  0.63206485  0.63192846 
  0.63059276  0.63039947  0.63110289  0.63088842  0.63110948  0.63161216 
  0.63099701  0.6313557    0.6286644    0.62908843  0.63020028  0.63020519 
  0.63209976  0.63232151  0.62760796  0.62765073  0.62784152  0.62781179 
  0.62936455  0.63195884  0.62681719  0.62669813]
[0.08027085  0.08016117  0.07965128  0.0793864    0.07958837  0.07925352 
  0.07944975  0.07967636  0.08014781  0.07934574  0.07956277  0.07386108 
  0.07996402  0.08043863  0.07975648  0.07971751  0.07948217  0.07704695 
  0.0743142    0.08045435  0.07984492  0.08024025  0.07993376  0.0776212 
  0.07498322  0.07695494  0.08351713  0.08269554  0.08070174  0.0786336 
  0.07553999  0.07574215  0.08603133  0.08509272  0.08398729  0.07591959 
  0.07414988  0.07864953  0.07753813  0.07395494]
[0.14830691  0.14885525  0.14976196  0.14841099  0.14829896  0.14794152 
  0.14776381  0.14814349  0.14848305  0.1482697    0.14824581  0.14560184 
  0.14855865  0.14847946  0.14824705  0.14801638  0.148059      0.14757178 
  0.14585953  0.14823559  0.14809467  0.14833133  0.14821819  0.14760068 
  0.14674082  0.14721426  0.14970472  0.14932045  0.14846469  0.14779762 
  0.14774461  0.14711773  0.15008985  0.14981148  0.14962265  0.14708642 
  0.14851484  0.14992716  0.14825608  0.14810449]
[0.75714969  0.75615562  0.75546537  0.7562062    0.75631183  0.75659878 
  0.75687838  0.75650471  0.75651299  0.75638774  0.75656355  0.75904934 
  0.75670561  0.75714671  0.75636037  0.7567533    0.75647547  0.75693643 
  0.75865352  0.75772674  0.75723305  0.75732365  0.75719402  0.75713609 
  0.75808141  0.75749315  0.75854759  0.75836178  0.75782127  0.75816491 
  0.75691157  0.75682826  0.75906514  0.75919056  0.75919313  0.76056173 
  0.75917416  0.7562831    0.76099158  0.76147566]
increment_20
[0.63128081  0.63382176  0.63540464  0.63451252  0.63436238  0.63388375 
  0.6332849    0.63377257  0.63350127  0.63415908  0.63361116  0.62923668 
  0.63370925  0.63188175  0.63419191  0.63275223  0.63363477  0.63394254 
  0.63025869  0.63115801  0.63237233  0.631753      0.63198234  0.63363653 
  0.63148285  0.63253345  0.62685785  0.62783988  0.63039777  0.63061143 
  0.63428045  0.63537729  0.62441277  0.62473395  0.62521941  0.62488036 
  0.62845648  0.63386307  0.62254875  0.62288859]
[0.0801243    0.08039112  0.0794732    0.07940134  0.0795386    0.0787803 
  0.07897543  0.07963098  0.08057217  0.07918484  0.0798267    0.06600061 
  0.08007622  0.08139085  0.07970099  0.07992232  0.07951568  0.07349227 
  0.06721811  0.08092166  0.07962792  0.08082376  0.08018577  0.07451987 
  0.06862403  0.07310726  0.08756202  0.08538238  0.08159236  0.0764589 
  0.06976927  0.07055748  0.09282247  0.09182679  0.08940904  0.07134908 
  0.06658602  0.07687426  0.07335132  0.06622895]
[0.14844995  0.14965744  0.15152121  0.14923444  0.14886257  0.14804138 
  0.14743384  0.14833316  0.14903714  0.14892678  0.14877916  0.14195989 
  0.14981385  0.14927782  0.14851009  0.14815106  0.14816256  0.14732314 
  0.1429058    0.14860327  0.14817398  0.14879934  0.14845449  0.14718571 
  0.14523616  0.14629883  0.15175434  0.15068182  0.14896894  0.14739071 
  0.14703635  0.14610284  0.1525695    0.1515794    0.15059394  0.1456517 
  0.14879943  0.15186311  0.14790188  0.14801998]
[0.75698563  0.75459253  0.75298491  0.75420049  0.75438579  0.75502901 
  0.75562979  0.75497583  0.75496503  0.75458123  0.75500288  0.76128346 
  0.75468947  0.7561859    0.75458143  0.75583616  0.75513713  0.75565312 
  0.7601537    0.75697313  0.7561806    0.75644856  0.75639264  0.75583589 
  0.75856879  0.75706896  0.759179      0.75882931  0.7574626    0.75812878 
  0.75577832  0.75496443  0.76040465  0.76045974  0.76054466  0.76368804 
  0.7605705    0.75448363  0.76496907  0.76531929]
increment_30
[0.63133882  0.63536219  0.63787407  0.63676103  0.63653252  0.63554347 
  0.63495186  0.63564342  0.63529377  0.63632895  0.63534594  0.62772219 
  0.63594509  0.63272637  0.63626145  0.63357963  0.63491933  0.63585585 
  0.62949404  0.63206558  0.63365097  0.63259753  0.63287983  0.63554591 
  0.63179475  0.63359149  0.62520351  0.62670307  0.63061246  0.63082745 
  0.63579217  0.63846106  0.6213621    0.62204872  0.62275551  0.62183757 
  0.62711479  0.63568568  0.6182867    0.61868665]
[0.07983881  0.08063658  0.07919871  0.07945515  0.07953797  0.07849939 
  0.07852625  0.07958853  0.08094021  0.0791248    0.08011944  0.0581277 
  0.08012944  0.08241926  0.07964051  0.08022795  0.07956936  0.07001455 
  0.06009881  0.08154557  0.0794082    0.0814671    0.08043127  0.07129278 
  0.06198429  0.06915558  0.09115602  0.0878203    0.0826599    0.07462888 
  0.06374207  0.06537596  0.09904353  0.0982919    0.09468567  0.06659535 
  0.05837967  0.07546733  0.06855526  0.05809714]
[0.14857706  0.15038233  0.15317084  0.15029585  0.14959932  0.14811292 
  0.1470928    0.14860971  0.1495494    0.14984449  0.14937197  0.138136 
  0.15119564  0.15014427  0.14879554  0.14832627  0.14822702  0.1471536 
  0.13967216  0.14918631  0.14833137  0.14931045  0.14864032  0.14668401 
  0.14364475  0.1453556    0.15367114  0.15204436  0.1495461    0.14701488 
  0.14607713  0.14515136  0.15484143  0.15309474  0.15152889  0.14393607 
  0.14887847  0.1538396    0.14712304  0.14767458]
[0.75694248  0.75312535  0.75058838  0.75208605  0.75240953  0.75364773 
  0.75434308  0.75335135  0.75331633  0.75257649  0.75339527  0.76387464 
  0.75252442  0.75519607  0.75278725  0.75507592  0.75403907  0.75440779 
  0.76198233  0.75603364  0.75510171  0.75557255  0.75557924  0.75464067 
  0.75918346  0.75673712  0.75973438  0.75921892  0.75705431  0.75820438 
  0.75522628  0.75301032  0.76165849  0.76154848  0.76174089  0.76691949 
  0.76233461  0.75268969  0.7690101    0.76944381]
increment_40
[0.63136372  0.63685486  0.64028655  0.63904534  0.63868903  0.63699855 
  0.63653873  0.63755707  0.63713869  0.63856795  0.63708265  0.62594951 
  0.63825735  0.63358864  0.63832766  0.63430496  0.63605385  0.63758802 
  0.62833578  0.63297156  0.63480375  0.63333632  0.63369235  0.63716707 
  0.63167639  0.63452276  0.62368199  0.62560759  0.63069317  0.63082193 
  0.63669365  0.64140152  0.61846253  0.61952293  0.62042253  0.61853757 
  0.62510638  0.63748266  0.61392766  0.61400948]
[0.07948698  0.08091384  0.07888161  0.07950731  0.07957544  0.07828011 
  0.07809234  0.07959117  0.08128582  0.07912757  0.08041492  0.05018654 
  0.08019024  0.08349402  0.07958821  0.08062823  0.07967402  0.06649221 
  0.05276663  0.08228981  0.07930596  0.08215753  0.08074376  0.06803054 
  0.05499228  0.06519493  0.09446329  0.09015134  0.083949      0.07327051 
  0.05734476  0.06001707  0.10482918  0.10437371  0.09968388  0.06121967 
  0.04934137  0.07438472  0.06297765  0.04970131]
[0.14869807  0.151038      0.15466488  0.15149782  0.15037504  0.14812169 
  0.14675277  0.1490231    0.15003242  0.15089453  0.14996377  0.13428363 
  0.15270402  0.15104812  0.14907581  0.1485555    0.14825388  0.14695781 
  0.13623805  0.149879      0.14854997  0.14985393  0.14877063  0.14606386 
  0.14183081  0.14440596  0.15553562  0.15344354  0.15020599  0.14676798 
  0.14488986  0.14417393  0.15695681  0.15449866  0.15263492  0.141871 
  0.14871775  0.15602884  0.14592134  0.14707928]
[0.75693497  0.75170231  0.74825771  0.7498987    0.75042083  0.75243939 
  0.75311597  0.75165041  0.75162303  0.75046695  0.7517779    0.76657448 
  0.75025234  0.75417415  0.75098596  0.75437893  0.75306596  0.75330187 
  0.76410014  0.7550574    0.75410057  0.75477085  0.75483889  0.75369445 
  0.76016104  0.75649019  0.76020138  0.75956761  0.75671451  0.75838927 
  0.75520838  0.75114308  0.76281026  0.76251402  0.76278541  0.77041291 
  0.76465056  0.75082473  0.773197      0.77387972]
increment_50
[0.63136921  0.63830607  0.64263796  0.64134291  0.64082545  0.63825004 
  0.63801094  0.63948521  0.63898489  0.64080909  0.63877988  0.624033 
  0.64060127  0.63446026  0.64038339  0.63495452  0.63709792  0.63911247 
  0.62690225  0.63385867  0.63583304  0.63394026  0.63439166  0.63841181 
  0.63100805  0.63537421  0.62231288  0.62454595  0.63066392  0.63061972 
  0.63696317  0.64404441  0.61571844  0.6171529    0.61825952  0.61497817 
  0.62233917  0.6393262    0.60946757  0.60887001]
[0.07904574  0.0812365    0.07851734  0.07958157  0.07965931  0.07810077 
  0.07767829  0.07967016  0.08159411  0.07917897  0.08072458  0.04224325 
  0.08030789  0.08463623  0.07955323  0.08112347  0.07983813  0.06288686 
  0.04530201  0.08315638  0.07934871  0.08289941  0.08113554  0.06486261 
  0.04776788  0.06128578  0.09745454  0.09242162  0.08541922  0.07248428 
  0.05059743  0.05432546  0.11024355  0.11002268  0.10431872  0.05508531 
  0.0392586    0.07352483  0.05678249  0.04118907]
[0.14880163  0.15160676  0.15601836  0.15280886  0.15117684  0.14806831 
  0.14641799  0.14952778  0.15047162  0.1519623    0.15055582  0.13047733 
  0.15431481  0.15199592  0.14933659  0.14884529  0.14820656  0.14667139 
  0.13275614  0.15067272  0.14883793  0.15046275  0.14886224  0.14535976 
  0.13975862  0.14348043  0.1573772    0.15489992  0.15095303  0.14670447 
  0.14339001  0.14314507  0.15896275  0.15580824  0.15397897  0.13949717 
  0.14826787  0.15843306  0.14436246  0.146195    ]
[0.75695625  0.75032085  0.74599581  0.74766001  0.74842682  0.7514073 
  0.75197732  0.74990185  0.74993266  0.74833272  0.75018448  0.76926847 
  0.74790881  0.75312292  0.74918554  0.75372198  0.7521748    0.75237491 
  0.76636617  0.75405964  0.75317156  0.75406126  0.75419115  0.75305627 
  0.76158689  0.75627841  0.7605667    0.75987276  0.75642565  0.75864524 
  0.75574938  0.74950986  0.76385077  0.76337481  0.76365126  0.77414985 
  0.76757368  0.74883581  0.77748602  0.77859347]
increment_60
[0.6313484    0.63968522  0.64491976  0.64363473  0.64294128  0.63930025 
  0.63937397  0.64141051  0.6407912    0.64300811  0.64041295  0.62204453 
  0.6429461    0.63531772  0.64242084  0.6355722    0.63811691  0.64036703 
  0.62532649  0.63474686  0.63678764  0.63444943  0.63497357  0.63926863 
  0.62976092  0.63620936  0.62110211  0.62350937  0.63053943  0.63027055 
  0.63657658  0.6462245    0.61314719  0.61495207  0.6163103    0.61122285 
  0.61875297  0.6412438    0.60501194  0.60340357]
[0.07851471  0.08162528  0.07810204  0.07969364  0.07979972  0.07796601 
  0.07728461  0.07985003  0.08185021  0.07928427  0.08100967  0.03443889 
  0.08049013  0.08587551  0.07955324  0.08171452  0.08004484  0.05924904 
  0.03795334  0.08414589  0.07950721  0.08368436  0.081601      0.06200148 
  0.04057986  0.05744751  0.10011965  0.09465833  0.08703633  0.0723533 
  0.0436938    0.04807326  0.11529804  0.11517396  0.10852278  0.04823628 
  0.02795729  0.07276749  0.05022182  0.03276552]
[0.14887291  0.15207047  0.1572638    0.15419472  0.15202809  0.14797189 
  0.14608892  0.15006253  0.15086469  0.1529516    0.1511212    0.1268161 
  0.15599706  0.15300196  0.14959961  0.14921168  0.14813094  0.14625655 
  0.1293617    0.15158481  0.14919757  0.15116845  0.14890997  0.14461908 
  0.13742813  0.14263384  0.15921644  0.15643967  0.15176697  0.14687274 
  0.1415422    0.14198073  0.16087928  0.15703394  0.15563967  0.13692274 
  0.14744858  0.16097202  0.14254555  0.14506617]
[0.75701485  0.74900915  0.74380553  0.74539067  0.74642212  0.75054701 
  0.75092346  0.74812952  0.74828272  0.74623078  0.74864616  0.77187579 
  0.74552436  0.75205531  0.74738658  0.7530648    0.75130344  0.75168387 
  0.76862987  0.75301922  0.75227667  0.7534049    0.7536416    0.75271293 
  0.7634579    0.75603771  0.76082741  0.76013321  0.75618218  0.75891529 
  0.7568533    0.74828092  0.76477104  0.76413955  0.76430407  0.77803088 
  0.77111742  0.74672571  0.78174107  0.78344519]
increment_70
[0.63128781  0.64092563  0.64713223  0.64590737  0.64503532  0.64015361 
  0.64065834  0.64331728  0.64252899  0.64513707  0.64197253  0.62003736 
  0.64526151  0.63612606  0.64442141  0.63622788  0.63917617  0.6413103 
  0.62367688  0.63565946  0.63773445  0.63493142  0.63544514  0.63978953 
  0.62796745  0.63707648  0.62003937  0.62246919  0.63029375  0.62982011 
  0.63559157  0.64774271  0.61076595  0.61293008  0.61466021  0.60736509 
  0.61437172  0.64320138  0.60064602  0.5978776  ]
[0.07791418  0.08211223  0.07764624  0.07984176  0.0800138    0.07788397 
  0.07690211  0.08014648  0.08205842  0.07945283  0.08122522  0.02694452 
  0.08073067  0.08722271  0.07961212  0.0824024    0.08028707  0.05569652 
  0.03089387  0.08523919  0.07973501  0.08450272  0.08212443  0.05967245 
  0.03365645  0.05365785  0.10250343  0.09688632  0.08879424  0.07287416 
  0.03686426  0.04099715  0.11996968  0.11979848  0.11218368  0.0408102 
  0.01558837  0.0719575    0.04341386  0.02469138]
[0.14889193  0.15241161  0.15841113  0.15560921  0.15295045  0.14785098 
  0.1457701    0.1505886    0.15121956  0.15379004  0.1516204    0.12340387 
  0.15772691  0.15406647  0.14988914  0.14967766  0.14811728  0.14570902 
  0.12609203  0.15262049  0.14963833  0.15198272  0.14889259  0.14389112 
  0.13486885  0.141925      0.16105738  0.15807294  0.15261048  0.14730552 
  0.13938324  0.14048282  0.16270559  0.15818534  0.15765932  0.13425968 
  0.14625184  0.16347686  0.1405293    0.14391389]
[0.75712369  0.74782526  0.74168515  0.74311153  0.74440136  0.74985167 
  0.74992936  0.74635279  0.74669643  0.74420026  0.74718471  0.77433788 
  0.74313011  0.7509989    0.74559788  0.75234336  0.75037929  0.75125753 
  0.77082651  0.75191644  0.75136241  0.7527434    0.75319058  0.7525981 
  0.76572483  0.75571932  0.76098932  0.76036708  0.75601284  0.7591555 
  0.7584436    0.74767184  0.76557111  0.7648153    0.76469026  0.78193127 
  0.77518694  0.74457331  0.78586965  0.78817607]
increment_80
[0.63117786  0.64195463  0.64928073  0.64816399  0.64710531  0.64083188 
  0.64189849  0.64517933  0.64416513  0.64719123  0.6434346    0.61804018 
  0.6475162    0.63685403  0.64635249  0.63697129  0.6402777    0.64199372 
  0.62192816  0.63658296  0.63869851  0.63541842  0.63581268  0.64006223 
  0.6256695    0.63798165  0.6191066    0.62139294  0.62990275  0.62933381 
  0.63413576  0.64855659  0.60856473  0.61110661  0.61343001  0.60344868 
  0.60939764  0.64508328  0.59641198  0.59249666]
[0.07728289  0.08272286  0.07717955  0.08001661  0.08032506  0.07786003 
  0.07652295  0.0805467    0.08223616  0.07968821  0.0814036    0.01993899 
  0.08104512  0.0886663    0.07974526  0.08317299  0.0805823    0.05233538 
  0.02405334  0.08642763  0.08001304  0.08536275  0.08269146  0.0579199 
  0.0269467    0.04986504  0.10466992  0.09911571  0.09072175  0.07384544 
  0.03003998  0.03306635  0.12423877  0.12390533  0.11516885  0.03306251 
  0.00307002  0.07101971  0.03655967  0.01730809]
[0.14885002  0.15264063  0.15948185  0.15706563  0.15396341  0.14772425 
  0.14547875  0.15109482  0.15155236  0.15448407  0.15207434  0.12028424 
  0.15950836  0.15517592  0.1502164    0.15024563  0.14821744  0.14506157 
  0.12291773  0.15376803  0.15017208  0.15291835  0.14877463  0.14320432 
  0.13211979  0.14136196  0.16286227  0.15976737  0.15348121  0.14804038 
  0.13694084  0.13856172  0.16442608  0.15921928  0.15989938  0.1315516 
  0.14486553  0.16573897  0.1383442    0.14279853]
[0.75728828  0.74682797  0.73962382  0.74081791  0.74235966  0.74929958 
  0.74896361  0.74459802  0.74519822  0.74224522  0.74581416  0.77663407 
  0.74075066  0.74998378  0.7438442    0.75151586  0.74938812  0.75104075 
  0.77299291  0.75076481  0.75040687  0.75204562  0.75284159  0.75263414 
  0.76834622  0.75532092  0.76106971  0.76060587  0.7559336    0.75932197 
  0.76040557  0.74771761  0.76627525  0.76540539  0.76476922  0.78578033 
  0.77951207  0.7425324    0.78982088  0.79262647]
increment_90
[0.63102608  0.64274809  0.65136469  0.65041876  0.64914581  0.64137869 
  0.64310766  0.64698574  0.6456774    0.64918991  0.64479751  0.61604688 
  0.64968796  0.6374997    0.64817233  0.63780508  0.64136612  0.64248302 
  0.62000665  0.63750429  0.63966296  0.63591047  0.63605845  0.64019417 
  0.62293765  0.63888555  0.61826686  0.62028672  0.62937217  0.62889321 
  0.63224595  0.64869275  0.60653292  0.60950205  0.6127046    0.59947902 
  0.60417322  0.64681048  0.59229848  0.5873565  ]
[  0.07665277    0.08345954    0.07672118    0.08020637    0.08074737    0.07789546 
    0.07616101    0.08102618    0.08239984    0.07998072    0.08164626    0.01350855 
    0.08146217    0.09018468    0.07996786    0.08401898    0.0809568      0.0492394 
    0.01728892    0.08770943    0.08036452    0.08628859    0.08329716    0.05665 
    0.02024576    0.04596229    0.10669674    0.1013292      0.09284392    0.0750617 
    0.02310822    0.02460767    0.12808192    0.12751756    0.11742262    0.0250967 
  -0.00887393    0.06991602    0.02985704    0.01093285]
[0.14875499  0.15279425  0.16050278  0.1586105    0.15506824  0.14760873 
  0.14524243  0.15159224  0.15188732  0.15509334  0.15255334  0.11743201 
  0.16135829  0.15631612  0.1505928    0.15090976  0.14841784  0.14434447 
  0.11979323  0.15502087  0.15080566  0.15399079  0.14856919  0.14261403 
  0.12919534  0.14084068  0.16459053  0.161475      0.15439643  0.1490869 
  0.13422525  0.13640434  0.16602647  0.16009012  0.16217775  0.12879174 
  0.14350347  0.16765283  0.13601219  0.14169112]
[0.75749745  0.74603171  0.73761559  0.73848838  0.74029954  0.74885068 
  0.74800847  0.74287549  0.74380186  0.74033884  0.74451161  0.77878975 
  0.73839892  0.74901678  0.74215873  0.75058093  0.74837667  0.75096986 
  0.77520477  0.74957579  0.74942011  0.75130486  0.75260775  0.75273065 
  0.77126348  0.75490173  0.76109911  0.76085649  0.75593149  0.759363 
  0.76270221  0.74832215  0.76690811  0.76590971  0.7645282    0.78956175 
  0.78377466  0.7407027    0.7935942    0.79675369]
increment_100
[0.63085125  0.64331766  0.65337282  0.65267465  0.65114172  0.64184302 
  0.64427833  0.64874853  0.64707485  0.65115693  0.64605578  0.61402132 
  0.65176669  0.63807748  0.64984383  0.63870112  0.64237197  0.64280712 
  0.61790605  0.63842134  0.6406252    0.63641809  0.63619002  0.64027819 
  0.61990129  0.63976589  0.61746884  0.61918674  0.62871885  0.62855894 
  0.62994528  0.6482234    0.60466147  0.60808617  0.61246036  0.5954611 
  0.59894176  0.6483402    0.58826618  0.58250134]
[  0.07605693    0.08431625    0.07627482    0.0803996      0.08128348    0.07796969 
    0.0758499      0.08156413    0.08258295    0.08031282    0.08201982    0.00768829 
    0.08200043    0.09174316    0.08030305    0.08492589    0.08144016    0.04645255 
    0.010577        0.08905496    0.08082094    0.08727712    0.0839493      0.05570519 
    0.01344787    0.04189776    0.10867145    0.1034909      0.09516725    0.07638041 
    0.01619075    0.01610423    0.13153089    0.13074326    0.11901702    0.01706403 
  -0.01987114    0.06863904    0.02344825    0.00571407]
[0.14862304  0.15289634  0.16148958  0.16024586  0.15624578  0.1475036 
  0.14507389  0.15209388  0.15225449  0.15566947  0.15310397  0.11481888 
  0.16326747  0.15746527  0.15103575  0.15164962  0.14870807  0.14356285 
  0.11667089  0.15634839  0.15154916  0.15519079  0.14833159  0.14214868 
  0.12614878  0.14023554  0.16625674  0.16315899  0.15535812  0.15040402 
  0.13127913  0.13420972  0.16750493  0.16083321  0.16440751  0.12601087 
  0.14230829  0.16924313  0.13358077  0.14062619]
[0.757729      0.74542328  0.73566788  0.73612021  0.73823758  0.74846573 
  0.74706478  0.7411748    0.74249092  0.73845211  0.74326567  0.78085552 
  0.73608413  0.74809425  0.74056912  0.74956712  0.74740328  0.75101989 
  0.77747549  0.74835993  0.74839841  0.75051351  0.75247094  0.75281772 
  0.77435653  0.75450525  0.76110541  0.7611022    0.75598919  0.75924853 
  0.76529249  0.74935627  0.76748044  0.7663355    0.76400093  0.79325668 
  0.78779582  0.73912139  0.79721343  0.80055219]
increment_110
[0.63065114  0.64370327  0.65529555  0.65492435  0.6530682    0.64227243 
  0.6453929    0.65047362  0.64838455  0.65310308  0.6472019    0.61192957 
  0.65374543  0.63861552  0.65137051  0.63962957  0.64325104  0.64298773 
  0.6156839    0.63933647  0.64157415  0.63692693  0.63623948  0.64037823 
  0.61668052  0.64061587  0.61668412  0.61812941  0.62797715  0.62839109 
  0.62732485  0.64730123  0.60294948  0.60682817  0.61261099  0.59140943 
  0.59381011  0.64963699  0.58427605  0.57794135]
[  0.07554831    0.08527428    0.0758757      0.08059255    0.08194081    0.07804875 
    0.07562307    0.08213822    0.08283527    0.08068352    0.08255487    0.00251493 
    0.08265887    0.09329885    0.08076535    0.08587483    0.08206803    0.04402583 
    0.00393188    0.09042332    0.0813994      0.08831224    0.08466815    0.05498793 
    0.00654202    0.03764923    0.11065931    0.10558612    0.09767154    0.07768794 
    0.00938215    0.0078131      0.13464575    0.13368607    0.12005017    0.00917229 
  -0.02976137    0.06723337    0.01744896    0.0016192  ]
[0.1484875    0.15294761  0.1624353    0.16194655  0.15747265  0.14739261 
  0.1449711    0.15262894  0.15268501  0.15625291  0.1537522    0.11240553 
  0.16519362  0.15860336  0.15156139  0.15244111  0.14910342  0.14272945 
  0.11347894  0.15770596  0.15240469  0.15647366  0.14808142  0.14180561 
  0.12306287  0.13946422  0.16788336  0.16480736  0.15634723  0.15195061 
  0.12814596  0.13206418  0.1688616    0.16149077  0.16654815  0.12324838 
  0.14134749  0.17056028  0.13110498  0.13963426]
[0.75797299  0.74497075  0.73378838  0.73372492  0.7361997    0.74811091 
  0.74614511  0.73948752  0.74123078  0.73656742  0.74207456  0.78287986 
  0.73382252  0.74720179  0.73906871  0.748506      0.74649924  0.75117029 
  0.77976945  0.74712873  0.74734835  0.74969396  0.75239785  0.75285007 
  0.77750747  0.7541509    0.76109815  0.76131868  0.75608234  0.75894679 
  0.76808471  0.75066579  0.76798971  0.7666866    0.76325451  0.79684414 
  0.79153314  0.737808      0.80070501  0.80404194]
increment_120
[0.63041228  0.64394438  0.65713374  0.65716082  0.65489745  0.64272137 
  0.64643769  0.65215957  0.6496186    0.6550318    0.64823397  0.60977977 
  0.65561822  0.63913615  0.65279045  0.64057249  0.64400702  0.64303821 
  0.61341007  0.64024375  0.64247698  0.63740922  0.63622484  0.64053143 
  0.61335969  0.64141512  0.615931      0.61713811  0.6272024    0.62844337 
  0.62452815  0.64604398  0.60140381  0.60573175  0.61304101  0.5873558 
  0.58882413  0.6506966    0.58031012  0.57366899]
[  0.07518086    0.0863067      0.07555591    0.08079011    0.082723        0.0781107 
    0.07549813    0.08272858    0.08317003    0.08109489    0.08323423  -0.00200193 
    0.08341899    0.09483666    0.0813493      0.08686385    0.08284425    0.04200134 
  -0.0026371      0.09180048    0.08209631    0.08937618    0.08547488    0.05443637 
  -0.00038745    0.03319168    0.1126589      0.10763097    0.10030879    0.07888155 
    0.00270814  -0.0001823      0.13749438    0.13639599    0.12056537    0.00161147 
  -0.03848304    0.06574887    0.01192369  -0.0015133  ]
[0.14838465  0.15294092  0.16329518  0.16369107  0.15871363  0.14726441 
  0.14493006  0.15324774  0.15318562  0.15686742  0.15448613  0.1101596 
  0.16708055  0.1597364    0.15217303  0.15327803  0.14959724  0.14185406 
  0.11014578  0.15906336  0.15334488  0.1577832    0.14782148  0.14157075 
  0.11999969  0.13849909  0.16949717  0.16644179  0.15731635  0.15367492 
  0.12489745  0.12995546  0.1700879    0.16209564  0.16858304  0.12053199 
  0.14066044  0.17166083  0.1286247    0.13872267]
[0.75822833  0.74464479  0.73198445  0.73131241  0.7342181    0.74774404 
  0.74526078  0.73780689  0.7400085    0.73467651  0.74094455  0.78487546 
  0.73163523  0.74632116  0.73762476  0.74741381  0.74566243  0.75140879 
  0.78204158  0.74589508  0.74630347  0.74888307  0.75237013  0.75280401 
  0.78063424  0.75385871  0.76105695  0.76148097  0.75617912  0.75843302 
  0.77094609  0.75215605  0.76842622  0.76694862  0.76238079  0.80030157 
  0.79499676  0.73675205  0.80408561  0.80725313]
