inc
quat_01
quat_02
quat_03
quat_04
increment_0
[0.32704893  0.32704893  0.32704893  0.32704893  0.32704893  0.32704893 
  0.32704893  0.32704893  0.32704893  0.32704893  0.32704893  0.32704893 
  0.32704893  0.32704893  0.32704893  0.32704893  0.32704893  0.32704893 
  0.32704893  0.32704893  0.32704893  0.32704893  0.32704893  0.32704893 
  0.32704893  0.32704893  0.32704893  0.32704893  0.32704893  0.32704893 
  0.32704893  0.32704893]
[0.72897745  0.72897745  0.72897745  0.72897745  0.72897745  0.72897745 
  0.72897745  0.72897745  0.72897745  0.72897745  0.72897745  0.72897745 
  0.72897745  0.72897745  0.72897745  0.72897745  0.72897745  0.72897745 
  0.72897745  0.72897745  0.72897745  0.72897745  0.72897745  0.72897745 
  0.72897745  0.72897745  0.72897745  0.72897745  0.72897745  0.72897745 
  0.72897745  0.72897745]
[-0.01903964  -0.01903964  -0.01903964  -0.01903964  -0.01903964  -0.01903964 
  -0.01903964  -0.01903964  -0.01903964  -0.01903964  -0.01903964  -0.01903964 
  -0.01903964  -0.01903964  -0.01903964  -0.01903964  -0.01903964  -0.01903964 
  -0.01903964  -0.01903964  -0.01903964  -0.01903964  -0.01903964  -0.01903964 
  -0.01903964  -0.01903964  -0.01903964  -0.01903964  -0.01903964  -0.01903964 
  -0.01903964  -0.01903964]
[0.60105604  0.60105604  0.60105604  0.60105604  0.60105604  0.60105604 
  0.60105604  0.60105604  0.60105604  0.60105604  0.60105604  0.60105604 
  0.60105604  0.60105604  0.60105604  0.60105604  0.60105604  0.60105604 
  0.60105604  0.60105604  0.60105604  0.60105604  0.60105604  0.60105604 
  0.60105604  0.60105604  0.60105604  0.60105604  0.60105604  0.60105604 
  0.60105604  0.60105604]
increment_10
[0.32775138  0.32576996  0.32608118  0.32423852  0.32588822  0.32592875 
  0.32515118  0.32444604  0.32537526  0.32578549  0.32553133  0.32412994 
  0.3249232    0.32658105  0.32592517  0.32747313  0.32549218  0.32566285 
  0.32584875  0.32674548  0.32721055  0.3262385    0.32704274  0.32673662 
  0.3268136    0.32733015  0.32795878  0.32707149  0.32678486  0.32725781 
  0.32677746  0.32638382]
[0.72569545  0.72665138  0.72515633  0.72765301  0.72560048  0.72768448 
  0.7269136    0.72650284  0.72678949  0.72755993  0.72519681  0.72681717 
  0.72782026  0.72715174  0.72876774  0.72401819  0.72531585  0.72787594 
  0.72814268  0.72816691  0.72372537  0.72380063  0.72674589  0.72819748 
  0.72865172  0.72467557  0.72211304  0.72609435  0.72781913  0.72240045 
  0.72292416  0.7195117  ]
[-0.02023654  -0.01911086  -0.01996789  -0.01805377  -0.01974819  -0.01857407 
  -0.0184768    -0.01873922  -0.01900147  -0.01880757  -0.01948126  -0.01842262 
  -0.01808335  -0.01920902  -0.01828335  -0.02051684  -0.01940866  -0.01819408 
  -0.01846682  -0.01872763  -0.02065302  -0.02043818  -0.01916192  -0.01849187 
  -0.01819322  -0.02016905  -0.0216104    -0.01938015  -0.01876942  -0.02117135 
  -0.02083553  -0.02243773]
[0.60459542  0.60455478  0.60615233  0.60420571  0.60573163  0.60324187 
  0.60459237  0.60545622  0.60460477  0.60346221  0.60641521  0.60525795 
  0.6036353    0.60351154  0.60194358  0.60674383  0.60629618  0.60316606 
  0.60273527  0.60221227  0.60723003  0.60767044  0.60375183  0.6021874 
  0.60160498  0.60604744  0.60871076  0.60451273  0.60260989  0.60876243 
  0.60841024  0.61259535]
increment_20
[0.32847334  0.32436579  0.32512196  0.3206149    0.32397279  0.32467234 
  0.32300661  0.32090839  0.32331695  0.32442203  0.32355771  0.32029286 
  0.32251327  0.32618958  0.32494519  0.32820097  0.32358812  0.32431639 
  0.32482465  0.32715129  0.32703487  0.32543225  0.32679265  0.32655315 
  0.32680199  0.3273967    0.32938509  0.32737        0.32638313  0.32789454 
  0.3275093    0.32578877]
[0.72209505  0.72408879  0.72122796  0.72581156  0.72261502  0.72594402 
  0.72441395  0.72328809  0.72460657  0.72643616  0.72134732  0.72397748 
  0.72677684  0.7256786    0.72881224  0.71865043  0.72097334  0.72704331 
  0.72777418  0.7276455    0.71785207  0.71748555  0.72507896  0.72803994 
  0.72893327  0.71957103  0.71441473  0.72342077  0.72733087  0.71553978 
  0.71671051  0.70868318]
[-0.02178037  -0.01902456  -0.02093195  -0.01698609  -0.02011317  -0.017871 
  -0.01772785  -0.0184489    -0.01902759  -0.01821619  -0.01962914  -0.01785484 
  -0.016883      -0.0192224    -0.01740435  -0.02195324  -0.01987464  -0.01698816 
  -0.01785814  -0.01816989  -0.02226936  -0.022253      -0.01878689  -0.01764099 
  -0.0168306    -0.02116916  -0.0242705    -0.01938884  -0.01811115  -0.02295409 
  -0.02254831  -0.02585877]
[0.60844853  0.60837515  0.61130009  0.60837089  0.61029881  0.60603118 
  0.60875026  0.61117246  0.60831687  0.60556504  0.61203199  0.61069657 
  0.60621414  0.60549272  0.60244538  0.61265303  0.6124485    0.60492835 
  0.6037506    0.60263912  0.61419921  0.61547798  0.60589943  0.60250285 
  0.6013098    0.61203006  0.61686951  0.60754863  0.60343669  0.61640985 
  0.61526846  0.62526886]
increment_30
[0.3295216    0.32308623  0.32428852  0.3172474    0.32215549  0.32349255 
  0.32143086  0.31779635  0.32156407  0.32324896  0.32194385  0.3169175 
  0.32028965  0.3258909    0.3240849    0.32940347  0.32222298  0.32317884 
  0.32409645  0.32767469  0.32722189  0.32547462  0.32661575  0.32651687 
  0.32696311  0.32752312  0.33105749  0.32799852  0.32611816  0.32878379 
  0.32874994  0.32528714]
[0.71853074  0.72142372  0.71734204  0.72363241  0.71965928  0.72412559 
  0.72163159  0.71967001  0.72232016  0.72541725  0.71764075  0.72051051 
  0.72570528  0.72428318  0.72885041  0.7135226    0.71616835  0.72621355 
  0.72731418  0.72719943  0.71227594  0.71073948  0.72346921  0.72801881 
  0.72921468  0.71455069  0.70708806  0.72074659  0.7269466    0.70915467 
  0.71078796  0.69799326]
[-0.02326911  -0.01907209  -0.02189055  -0.01619221  -0.02049868  -0.01721763 
  -0.01729166  -0.0185058    -0.01921047  -0.01763343  -0.01987687  -0.01778803 
  -0.01585032  -0.01919457  -0.01661173  -0.02332311  -0.02069326  -0.01585934 
  -0.017432      -0.01754106  -0.02379684  -0.0244147    -0.01845938  -0.01677278 
  -0.01543844  -0.02212384  -0.02676427  -0.01948408  -0.01741762  -0.02446713 
  -0.02416536  -0.02911406]
[0.61203565  0.6122086    0.61626144  0.61273815  0.61472446  0.60884994 
  0.61288747  0.61703978  0.6119486    0.60742817  0.61721052  0.61653182 
  0.60869956  0.60732245  0.60288482  0.6179279    0.61874635  0.60656228 
  0.60470795  0.60291177  0.62050183  0.62315294  0.60792574  0.60257283 
  0.60091824  0.6177835    0.62426844  0.61037832  0.60406309  0.62321925 
  0.62138554  0.63729589]
increment_40
[0.33084749  0.32190904  0.32352225  0.31423314  0.32048094  0.32243503 
  0.32038638  0.31506838  0.32013651  0.32221234  0.32063335  0.31403403 
  0.31812324  0.32572506  0.32332657  0.33088462  0.32130684  0.32206277 
  0.32351965  0.32818388  0.32773541  0.32626266  0.3265145    0.32653314 
  0.32725793  0.32771642  0.33289971  0.32887867  0.32602744  0.32982028 
  0.33031986  0.32508019]
[0.71504785  0.71863054  0.71345777  0.72107659  0.7166459    0.72236952 
  0.7186789    0.71572991  0.71986207  0.72458555  0.71408337  0.71643918 
  0.72461989  0.72296629  0.72889867  0.70859741  0.71088445  0.72533829 
  0.72687032  0.72686291  0.70701356  0.703659      0.72183459  0.72818979 
  0.72957022  0.70946244  0.69996686  0.7180627    0.72672162  0.70298384 
  0.70522912  0.68786047]
[-0.02464769  -0.01925709  -0.02285939  -0.01574378  -0.020938      -0.01658513 
  -0.01711187  -0.01884986  -0.019557      -0.01704395  -0.0202204    -0.01818886 
  -0.01492618  -0.01914074  -0.01585864  -0.02461993  -0.02183415  -0.01479647 
  -0.01708952  -0.01684606  -0.02522397  -0.02678662  -0.01822992  -0.01587357 
  -0.01398323  -0.02308361  -0.02915389  -0.01962886  -0.01665112  -0.0258184 
  -0.02560685  -0.03211044]
[0.6153365    0.61609567  0.621119      0.61729913  0.61908984  0.61150868 
  0.61689576  0.62298258  0.61557188  0.60898645  0.62198902  0.62270915 
  0.61114715  0.60897994  0.60325381  0.62273504  0.62524274  0.60822775 
  0.60555968  0.60306042  0.62616698  0.63063394  0.60992685  0.60238174 
  0.60036156  0.62348387  0.63116894  0.61305749  0.60440429  0.62957582 
  0.62680537  0.64818189]
increment_50
[0.33238264  0.32081228  0.32275731  0.31161681  0.31893452  0.32150828 
  0.31975066  0.31271894  0.31899627  0.32129755  0.31956533  0.31169603 
  0.31597487  0.32572183  0.32267518  0.33254901  0.32080809  0.32092425 
  0.32304076  0.32864963  0.32848447  0.3277015    0.32650059  0.3265554 
  0.32762382  0.32794919  0.33485942  0.32996826  0.32613148  0.33093633 
  0.3321094    0.32513991]
[0.71157065  0.71558368  0.70954115  0.71797544  0.71352715  0.72080357 
  0.71567413  0.71136041  0.71717305  0.72401407  0.7106757    0.71170854 
  0.72342773  0.721793      0.72895418  0.7038112    0.70512553  0.72425012 
  0.72653593  0.72665194  0.70200567  0.69636397  0.72001408  0.72854472 
  0.73005148  0.70413372  0.69302324  0.71529427  0.72663672  0.69697789 
  0.69996554  0.67832602]
[-0.02594561  -0.01959764  -0.02384172  -0.01570252  -0.02144184  -0.01593401 
  -0.01709018  -0.01952112  -0.02006513  -0.01642892  -0.02064623  -0.01906973 
  -0.01413471  -0.01904954  -0.0151236    -0.02586144  -0.02328057  -0.0138735 
  -0.01677482  -0.01606647  -0.02655634  -0.02925775  -0.01815795  -0.01494617 
  -0.01243674  -0.02411091  -0.03142702  -0.01982434  -0.01581432  -0.02701125 
  -0.02688268  -0.03487263]
[0.61847864  0.62018981  0.6259478    0.62222156  0.62345811  0.61385727 
  0.62070765  0.62912015  0.61927505  0.61016522  0.62641183  0.62924788 
  0.61368756  0.6103747    0.60355432  0.62720981  0.63193209  0.61014499 
  0.60622505  0.60308228  0.63133253  0.63783457  0.61208446  0.6019641 
  0.59961054  0.62933591  0.63765218  0.61569639  0.6044727    0.63558898 
  0.63168735  0.65798309]
increment_60
[0.33408505  0.31979933  0.32194977  0.30946137  0.31752225  0.32071759 
  0.31940839  0.31083638  0.31812151  0.3205144    0.3186949    0.30999549 
  0.31391147  0.32587144  0.32212622  0.3343229    0.32070096  0.31981385 
  0.32263216  0.32911104  0.32938465  0.32961668  0.32662053  0.32659038 
  0.32801694  0.32821626  0.33690093  0.33123076  0.32647762  0.33208163 
  0.33402497  0.32515392]
[0.70798063  0.71212885  0.70553339  0.71415959  0.71022906  0.71953414 
  0.71273215  0.70641892  0.71416978  0.72374457  0.70742348  0.70635368 
  0.72190051  0.72082132  0.72901084  0.69911052  0.69905148  0.7227075 
  0.72632385  0.72656052  0.69710529  0.68912103  0.71784509  0.72897088 
  0.73068185  0.69838131  0.68639378  0.71245617  0.72655381  0.6912157 
  0.69499597  0.66946313]
[-0.02721593  -0.02013546  -0.02484885  -0.01613495  -0.02204004  -0.0152377 
  -0.01713356  -0.02060121  -0.02074565  -0.01578563  -0.02111857  -0.02041618 
  -0.01358401  -0.01890722  -0.01438685  -0.02706254  -0.02494916  -0.0132215 
  -0.0164714    -0.01516571  -0.02782526  -0.03167284  -0.01828921  -0.01402625 
  -0.01078636  -0.02529032  -0.0335134    -0.02002259  -0.01494238  -0.02798863 
  -0.02797749  -0.03758729]
[0.62161877  0.62465626  0.63083557  0.62765389  0.62790806  0.61577484 
  0.62425764  0.63555382  0.62316117  0.61091335  0.6305074    0.63604281 
  0.61655066  0.6114466    0.60379709  0.63145887  0.63863563  0.61256687 
  0.60670492  0.60296412  0.63621987  0.64456333  0.61455916  0.60145111 
  0.59865898  0.63552973  0.64361339  0.61829724  0.60440769  0.64121703 
  0.63610155  0.66684424]
increment_70
[0.33593191  0.31888645  0.32107674  0.30781783  0.31624922  0.32005707 
  0.31926913  0.30953363  0.31748294  0.31985357  0.31798836  0.30894708 
  0.31203353  0.3261329    0.32166162  0.33616524  0.32089002  0.31885835 
  0.32229481  0.32959557  0.33043762  0.33176397  0.32692276  0.32672523 
  0.3284261    0.3285413    0.33902696  0.33258798  0.32712384  0.33325402 
  0.33599887  0.32430468]
[0.70412298  0.70808346  0.70140034  0.70945262  0.70668591  0.7186538 
  0.70997227  0.70072225  0.71075622  0.72384559  0.70433103  0.70042378 
  0.71975979  0.72014071  0.7290848    0.6943989    0.69280993  0.72044727 
  0.72625317  0.72662458  0.69203765  0.6820679    0.71524621  0.72935669 
  0.73152118  0.69199248  0.68009181  0.70966841  0.72636265  0.6856782 
  0.69046125  0.66165886]
[-0.02852047  -0.02094051  -0.0258772    -0.01711381  -0.02275603  -0.01446764 
  -0.01715171  -0.02218068  -0.02161998  -0.01509443  -0.02159803  -0.0221797 
  -0.0134035    -0.01868291  -0.0136278    -0.02826656  -0.02674801  -0.01299601 
  -0.01617697  -0.01409869  -0.02912922  -0.03395019  -0.0186258    -0.01315012 
  -0.00900698  -0.02671818  -0.03540067  -0.02013421  -0.01404382  -0.02877949 
  -0.02881278  -0.04081627]
[0.62493773  0.62967511  0.63582833  0.63374465  0.63250583  0.61716358 
  0.62746507  0.64240585  0.6273458    0.61115744  0.63429861  0.64301345 
  0.62000102  0.6121157    0.60397304  0.63561318  0.64523526  0.61572411 
  0.60697669  0.60264809  0.64112897  0.65081751  0.61741189  0.60092971 
  0.59743781  0.64225631  0.64906289  0.62076614  0.60430957  0.64649741 
  0.63995143  0.67480965]
increment_80
[0.3379299    0.31809309  0.32014953  0.30672203  0.31512509  0.31950084 
  0.31921636  0.30895497  0.31705881  0.31929425  0.31741409  0.30849042 
  0.31049799  0.32645709  0.32126905  0.33805666  0.32129635  0.31826377 
  0.32204654  0.33008093  0.33173357  0.333979      0.32747611  0.32705023 
  0.32884741  0.3289647    0.34133007  0.33398468  0.32805109  0.33444312 
  0.33798379  0.3223082  ]
[0.6998155    0.70319229  0.69711126  0.70359842  0.7028437    0.71821794 
  0.70753012  0.69398492  0.70685347  0.72436065  0.70141461  0.69388265 
  0.71673978  0.71983381  0.72918946  0.68959219  0.68644666  0.71722199 
  0.72634364  0.72688824  0.68657526  0.67525135  0.71217095  0.72960652 
  0.73260795  0.6849176    0.67423008  0.70697229  0.72593481  0.68037168 
  0.68638398  0.65495651]
[-0.02991828  -0.0221285    -0.02691941  -0.01874353  -0.02361164  -0.01360673 
  -0.01704646  -0.02438112  -0.02271568  -0.01434005  -0.02204813  -0.0243311 
  -0.01373301  -0.018346      -0.01283469  -0.02950712  -0.02863311  -0.01334132 
  -0.0158888    -0.01286388  -0.03056827  -0.0360634    -0.01915378  -0.01232985 
  -0.0070867    -0.02840191  -0.03699885  -0.02013449  -0.01314724  -0.02940378 
  -0.02935584  -0.04468143]
[0.62862273  0.63549014  0.64094892  0.64071799  0.63729852  0.61797821 
  0.63024714  0.64987484  0.63191446  0.61085776  0.63779285  0.65020652 
  0.62424874  0.61231403  0.60407301  0.63977312  0.65172063  0.61977641 
  0.60700781  0.60209185  0.64624518  0.65665293  0.6206489    0.60046686 
  0.59589827  0.64951015  0.65386441  0.62308829  0.6043412    0.65144271 
  0.64325906  0.68202124]
increment_90
[0.34007608  0.31746183  0.31916844  0.30616512  0.31416302  0.3190177 
  0.31912977  0.30921607  0.31682963  0.31885897  0.31692555  0.30847909 
  0.30950976  0.32681165  0.32096249  0.33995484  0.32184647  0.31826175 
  0.32192749  0.33053235  0.33334675  0.33619355  0.32839542  0.3275957 
  0.32927158  0.32958621  0.34397262  0.33544499  0.32923787  0.33563391 
  0.33993237  0.31924172]
[0.69485444  0.69716573  0.69258163  0.69629493  0.69861815  0.71824397 
  0.70552092  0.68585303  0.70244518  0.72526064  0.69865196  0.68657465 
  0.71269585  0.71996557  0.72930702  0.68452242  0.67990234  0.71299426 
  0.72661999  0.72736864  0.68054607  0.66868862  0.70875237  0.72967366 
  0.7339307    0.67733047  0.66909018  0.70446704  0.72516452  0.67536714 
  0.68264217  0.64908788]
[-0.03151347  -0.02382854  -0.02797229  -0.02114117  -0.02463944  -0.0126595 
  -0.01674059  -0.02733124  -0.02403783  -0.01354268  -0.02245117  -0.02688518 
  -0.01466318  -0.01787767  -0.01201813  -0.03083698  -0.03060342  -0.01428495 
  -0.01559025  -0.01151252  -0.03220932  -0.03800982  -0.01980973  -0.01155467 
  -0.005043      -0.03026396  -0.03812196  -0.01999602  -0.01231334  -0.02983751 
  -0.02962767  -0.04905465]
[0.63287635  0.64234736  0.64628147  0.64883691  0.64236063  0.61821764 
  0.63254737  0.65821276  0.63687671  0.61003488  0.64104568  0.65782451 
  0.62932767  0.61198376  0.60411085  0.64413418  0.65818773  0.62461555 
  0.60674791  0.60129086  0.65168977  0.66210625  0.62404655  0.60010324 
  0.5940543    0.65702394  0.65768373  0.62514239  0.60463809  0.65600216 
  0.6461949    0.68874037]
increment_100
[0.34232737  0.31708779  0.31814437  0.30602755  0.31338246  0.31851467 
  0.31894193  0.31003496  0.31676341  0.31863597  0.31646339  0.3086479 
  0.30907304  0.32729671  0.32079909  0.34185478  0.32252648  0.31893012 
  0.32197917  0.33094378  0.33529693  0.33838342  0.32973085  0.32822027 
  0.32965331  0.3305419    0.346944      0.33698582  0.33062037  0.33685408 
  0.34180035  0.3151441  ]
[0.68920846  0.69001098  0.68756904  0.68767396  0.69367527  0.718702 
  0.70387371  0.67639192  0.69747594  0.72634056  0.69578981  0.67846883 
  0.70792419  0.72043579  0.7293824    0.67883931  0.67310524  0.70830136 
  0.72707927  0.72794839  0.6736686    0.66236557  0.70550309  0.72956683 
  0.73533927  0.66928592  0.66477238  0.70246319  0.72405092  0.67081678 
  0.67932819  0.64393463]
[-0.03333437  -0.0260611    -0.02905867  -0.02421756  -0.02596973  -0.01165195 
  -0.01628202  -0.03091465  -0.02560074  -0.01279242  -0.02290546  -0.02980486 
  -0.01603719  -0.01730738  -0.01125034  -0.03238437  -0.03267502  -0.01554151 
  -0.01525973  -0.01014723  -0.03413726  -0.03981015  -0.02037595  -0.01080002 
  -0.00296387  -0.03232382  -0.03875276  -0.01959271  -0.01156654  -0.03005893 
  -0.02956948  -0.05378546]
[0.63772447  0.65012383  0.65206485  0.6579249    0.64802132  0.61796446 
  0.63448621  0.66739536  0.6422872    0.60888165  0.64436232  0.66597912 
  0.63487007  0.61118704  0.60412142  0.64904835  0.66470922  0.62956432 
  0.60617843  0.60038687  0.65770908  0.66722085  0.62699903  0.59990587 
  0.59211153  0.66464546  0.66045876  0.62657972  0.60523272  0.66002321 
  0.64869975  0.69508238]
increment_110
[0.34464016  0.31713313  0.31717475  0.30631261  0.31287426  0.31783392 
  0.31863667  0.31117029  0.31683538  0.31861707  0.3161112    0.30889749 
  0.3089808    0.32807363  0.3208898    0.34382301  0.32336746  0.32010135 
  0.32217394  0.33134357  0.3375489    0.34056306  0.3313657    0.32873898 
  0.32992069  0.33197353  0.3501401    0.33853973  0.33212991  0.33792891 
  0.34353819  0.31005295]
[0.68332872  0.68233279  0.6816814    0.67857522  0.68742834  0.7195166 
  0.70239961  0.66644343  0.69159242  0.72732284  0.69241556  0.67013742 
  0.70270611  0.72100856  0.72942303  0.67220826  0.66631982  0.70370623 
  0.72761519  0.72852171  0.66566294  0.65645937  0.70284957  0.72924751 
  0.73668241  0.66071323  0.66146028  0.70115241  0.72261091  0.66722086 
  0.67655211  0.63932096]
[-0.0351815    -0.02856909  -0.0303129    -0.0275401    -0.02787549  -0.01061369 
  -0.0157855    -0.03467361  -0.02754063  -0.01217967  -0.02362976  -0.03280082 
  -0.01765619  -0.0166769    -0.01059284  -0.03430513  -0.03471089  -0.01679036 
  -0.01488511  -0.00881859  -0.03640394  -0.04141939  -0.02067378  -0.0100785 
  -0.00095235  -0.03468297  -0.03891416  -0.01881178  -0.01091454  -0.03011821 
  -0.02912448  -0.05878103]
[0.64268754  0.65805194  0.65862871  0.66704557  0.65480908  0.61738546 
  0.63628318  0.67662688  0.64850349  0.60773046  0.64813273  0.67410851 
  0.64064284  0.61011166  0.60403607  0.65478619  0.67100413  0.63407472 
  0.60544077  0.59949128  0.66455123  0.67183505  0.629104      0.60002265 
  0.59029693  0.67234566  0.66208601  0.62723382  0.60613865  0.66310879 
  0.65070002  0.70119945]
increment_120
[0.34699779  0.31762918  0.31644004  0.30718563  0.31279821  0.31697195 
  0.31844327  0.31263981  0.31716732  0.3185103    0.31607667  0.30954013 
  0.30903719  0.32908424  0.32130978  0.3458346    0.32441832  0.3216307 
  0.32251796  0.3317775    0.33988983  0.34275721  0.3332139    0.32933904 
  0.33007419  0.33386136  0.35340126  0.3400979    0.33376298  0.33877777 
  0.3451465    0.30433699]
[0.67788613  0.67489185  0.67494274  0.66978987  0.67993772  0.72051612 
  0.70136124  0.65719737  0.68431813  0.72814347  0.68909803  0.66192497 
  0.69651055  0.7215605    0.72963248  0.66558655  0.65957198  0.69857528 
  0.72820525  0.72927723  0.65748613  0.65095173  0.7001263    0.7288625 
  0.7380032    0.65242543  0.6590716    0.69985849  0.7209928    0.6647453 
  0.673782      0.63469381]
[-0.03677331  -0.0309144    -0.03188799  -0.03058454  -0.03039125  -0.0095627 
  -0.01525271  -0.03819056  -0.03007273  -0.01172859  -0.02446811  -0.03565542 
  -0.01968035  -0.0159849    -0.00995        -0.03623232  -0.03665757  -0.01829217 
  -0.0144632    -0.00743854  -0.03863577  -0.04285069  -0.0210304    -0.00937697 
    0.00100284  -0.03699989  -0.03874193  -0.01794586  -0.01030736  -0.03005759 
  -0.02852115  -0.0640043  ]
[0.64707855  0.66533976  0.66580864  0.67533925  0.66250914  0.61667971 
  0.63753717  0.68475502  0.65590336  0.60681194  0.65164465  0.68173964 
  0.647288      0.60893226  0.6035706    0.66036369  0.67703307  0.63891445 
  0.60455777  0.59835031  0.6713376    0.67597571  0.63114926  0.60017274 
  0.58855867  0.67934428  0.66274523  0.62786102  0.60717825  0.66516152 
  0.6527467    0.70742223]
