inc
quat_01
quat_02
quat_03
quat_04
increment_0
[0.30348761  0.30348761  0.30348761  0.30348761  0.30348761  0.30348761 
  0.30348761  0.30348761  0.30348761  0.30348761  0.30348761  0.30348761 
  0.30348761  0.30348761  0.30348761  0.30348761  0.30348761  0.30348761 
  0.30348761  0.30348761  0.30348761  0.30348761  0.30348761  0.30348761]
[-0.40553599  -0.40553599  -0.40553599  -0.40553599  -0.40553599  -0.40553599 
  -0.40553599  -0.40553599  -0.40553599  -0.40553599  -0.40553599  -0.40553599 
  -0.40553599  -0.40553599  -0.40553599  -0.40553599  -0.40553599  -0.40553599 
  -0.40553599  -0.40553599  -0.40553599  -0.40553599  -0.40553599  -0.40553599]
[0.85724159  0.85724159  0.85724159  0.85724159  0.85724159  0.85724159 
  0.85724159  0.85724159  0.85724159  0.85724159  0.85724159  0.85724159 
  0.85724159  0.85724159  0.85724159  0.85724159  0.85724159  0.85724159 
  0.85724159  0.85724159  0.85724159  0.85724159  0.85724159  0.85724159]
[-0.0925888  -0.0925888  -0.0925888  -0.0925888  -0.0925888  -0.0925888 
  -0.0925888  -0.0925888  -0.0925888  -0.0925888  -0.0925888  -0.0925888 
  -0.0925888  -0.0925888  -0.0925888  -0.0925888  -0.0925888  -0.0925888 
  -0.0925888  -0.0925888  -0.0925888  -0.0925888  -0.0925888  -0.0925888]
increment_10
[0.30666998  0.30412241  0.30251781  0.30641093  0.30442627  0.30467892 
  0.30317188  0.30454997  0.30459727  0.30293927  0.30410999  0.30318184 
  0.30640758  0.30485863  0.30321197  0.30392155  0.30493441  0.30407159 
  0.30374767  0.3037442    0.30381452  0.30448255  0.30414935  0.30275527]
[-0.40525552  -0.40595961  -0.40679551  -0.4042809    -0.40611282  -0.40682875 
  -0.4069364    -0.40646763  -0.40450051  -0.40694212  -0.40649235  -0.40681071 
  -0.40399057  -0.40676168  -0.40701824  -0.40683884  -0.40573802  -0.40651065 
  -0.40664247  -0.40603471  -0.40588161  -0.40507442  -0.40543292  -0.40747421]
[0.8563185    0.85702357  0.8572207    0.85692817  0.8567876    0.85631173 
  0.85686834  0.85654289  0.85736682  0.85694849  0.85667825  0.85691638 
  0.85692083  0.85625607  0.8567979    0.85660814  0.85677861  0.85668778 
  0.85675936  0.85706014  0.85705805  0.85724641  0.85703967  0.85674153]
[-0.09187009  -0.09064741  -0.09040499  -0.09134224  -0.09117038  -0.09160424 
  -0.09091877  -0.09147492  -0.09231454  -0.09091307  -0.09156121  -0.09099523 
  -0.09269685  -0.09182429  -0.09108242  -0.09130352  -0.09122537  -0.09151836 
  -0.09133814  -0.09123151  -0.0916971    -0.09128904  -0.09273794  -0.09109324]
increment_20
[0.31158155  0.30471574  0.30121964  0.30983616  0.30542559  0.30587425 
  0.30282644  0.30578587  0.30560255  0.30205277  0.3045802    0.30293097 
  0.3100742    0.3062188    0.30268665  0.30426843  0.30742686  0.30473793 
  0.30368638  0.30437198  0.30387807  0.30635544  0.30526022  0.30133629]
[-0.40529491  -0.40679121  -0.40871647  -0.40275978  -0.4065864    -0.40866467 
  -0.40863601  -0.40781499  -0.40260904  -0.40893379  -0.40767584  -0.40807256 
  -0.40019958  -0.40824076  -0.40891954  -0.40858441  -0.40523786  -0.40749192 
  -0.40831986  -0.40641482  -0.40632688  -0.40358302  -0.40425589  -0.41031482]
[0.85452337  0.8566278    0.85701852  0.85660067  0.85637758  0.85513535 
  0.85639774  0.85559574  0.8579219    0.85653366  0.85605906  0.85661956 
  0.85729836  0.85517386  0.85627667  0.85582163  0.85629923  0.85611639 
  0.85616363  0.85683502  0.85692696  0.85742894  0.85711734  0.85609055]
[-0.09188458  -0.08864566  -0.0879593    -0.08956237  -0.08955532  -0.09043042 
  -0.08885753  -0.09021017  -0.0921035    -0.08881083  -0.09052179  -0.08895244 
  -0.09345481  -0.09081407  -0.08919573  -0.08971533  -0.08956916  -0.09027653 
  -0.08962877  -0.08954572  -0.09073465  -0.08990384  -0.09350525  -0.08914685]
increment_30
[0.31659363  0.30517379  0.29965992  0.31307116  0.30595558  0.30693596 
  0.30213177  0.30682843  0.30612107  0.30117017  0.30474823  0.30246529 
  0.31393153  0.30743859  0.30191635  0.30458863  0.30987248  0.30516091 
  0.30350062  0.30488834  0.30374216  0.30813099  0.30617093  0.29973352]
[-0.40566848  -0.40757828  -0.41090546  -0.40120802  -0.40739555  -0.41049357 
  -0.41058423  -0.40931297  -0.40074439  -0.41093291  -0.40889111  -0.40934935 
  -0.39607669  -0.40965277  -0.41088319  -0.41031534  -0.40469977  -0.40841502 
  -0.41006574  -0.40683611  -0.40669029  -0.40194222  -0.40257436  -0.41325977]
[0.85247498  0.85630504  0.85676365  0.85634914  0.85597681  0.85400306 
  0.85592774  0.85464444  0.85862892  0.85610437  0.85553475  0.85639587 
  0.85775417  0.8541674    0.85582048  0.85504824  0.85584726  0.855649 
  0.85558276  0.85664056  0.85689916  0.85770504  0.8574676    0.85544401]
[-0.09213013  -0.08654811  -0.08553757  -0.08766253  -0.0878849    -0.08924186 
  -0.08674498  -0.08889366  -0.091925      -0.08669473  -0.08942517  -0.08679851 
  -0.09395767  -0.08980077  -0.08713687  -0.08808858  -0.08787838  -0.08909982 
  -0.08781578  -0.08771787  -0.0898195    -0.08854264  -0.09456517  -0.08713053]
increment_40
[0.32148981  0.3055715    0.29786874  0.31617825  0.30611981  0.30785618 
  0.3010926    0.30764233  0.3062657    0.30037002  0.30462873  0.30173147 
  0.31798573  0.30848053  0.30091414  0.30488356  0.31213727  0.30534394 
  0.3032315    0.30527862  0.30345828  0.30978247  0.30686526  0.29806762]
[-0.40634057  -0.40826829  -0.41328896  -0.39954602  -0.40856244  -0.41235179 
  -0.41271409  -0.41102707  -0.39893377  -0.41292249  -0.41016713  -0.41080012 
  -0.3914304    -0.41110828  -0.41287757  -0.41207494  -0.40419861  -0.40926658 
  -0.41185906  -0.4072471    -0.40699176  -0.40013302  -0.40050846  -0.41613792]
[0.85028022  0.85605345  0.85648351  0.85618847  0.85553975  0.85290613 
  0.85548979  0.85366838  0.85944213  0.85563751  0.85509345  0.85618494 
  0.85835564  0.85320213  0.85543472  0.8542638    0.85544154  0.85528995 
  0.85500771  0.85650107  0.85695151  0.85808933  0.85805273  0.8548416  ]
[-0.09249424  -0.08435376  -0.08308094  -0.08564813  -0.08613442  -0.08798694 
  -0.08454313  -0.08753994  -0.09171909  -0.08460099  -0.08820125  -0.08455017 
  -0.09430228  -0.08874612  -0.08493662  -0.08645005  -0.08610219  -0.08800597 
  -0.0859336    -0.08579438  -0.08890947  -0.0872416    -0.0957716    -0.08503394]
increment_50
[0.32618595  0.30593311  0.29586219  0.31922182  0.30606841  0.30870435 
  0.29973758  0.30825844  0.30614094  0.29964744  0.30429577  0.30070378 
  0.32236468  0.30940427  0.29968453  0.30516139  0.31420774  0.3053798 
  0.30289178  0.30555493  0.30300853  0.31131338  0.30738073  0.29637022]
[-0.4073139    -0.40883557  -0.41579703  -0.39775064  -0.41003187  -0.41425407 
  -0.41496459  -0.41304046  -0.39714598  -0.4148993    -0.41152436  -0.41248254 
  -0.38607611  -0.41262625  -0.41488973  -0.41388517  -0.40373191  -0.40996622 
  -0.41370643  -0.40767278  -0.40722409  -0.39813765  -0.39808647  -0.41891429]
[0.84797479  0.85587595  0.8562058    0.85610253  0.85503552  0.85180937 
  0.85510121  0.85260709  0.86033983  0.8551366    0.85469824  0.85596729 
  0.85912705  0.85224461  0.85512082  0.85345356  0.85509093  0.85504245 
  0.85442864  0.85639952  0.85709412  0.85858129  0.85884727  0.85428971]
[-0.09293476  -0.08206565  -0.08056067  -0.0835483    -0.08432238  -0.08669481 
  -0.08224169  -0.08622909  -0.0914777    -0.08253107  -0.08684868  -0.08219117 
  -0.0944826    -0.08767951  -0.08260805  -0.08480928  -0.0842232    -0.08702457 
  -0.08399561  -0.08377922  -0.08800018  -0.08607298  -0.09708561  -0.08285294]
increment_60
[0.33072923  0.30627499  0.29363421  0.32222374  0.30592023  0.30955564 
  0.2981125    0.30870502  0.3058666    0.29892999  0.30383127  0.29936224 
  0.32728204  0.31028522  0.2982585    0.30542595  0.31614455  0.30536855 
  0.30248015  0.30570601  0.30237104  0.31274182  0.30780195  0.2946662  ]
[-0.40856153  -0.40927636  -0.41838359  -0.39590546  -0.41169333  -0.41620736 
  -0.41733954  -0.41536551  -0.39533762  -0.41686622  -0.41299132  -0.41439519 
  -0.3798899    -0.41416401  -0.41692003  -0.4157598    -0.40323719  -0.41045543 
  -0.41560068  -0.40816687  -0.40738025  -0.39600952  -0.39532692  -0.42159126]
[0.84555605  0.85576626  0.8559535    0.85603795  0.85447115  0.85067617 
  0.8547376    0.85143932  0.86129495  0.85462846  0.85430619  0.85574811 
  0.86003218  0.85128443  0.85486394  0.85260898  0.85480374  0.85489761 
  0.8538482    0.85631537  0.85733869  0.85914391  0.85980835  0.85377757]
[-0.09343778  -0.07970319  -0.07795976  -0.08142334  -0.08246496  -0.08542132 
  -0.07987664  -0.08499283  -0.09124032  -0.0804587    -0.08535615  -0.07971228 
  -0.09441805  -0.08663764  -0.0801698    -0.08316673  -0.08223723  -0.08617692 
  -0.08200658  -0.08165558  -0.08708302  -0.08509256  -0.0985098    -0.08060095]
increment_70
[0.33517294  0.30660549  0.29124136  0.32517363  0.3056662    0.31044586 
  0.29627473  0.30898965  0.30555311  0.29815336  0.3032991    0.2977287 
  0.33292522  0.31110963  0.29670195  0.30567785  0.31805554  0.30533241 
  0.30198918  0.30576443  0.3014663    0.31408663  0.30819753  0.29294794]
[-0.41004523  -0.40963394  -0.4210054    -0.39416865  -0.41346842  -0.41821388 
  -0.41988922  -0.41793069  -0.3935036    -0.41882934  -0.41458333  -0.41650091 
  -0.37280857  -0.41567094  -0.41897005  -0.41769603  -0.40261146  -0.41074737 
  -0.41752568  -0.40871528  -0.40746496  -0.39385521  -0.39221153  -0.42419053]
[0.84302181  0.85569734  0.8557243    0.85591958  0.85388856  0.84948843 
  0.85434595  0.85019897  0.86226685  0.85413492  0.85388627  0.85553194 
  0.86100548  0.85035045  0.85463571  0.85173093  0.85458814  0.85484362 
  0.85327612  0.85624277  0.85771148  0.8597198    0.86091137  0.85329676]
[-0.09400124  -0.07729921  -0.0752918    -0.07934011  -0.08053798  -0.08420168 
  -0.07750697  -0.08379171  -0.09103897  -0.07835883  -0.08371711  -0.07713434 
  -0.09404327  -0.08563045  -0.07765216  -0.08151996  -0.08014858  -0.08544647 
  -0.07996693  -0.07942453  -0.08614754  -0.08431795  -0.10008        -0.07828496]
increment_80
[0.33944928  0.30698617  0.28875679  0.32812457  0.3052786    0.31139932 
  0.29429395  0.3090957    0.30536516  0.29728954  0.30278716  0.29587829 
  0.33940543  0.31181774  0.29514693  0.30591306  0.32005641  0.30527432 
  0.30142266  0.30588794  0.30021913  0.31544406  0.30864666  0.29119439]
[-0.41169233  -0.4099659    -0.42368768  -0.3926213    -0.41532609  -0.4202546 
  -0.42263624  -0.42066962  -0.39163555  -0.42079459  -0.41630622  -0.41876341 
  -0.3647974    -0.41712259  -0.42102676  -0.41967415  -0.40175653  -0.41094739 
  -0.41947064  -0.40919198  -0.40752543  -0.39174102  -0.38872066  -0.42675168]
[0.84044308  0.85561479  0.85547437  0.8556866    0.8533123    0.8482451 
  0.85388415  0.84892758  0.86320028  0.8536639    0.85340065  0.85530299 
  0.86198119  0.84947944  0.85438975  0.85083036  0.85444482  0.85483504 
  0.85271526  0.85618192  0.85821965  0.86024764  0.86212577  0.85283385]
[-0.09454654  -0.07490517  -0.07260763  -0.0773513    -0.07853237  -0.08304687 
  -0.07517677  -0.08257649  -0.09087902  -0.07621539  -0.08195362  -0.07449867 
  -0.09335543  -0.08463518  -0.07511936  -0.07986548  -0.07797197  -0.08477554 
  -0.07788103  -0.07711683  -0.08515007  -0.08371391  -0.10184615  -0.07591611]
increment_90
[0.3435066    0.30751606  0.2862182    0.33114734  0.30476233  0.31237748 
  0.29227115  0.30898867  0.30547054  0.29634862  0.30234371  0.29390708 
  0.34676913  0.31236448  0.2936918    0.30613539  0.32223268  0.30526379 
  0.30077557  0.30622529  0.29860945  0.31691665  0.30920113  0.28939361]
[-0.41342834  -0.41029951  -0.42648657  -0.39123583  -0.41725438  -0.42231628 
  -0.42554819  -0.4235424    -0.38972268  -0.42276436  -0.41815618  -0.42114138 
  -0.35583342  -0.4185318    -0.42307537  -0.42165898  -0.40059141  -0.41121038 
  -0.42142707  -0.40945595  -0.40764526  -0.38971713  -0.38485376  -0.4293096  ]
[0.83788671  0.85546455  0.85515668  0.85532519  0.85274434  0.84696906 
  0.8533296    0.84765921  0.86404247  0.85321078  0.85282987  0.8550419 
  0.86290536  0.84868686  0.85409488  0.84992339  0.85437681  0.8547809 
  0.85217097  0.85614381  0.85883605  0.86067499  0.8634224    0.85237336]
[-0.09500575  -0.07258508  -0.06996708  -0.0754637    -0.07645781  -0.08193096 
  -0.07290339  -0.08131243  -0.09074471  -0.07402132  -0.08009306  -0.07184648 
  -0.09234759  -0.08360724  -0.07262434  -0.07819882  -0.07571589  -0.08408122 
  -0.07574897  -0.07476414  -0.0840142    -0.08320436  -0.10384604  -0.0735136  ]
increment_100
[0.34738733  0.3081848    0.28359396  0.33428398  0.30408516  0.31325395 
  0.29031804  0.30861462  0.30592445  0.29530109  0.30193487  0.29190668 
  0.35488187  0.31274346  0.29230167  0.30632098  0.32456283  0.30543069 
  0.30000562  0.3067058    0.29668897  0.31843473  0.30977624  0.28756692]
[-0.41517444  -0.41065823  -0.42940502  -0.38994143  -0.41924206  -0.42439842 
  -0.42855417  -0.42652941  -0.38776068  -0.42474381  -0.42009959  -0.42357039 
  -0.34596746  -0.41988117  -0.4251145    -0.42361666  -0.3990707    -0.41160194 
  -0.42338722  -0.40950564  -0.40786176  -0.38787038  -0.38065426  -0.43185758]
[0.83537973  0.85523802  0.85477916  0.8548531    0.85220134  0.84571354 
  0.85267727  0.84642486  0.86477456  0.8527847    0.85219891  0.85474495 
  0.86376719  0.84798357  0.85376544  0.84903685  0.85441269  0.85460947 
  0.85166302  0.85615468  0.85952203  0.86099534  0.86480525  0.85191019]
[-0.09535684  -0.07035531  -0.06736749  -0.07366194  -0.07430475  -0.08078704 
  -0.07069813  -0.07996646  -0.09064678  -0.07175103  -0.07815806  -0.06920762 
  -0.09094837  -0.08255423  -0.0701567    -0.07650361  -0.07335191  -0.08329824 
  -0.07355263  -0.07235914  -0.08274251  -0.08272194  -0.10607968  -0.07108682]
increment_110
[0.35108712  0.30897663  0.2809941    0.33744067  0.30317839  0.31390789 
  0.28856592  0.3079836    0.30655522  0.2941295    0.30150315  0.29005002 
  0.36326171  0.31302157  0.29091498  0.30643617  0.32694834  0.30593448 
  0.29906973  0.30715289  0.29461112  0.31992277  0.31032259  0.2858136  ]
[-0.41685195  -0.41102873  -0.43241329  -0.38878356  -0.42127675  -0.42654666 
  -0.43151104  -0.42953693  -0.3858558    -0.42673367  -0.42209657  -0.42598129 
  -0.33536349  -0.42113586  -0.42715169  -0.42551851  -0.3971262    -0.41202838 
  -0.42534551  -0.4094604    -0.40814774  -0.38628487  -0.3761988    -0.43436971]
[0.83297053  0.85494941  0.85431684  0.85428759  0.8517138    0.84450483 
  0.851955      0.8452705    0.86540934  0.85239108  0.85154533  0.85438194 
  0.8646508    0.84735685  0.85342149  0.84819875  0.85462354  0.85430971 
  0.85120952  0.85622226  0.86022623  0.86120595  0.86625932  0.85142025]
[-0.0955635    -0.06819332  -0.06483674  -0.0719295    -0.07205801  -0.07956999 
  -0.06856097  -0.07849785  -0.09058627  -0.06939494  -0.07616356  -0.06665151 
  -0.08916976  -0.08153802  -0.06768801  -0.07476458  -0.07081074  -0.08241131 
  -0.07128006  -0.06987654  -0.08142812  -0.08220544  -0.10848565  -0.06868117]
increment_120
[0.35464695  0.30994599  0.27858398  0.34041501  0.3020635    0.31435739 
  0.28706394  0.30711857  0.3071431    0.29292209  0.30099842  0.28846772 
  0.37142184  0.31328801  0.28950116  0.30655566  0.32919826  0.30691749 
  0.29796846  0.30745528  0.29250091  0.32144253  0.3109605    0.28427973]
[-0.41844362  -0.41141293  -0.43552422  -0.38792478  -0.42333682  -0.42887313 
  -0.43434776  -0.43253388  -0.38408891  -0.42872661  -0.42412112  -0.42840684 
  -0.32413707  -0.42233513  -0.4291951    -0.42732464  -0.39481436  -0.41217187 
  -0.4273018    -0.40950496  -0.40849659  -0.38478604  -0.37157676  -0.43694816]
[0.83065162  0.85457696  0.85370328  0.85363813  0.85128279  0.84327292 
  0.85118462  0.84420278  0.86598589  0.85199831  0.85089856  0.85388785 
  0.86567692  0.84675437  0.85307025  0.84740127  0.85505507  0.85396702 
  0.85080952  0.85629416  0.8609039    0.8613478    0.8677135    0.85079156]
[-0.0956471    -0.06611437  -0.06245263  -0.07024193  -0.0697223    -0.07834575 
  -0.06649109  -0.07690449  -0.09059398  -0.0670001    -0.07411391  -0.06426113 
  -0.08708872  -0.08056489  -0.06520584  -0.07299564  -0.06805115  -0.08158639 
  -0.06892844  -0.06735907  -0.08011385  -0.08181912  -0.11093943  -0.06644595]
