inc
quat_01
quat_02
quat_03
quat_04
increment_0
[0.51317663  0.51317663  0.51317663  0.51317663  0.51317663  0.51317663 
  0.51317663  0.51317663  0.51317663  0.51317663  0.51317663  0.51317663 
  0.51317663  0.51317663  0.51317663  0.51317663  0.51317663  0.51317663 
  0.51317663  0.51317663  0.51317663  0.51317663  0.51317663  0.51317663 
  0.51317663  0.51317663]
[-0.39685207  -0.39685207  -0.39685207  -0.39685207  -0.39685207  -0.39685207 
  -0.39685207  -0.39685207  -0.39685207  -0.39685207  -0.39685207  -0.39685207 
  -0.39685207  -0.39685207  -0.39685207  -0.39685207  -0.39685207  -0.39685207 
  -0.39685207  -0.39685207  -0.39685207  -0.39685207  -0.39685207  -0.39685207 
  -0.39685207  -0.39685207]
[0.76085465  0.76085465  0.76085465  0.76085465  0.76085465  0.76085465 
  0.76085465  0.76085465  0.76085465  0.76085465  0.76085465  0.76085465 
  0.76085465  0.76085465  0.76085465  0.76085465  0.76085465  0.76085465 
  0.76085465  0.76085465  0.76085465  0.76085465  0.76085465  0.76085465 
  0.76085465  0.76085465]
[-0.01607388  -0.01607388  -0.01607388  -0.01607388  -0.01607388  -0.01607388 
  -0.01607388  -0.01607388  -0.01607388  -0.01607388  -0.01607388  -0.01607388 
  -0.01607388  -0.01607388  -0.01607388  -0.01607388  -0.01607388  -0.01607388 
  -0.01607388  -0.01607388  -0.01607388  -0.01607388  -0.01607388  -0.01607388 
  -0.01607388  -0.01607388]
increment_10
[0.51238312  0.51269231  0.51102669  0.51201205  0.51286185  0.51243991 
  0.51514181  0.51394002  0.51135002  0.51227931  0.51234023  0.5142788 
  0.51343453  0.51445287  0.51326804  0.51338158  0.51332692  0.51448213 
  0.51255177  0.51401409  0.51278976  0.51325886  0.51289952  0.51453606 
  0.51275385  0.51090449]
[-0.39718534  -0.39804901  -0.39805253  -0.39846212  -0.39882269  -0.39853203 
  -0.39961278  -0.3981636    -0.39939657  -0.39906715  -0.39911591  -0.3990987 
  -0.3990456    -0.39552112  -0.39867651  -0.39884418  -0.39841792  -0.39688338 
  -0.39833081  -0.39958402  -0.39842195  -0.3967726    -0.39773709  -0.39667776 
  -0.39811401  -0.39684897]
[0.76124546  0.76056666  0.76169685  0.76081651  0.76003947  0.76047696 
  0.75803947  0.75962598  0.76076074  0.76030422  0.76023417  0.75890873 
  0.75950958  0.76069161  0.75983962  0.75965757  0.75992066  0.75994889 
  0.76049476  0.75883392  0.76028818  0.76084413  0.76057648  0.76002233 
  0.76047548  0.76240348]
[-0.01458414  -0.01555453  -0.0149604    -0.01516039  -0.0159118    -0.01588559 
  -0.01773994  -0.01731391  -0.01570452  -0.01590014  -0.01606193  -0.01717832 
  -0.01711099  -0.01579735  -0.01602228  -0.01682411  -0.01671018  -0.01641342 
  -0.01646123  -0.01712314  -0.01638573  -0.01590766  -0.01620833  -0.01629266 
  -0.01630261  -0.01511377]
increment_20
[0.51146121  0.51295463  0.5091775    0.51093918  0.51239004  0.51182563 
  0.51788459  0.51587835  0.5090528    0.51144571  0.51223587  0.51612761 
  0.51408761  0.51600064  0.51479102  0.51447984  0.51423615  0.51696245 
  0.51210752  0.51435339  0.51216258  0.51382042  0.51264576  0.51653291 
  0.51212554  0.50814685]
[-0.39783613  -0.39922288  -0.39943692  -0.40069018  -0.40106433  -0.40050779 
  -0.40287266  -0.39912709  -0.40194415  -0.40181274  -0.40146067  -0.40130288 
  -0.40060927  -0.39360095  -0.39976878  -0.40073019  -0.39992468  -0.39637477 
  -0.39899535  -0.40247241  -0.40018282  -0.3955168    -0.39671661  -0.39443734 
  -0.39822241  -0.39691734]
[0.76155377  0.75977729  0.76223199  0.76037947  0.75917737  0.75985281 
  0.75437617  0.75776323  0.76096767  0.75941505  0.7590617    0.7564526 
  0.75821513  0.76063916  0.75823081  0.75789601  0.75848752  0.75850752 
  0.76044394  0.75704766  0.75977576  0.76112246  0.76129447  0.75984077 
  0.76084874  0.76421474]
[-0.01302708  -0.01539845  -0.01381332  -0.01454627  -0.01592384  -0.0158662 
  -0.02014351  -0.01902576  -0.01530875  -0.01608063  -0.01640353  -0.01864797 
  -0.01832929  -0.01580156  -0.01616073  -0.017873      -0.01783603  -0.01741289 
  -0.01654152  -0.01831332  -0.01685213  -0.01573648  -0.01552394  -0.01596677 
  -0.01598561  -0.01480666]
increment_30
[0.51069555  0.51318961  0.50748687  0.50996796  0.51193127  0.51176721 
  0.52081253  0.51773584  0.50687235  0.51090168  0.51236177  0.5175249 
  0.51439476  0.51728601  0.5164395    0.51544719  0.51521092  0.51910767 
  0.51160678  0.51459036  0.51139338  0.51451267  0.51251207  0.51852789 
  0.51144835  0.50556363]
[-0.39854927  -0.40020778  -0.40086978  -0.40312403  -0.40347187  -0.40268217 
  -0.40590727  -0.39980227  -0.40430729  -0.40466635  -0.40359649  -0.40315968 
  -0.40169951  -0.39187027  -0.4002891    -0.40247011  -0.4014325    -0.39590909 
  -0.39938803  -0.40526121  -0.40209979  -0.39404421  -0.39516791  -0.39196754 
  -0.39819896  -0.39715742]
[0.76171762  0.75910371  0.76262609  0.75975276  0.75820824  0.75873699 
  0.75065402  0.75609591  0.76117741  0.75825864  0.75783554  0.7544795 
  0.75740641  0.76065946  0.75683555  0.75629666  0.75700074  0.75725916 
  0.7605778    0.75536966  0.75927138  0.76142163  0.76220922  0.75976953 
  0.76132424  0.76579785]
[-0.01161069  -0.01522219  -0.0127259    -0.01412194  -0.01603374  -0.01611127 
  -0.02263067  -0.02065732  -0.01499965  -0.01638449  -0.01675034  -0.01977212 
  -0.01926327  -0.01581316  -0.01608844  -0.01863781  -0.01896139  -0.01848713 
  -0.01640475  -0.01941106  -0.01730752  -0.01558763  -0.01451906  -0.01550934 
  -0.01560719  -0.01500164]
increment_40
[0.50995303  0.513295      0.50593678  0.50906251  0.51162885  0.51207315 
  0.523762      0.519433      0.50483776  0.51052498  0.51251777  0.51862677 
  0.5145346    0.51828341  0.51803851  0.51625614  0.51606955  0.52093451 
  0.5110805    0.51476396  0.51050275  0.51530743  0.51253923  0.52053155 
  0.5107495    0.50297946]
[-0.39924746  -0.40108852  -0.40241659  -0.40562793  -0.40600539  -0.40507258 
  -0.40881879  -0.40021856  -0.40665617  -0.40765764  -0.40573007  -0.40483136 
  -0.40241567  -0.390178      -0.40053561  -0.40404971  -0.40276549  -0.39537054 
  -0.399726      -0.40794169  -0.40397971  -0.39240607  -0.39337254  -0.38932295 
  -0.39815942  -0.39753094]
[0.76186978  0.75857254  0.76285775  0.75903318  0.75705422  0.75724645 
  0.74693022  0.75466569  0.76128195  0.75689949  0.75658128  0.75280085 
  0.75691181  0.76085187  0.75561612  0.7548885    0.75568142  0.75625975 
  0.76075792  0.75378082  0.75886385  0.76173285  0.76313965  0.75976977 
  0.76182151  0.7672944  ]
[-0.01018896  -0.01496442  -0.01170118  -0.01378309  -0.01626225  -0.01658641 
  -0.02521517  -0.02222984  -0.01481163  -0.01681225  -0.01712951  -0.02070565 
  -0.02000685  -0.01574401  -0.01586214  -0.01915135  -0.01994416  -0.01950801 
  -0.0162242    -0.02039909  -0.01769144  -0.01545301  -0.01339598  -0.01498135 
  -0.01523177  -0.01549589]
increment_50
[0.50913161  0.51328101  0.5045531    0.5082137    0.51148794  0.51261665 
  0.52666003  0.52097717  0.50298735  0.51029813  0.51270091  0.51955249 
  0.51459913  0.51898019  0.51954447  0.51696167  0.51677752  0.52241883 
  0.51053212  0.51491329  0.5095051    0.51612637  0.51270215  0.52258709 
  0.51006373  0.50032807]
[-0.39996375  -0.4019517    -0.40405981  -0.40814904  -0.40868912  -0.40762396 
  -0.41151787  -0.40043378  -0.40907335  -0.41078621  -0.40788252  -0.4063162 
  -0.40278209  -0.38854149  -0.40056683  -0.40550183  -0.40392707  -0.3947697 
  -0.40011849  -0.41054177  -0.40580563  -0.39063429  -0.3914164    -0.38656848 
  -0.39809783  -0.39797048]
[0.76206159  0.75813087  0.76291984  0.75825522  0.75569612  0.75549337 
  0.74330865  0.75343843  0.76121223  0.7553467    0.75528947  0.7513392 
  0.75665662  0.76121774  0.75457254  0.75361816  0.7545539    0.75552484 
  0.76092335  0.75224063  0.75855283  0.76209188  0.7640556    0.75977605 
  0.76232024  0.7687849  ]
[-0.00872578  -0.01466364  -0.0107311    -0.01349848  -0.01663347  -0.01722357 
  -0.02782993  -0.02379322  -0.01478738  -0.01737414  -0.01753403  -0.02148849 
  -0.02061739  -0.01557666  -0.01549329  -0.01945683  -0.0207924    -0.02043678 
  -0.01605637  -0.02130231  -0.01799857  -0.01530946  -0.01219655  -0.01441859 
  -0.01486457  -0.01615854]
increment_60
[0.50815297  0.51315264  0.50337025  0.50740337  0.51144157  0.51331953 
  0.52944044  0.52233519  0.50131383  0.51020862  0.51295983  0.52041681 
  0.51468544  0.51942041  0.52093879  0.51760748  0.51731734  0.5235239 
  0.50997321  0.51508478  0.50845393  0.51689395  0.51294614  0.52468957 
  0.50942429  0.49760208]
[-0.40076218  -0.40288194  -0.40576207  -0.41064543  -0.41154735  -0.41023145 
  -0.41382931  -0.40048697  -0.41158883  -0.41403829  -0.41000626  -0.40755222 
  -0.4027814    -0.38700236  -0.40035183  -0.4068294    -0.40491339  -0.39413178 
  -0.40067536  -0.41309409  -0.40759293  -0.38879756  -0.38938951  -0.38381691 
  -0.3980213    -0.39842133]
[0.76231105  0.75772963  0.76281013  0.75745405  0.75416326  0.75358579 
  0.7399439    0.75241861  0.76095705  0.75361317  0.75395334  0.75005211 
  0.75658432  0.76170682  0.75373587  0.75245561  0.75363467  0.75507062 
  0.76100743  0.7506996    0.75829406  0.76251399  0.764946      0.75973249 
  0.7627945    0.77030296]
[-0.00721831  -0.01436344  -0.00980998  -0.01324799  -0.01714858  -0.01793508 
  -0.03035043  -0.02534491  -0.01494832  -0.01807332  -0.01792893  -0.02212175 
  -0.02112386  -0.01530819  -0.01494712  -0.01956751  -0.02151055  -0.0212421 
  -0.01594589  -0.02215951  -0.0182407    -0.01514983  -0.01094014  -0.01385599 
  -0.01450816  -0.01691031]
increment_70
[0.506956      0.51289402  0.50239102  0.50660761  0.511389      0.51413838 
  0.53203476  0.52347023  0.49976065  0.51024005  0.51334361  0.52131295 
  0.5148557    0.51967887  0.52221156  0.51821401  0.51766899  0.5242286 
  0.50942221  0.5153229    0.50744337  0.51756395  0.5132227    0.52678504 
  0.5088731    0.49487718]
[-0.40169161  -0.40392098  -0.40747742  -0.41307297  -0.41458327  -0.412782 
  -0.41559323  -0.40037451  -0.41419475  -0.4173929    -0.41199821  -0.40842683 
  -0.40236865  -0.38560046  -0.39981245  -0.40800891  -0.40573814  -0.39353455 
  -0.4014915    -0.41563891  -0.40938864  -0.38698308  -0.38736062  -0.38115522 
  -0.39791435  -0.39885302]
[0.76263188  0.75735674  0.7625518    0.75667041  0.75251943  0.75161504 
  0.73699092  0.75163814  0.76055777  0.75171849  0.75259756  0.74893968 
  0.75667731  0.76224846  0.75315653  0.75140078  0.75293163  0.75487341 
  0.76094668  0.7491037    0.75799796  0.76298562  0.76580774  0.75963216 
  0.76322482  0.77181508]
[-0.0056647    -0.01408336  -0.00895322  -0.01301281  -0.01779102  -0.01864353 
  -0.03264446  -0.02681919  -0.01529317  -0.01890932  -0.01824051  -0.02257624 
  -0.0215063    -0.01494797  -0.01415426  -0.01948955  -0.02212096  -0.02193304 
  -0.01592951  -0.02302741  -0.01847322  -0.01498646  -0.00962857  -0.01331141 
  -0.01414993  -0.01772919]
increment_80
[0.50554863  0.51252797  0.50153312  0.50580616  0.51128096  0.51501664 
  0.53438103  0.52435284  0.4982509    0.51036007  0.51387193  0.52227669 
  0.51509743  0.51982388  0.52339133  0.51878663  0.5178386    0.52454337 
  0.50887083  0.51563506  0.50657807  0.51812236  0.51352095  0.528783 
  0.50844769  0.49226027]
[-0.40275614  -0.40501714  -0.40912694  -0.41541751  -0.41772114  -0.41524228 
  -0.41679921  -0.40007774  -0.41686742  -0.42081486  -0.41376184  -0.40888297 
  -0.40153729  -0.38441796  -0.39893895  -0.40903297  -0.40647895  -0.39310366 
  -0.40257902  -0.41821431  -0.41124107  -0.3852779    -0.38533008  -0.37862194 
  -0.39773987  -0.39924632]
[0.76301475  0.75702425  0.76224195  0.75592651  0.75083809  0.74963885 
  0.73451749  0.75113069  0.76007766  0.74970189  0.7512643    0.74801092 
  0.75694806  0.76275452  0.75281968  0.75045424  0.75239827  0.75486076 
  0.76073942  0.74742454  0.7575665    0.76347229  0.76664792  0.75952013 
  0.76360635  0.77326224]
[-0.00407024  -0.01380143  -0.00817839  -0.01278806  -0.01851976  -0.01932104 
  -0.0346322    -0.02818836  -0.01579709  -0.01986292  -0.01840459  -0.0228352 
  -0.02172715  -0.01454341  -0.01310605  -0.01925869  -0.02269096  -0.02256122 
  -0.01600416  -0.02395482  -0.01877354  -0.01483973  -0.00824181  -0.01277298 
  -0.01375832  -0.01864662]
increment_90
[0.50395763  0.51208979  0.50071318  0.50496839  0.51112917  0.51589524 
  0.53644444  0.52496101  0.49673994  0.51053858  0.51452109  0.52330278 
  0.5153577    0.51988038  0.52455355  0.51934254  0.51787886  0.52451408 
  0.50832682  0.51597719  0.50591629  0.51856395  0.51386819  0.53062463 
  0.50819467  0.48983326]
[-0.40395859  -0.40609941  -0.41066852  -0.41767735  -0.4208652    -0.41763744 
  -0.41753786  -0.39958525  -0.41957889  -0.42427486  -0.41524929  -0.40893779 
  -0.40028762  -0.38352317  -0.39777381  -0.40992116  -0.40718652  -0.39292373 
  -0.40388074  -0.42083483  -0.41315453  -0.38372281  -0.38324855  -0.37620799 
  -0.39744329  -0.39958278]
[0.76343838  0.75674658  0.7619591    0.75524469  0.74916424  0.74768468 
  0.73251031  0.75091749  0.7595611    0.74759874  0.74999875  0.74726108 
  0.75743202  0.76317403  0.75264803  0.74959312  0.7519698    0.7549563 
  0.76041        0.74568291  0.75695713  0.76395803  0.76747268  0.75944442 
  0.76393716  0.77460221]
[-0.0024496    -0.01348785  -0.00748378  -0.01257049  -0.01929753  -0.01996734 
  -0.03630628  -0.02950409  -0.01642917  -0.0209125    -0.01838325  -0.022912 
  -0.02174858  -0.01413384  -0.01185324  -0.01892438  -0.0232818    -0.02317135 
  -0.01615001  -0.02495172  -0.01918188  -0.01470934  -0.0067616    -0.01221572 
  -0.01330498  -0.01970759]
increment_100
[0.50221993  0.51162798  0.4999262    0.50405173  0.51094853  0.51674016 
  0.5382386    0.52530568  0.49523179  0.51076219  0.51524785  0.52438261 
  0.51557965  0.51985795  0.52578313  0.51993323  0.51783483  0.52420606 
  0.50779607  0.51628086  0.50542119  0.51886169  0.51429085  0.53230223 
  0.50816007  0.48764056]
[-0.40528669  -0.40713726  -0.41209643  -0.41984607  -0.42394298  -0.42000334 
  -0.41786862  -0.39892867  -0.42230222  -0.4277452    -0.41645633  -0.40858011 
  -0.39862281  -0.38291112  -0.39635801  -0.41066885  -0.40784921  -0.39301298 
  -0.4053355    -0.42348027  -0.41509731  -0.38231264  -0.38109326  -0.37388284 
  -0.39699623  -0.39983412]
[0.76388296  0.75650744  0.76171059  0.75465792  0.74752929  0.74575639 
  0.73093328  0.75097067  0.75902017  0.74543276  0.74883511  0.74670258 
  0.75816481  0.76350402  0.7525578    0.74878397  0.75162123  0.75510497 
  0.75998618  0.74393772  0.75621176  0.76446548  0.76827461  0.75942801 
  0.76420127  0.77582272]
[-0.00081603  -0.01313606  -0.006878      -0.01235153  -0.02009759  -0.02059651 
  -0.03770356  -0.03086925  -0.01716678  -0.02204608  -0.01815907  -0.02281279 
  -0.02153156  -0.01372585  -0.0104497    -0.01852289  -0.02390899  -0.0237759 
  -0.01634879  -0.02598464  -0.0196829    -0.01456458  -0.00519416  -0.01162093 
  -0.01279668  -0.0209395  ]
increment_110
[0.50038633  0.51118172  0.49918986  0.50301451  0.51074639  0.51751539 
  0.53981877  0.5254038    0.49373558  0.51102555  0.51600566  0.52554202 
  0.51574047  0.51978649  0.52713946  0.52065609  0.51773643  0.52370878 
  0.5072706    0.5165074    0.50499766  0.51896801  0.51480031  0.53386507 
  0.50839321  0.48573656]
[-0.40671409  -0.40813896  -0.41342155  -0.42191559  -0.42690799  -0.42236214 
  -0.41779604  -0.39816343  -0.42501122  -0.43118951  -0.41738535  -0.40774384 
  -0.39655418  -0.38257577  -0.39470566  -0.41125717  -0.40846323  -0.39338722 
  -0.40689672  -0.42612769  -0.41705299  -0.38099716  -0.37884134  -0.37158157 
  -0.39638592  -0.39999001]
[0.76432748  0.75627583  0.76147983  0.75419938  0.7459562    0.74386695 
  0.72974721  0.75124392  0.75846347  0.74322801  0.74780591  0.74635323 
  0.75915249  0.7637278    0.75249698  0.74796889  0.75133328  0.7552353 
  0.75949776  0.74222957  0.75540323  0.7650538    0.76905615  0.7594701 
  0.76437172  0.77689526]
[  0.00082031  -0.01275593  -0.00636997  -0.01212126  -0.0209054    -0.02121341 
  -0.03887371  -0.03239294  -0.01799488  -0.02325137  -0.01771822  -0.02252566 
  -0.02107232  -0.01332789  -0.00892902  -0.01809182  -0.0245985    -0.02439779 
  -0.01657548  -0.0270287    -0.02025134  -0.01435466  -0.00353803  -0.01097218 
  -0.01226466  -0.02239963]
increment_120
[0.498535      0.51077009  0.49854188  0.5018401    0.51051102  0.51818854 
  0.54124129  0.52526296  0.49225114  0.51133427  0.51675091  0.52684301 
  0.51583239  0.51972746  0.52863238  0.5216227    0.51759471  0.52313556 
  0.50673745  0.51666343  0.50452478  0.5188542    0.51536498  0.53538551 
  0.50890532  0.48415995]
[-0.40821778  -0.40916406  -0.41466928  -0.42389434  -0.42973249  -0.42473076 
  -0.41730644  -0.39736406  -0.42769228  -0.43458174  -0.41807058  -0.4063771 
  -0.39414322  -0.38249783  -0.39283669  -0.41167852  -0.40904424  -0.39405952 
  -0.40854573  -0.42876986  -0.41901048  -0.37973729  -0.37648325  -0.36925589 
  -0.39564919  -0.40003709]
[0.76473209  0.7560064    0.76122904  0.75387585  0.74447115  0.74202988 
  0.72891963  0.75168689  0.75789887  0.7409958    0.74692313  0.74619545 
  0.76036297  0.76381351  0.7524451    0.74707303  0.75108904  0.75526005 
  0.75896303  0.74055823  0.75461922  0.76576283  0.76984162  0.75954398 
  0.76442079  0.7778011  ]
[  0.0024353    -0.01236972  -0.00597793  -0.01188719  -0.0217067    -0.02181922 
  -0.0398669    -0.03416796  -0.01890582  -0.02451944  -0.01706819  -0.02205526 
  -0.02040164  -0.01294978  -0.00731549  -0.01767614  -0.02537309  -0.02507052 
  -0.01681225  -0.02808564  -0.02085171  -0.0140427    -0.00178034  -0.01026596 
  -0.01174473  -0.02418501]
