inc
quat_01
quat_02
quat_03
quat_04
increment_0
[0.91365322  0.91365322  0.91365322  0.91365322  0.91365322  0.91365322 
  0.91365322  0.91365322  0.91365322  0.91365322  0.91365322  0.91365322 
  0.91365322  0.91365322  0.91365322  0.91365322  0.91365322  0.91365322 
  0.91365322  0.91365322  0.91365322  0.91365322  0.91365322  0.91365322 
  0.91365322  0.91365322  0.91365322  0.91365322]
[0.32482104  0.32482104  0.32482104  0.32482104  0.32482104  0.32482104 
  0.32482104  0.32482104  0.32482104  0.32482104  0.32482104  0.32482104 
  0.32482104  0.32482104  0.32482104  0.32482104  0.32482104  0.32482104 
  0.32482104  0.32482104  0.32482104  0.32482104  0.32482104  0.32482104 
  0.32482104  0.32482104  0.32482104  0.32482104]
[0.05319618  0.05319618  0.05319618  0.05319618  0.05319618  0.05319618 
  0.05319618  0.05319618  0.05319618  0.05319618  0.05319618  0.05319618 
  0.05319618  0.05319618  0.05319618  0.05319618  0.05319618  0.05319618 
  0.05319618  0.05319618  0.05319618  0.05319618  0.05319618  0.05319618 
  0.05319618  0.05319618  0.05319618  0.05319618]
[-0.23853564  -0.23853564  -0.23853564  -0.23853564  -0.23853564  -0.23853564 
  -0.23853564  -0.23853564  -0.23853564  -0.23853564  -0.23853564  -0.23853564 
  -0.23853564  -0.23853564  -0.23853564  -0.23853564  -0.23853564  -0.23853564 
  -0.23853564  -0.23853564  -0.23853564  -0.23853564  -0.23853564  -0.23853564 
  -0.23853564  -0.23853564  -0.23853564  -0.23853564]
increment_10
[0.91313887  0.91240888  0.91281792  0.91330044  0.91305285  0.91326394 
  0.91317356  0.91294118  0.91295344  0.91307532  0.91320022  0.91326964 
  0.91316957  0.91275593  0.9127866    0.91304694  0.9130743    0.91313138 
  0.91311045  0.91304408  0.91317222  0.91298401  0.91297863  0.91342448 
  0.91311675  0.91354975  0.91320404  0.91416549]
[0.3256532    0.3254856    0.32538924  0.32513886  0.32575632  0.3256742 
  0.32605069  0.32468558  0.32528896  0.32555099  0.32558585  0.32543527 
  0.32589257  0.32573841  0.32550032  0.32524776  0.32557359  0.32611905 
  0.32612707  0.3246757    0.32471329  0.32527463  0.32573886  0.32468853 
  0.32405001  0.32391235  0.32499632  0.32320291]
[0.05360706  0.06036126  0.0576892    0.05394438  0.05377727  0.05238867 
  0.05191478  0.05923603  0.05711553  0.05421624  0.05352519  0.0531447 
  0.0531472    0.05736571  0.05754299  0.05619802  0.05470195  0.05243697 
  0.05273627  0.05861186  0.05720222  0.05619375  0.05539759  0.05510225 
  0.0590177    0.05699675  0.05622106  0.05568277]
[-0.23927741  -0.24067753  -0.2399109    -0.23928442  -0.23942708  -0.23904123 
  -0.23897667  -0.24001825  -0.23966836  -0.23952164  -0.23915321  -0.23917796 
  -0.23893669  -0.23975046  -0.23991448  -0.23958498  -0.23938433  -0.23893056 
  -0.23893373  -0.23979336  -0.23959482  -0.23978924  -0.2393644    -0.23915855 
  -0.24026299  -0.23928854  -0.23932188  -0.2382032  ]
increment_20
[0.91245644  0.91090067  0.91174961  0.91290273  0.91234452  0.91287991 
  0.9125676    0.91222762  0.91210322  0.91240451  0.91268129  0.91296706 
  0.91265977  0.91149603  0.91177024  0.91233085  0.9125685    0.91252308 
  0.91248007  0.91263217  0.91294789  0.91211858  0.91211391  0.91329615 
  0.91237851  0.91374324  0.91257016  0.91530051]
[0.32679293  0.32732199  0.3260315    0.32565296  0.32682995  0.32661728 
  0.32762656  0.32483794  0.32578527  0.32656695  0.32649403  0.32578552 
  0.32698236  0.32771161  0.32731715  0.32577196  0.32642343  0.32772012 
  0.32776026  0.3243881    0.32428543  0.32588412  0.3269116    0.32405934 
  0.32370201  0.32236231  0.32533075  0.32010325]
[0.05387142  0.06596782  0.06317652  0.05388868  0.05429444  0.05065134 
  0.05006386  0.06406946  0.0618902    0.05475495  0.05357479  0.05261736 
  0.05279215  0.06103597  0.06030383  0.05987682  0.0560938    0.05088175 
  0.05121005  0.06398947  0.06025477  0.05994231  0.05796383  0.05778508 
  0.06445004  0.06041732  0.06045157  0.05848953]
[-0.24026547  -0.24242223  -0.24171231  -0.24011407  -0.24054475  -0.23959521 
  -0.23953042  -0.24128031  -0.24104205  -0.24057002  -0.23988383  -0.2399716 
  -0.23947375  -0.24094541  -0.24062826  -0.24070692  -0.23983321  -0.23939965 
  -0.23943866  -0.24037518  -0.24028        -0.24134242  -0.24045211  -0.23986781 
  -0.24213356  -0.23980321  -0.24025241  -0.23735599]
increment_30
[0.91177781  0.9094999    0.91061303  0.91253083  0.91163228  0.91255284 
  0.91194946  0.9116464    0.91132605  0.9117567    0.91218537  0.91271265 
  0.9121907    0.91022372  0.91075542  0.91159477  0.91214222  0.91193515 
  0.91182923  0.9124763    0.91298584  0.91139476  0.91122844  0.91337893 
  0.91171641  0.9139806    0.91186489  0.91643824]
[0.3278967    0.32928087  0.3265833    0.32613421  0.32785149  0.32742235 
  0.32919596  0.32488484  0.32603908  0.32748176  0.32730654  0.32597189 
  0.32790801  0.32992465  0.3291746    0.32632549  0.32719464  0.32921315 
  0.32935008  0.32409713  0.32348802  0.32615298  0.32800661  0.32295429 
  0.32348368  0.32091767  0.32560091  0.31689801]
[0.05419154  0.07078417  0.06905846  0.05412179  0.05504723  0.04896769 
  0.04820519  0.06801921  0.0666736    0.05575277  0.05379514  0.0522991 
  0.05258194  0.06383106  0.06245314  0.06365467  0.05771995  0.0493992 
  0.04984687  0.0681641    0.06227979  0.06350805  0.06077401  0.06024099 
  0.06853331  0.06284747  0.06513215  0.06131895]
[-0.24126389  -0.24366707  -0.24363535  -0.24082109  -0.24168117  -0.24009184 
  -0.24011344  -0.24233052  -0.24235921  -0.24155131  -0.24061248  -0.24075454 
  -0.24004085  -0.24200846  -0.24138817  -0.24177412  -0.24001801  -0.23990143 
  -0.24002347  -0.24021181  -0.24069395  -0.24279735  -0.24162143  -0.24043809 
  -0.24379229  -0.24021138  -0.24133851  -0.23655147]
increment_40
[0.91110929  0.90818645  0.90942463  0.91228475  0.91095794  0.91229286 
  0.91132071  0.9113012    0.91059925  0.91110245  0.91168003  0.91247302 
  0.91174043  0.90894966  0.90973302  0.91086928  0.91172784  0.91138406 
  0.91116749  0.91256242  0.91316121  0.91081867  0.910312      0.91360935 
  0.91115643  0.91428126  0.91108408  0.91755998]
[0.32898721  0.33128708  0.3270771    0.32637143  0.32871308  0.32805902 
  0.33074133  0.32458362  0.32617624  0.32835331  0.32812362  0.32609945 
  0.32871798  0.33223494  0.33103889  0.32690126  0.32791738  0.33053857 
  0.33089861  0.32380274  0.32258647  0.3261049    0.32907144  0.32144268 
  0.32323532  0.31954485  0.32579531  0.31352268]
[0.05446438  0.07515285  0.07509849  0.05481115  0.0560549    0.04737035 
  0.04638702  0.07132802  0.07117072  0.05712847  0.05411617  0.05208819 
  0.05250321  0.06614794  0.06423375  0.06734172  0.05957308  0.04805182 
  0.04860765  0.07127632  0.06340983  0.06665323  0.06381045  0.06276224 
  0.07161728  0.06437405  0.07020816  0.06444655]
[-0.24224143  -0.24453689  -0.24561685  -0.24127567  -0.24281926  -0.24053081 
  -0.24073423  -0.24308006  -0.2436243    -0.24251346  -0.24134179  -0.24153458 
  -0.24066011  -0.24301216  -0.24222533  -0.24272994  -0.24015324  -0.2404462 
  -0.24065995  -0.23937692  -0.24094348  -0.24417676  -0.24284208  -0.24094286 
  -0.24532396  -0.24049293  -0.24259851  -0.2358683  ]
increment_50
[0.91044672  0.90694805  0.9082003    0.91216524  0.91033328  0.912102 
  0.91068118  0.91122009  0.90991463  0.91043261  0.91116922  0.91223745 
  0.91131211  0.90767957  0.90871151  0.91019916  0.91131031  0.91087755 
  0.91049515  0.91291042  0.91344493  0.91036588  0.90936786  0.91388889 
  0.91064992  0.91461306  0.91024596  0.91866288]
[0.33006909  0.33331273  0.32753707  0.32636234  0.3294064    0.32854969 
  0.33227218  0.32391547  0.32626307  0.32920504  0.32895587  0.32618217 
  0.32941012  0.33459901  0.33293326  0.32745451  0.32860174  0.33166636 
  0.33240487  0.32333989  0.32163171  0.32583692  0.33013257  0.31969664 
  0.32296948  0.31829446  0.3259321    0.30995193]
[0.05470914  0.07931696  0.08113321  0.05600811  0.0572666    0.04583733 
  0.04458875  0.07409373  0.07526451  0.05888413  0.05451734  0.05199762 
  0.05253024  0.06807413  0.06567017  0.07082701  0.06161778  0.04689596 
  0.04752178  0.0735507    0.06371751  0.06923598  0.06697726  0.06552972 
  0.07407012  0.06516104  0.07540143  0.0679074  ]
[-0.24320377  -0.24506464  -0.24760671  -0.24146486  -0.24393705  -0.24088167 
  -0.24138525  -0.2434478    -0.24483265  -0.2434526    -0.24204657  -0.24233092 
  -0.2413292    -0.243982      -0.24307666  -0.24350476  -0.24028664  -0.24104 
  -0.24134472  -0.23798355  -0.24106323  -0.24550079  -0.24408326  -0.24146843 
  -0.24682191  -0.24067742  -0.24399832  -0.23532296]
increment_60
[0.90978222  0.90578674  0.90695055  0.91213225  0.90975149  0.91198263 
  0.9100293    0.91136123  0.90925662  0.90974554  0.91066929  0.9119995 
  0.91090982  0.90642644  0.90771497  0.90963217  0.91088565  0.9104092 
  0.90980851  0.91349622  0.91380456  0.90999217  0.90842167  0.91413546 
  0.91016192  0.91494069  0.90939859  0.91973797]
[0.33115007  0.33533491  0.327975      0.32617102  0.32994869  0.32891628 
  0.33379799  0.32300228  0.32634546  0.33005349  0.32977276  0.32622667 
  0.32997164  0.33694129  0.33483092  0.32789128  0.32926045  0.33261186 
  0.33387153  0.32262655  0.32064932  0.32544793  0.33116105  0.317888 
  0.32270259  0.31722051  0.32600769  0.30621136]
[0.05496107  0.08338075  0.08710786  0.05768381  0.05867709  0.04433529 
  0.04279637  0.07638627  0.07896077  0.06097267  0.05500735  0.05207459 
  0.05266173  0.06973948  0.06682708  0.07408034  0.0637687    0.04592289 
  0.04663603  0.07523334  0.06334707  0.07131493  0.07017185  0.0685824 
  0.07614965  0.06533702  0.08040301  0.07163394]
[-0.2441623    -0.24525197  -0.24957025  -0.24145351  -0.24503691  -0.24111439 
  -0.24206205  -0.24342428  -0.2460005    -0.24435647  -0.24270466  -0.24314872 
  -0.24205115  -0.24494507  -0.24387686  -0.24406704  -0.24043387  -0.24169304 
  -0.24208129  -0.23617092  -0.24110661  -0.24680372  -0.24531274  -0.24207445 
  -0.24833353  -0.2408023    -0.2454558    -0.23491541]
increment_70
[0.90910191  0.90470029  0.90567917  0.91214671  0.9091995    0.91193924 
  0.9093629    0.91165897  0.90860767  0.90904305  0.91019025  0.91175744 
  0.91053373  0.90519253  0.90677694  0.90918876  0.91045791  0.909965 
  0.9091043    0.91425564  0.91422003  0.90966287  0.90751152  0.91432694 
  0.90969648  0.9152263    0.90861875  0.92074983]
[0.33225431  0.33729295  0.32839786  0.32585135  0.33035205  0.32917442 
  0.33532046  0.32200662  0.32645305  0.33091046  0.33055289  0.32623625 
  0.33039784  0.33917052  0.33667469  0.32814279  0.32989897  0.33341018 
  0.33530339  0.32170846  0.319621      0.32499405  0.33209177  0.31609137 
  0.3224248    0.31639941  0.32594345  0.30241652]
[0.05522264  0.08734929  0.09302469  0.05980001  0.06032018  0.042823 
  0.04102498  0.07823362  0.0822898    0.06333603  0.05561354  0.05237191 
  0.05291116  0.07140825  0.06779399  0.07712387  0.06594433  0.04511479 
  0.04598813  0.07650717  0.0624599    0.07303147  0.07334741  0.07178864 
  0.07791727  0.06497237  0.08498034  0.07549993]
[-0.24513519  -0.24519576  -0.25148855  -0.24131562  -0.24614077  -0.24119954 
  -0.2427679    -0.24304146  -0.24716168  -0.2452092    -0.24330151  -0.24397842 
  -0.24282915  -0.24594859  -0.24456025  -0.24443816  -0.24059177  -0.24241701 
  -0.24287056  -0.23406612  -0.24112841  -0.24811032  -0.24649151  -0.2427733 
  -0.24984687  -0.24089588  -0.24688293  -0.2346567  ]
increment_80
[0.9083914    0.9036534    0.9043955    0.91217253  0.9086613    0.91196044 
  0.908685      0.91203794  0.90795364  0.90832862  0.90973064  0.91151794 
  0.91017709  0.90395744  0.90591951  0.90886323  0.91004732  0.90952795 
  0.90837795  0.91511128  0.91467401  0.90934405  0.90662755  0.91448635 
  0.90929008  0.91543426  0.90801035  0.92167743]
[0.33340231  0.3391549    0.3288308    0.3254444    0.33064403  0.32936387 
  0.33683954  0.32108135  0.32661583  0.33178839  0.33128365  0.32620753 
  0.33070402  0.34124669  0.33842602  0.32820079  0.33051964  0.33410695 
  0.33670332  0.32067559  0.31853025  0.32453558  0.33296028  0.31436263 
  0.32209849  0.31589265  0.32554857  0.29870748]
[0.05549106  0.09124807  0.09879628  0.06232906  0.06218553  0.04127546 
  0.03926545  0.07970492  0.08523398  0.06591194  0.05638917  0.0529085 
  0.05327338  0.07334725  0.0687116    0.07993319  0.0680714    0.04447056 
  0.0456021    0.07751053  0.0612696    0.0745085    0.07645499  0.07476184 
  0.07929482  0.0641662    0.08905411  0.07924413]
[-0.24614773  -0.24506789  -0.25333451  -0.24112716  -0.24726933  -0.24113054 
  -0.24349315  -0.24236478  -0.24834946  -0.24599025  -0.24384743  -0.24479457 
  -0.24366876  -0.2470462    -0.24506405  -0.24466827  -0.24070089  -0.24321557 
  -0.24372282  -0.23179868  -0.24115551  -0.24943646  -0.24762586  -0.24351904 
  -0.25130947  -0.24098684  -0.24820293  -0.23453128]
increment_90
[0.90764906  0.9026031    0.90311084  0.91219872  0.90811825  0.91202194 
  0.90800013  0.91247199  0.90729239  0.9075975    0.90928111  0.91127521 
  0.9098293    0.90270167  0.90513479  0.90863846  0.9096645    0.90908534 
  0.90762749  0.91598565  0.91512324  0.90901347  0.90575086  0.91464139 
  0.90898389  0.91556133  0.90765808  0.92252335]
[0.33459605  0.34093041  0.32929615  0.32496658  0.33086216  0.32952927 
  0.33835159  0.32025357  0.32684389  0.3326965    0.33195907  0.32616063 
  0.3309159    0.34319259  0.34010002  0.32809413  0.33113456  0.33473063 
  0.33806596  0.319621      0.31744194  0.32413618  0.33381669  0.31276146 
  0.32167106  0.31567139  0.32464406  0.29517805]
[0.05579357  0.09510276  0.10433962  0.06521398  0.06424718  0.03970287 
  0.03749597  0.08089481  0.08777331  0.06864328  0.05737334  0.05366449 
  0.05371634  0.07561023  0.06965112  0.08243943  0.07010225  0.04402244 
  0.04549651  0.07836105  0.05996704  0.07576083  0.07940751  0.07713935 
  0.08020993  0.06303218  0.0926059    0.08261814]
[-0.24719575  -0.24500933  -0.25508451  -0.24090943  -0.24844271  -0.24093592 
  -0.24422945  -0.2414302    -0.24957852  -0.24671425  -0.2443754    -0.24559492 
  -0.24458098  -0.24825721  -0.24538073  -0.2448145    -0.2407199    -0.24409277 
  -0.24465038  -0.22950437  -0.24121364  -0.25077988  -0.24874935  -0.24425586 
  -0.25267051  -0.24109329  -0.24937359  -0.23450975]
increment_100
[0.90688525  0.90152292  0.90182284  0.91223028  0.90755796  0.91210003 
  0.90730966  0.91296261  0.90663151  0.90684384  0.90883387  0.91101301 
  0.90947756  0.90141669  0.90440868  0.90848677  0.90930405  0.90862592 
  0.90685629  0.91680641  0.91552287  0.90867108  0.90487922  0.91481295 
  0.90880349  0.91562678  0.90757276  0.92329104]
[0.33582984  0.34264543  0.32979562  0.32442855  0.33103888  0.32969193 
  0.33985436  0.3194675    0.32710862  0.33363698  0.33257794  0.32613615 
  0.3310714    0.34507509  0.34171637  0.32786011  0.33176406  0.33531697 
  0.33938501  0.31864601  0.31645698  0.32381438  0.33467092  0.31128681 
  0.32109344  0.31565511  0.32322357  0.29186028]
[0.05614543  0.09890911  0.10968484  0.06834669  0.06646555  0.03814255 
  0.03570569  0.08187421  0.0899716    0.07146675  0.05854945  0.05459994 
  0.05420245  0.07803833  0.07058649  0.08463098  0.07201698  0.0437794 
  0.04565535  0.07916813  0.05862801  0.07678094  0.08213862  0.07885039 
  0.0806828    0.06163142  0.09561571  0.08557152]
[-0.24824414  -0.24508679  -0.25674823  -0.24064656  -0.24966804  -0.24066971 
  -0.24497611  -0.24028403  -0.2508473    -0.24741286  -0.24491808  -0.2463927 
  -0.24556954  -0.24956192  -0.24554511  -0.24494314  -0.24064975  -0.24504045 
  -0.24565235  -0.22729526  -0.24132056  -0.25212261  -0.24988441  -0.24494978 
  -0.25390059  -0.24122812  -0.25039139  -0.23458206]
increment_110
[0.906112      0.90041047  0.90053129  0.91226367  0.90697516  0.9121788 
  0.90661346  0.91351316  0.90597131  0.9060678    0.90838197  0.91071903 
  0.90910688  0.90010255  0.90374098  0.9084047    0.90895299  0.90814335 
  0.9060646    0.91753415  0.9158298    0.90832105  0.90400772  0.91499672 
  0.90876128  0.91565387  0.90773176  0.92399061]
[0.33708834  0.34430804  0.33032504  0.32385034  0.33118661  0.32984786 
  0.34134028  0.31863875  0.32740163  0.33460779  0.33313404  0.32616208 
  0.33121255  0.34698824  0.34325859  0.3275202    0.33241176  0.33591744 
  0.34064516  0.31781196  0.31568602  0.32357428  0.33554037  0.30993289 
  0.3203395    0.31576245  0.32134229  0.28872735]
[0.05657534  0.10261431  0.1148377    0.07166986  0.06882447  0.036654 
  0.03391294  0.08267106  0.09188185  0.07434117  0.05990463  0.05569321 
  0.05471759  0.08033963  0.07147591  0.08646363  0.07383941  0.04370133 
  0.04610487  0.08002125  0.0572526    0.07756799  0.08461379  0.08002446 
  0.08075205  0.05997443  0.09813295  0.08816758]
[-0.24926236  -0.24532277  -0.25834291  -0.24033182  -0.25094758  -0.24038865 
  -0.24574124  -0.23901579  -0.25215448  -0.24809708  -0.24551038  -0.24719914 
  -0.24663519  -0.25091854  -0.24559515  -0.24506216  -0.2405299    -0.24601896 
  -0.24674312  -0.22521822  -0.24149588  -0.25344774  -0.25104423  -0.24559864 
  -0.25497972  -0.24140242  -0.25126103  -0.23474313]
increment_120
[0.90533845  0.89928723  0.89925484  0.91228113  0.90636331  0.91223616 
  0.9059107    0.91412582  0.90531526  0.9052774    0.90791687  0.91038894 
  0.90871177  0.89876748  0.90314221  0.90839555  0.90860474  0.90763775 
  0.90525253  0.91818051  0.91601056  0.90797229  0.9031379    0.91514632 
  0.90885197  0.91565553  0.90812931  0.92465133]
[0.33834623  0.34594988  0.3308837    0.3232732    0.33131531  0.32999898 
  0.34279767  0.31772362  0.32772026  0.33560004  0.33361641  0.32623144 
  0.33136802  0.3489965    0.3447161    0.32710416  0.33307722  0.33656014 
  0.34183862  0.3170889    0.31520573  0.32342535  0.33643931  0.30874789 
  0.31940629  0.31592486  0.3190041    0.2856946  ]
[0.05714177  0.10606988  0.11970001  0.07519101  0.07132462  0.03530579 
  0.03215522  0.08330322  0.09350745  0.07723108  0.06147489  0.05696021 
  0.05524581  0.08225536  0.07223492  0.08789437  0.07552513  0.04381668 
  0.04684785  0.0809435    0.05582885  0.07807396  0.08676214  0.08087931 
  0.08048077  0.05810981  0.10021955  0.09048499]
[-0.25023776  -0.24566305  -0.25986268  -0.23996645  -0.25228657  -0.24016529 
  -0.24653928  -0.23766837  -0.25349571  -0.24875853  -0.2461867    -0.24803338 
  -0.24776208  -0.2522945    -0.24553426  -0.24514276  -0.24040162  -0.24698399 
  -0.24793042  -0.22326518  -0.24177087  -0.25472893  -0.2522357    -0.2462529 
  -0.25591125  -0.24163956  -0.25197932  -0.23497016]
