inc
Fp11
Fp12
Fp13
Fp21
Fp22
Fp23
Fp31
Fp32
Fp33
increment_0
0.242052999016486
0.3790764475834423
0.8931469042406418
-0.9630853160131139
0.20563064029782824
0.17373172954479377
-0.1178007629306584
-0.9022289546773719
0.4148564734877981
increment_10
0.24248773070120389
0.37954962442084067
0.8959242630385797
-0.9729502679072265
0.2074640792860279
0.1760231266160345
-0.11680549660395448
-0.8860251295421829
0.4192595631719343
increment_20
0.24250373391666813
0.37961151642710644
0.8993099859511552
-0.9839689902325296
0.20905611000456212
0.17882836366161772
-0.1161959500167246
-0.8683286930126242
0.42413689669744403
increment_30
0.24217181316196978
0.37935989576551205
0.9028247573633925
-0.9951984297671562
0.20977746330004635
0.18148228302917796
-0.11550433993013529
-0.8512350314608232
0.4287941186843065
increment_40
0.24148396722868376
0.37875079724587435
0.9064919524722426
-1.0066291683231616
0.20952005437569127
0.18396395275622873
-0.11469619878584751
-0.8348280955728229
0.4331781539476716
increment_50
0.2404351049941317
0.3777344964906855
0.910310034749948
-1.0182617419244169
0.20823300565725025
0.1862562968855872
-0.11374383376641393
-0.8191807573962235
0.43724400700102556
increment_60
0.23906170077996752
0.3763040597829842
0.9142567506168614
-1.0300888410701328
0.20596839746842116
0.18835787850496458
-0.11261777528701594
-0.8043099387289678
0.4409786845696408
increment_70
0.2374378168675672
0.3745003134357932
0.9183059491859328
-1.042071977365114
0.20287120307575543
0.19030746449752708
-0.11129977808644342
-0.790170662597834
0.4444195775176547
increment_80
0.23564140450740056
0.3723878612377508
0.9224350827076939
-1.0541679289843264
0.1991136127106498
0.19214573988480588
-0.10979661448047036
-0.7766875730356274
0.44761389219872
increment_90
0.23376281320280728
0.3700368982592048
0.9266324445044937
-1.0663353447214008
0.19485578027374476
0.19389751206527917
-0.10812551314348262
-0.7637800176429866
0.4505903499310426
increment_100
0.2318618362560855
0.36750037052458845
0.9308785582677079
-1.0785542118819353
0.1902419504795941
0.19558486303561187
-0.10631538582613007
-0.7513734970902499
0.4533799320408025
increment_110
0.22995892303422763
0.3648192792453583
0.9351449498736313
-1.0908256682158401
0.18539654622551754
0.1972258082453745
-0.10440153225876463
-0.7394011669483812
0.4560211445883827
increment_120
0.22803152888946765
0.36203270308623925
0.9393998609480622
-1.1031663532880251
0.18040635212755318
0.19882524106136695
-0.10241156722475327
-0.7278085210404851
0.45855642002948627
