inc
Fp11
Fp12
Fp13
Fp21
Fp22
Fp23
Fp31
Fp32
Fp33
increment_0
0.4594023597732581
0.8040919455061977
0.37734018472304254
0.36413148983507626
0.21699079209700586
-0.9057169835305071
-0.8101590769381344
0.5534899631584766
-0.19310911614312382
increment_10
0.46317422488761395
0.7950862076184507
0.3703766640955179
0.37052221932710083
0.20329721639805257
-0.918731900492564
-0.8099371838229918
0.5467398512837622
-0.19800174033582238
increment_20
0.46697644612940187
0.7851685344639636
0.363164979045803
0.37713626515279425
0.18825655686511852
-0.9332097753177659
-0.8101512297960817
0.5387448381002435
-0.20360660004515477
increment_30
0.4712574490031441
0.7749489598064028
0.35576807082698214
0.3838615139497176
0.17368402324189317
-0.9476716956619037
-0.8101154041158093
0.5313576448888672
-0.2089011546801178
increment_40
0.4759683358044073
0.7643978809336051
0.3482694872250638
0.3906262674207829
0.15969734499605387
-0.9620933572035969
-0.8098952899175542
0.5245880416504994
-0.21385615024582932
increment_50
0.4810395992767509
0.7535516220242316
0.34071390673625335
0.39738450932022445
0.14628233280387987
-0.976459650899871
-0.8095569769777308
0.5183913128303321
-0.21848275626033536
increment_60
0.48639013639245277
0.7424792415619291
0.3331253043173266
0.4041181606936764
0.13334996069373042
-0.9907653905347764
-0.8091520791057776
0.512691994436666
-0.22282446813924955
increment_70
0.49190484753733793
0.7312181569525246
0.32562241735105507
0.41077450843863517
0.12095564288434786
-1.0050024306314003
-0.8087402683411065
0.5074193313367102
-0.22690910168463316
increment_80
0.4974323614750294
0.719809813678096
0.31838466515033687
0.41727188142190497
0.10922656228578748
-1.0191582545048816
-0.8084019168026203
0.5024898276636164
-0.23075319077058098
increment_90
0.5028364130393416
0.7082751332627194
0.31160943750388354
0.4235232550642565
0.09835092827873916
-1.033221860991809
-0.8082127361212719
0.49785833767239784
-0.23434289816908224
increment_100
0.5080057699124532
0.6965766745026051
0.305562159069567
0.4294287107047317
0.08867557353800541
-1.0471862875135411
-0.8082267452823941
0.4935583086655461
-0.23761785591463502
increment_110
0.5129155548017613
0.6847568214313535
0.3002846438057418
0.43501422914693116
0.08020617998558523
-1.0610761552815222
-0.8084265695933576
0.4895755940185946
-0.24059191881428685
increment_120
0.5175871089097565
0.6728882656771386
0.2957065063354262
0.44039263652906685
0.07277583422660541
-1.0749325071182616
-0.8087413568700105
0.4858617918198565
-0.2433347142257845
