inc
Fp11
Fp12
Fp13
Fp21
Fp22
Fp23
Fp31
Fp32
Fp33
increment_0
0.08084797344873548
-0.4256317847606637
-0.9012775316131458
0.07407166028209042
-0.8991715409619392
0.4312817281860965
-0.9939703186374771
-0.10162737685084426
-0.041168943903497894
increment_10
0.08173587042598641
-0.42645083656754357
-0.9030943431625824
0.07074334523829282
-0.8831769205277858
0.43596751653650634
-1.0047357793942315
-0.10129526093748036
-0.0413192000764506
increment_20
0.08268700325569966
-0.4274284565644348
-0.9058518399051143
0.06718804400036647
-0.8654189709132436
0.4409692609608382
-1.01635524070188
-0.10102879891694047
-0.041508684283731494
increment_30
0.08348603130666796
-0.42823329898852214
-0.9086502912519562
0.06371932492590736
-0.848027684943801
0.44603282348966117
-1.027983281948568
-0.10066298427698003
-0.04166214165695678
increment_40
0.08417578258792807
-0.4288275037787769
-0.9114717853961465
0.06028559281533076
-0.8310253115130665
0.45115909714818103
-1.0396301688389016
-0.10017762875466177
-0.04180762722312804
increment_50
0.08476548221585053
-0.42918748188510575
-0.9143155326115098
0.056898192838854146
-0.8144239345938614
0.45633505023715093
-1.051295276440719
-0.09959539964796987
-0.04196021793221248
increment_60
0.08526066503802948
-0.42931841700807044
-0.9171900654204581
0.05355848210462048
-0.7982238476841647
0.461545870989417
-1.0629727753933707
-0.09891371402795344
-0.042107128284693894
increment_70
0.08568073707341589
-0.42923310638389633
-0.9201031372559363
0.050278366376451854
-0.7824236979424648
0.4667755394326478
-1.0746538892137367
-0.09812234804885027
-0.04225441504386331
increment_80
0.0860485129365895
-0.42894002645421664
-0.9230420862826841
0.04711985287463466
-0.7670185857707235
0.472010912232335
-1.0863426426735556
-0.09725589310475714
-0.042452429464348254
increment_90
0.08639154279806176
-0.4284528070480388
-0.9259878363283766
0.044140731428944896
-0.7519956965085768
0.4772378293162765
-1.0980526807159101
-0.09636952840314245
-0.042761234799613225
increment_100
0.08674690356712778
-0.42780396496936673
-0.9289433176258314
0.041332248740793553
-0.7373334287541734
0.4824420967794446
-1.109785873270403
-0.09548524248211243
-0.04321673870829946
increment_110
0.08712861805706887
-0.4270241307587449
-0.9319162124224557
0.038661072655399524
-0.723011209762928
0.4876180422567549
-1.121541568855945
-0.09459780526918611
-0.04382328062491198
increment_120
0.08753834418957081
-0.4261387859042083
-0.9349138024421654
0.036065873927920426
-0.7090105722396192
0.4927637071170108
-1.133321416611193
-0.09366974537156975
-0.04455666143510044
