inc
Fp11
Fp12
Fp13
Fp21
Fp22
Fp23
Fp31
Fp32
Fp33
increment_0
0.2083234190620655
-0.306492467664857
0.9287969209332027
0.5345323551979768
-0.7595855036872123
-0.37054692528038596
0.8190705185249892
0.5736656080443995
0.005590691393234565
increment_10
0.209762641056336
-0.2925230495080929
0.9394685548539679
0.5401924058253286
-0.751612743342459
-0.3630047805056014
0.8233455392041186
0.5674825307790333
0.002520162151265904
increment_20
0.21023910648896224
-0.2770371590232517
0.9503359893222999
0.5464007974312292
-0.7435516234168918
-0.35641656907674574
0.8291219626047992
0.5592293624990301
-0.0016078139508731298
increment_30
0.21026823883212462
-0.2620469118148135
0.9610480288779023
0.5524425630615777
-0.7356767634326391
-0.3501224269176422
0.8350479021015044
0.5508548815969478
-0.005879302534505076
increment_40
0.2098669930201901
-0.2475983082675557
0.9716303626899516
0.5582776020838863
-0.7279980020747162
-0.3442226172606826
0.8410737972758975
0.5423173146219028
-0.010357043311879503
increment_50
0.2089875859785952
-0.23375621500367239
0.9821450984915622
0.5638291144551467
-0.7205362083614716
-0.33883012945477975
0.8471544339716331
0.5335551923318476
-0.015078166986450736
increment_60
0.20766391509270332
-0.22065956508303733
0.9926684502608306
0.5690930491551996
-0.713249049984491
-0.33402591720712765
0.8531835349939695
0.5245677281229604
-0.02008499093516691
increment_70
0.20599507239010206
-0.2083474776289873
1.0033051541854803
0.5741159898853407
-0.706097365690041
-0.32976996603229586
0.8590244903329781
0.5154019551230498
-0.0254221786215508
increment_80
0.20406477736493156
-0.19681900463176416
1.0140987913284691
0.5789570411016044
-0.6990002327849781
-0.3259483312639777
0.8646388865554036
0.5061777877444666
-0.03101256199380731
increment_90
0.20181601642768185
-0.18612931490701226
1.0251031338335543
0.5835382350773586
-0.6918728540588425
-0.32248346689145035
0.8700809554947472
0.49700932428551087
-0.036739296424758275
increment_100
0.19907180525575097
-0.1763315188703077
1.0363638086143105
0.5877447404013281
-0.684655583737646
-0.3193283458267365
0.8754476562699051
0.48798304505732437
-0.04247693644166365
increment_110
0.1957521220284808
-0.16753674532668741
1.047838822069937
0.591594605395286
-0.6772589849008618
-0.3164988223767145
0.8808040858312522
0.4792046424050654
-0.04808520891416509
increment_120
0.191970229552191
-0.15974914320501063
1.0594382166245988
0.5951879021901366
-0.669651986277724
-0.314062530732636
0.8861510276113139
0.4707351277975797
-0.05349265171814518
