inc
Fp11
Fp12
Fp13
Fp21
Fp22
Fp23
Fp31
Fp32
Fp33
increment_0
0.27673825264396434
0.36539053130050714
0.8887663917810452
-0.4209084156183576
-0.7853529758158926
0.45393480703595096
0.8638588109090565
-0.4997103791328085
-0.06354126062438135
increment_10
0.2819448541659372
0.35328798703431197
0.9032950813250293
-0.42393943774287013
-0.7774186991239057
0.4455388674646876
0.8661206152669434
-0.4929957831499172
-0.06807933964827417
increment_20
0.28765955882345917
0.33979926048660397
0.9194655654166053
-0.4274978909938323
-0.7686949052376926
0.43651576625260124
0.8685171406220369
-0.4853966374872938
-0.07320890571668529
increment_30
0.2933268231746228
0.32647954379290933
0.9355330757736094
-0.4316008957294648
-0.7598879550374488
0.42708187013526855
0.870841163919135
-0.47832130308652243
-0.07794376771571716
increment_40
0.29886526219622833
0.313402567526608
0.9514252090710716
-0.4361093769880602
-0.7510013796930748
0.4173532905577249
0.8731980645771998
-0.47170585549966715
-0.08227949220517433
increment_50
0.304271189810118
0.3005886266393877
0.9670927414749086
-0.4409289693857262
-0.7420489570309683
0.4074069161057987
0.8756481237207886
-0.46550564841750797
-0.086215491169292
increment_60
0.3095750904807276
0.2880232050238285
0.9825117502864681
-0.4460053769812752
-0.7330558956130732
0.3973013859260947
0.8782014255441437
-0.4596810418211056
-0.08976839127933631
increment_70
0.31479263910474276
0.27571678444348835
0.9976612093556683
-0.4512906567354388
-0.7240236686480408
0.38709277928281116
0.8808702404952038
-0.4542140665251959
-0.09294186920703576
increment_80
0.31994605627710904
0.26366204125531234
1.012539159037384
-0.4567378802366977
-0.7149624665136383
0.37682118811205756
0.8836526620012884
-0.44908040838024554
-0.09576222552768758
increment_90
0.3250663687529934
0.25184810410391284
1.0271627896952655
-0.4623174158954887
-0.7058896872738175
0.36652407960847955
0.8865151963100263
-0.4442460012142581
-0.09828786621137013
increment_100
0.3302110485803377
0.2402685736439934
1.0415759182034994
-0.4680330018750052
-0.6968197555973584
0.3562319972253144
0.8893743035067574
-0.4396805392473374
-0.1006049098889832
increment_110
0.33542714780658855
0.22892974354273776
1.0558317590659088
-0.4738798781275314
-0.6877636317164665
0.345981092122245
0.8921464500314462
-0.4353502074274984
-0.10279561949247246
increment_120
0.340733748769284
0.2178508749556417
1.0699847000414842
-0.479820102727477
-0.6787339005196689
0.3358200971695948
0.8947732098569835
-0.43121080427821257
-0.10492660091301664
