inc
Fp11
Fp12
Fp13
Fp21
Fp22
Fp23
Fp31
Fp32
Fp33
increment_0
0.8431032630323329
-0.06482537205893361
0.5338300843917035
0.381102431986062
0.7723974548453824
-0.5080975379616441
-0.37939138656345595
0.6318226356231598
0.675915921484072
increment_10
0.8536406148371072
-0.051668272253475485
0.5423540352511571
0.37258270006428185
0.7559203178531452
-0.5155269773055068
-0.3795954259693646
0.6309324833942146
0.6761603609177234
increment_20
0.865046631901503
-0.03902692434234187
0.5515634597708449
0.36404505903907036
0.7379932240541499
-0.5231588157701165
-0.38005790221158375
0.6291976083185692
0.6772270415750241
increment_30
0.8762210133503742
-0.027684742001621028
0.5609052072206983
0.35602940450141846
0.7206786808701409
-0.5304126913134551
-0.3806274597267176
0.6268286607232065
0.6786144793798178
increment_40
0.8871269499847516
-0.017610397588042375
0.5704941956962457
0.3484500301637097
0.7040672076148016
-0.5373450190207879
-0.38125261300836655
0.6238087194598634
0.6803085900826432
increment_50
0.8978016085907554
-0.008806250057338925
0.5803433831019897
0.34131446331385606
0.6881494747165726
-0.5439690498256684
-0.3818520042075668
0.6202157339914268
0.6822892477451243
increment_60
0.908271692695996
-0.0013072829465118892
0.5904259372288582
0.33463449258915096
0.6729422124216139
-0.550289283522529
-0.3823349415533359
0.6160887919897304
0.6845888494174155
increment_70
0.9185499169022753
0.0049097642150544105
0.6006997082353196
0.32837612923444726
0.658484519473436
-0.5563332776607277
-0.3826165931921836
0.611439066258878
0.6872654253562006
increment_80
0.9286373882072836
0.010060552460221231
0.6111431145661345
0.3224337515135206
0.6447640363269596
-0.562183003973562
-0.3826800321124527
0.6063259986431575
0.690328000200997
increment_90
0.938488249350369
0.014421395368510377
0.6217584507003882
0.31668317939498425
0.6317483876015858
-0.5679466235904732
-0.38257950691879544
0.6008121361049243
0.6937721127508965
increment_100
0.9480232472189035
0.018219904944140247
0.6325517637939346
0.31107894669204394
0.6193711482863823
-0.5737085501059905
-0.38242314302314057
0.5949854806914803
0.6975751321386932
increment_110
0.9571907294576381
0.021604589845272786
0.6435202429890545
0.30567072435469567
0.6075288661861785
-0.579500449380955
-0.3823235262016146
0.5889636426744319
0.7016790893535332
increment_120
0.9659837154333089
0.02465990148248762
0.6546526355246399
0.3005262810469389
0.5961200645067135
-0.5853088543513949
-0.3823760120628786
0.5828551727052933
0.7060150180134097
