# inc   q0   q1   q2   q3
     0  1.12980750e-01 -7.42506040e-01  6.57999920e-01 -5.43712800e-02
    10  1.13398690e-01 -7.42178817e-01  6.58315272e-01 -5.41511157e-02
    20  1.13614278e-01 -7.41747555e-01  6.58791892e-01 -5.38108148e-02
    30  1.13737641e-01 -7.41275186e-01  6.59336163e-01 -5.33916844e-02
    40  1.13827261e-01 -7.40771066e-01  6.59928321e-01 -5.28790443e-02
    50  1.13890990e-01 -7.40242860e-01  6.60558452e-01 -5.22674019e-02
    60  1.13927334e-01 -7.39694888e-01  6.61221793e-01 -5.15536251e-02
    70  1.13933915e-01 -7.39130340e-01  6.61914662e-01 -5.07383776e-02
    80  1.13908258e-01 -7.38551287e-01  6.62634535e-01 -4.98234753e-02
    90  1.13851894e-01 -7.37959377e-01  6.63378838e-01 -4.88079970e-02
   100  1.13776989e-01 -7.37356940e-01  6.64142188e-01 -4.76937429e-02
   110  1.13702808e-01 -7.36745565e-01  6.64918435e-01 -4.64878407e-02
   120  1.13648431e-01 -7.36126041e-01  6.65701700e-01 -4.52076518e-02
