# inc   q0   q1   q2   q3
     0  2.58144970e-01 -6.15996189e-01 -5.08022359e-01  5.43896269e-01
    10  2.56334865e-01 -6.16025908e-01 -5.07441092e-01  5.45259623e-01
    20  2.54465985e-01 -6.16163860e-01 -5.06643109e-01  5.46719234e-01
    30  2.52743992e-01 -6.16113877e-01 -5.05799966e-01  5.48352587e-01
    40  2.51170758e-01 -6.15863279e-01 -5.04928350e-01  5.50157279e-01
    50  2.49733939e-01 -6.15432771e-01 -5.04036371e-01  5.52107600e-01
    60  2.48410948e-01 -6.14849251e-01 -5.03130720e-01  5.54176756e-01
    70  2.47172740e-01 -6.14134801e-01 -5.02208873e-01  5.56354501e-01
    80  2.46001054e-01 -6.13293491e-01 -5.01257975e-01  5.58654650e-01
    90  2.44882878e-01 -6.12322638e-01 -5.00269039e-01  5.61092018e-01
   100  2.43801533e-01 -6.11226156e-01 -4.99249275e-01  5.63660855e-01
   110  2.42739357e-01 -6.10020245e-01 -4.98213770e-01  5.66335541e-01
   120  2.41684292e-01 -6.08729337e-01 -4.97175388e-01  5.69081656e-01
