# inc   q0   q1   q2   q3
     0  2.48308781e-01 -5.55117561e-01  6.89513592e-01 -3.93393251e-01
    10  2.50343094e-01 -5.54766025e-01  6.89161957e-01 -3.93215958e-01
    20  2.52785478e-01 -5.54061418e-01  6.88737606e-01 -3.93390336e-01
    30  2.55162861e-01 -5.53247697e-01  6.88360402e-01 -3.93660839e-01
    40  2.57449857e-01 -5.52382601e-01  6.88015678e-01 -3.93989162e-01
    50  2.59620225e-01 -5.51505232e-01  6.87695356e-01 -3.94353159e-01
    60  2.61657385e-01 -5.50645335e-01  6.87393131e-01 -3.94735116e-01
    70  2.63559918e-01 -5.49819382e-01  6.87103332e-01 -3.95125079e-01
    80  2.65329488e-01 -5.49037213e-01  6.86821631e-01 -3.95517950e-01
    90  2.66961042e-01 -5.48302905e-01  6.86546696e-01 -3.95915850e-01
   100  2.68459577e-01 -5.47610471e-01  6.86276706e-01 -3.96328791e-01
   110  2.69840247e-01 -5.46949397e-01  6.86007626e-01 -3.96769625e-01
   120  2.71116504e-01 -5.46309557e-01  6.85738927e-01 -3.97245305e-01
