# inc   q0   q1   q2   q3
     0  3.51540489e-01  5.81619309e-01 -1.54273900e-02 -7.33416839e-01
    10  3.51303385e-01  5.83774360e-01 -1.50650986e-02 -7.31824071e-01
    20  3.50876585e-01  5.86499026e-01 -1.44106491e-02 -7.29860842e-01
    30  3.50470679e-01  5.89284250e-01 -1.37666467e-02 -7.27821994e-01
    40  3.50100747e-01  5.92136605e-01 -1.31464385e-02 -7.25693378e-01
    50  3.49779045e-01  5.95038453e-01 -1.25518823e-02 -7.23482073e-01
    60  3.49517192e-01  5.97960330e-01 -1.19799511e-02 -7.21205697e-01
    70  3.49322747e-01  6.00876510e-01 -1.14271116e-02 -7.18881394e-01
    80  3.49200411e-01  6.03768022e-01 -1.08895836e-02 -7.16522620e-01
    90  3.49152346e-01  6.06622786e-01 -1.03630903e-02 -7.14138671e-01
   100  3.49179520e-01  6.09436538e-01 -9.84561633e-03 -7.11732979e-01
   110  3.49285042e-01  6.12204483e-01 -9.33720832e-03 -7.09308429e-01
   120  3.49472915e-01  6.14911898e-01 -8.83577121e-03 -7.06876205e-01
