# inc   q0   q1   q2   q3
     0  4.36094439e-01  7.04418498e-02 -6.68193868e-01 -5.98645588e-01
    10  4.36321942e-01  6.93344412e-02 -6.68682935e-01 -5.98062731e-01
    20  4.36231722e-01  6.82313314e-02 -6.69423189e-01 -5.97426953e-01
    30  4.36009666e-01  6.71591572e-02 -6.70248416e-01 -5.96784953e-01
    40  4.35721376e-01  6.60873178e-02 -6.71119794e-01 -5.96135531e-01
    50  4.35382222e-01  6.50048919e-02 -6.72029157e-01 -5.95477536e-01
    60  4.35000310e-01  6.39070258e-02 -6.72969207e-01 -5.94813474e-01
    70  4.34584836e-01  6.27922419e-02 -6.73931016e-01 -5.94146565e-01
    80  4.34145606e-01  6.16585139e-02 -6.74904177e-01 -5.93481400e-01
    90  4.33692877e-01  6.05007956e-02 -6.75876123e-01 -5.92825108e-01
   100  4.33236724e-01  5.93124609e-02 -6.76835252e-01 -5.92184105e-01
   110  4.32783259e-01  5.80890964e-02 -6.77774337e-01 -5.91562554e-01
   120  4.32335223e-01  5.68269261e-02 -6.78687684e-01 -5.90965297e-01
