# inc   q0   q1   q2   q3
     0  1.95834289e-01 -8.04937297e-02  9.20095056e-01  3.29537219e-01
    10  1.92156451e-01 -7.97946204e-02  9.21024919e-01  3.29274682e-01
    20  1.88041319e-01 -7.88447602e-02  9.22047150e-01  3.29018265e-01
    30  1.84067891e-01 -7.79011080e-02  9.23000074e-01  3.28818024e-01
    40  1.80197579e-01 -7.69330052e-02  9.23877519e-01  3.28725532e-01
    50  1.76418587e-01 -7.59327584e-02  9.24680533e-01  3.28750072e-01
    60  1.72703234e-01 -7.48942333e-02  9.25417667e-01  3.28886893e-01
    70  1.69032884e-01 -7.38214688e-02  9.26100162e-01  3.29115124e-01
    80  1.65411957e-01 -7.27311768e-02  9.26738244e-01  3.29401408e-01
    90  1.61859174e-01 -7.16431216e-02  9.27337257e-01  3.29718793e-01
   100  1.58387619e-01 -7.05682240e-02  9.27899311e-01  3.30055079e-01
   110  1.55001018e-01 -6.95077230e-02  9.28425994e-01  3.30406619e-01
   120  1.51697246e-01 -6.84565398e-02  9.28918746e-01  3.30774261e-01
