inc
sigma_11
sigma_12
sigma_13
sigma_21
sigma_22
sigma_23
sigma_31
sigma_32
sigma_33
increment_0
[5.45461905e-05  5.45461905e-05  5.45461905e-05  5.45461905e-05 
  5.45461905e-05  5.45461905e-05  5.45461905e-05  5.45461905e-05 
  5.45461905e-05  5.45461905e-05  5.45461905e-05  5.45461905e-05 
  5.45461905e-05]
[-5.32919965e-06  -5.32919965e-06  -5.32919965e-06  -5.32919965e-06 
  -5.32919965e-06  -5.32919965e-06  -5.32919965e-06  -5.32919965e-06 
  -5.32919965e-06  -5.32919965e-06  -5.32919965e-06  -5.32919965e-06 
  -5.32919965e-06]
[-9.98761557e-08  -9.98761557e-08  -9.98761557e-08  -9.98761557e-08 
  -9.98761557e-08  -9.98761557e-08  -9.98761557e-08  -9.98761557e-08 
  -9.98761557e-08  -9.98761557e-08  -9.98761557e-08  -9.98761557e-08 
  -9.98761557e-08]
[-5.32919965e-06  -5.32919965e-06  -5.32919965e-06  -5.32919965e-06 
  -5.32919965e-06  -5.32919965e-06  -5.32919965e-06  -5.32919965e-06 
  -5.32919965e-06  -5.32919965e-06  -5.32919965e-06  -5.32919965e-06 
  -5.32919965e-06]
[4.22577143e-05  4.22577143e-05  4.22577143e-05  4.22577143e-05 
  4.22577143e-05  4.22577143e-05  4.22577143e-05  4.22577143e-05 
  4.22577143e-05  4.22577143e-05  4.22577143e-05  4.22577143e-05 
  4.22577143e-05]
[-3.75864097e-06  -3.75864097e-06  -3.75864097e-06  -3.75864097e-06 
  -3.75864097e-06  -3.75864097e-06  -3.75864097e-06  -3.75864097e-06 
  -3.75864097e-06  -3.75864097e-06  -3.75864097e-06  -3.75864097e-06 
  -3.75864097e-06]
[-9.98761557e-08  -9.98761557e-08  -9.98761557e-08  -9.98761557e-08 
  -9.98761557e-08  -9.98761557e-08  -9.98761557e-08  -9.98761557e-08 
  -9.98761557e-08  -9.98761557e-08  -9.98761557e-08  -9.98761557e-08 
  -9.98761557e-08]
[-3.75864097e-06  -3.75864097e-06  -3.75864097e-06  -3.75864097e-06 
  -3.75864097e-06  -3.75864097e-06  -3.75864097e-06  -3.75864097e-06 
  -3.75864097e-06  -3.75864097e-06  -3.75864097e-06  -3.75864097e-06 
  -3.75864097e-06]
[5.47881674e-05  5.47881674e-05  5.47881674e-05  5.47881674e-05 
  5.47881674e-05  5.47881674e-05  5.47881674e-05  5.47881674e-05 
  5.47881674e-05  5.47881674e-05  5.47881674e-05  5.47881674e-05 
  5.47881674e-05]
increment_10
[1.05596970e+08  9.57466871e+07  1.05096927e+08  1.05721368e+08 
  9.69662102e+07  8.79040342e+07  6.78014611e+07  8.66937630e+07 
  1.00069823e+08  1.06391955e+08  7.11602928e+07  7.64558852e+07 
  1.00824889e+08]
[-5850505.72908144  -6872266.28611143  -2831423.79391432  -8265389.75131212 
  -4649297.63545828  10439200.88201439  10344655.32372048    8952111.53536968 
  -8424755.4771583    -3173774.12299656  13919815.12871667  11920218.7976204 
  11017310.08968416]
[  5633456.86181136    9513383.42471805  14253174.99000159  14669998.95729118 
  11111679.17752466  24565007.20027655  10980454.23089529  11395473.12205849 
  -2313045.58521282    1239844.01590582  18781778.43341312  20245629.25988736 
  12326574.7158111  ]
[-5850505.72908144  -6872266.28611143  -2831423.79391432  -8265389.75131212 
  -4649297.63545828  10439200.88201439  10344655.32372048    8952111.53536968 
  -8424755.4771583    -3173774.12299656  13919815.12871667  11920218.7976204 
  11017310.08968416]
[  24926354.44349394    16815296.43973507    21177714.29130824 
    31678451.71630382    19400057.97790313  -18773100.39112578 
  -39456202.71491691  -12895761.79397005    18791458.25547908 
    19903215.46705039  -37515423.4596154    -31416880.72595009 
    -7199255.79140061]
[  -7705065.27067133    -9834458.61329193  -13582795.82349274 
    -9784635.65735706    -1841686.88678199  -15331068.39118798 
    -7771135.09644916        724859.8758694      -3221046.53526553 
      -239288.30458537  -15316849.09205911  -17096344.97210335 
  -12848422.06977718]
[  5633456.86181136    9513383.42471805  14253174.99000159  14669998.95729118 
  11111679.17752466  24565007.20027655  10980454.23089529  11395473.12205849 
  -2313045.58521282    1239844.01590582  18781778.43341312  20245629.25988736 
  12326574.7158111  ]
[  -7705065.27067133    -9834458.61329193  -13582795.82349274 
    -9784635.65735706    -1841686.88678199  -15331068.39118798 
    -7771135.09644916        724859.8758694      -3221046.53526553 
      -239288.30458537  -15316849.09205911  -17096344.97210335 
  -12848422.06977718]
[    8119995.0551952      -5220850.1025332      -7338250.76014077 
      3000195.78817197      5133954.16987311  -23059939.78334232 
  -13835800.60613888      8974605.61812456    14576718.40868026 
    25033538.02535512  -35204337.44722011  -29979101.97400548 
    11490528.75083585]
increment_20
[1.06023473e+08  9.78831551e+07  1.06929102e+08  1.07125924e+08 
  9.89162070e+07  8.97446266e+07  6.84260899e+07  8.85855179e+07 
  1.01506862e+08  1.09681093e+08  7.13524735e+07  7.66247548e+07 
  1.03667090e+08]
[-5985402.69214447  -6253318.03743098  -2844680.27259974  -8239129.78128345 
  -3151429.80225349  11512750.61324776  11448547.06030072  11042942.20559108 
  -8562588.42392904  -4249014.32439886  14781455.37605549  13201769.08919719 
  13163016.67054878]
[  7220319.39702298  10137221.09784254  14930312.71907137  14300889.2307383 
  11253873.44684828  26554076.58141857  11368476.72367615  11155774.05265156 
  -2093481.39479993    -424561.89271052  19553419.09736565  21538143.54967052 
  11966068.51169826]
[-5985402.69214447  -6253318.03743098  -2844680.27259974  -8239129.78128345 
  -3151429.80225349  11512750.61324776  11448547.06030072  11042942.20559108 
  -8562588.42392904  -4249014.32439886  14781455.37605549  13201769.08919719 
  13163016.67054878]
[  26231207.82703638    16626524.88627903    20822216.64133567 
    31299552.17146472    15629534.48830465  -19523080.61014145 
  -40369855.44815478  -16979620.49235908    19399481.21657927 
    23635378.90901168  -39933400.67087178  -33342958.21933241 
    -6431731.39078802]
[  -7491256.3088176    -10237918.27280298  -14050360.87842991 
  -10122762.9023444      -3921692.36361454  -13754331.69343228 
    -8538220.08999226    -1287038.2200903      -3313000.64220792 
        140933.00072445  -14963503.46829244  -16262253.11765061 
  -13634082.91424257]
[  7220319.39702298  10137221.09784254  14930312.71907137  14300889.2307383 
  11253873.44684828  26554076.58141857  11368476.72367615  11155774.05265156 
  -2093481.39479993    -424561.89271052  19553419.09736565  21538143.54967052 
  11966068.51169826]
[  -7491256.3088176    -10237918.27280298  -14050360.87842991 
  -10122762.9023444      -3921692.36361454  -13754331.69343228 
    -8538220.08999226    -1287038.2200903      -3313000.64220792 
        140933.00072445  -14963503.46829244  -16262253.11765061 
  -13634082.91424257]
[    4629833.4061805      -4337128.137075        -8500034.44444684 
      4946168.45628685      5856603.33163136  -23890201.80822085 
  -14689752.062524        10088604.72892762    14402745.24582764 
    27565924.69702797  -38137428.07518505  -30957442.57522464 
    12909689.77483567]
increment_30
[1.05913372e+08  9.88614774e+07  1.07573619e+08  1.08644576e+08 
  9.97056419e+07  9.08051448e+07  7.00779556e+07  8.97255603e+07 
  1.01388293e+08  1.11024656e+08  7.08399071e+07  7.75101209e+07 
  1.05073284e+08]
[-6013355.97697433  -4041042.76653728    -987773.96276933  -7745807.12656318 
  -4143237.6152882    12382697.33218471  11037009.2065519    12096471.87643025 
  -7466869.11919747  -4687593.77172641  15523111.45714893  14811646.03132756 
  14865927.5462411  ]
[  8363365.14943283    9846519.33250711  15802767.51633308  12379533.05743373 
  10965477.55747036  28207420.21302811  10277099.33356108  10539009.03085019 
    -999316.64528106  -1706548.15821855  19883046.50259545  22138888.72279987 
  11196766.72129087]
[-6013355.97697433  -4041042.76653728    -987773.96276933  -7745807.12656318 
  -4143237.6152882    12382697.33218471  11037009.2065519    12096471.87643025 
  -7466869.11919747  -4687593.77172641  15523111.45714893  14811646.03132756 
  14865927.5462411  ]
[  26360762.55405          11011384.61320035    15820659.93254069 
    28706426.38051393    15913403.51906955  -21263882.95882739 
  -40326555.5574104    -18832636.96569384    16620012.68801505 
    24589958.19613767  -42858610.98072646  -34644315.11734039 
    -6822084.97015294]
[  -7531163.50455298  -11243895.72766005  -15363631.91355594 
  -10184509.02032902    -4735485.76760029  -12779053.95152781 
  -10177277.68617003    -1056270.21438936    -3932527.85941924 
        429305.61777128  -14843746.01021975  -15444173.03324677 
  -14378853.24816758]
[  8363365.14943283    9846519.33250711  15802767.51633308  12379533.05743373 
  10965477.55747036  28207420.21302811  10277099.33356108  10539009.03085019 
    -999316.64528106  -1706548.15821855  19883046.50259545  22138888.72279987 
  11196766.72129087]
[  -7531163.50455298  -11243895.72766005  -15363631.91355594 
  -10184509.02032902    -4735485.76760029  -12779053.95152781 
  -10177277.68617003    -1056270.21438936    -3932527.85941924 
        429305.61777128  -14843746.01021975  -15444173.03324677 
  -14378853.24816758]
[    1140011.87857616    -2674403.65676371  -10002880.0829787 
      8687102.97569527      4922525.88870549  -25595141.92752384 
  -14623795.29762283    12301667.05518201    12330204.437927 
    28244323.97637499  -41389791.04620454  -30815427.0393935 
    13545935.67893536]
increment_40
[1.05386833e+08  9.92365176e+07  1.07636919e+08  1.10382354e+08 
  9.99383067e+07  9.18344805e+07  7.23316704e+07  9.07642519e+07 
  1.00532452e+08  1.11693143e+08  7.06304222e+07  7.86816269e+07 
  1.06344029e+08]
[-5505306.96514313  -1467804.42026005    1073483.81835245  -7334884.76412834 
  -6099943.20585253  13171015.39529288  10254944.22501431  12911513.7665395 
  -5962025.1494244    -5229886.58373239  16025211.5263685    16436446.78126763 
  16534292.05882785]
[  9098510.33691595    9166594.46668341  16532679.77448812    9829106.70352746 
  10225177.31378913  29719378.58724005    8820913.44290304    9711449.60873965 
      200591.94711052  -2893214.88873973  20000327.19128838  22580321.87542348 
  10280793.5608791  ]
[-5505306.96514313  -1467804.42026005    1073483.81835245  -7334884.76412834 
  -6099943.20585253  13171015.39529288  10254944.22501431  12911513.7665395 
  -5962025.1494244    -5229886.58373239  16025211.5263685    16436446.78126763 
  16534292.05882785]
[  24644465.87785743      3666585.74614418    10154264.54357996 
    25956346.04899854    17201517.83189961  -22971131.52267898 
  -39617124.29585437  -20093207.23985466    12698474.7784158 
    25205252.12668379  -45159379.35102942  -35437126.85018635 
    -7189575.98126877]
[  -7747401.40930083  -12311530.26156906  -16737443.49018236 
  -10042751.85304518    -5429166.3658563    -12011810.11072221 
  -11835170.38414241      -211235.88173317    -4597647.10770109 
        730014.69482209  -14809492.67158994  -14631540.20343675 
  -14941585.25318075]
[  9098510.33691595    9166594.46668341  16532679.77448812    9829106.70352746 
  10225177.31378913  29719378.58724005    8820913.44290304    9711449.60873965 
      200591.94711052  -2893214.88873973  20000327.19128838  22580321.87542348 
  10280793.5608791  ]
[  -7747401.40930083  -12311530.26156906  -16737443.49018236 
  -10042751.85304518    -5429166.3658563    -12011810.11072221 
  -11835170.38414241      -211235.88173317    -4597647.10770109 
        730014.69482209  -14809492.67158994  -14631540.20343675 
  -14941585.25318075]
[  -1730766.6078592        -854656.4632853    -11583246.65186523 
    13208756.20800911      3454078.45991147  -27127022.25130515 
  -13859479.76380828    15061383.43800318      9641059.54816827 
    28070683.30372069  -43961151.3545668    -30346346.15907229 
    14440098.89382056]
increment_50
[1.04710292e+08  9.92771673e+07  1.07341151e+08  1.11982062e+08 
  9.98178227e+07  9.30007579e+07  7.47610417e+07  9.16756284e+07 
  9.92510401e+07  1.12010696e+08  7.07118824e+07  7.98510875e+07 
  1.07624300e+08]
[-4711110.726878        1051040.92109664    3147640.15136437  -7024631.91359859 
  -8126886.24789399  13878620.84797178    9522550.74790195  13669475.31997213 
  -4295525.90296283  -5980771.41609921  16352430.36677156  18036765.27779751 
  17919709.85902538]
[  9397993.64641017    8393026.33684355  17071422.03011474    7131360.38433462 
    9237379.09305336  31016676.06324862    7592890.0430293      8820389.14587405 
    1118999.17150292  -3875918.31403093  19949380.8475708    23047866.39758054 
    9443006.97011274]
[-4711110.726878        1051040.92109664    3147640.15136437  -7024631.91359859 
  -8126886.24789399  13878620.84797178    9522550.74790195  13669475.31997213 
  -4295525.90296283  -5980771.41609921  16352430.36677156  18036765.27779751 
  17919709.85902538]
[  21916901.53945668    -3913234.2576922        4496264.93004351 
    23225222.3394211      18187586.31179634  -24503901.35191977 
  -38493404.54532954  -21197827.97755361      7942509.65796541 
    26231135.91372547  -46925199.79963118  -35966655.82761725 
    -7311453.34132788]
[  -8019547.24484314  -13253234.85699775  -17988796.94652846 
    -9727144.11321554    -6041915.25674895  -11402781.26644819 
  -13263101.96803368        849726.15148413    -5173478.31151706 
      1126734.36716033  -14820484.86892637  -13804914.54986348 
  -15351906.96309478]
[  9397993.64641017    8393026.33684355  17071422.03011474    7131360.38433462 
    9237379.09305336  31016676.06324862    7592890.0430293      8820389.14587405 
    1118999.17150292  -3875918.31403093  19949380.8475708    23047866.39758054 
    9443006.97011274]
[  -8019547.24484314  -13253234.85699775  -17988796.94652846 
    -9727144.11321554    -6041915.25674895  -11402781.26644819 
  -13263101.96803368        849726.15148413    -5173478.31151706 
      1126734.36716033  -14820484.86892637  -13804914.54986348 
  -15351906.96309478]
[  -3870369.0436613          801306.62459645  -12996509.44257058 
    17614719.09266786      2163173.69282241  -28341352.53724538 
  -12837590.05018907    17886830.37482209      7178405.20340269 
    27147910.66363925  -45879318.88737148  -29872462.81812918 
    15307953.44083823]
increment_60
[1.04526318e+08  9.94628573e+07  1.06957524e+08  1.13505762e+08 
  9.96902588e+07  9.43530719e+07  7.72071193e+07  9.25236339e+07 
  9.82284903e+07  1.12431122e+08  7.10633639e+07  8.09128345e+07 
  1.08754148e+08]
[-3926276.08341791    3011537.57658866    5095010.24425117  -6693371.46708216 
  -9583621.38397584  14514000.81204673    9086126.69136437  14357611.15656168 
  -2725677.34926216  -6859996.71890151  16544121.38775141  19596365.1458299 
  18974918.21787786]
[  9479811.40109909    7749829.53353764  17441758.52819243    4828875.33600784 
    8368822.37800267  32010056.24805926    6805266.62175144    8117723.54140656 
    1626584.42431892  -4461935.38599035  19725096.02080472  23553631.95603188 
    8801319.99138561]
[-3926276.08341791    3011537.57658866    5095010.24425117  -6693371.46708216 
  -9583621.38397584  14514000.81204673    9086126.69136437  14357611.15656168 
  -2725677.34926216  -6859996.71890151  16544121.38775141  19596365.1458299 
  18974918.21787786]
[  19522163.25752226    -9705848.27200105      -616265.22633003 
    20830352.17959457    18271252.33946848  -25852447.16720818 
  -37133246.10147614  -22024511.37291806      3300550.11266871 
    28020726.85779995  -48264908.63039111  -36340833.11274375 
    -7307813.12864004]
[  -8324514.00451387  -13920032.84359604  -19002975.32855614 
    -9342124.65152726    -6565091.36259499  -10910712.12206778 
  -14414037.77716349      1854504.25498474    -5570812.62554924 
      1597229.61694493  -14902006.84115126  -12962845.67395269 
  -15620056.17209423]
[  9479811.40109909    7749829.53353764  17441758.52819243    4828875.33600784 
    8368822.37800267  32010056.24805926    6805266.62175144    8117723.54140656 
    1626584.42431892  -4461935.38599035  19725096.02080472  23553631.95603188 
    8801319.99138561]
[  -8324514.00451387  -13920032.84359604  -19002975.32855614 
    -9342124.65152726    -6565091.36259499  -10910712.12206778 
  -14414037.77716349      1854504.25498474    -5570812.62554924 
      1597229.61694493  -14902006.84115126  -12962845.67395269 
  -15620056.17209423]
[  -5138545.87153101      2098000.83379185  -14005803.33905413 
    21345371.1671306        1545607.855022      -29159431.21487895 
  -11912705.26659695    20237464.15190484      5703148.59610084 
    25798201.03847076  -47207345.48056871  -29430852.88324907 
    15802508.79568415]
increment_70
[1.04912568e+08  9.99852624e+07  1.06662624e+08  1.14753041e+08 
  9.96268084e+07  9.58009194e+07  7.92998062e+07  9.34078829e+07 
  9.76096413e+07  1.12976392e+08  7.16496905e+07  8.18641463e+07 
  1.09572297e+08]
[  -3307891.26237073      4089161.64748904      6692482.22050111 
    -6220619.06806459  -10192239.14773532    15146895.30968008 
      9000874.92928453    14924124.80109201    -1545185.92320981 
    -7764644.75455066    16699847.72752599    21089956.66926895 
    19962565.8614732  ]
[  9452979.80417106    7198257.07842538  17578592.75637084    3088760.52567807 
    7646058.66766853  32693274.15615392    6278067.72026621    7617519.99478611 
    1671708.08252617  -4704445.56552114  19454670.47421665  24141824.29960847 
    8277595.19778814]
[  -3307891.26237073      4089161.64748904      6692482.22050111 
    -6220619.06806459  -10192239.14773532    15146895.30968008 
      9000874.92928453    14924124.80109201    -1545185.92320981 
    -7764644.75455066    16699847.72752599    21089956.66926895 
    19962565.8614732  ]
[  17922881.1619038    -12746646.58492248    -4608159.42194259 
    18503019.05171379    16825199.76884465  -27090544.62146711 
  -36071275.1538198    -22505426.07760907      -533953.347925 
    30481706.56300321  -49260255.39582828  -36573035.9923663 
    -7446385.01225555]
[  -8660896.6881386    -14202984.87379897  -19675967.57492825 
    -8992203.63640326    -7125515.99742283  -10386562.77021258 
  -15258531.23690458      2578053.38674385    -5731947.11222653 
      2198040.036286      -15012343.38482541  -12103688.16839866 
  -15696745.57928898]
[  9452979.80417106    7198257.07842538  17578592.75637084    3088760.52567807 
    7646058.66766853  32693274.15615392    6278067.72026621    7617519.99478611 
    1671708.08252617  -4704445.56552114  19454670.47421665  24141824.29960847 
    8277595.19778814]
[  -8660896.6881386    -14202984.87379897  -19675967.57492825 
    -8992203.63640326    -7125515.99742283  -10386562.77021258 
  -15258531.23690458      2578053.38674385    -5731947.11222653 
      2198040.036286      -15012343.38482541  -12103688.16839866 
  -15696745.57928898]
[  -5738004.12658887      2982093.03963562  -14512062.141095 
    24106206.49809542      1635777.77299459  -29578028.97697163 
  -11348504.56160798    21873388.19554047      5183638.43804159 
    24183871.531462      -48041153.21508844  -29017300.68022541 
    16060864.5908356  ]
increment_80
[1.05330093e+08  1.00558341e+08  1.06125668e+08  1.15422033e+08 
  9.94279039e+07  9.72225603e+07  8.10098669e+07  9.42910538e+07 
  9.69071391e+07  1.13092908e+08  7.23760593e+07  8.26714336e+07 
  1.10251116e+08]
[  -2867420.63013881      4651138.46110247      8123323.6291492 
    -5625340.11584242  -10258543.73927213    15850571.37471825 
      9194057.19412774    15429186.44237702      -577025.95446177 
    -8594395.9070998      16903641.71945083    22548721.56368625 
    20975830.15815627]
[  9274201.27025034    6598882.18404046  17431464.25585007    1609168.15192354 
    6761203.38265288  33261281.46483974    5916477.22665367    7296166.43419502 
    1306195.70088623  -4877830.94762421  19279634.1944588    24860042.5898035 
    7888213.84020279]
[  -2867420.63013881      4651138.46110247      8123323.6291492 
    -5625340.11584242  -10258543.73927213    15850571.37471825 
      9194057.19412774    15429186.44237702      -577025.95446177 
    -8594395.9070998      16903641.71945083    22548721.56368625 
    20975830.15815627]
[  16685486.17893386  -14503785.01961261    -8209700.02026626 
    15718104.8408224      13902396.44851911  -28214378.89237613 
  -35385176.72590269  -22769881.14636527    -4391548.82787557 
    32814296.99024799  -50010017.60803218  -36701860.44542321 
    -7592878.88726659]
[  -8945473.25650346  -14302268.48362139  -20088424.67513928 
    -8645831.04788579    -7677108.38274173    -9784925.73710897 
  -15944447.81241889      3196798.39501878    -5727092.70353431 
      2973243.51774971  -15090159.31337598  -11172149.67696697 
  -15659985.43669827]
[  9274201.27025034    6598882.18404046  17431464.25585007    1609168.15192354 
    6761203.38265288  33261281.46483974    5916477.22665367    7296166.43419502 
    1306195.70088623  -4877830.94762421  19279634.1944588    24860042.5898035 
    7888213.84020279]
[  -8945473.25650346  -14302268.48362139  -20088424.67513928 
    -8645831.04788579    -7677108.38274173    -9784925.73710897 
  -15944447.81241889      3196798.39501878    -5727092.70353431 
      2973243.51774971  -15090159.31337598  -11172149.67696697 
  -15659985.43669827]
[  -6166844.22847413      3599155.17597398  -14654448.80673982 
    25918728.86810715      2271755.49507265  -29634593.17963263 
  -11185499.14078363    23137849.74922102      5178827.80532243 
    22134248.45046869  -48546699.20470887  -28659432.56868672 
    16164607.87829269]
increment_90
[1.05683252e+08  1.00992555e+08  1.05512070e+08  1.15497169e+08 
  9.90683199e+07  9.86819047e+07  8.23997174e+07  9.50652436e+07 
  9.61287560e+07  1.12676873e+08  7.32372391e+07  8.34154722e+07 
  1.10970464e+08]
[-2571669.15881314    4985871.94231325    9538933.4555608    -4904141.14278819 
  -9995911.37896817  16545604.36664068    9575363.26520821  15861017.04885055 
      415015.04516285  -9170824.13512516  17163180.23962112  23908188.93578565 
  21887474.449875    ]
[  8901972.02594478    6048586.04028761  17144381.68916157      371973.75960585 
    5582716.86585296  33780930.46350919    5670286.1063865      7005427.98918939 
      563377.42972144  -4928016.1614323    19212823.1416402    25550293.29312078 
    7665725.8092776  ]
[-2571669.15881314    4985871.94231325    9538933.4555608    -4904141.14278819 
  -9995911.37896817  16545604.36664068    9575363.26520821  15861017.04885055 
      415015.04516285  -9170824.13512516  17163180.23962112  23908188.93578565 
  21887474.449875    ]
[  15688753.24272929  -15851403.45713873  -11694341.08946597 
    12297140.15759818      9802515.09617796  -29145510.37744985 
  -34980071.25833757  -23007454.31672813    -8775440.87980895 
    34461320.81946266  -50598230.94551743  -36730809.84138583 
    -7643674.47243871]
[  -9085185.09909115  -14310014.83677934  -20354412.5760671 
    -8369043.39279038    -8040858.5099177      -9173992.26244503 
  -16511491.9307138        3783659.17784814    -5716741.58916268 
      3890540.1889715    -15184861.96884919  -10262330.40509468 
  -15573183.56251194]
[  8901972.02594478    6048586.04028761  17144381.68916157      371973.75960585 
    5582716.86585296  33780930.46350919    5670286.1063865      7005427.98918939 
      563377.42972144  -4928016.1614323    19212823.1416402    25550293.29312078 
    7665725.8092776  ]
[  -9085185.09909115  -14310014.83677934  -20354412.5760671 
    -8369043.39279038    -8040858.5099177      -9173992.26244503 
  -16511491.9307138        3783659.17784814    -5716741.58916268 
      3890540.1889715    -15184861.96884919  -10262330.40509468 
  -15573183.56251194]
[  -6403130.4288823        3908003.09150071  -14462216.15752079 
    26989115.49820342      3564136.46475895  -29442818.37823774 
  -11257587.37046276    24176296.2413698        5709579.60203329 
    19730961.27291435  -48864829.13597135  -28328031.54410366 
    16239535.90056333]
increment_100
[1.06118107e+08  1.01330013e+08  1.04809732e+08  1.15161088e+08 
  9.87417876e+07  1.00185257e+08  8.36163455e+07  9.57854849e+07 
  9.55056782e+07  1.11827502e+08  7.41894600e+07  8.40456645e+07 
  1.11857961e+08]
[-2351753.31937107    5220951.66561982  10899806.52043433  -4027666.85982368 
  -9450221.17902341  17244533.38960265  10155663.85303493  16283764.26903969 
    1421833.6960185    -9305333.5639631    17496265.86339195  25226021.67829183 
  22651289.74445505]
[  8437928.40286838    5645576.98285153  16716677.6922442      -497871.37508557 
    4206504.75048397  34317355.59816845    5576728.92522493    6793812.75057964 
    -413643.48262374  -4755752.73146796  19243622.30857038  26194064.07469904 
    7690518.94657718]
[-2351753.31937107    5220951.66561982  10899806.52043433  -4027666.85982368 
  -9450221.17902341  17244533.38960265  10155663.85303493  16283764.26903969 
    1421833.6960185    -9305333.5639631    17496265.86339195  25226021.67829183 
  22651289.74445505]
[  15002936.63294219  -16936046.02824638  -15053726.44655198 
      8510960.22518235      4844115.12601578  -29859435.06402551 
  -34693233.57681171  -23209670.16853021  -13352292.66012827 
    35249706.73590959  -51050394.07851479  -36720302.37196476 
    -7425867.10088847]
[  -9112230.04796671  -14250768.87527899  -20461062.24357659 
    -8215745.93174921    -8258284.77942155    -8541582.83528153 
  -17023697.69153243      4275255.01381323    -5704112.4719267 
      4870794.72236037  -15239796.81168912    -9334440.76001049 
  -15471322.8605431  ]
[  8437928.40286838    5645576.98285153  16716677.6922442      -497871.37508557 
    4206504.75048397  34317355.59816845    5576728.92522493    6793812.75057964 
    -413643.48262374  -4755752.73146796  19243622.30857038  26194064.07469904 
    7690518.94657718]
[  -9112230.04796671  -14250768.87527899  -20461062.24357659 
    -8215745.93174921    -8258284.77942155    -8541582.83528153 
  -17023697.69153243      4275255.01381323    -5704112.4719267 
      4870794.72236037  -15239796.81168912    -9334440.76001049 
  -15471322.8605431  ]
[  -6418332.02531982      3934104.55860136  -14009651.21177514 
    27305011.4292347        5485262.61559587  -29042412.29700658 
  -11548224.71274459    24936237.34175451      6821001.7990644 
    17034988.30450375  -49033105.62328491  -27995635.53847755 
    16193141.29619338]
increment_110
[1.06764475e+08  1.01691768e+08  1.04175397e+08  1.14649798e+08 
  9.85430075e+07  1.01705231e+08  8.46976247e+07  9.65238009e+07 
  9.53376835e+07  1.10750685e+08  7.51768603e+07  8.44997784e+07 
  1.12825283e+08]
[-2163000.06341142    5386536.44744771  12106383.76636846  -3031407.8238533 
  -8649880.80562668  17933209.89151816  10893866.46818447  16741725.91326113 
    2360362.84041503  -8859873.11240221  17878614.73942879  26516760.45458539 
  23285226.97134899]
[  8016142.60782846    5400516.78745367  16220155.29104888    -925916.16178853 
    2794505.03512501  34876299.30504706    5591429.97229496    6717745.33078418 
  -1439015.83916027  -4357131.97988713  19284335.73800271  26749300.61361276 
    7911685.41586442]
[-2163000.06341142    5386536.44744771  12106383.76636846  -3031407.8238533 
  -8649880.80562668  17933209.89151816  10893866.46818447  16741725.91326113 
    2360362.84041503  -8859873.11240221  17878614.73942879  26516760.45458539 
  23285226.97134899]
[  14727255.30262643  -17734248.04745278  -18016894.57654577 
      4734820.24271736      -702178.78841586  -30403673.34415936 
  -34479393.93597701  -23292698.2016181    -17556930.69183334 
    35120302.7424334    -51418199.20870549  -36767396.45356043 
    -7023825.2607035  ]
[  -9077147.1938025    -14183832.80113679  -20411534.88431049 
    -8200611.55412744    -8334965.49055879    -7897836.28879469 
  -17530685.42941098      4604610.21578333    -5694664.73984275 
      5868655.62849989  -15259785.62674963    -8421847.02014376 
  -15348777.95288673]
[  8016142.60782846    5400516.78745367  16220155.29104888    -925916.16178853 
    2794505.03512501  34876299.30504706    5591429.97229496    6717745.33078418 
  -1439015.83916027  -4357131.97988713  19284335.73800271  26749300.61361276 
    7911685.41586442]
[  -9077147.1938025    -14183832.80113679  -20411534.88431049 
    -8200611.55412744    -8334965.49055879    -7897836.28879469 
  -17530685.42941098      4604610.21578333    -5694664.73984275 
      5868655.62849989  -15259785.62674963    -8421847.02014376 
  -15348777.95288673]
[  -6261396.37325645      3761324.50659826  -13353618.21367751 
    27041866.47515211      7894888.12995356  -28516272.22265544 
  -12064420.46691563    25336693.04452852      8553191.54672267 
    14343394.83138455  -49078844.2668228    -27695917.18229206 
    15977167.20875785]
increment_120
[1.07582388e+08  1.02067091e+08  1.03739934e+08  1.14046474e+08 
  9.84647116e+07  1.03215606e+08  8.56249517e+07  9.72538272e+07 
  9.56074018e+07  1.09525157e+08  7.61354675e+07  8.49122910e+07 
  1.14012944e+08]
[-2020540.58672684    5519087.76539178  13092479.76553824  -1934241.83935519 
  -7661893.15520886  18584235.895746      11706947.98696667  17208554.22178056 
    3236090.0883808    -7899826.48355337  18225599.42260348  27682915.61510317 
  23859277.80676869]
[  7640617.5366186      5281144.20724806  15689731.17471024  -1001191.66076833 
    1365853.65552151  35472680.26833412    5597591.18159035    6724500.80261355 
  -2518599.53122271  -3709327.41160978  19303416.18325712  27196458.78657041 
    8294481.55163039]
[-2020540.58672684    5519087.76539178  13092479.76553824  -1934241.83935519 
  -7661893.15520886  18584235.895746      11706947.98696667  17208554.22178056 
    3236090.0883808    -7899826.48355337  18225599.42260348  27682915.61510317 
  23859277.80676869]
[  14845488.2301763    -18329587.45283771  -20402456.52428199 
      1032314.90688454    -6665590.8402942    -30820361.77116812 
  -34376636.46019577  -23312868.05711873  -21285629.28017939 
    34266114.96347487  -51738227.62544836  -36764880.61191999 
    -6384823.51846981]
[  -8952607.99110001  -14095025.7435898    -20235789.99037379 
    -8321515.95744145    -8306021.62912863    -7278413.40143965 
  -17980575.88822379      4749637.85983251    -5701275.10515675 
      6961357.31082586  -15289572.57016503    -7582504.55614937 
  -15245345.5818575  ]
[  7640617.5366186      5281144.20724806  15689731.17471024  -1001191.66076833 
    1365853.65552151  35472680.26833412    5597591.18159035    6724500.80261355 
  -2518599.53122271  -3709327.41160978  19303416.18325712  27196458.78657041 
    8294481.55163039]
[  -8952607.99110001  -14095025.7435898    -20235789.99037379 
    -8321515.95744145    -8306021.62912863    -7278413.40143965 
  -17980575.88822379      4749637.85983251    -5701275.10515675 
      6961357.31082586  -15289572.57016503    -7582504.55614937 
  -15245345.5818575  ]
[  -5954286.13191033      3437633.72463362  -12548151.44238677 
    26425538.74410498    10637847.85067011  -27966429.86139977 
  -12613683.13083701    25387693.53727004    10766363.96365101 
    11735099.61592522  -49095166.88637222  -27403434.28283135 
    15797778.3765602  ]
