inc
sigma_11
sigma_12
sigma_13
sigma_21
sigma_22
sigma_23
sigma_31
sigma_32
sigma_33
increment_0
[-3.47922543e-06  -3.47922543e-06  -3.47922543e-06  -3.47922543e-06 
  -3.47922543e-06  -3.47922543e-06  -3.47922543e-06  -3.47922543e-06 
  -3.47922543e-06  -3.47922543e-06  -3.47922543e-06  -3.47922543e-06 
  -3.47922543e-06  -3.47922543e-06]
[4.1378507e-06  4.1378507e-06  4.1378507e-06  4.1378507e-06  4.1378507e-06 
  4.1378507e-06  4.1378507e-06  4.1378507e-06  4.1378507e-06  4.1378507e-06 
  4.1378507e-06  4.1378507e-06  4.1378507e-06  4.1378507e-06]
[-3.6344193e-06  -3.6344193e-06  -3.6344193e-06  -3.6344193e-06 
  -3.6344193e-06  -3.6344193e-06  -3.6344193e-06  -3.6344193e-06 
  -3.6344193e-06  -3.6344193e-06  -3.6344193e-06  -3.6344193e-06 
  -3.6344193e-06  -3.6344193e-06]
[4.1378507e-06  4.1378507e-06  4.1378507e-06  4.1378507e-06  4.1378507e-06 
  4.1378507e-06  4.1378507e-06  4.1378507e-06  4.1378507e-06  4.1378507e-06 
  4.1378507e-06  4.1378507e-06  4.1378507e-06  4.1378507e-06]
[-1.54383187e-06  -1.54383187e-06  -1.54383187e-06  -1.54383187e-06 
  -1.54383187e-06  -1.54383187e-06  -1.54383187e-06  -1.54383187e-06 
  -1.54383187e-06  -1.54383187e-06  -1.54383187e-06  -1.54383187e-06 
  -1.54383187e-06  -1.54383187e-06]
[9.8243082e-07  9.8243082e-07  9.8243082e-07  9.8243082e-07  9.8243082e-07 
  9.8243082e-07  9.8243082e-07  9.8243082e-07  9.8243082e-07  9.8243082e-07 
  9.8243082e-07  9.8243082e-07  9.8243082e-07  9.8243082e-07]
[-3.6344193e-06  -3.6344193e-06  -3.6344193e-06  -3.6344193e-06 
  -3.6344193e-06  -3.6344193e-06  -3.6344193e-06  -3.6344193e-06 
  -3.6344193e-06  -3.6344193e-06  -3.6344193e-06  -3.6344193e-06 
  -3.6344193e-06  -3.6344193e-06]
[9.8243082e-07  9.8243082e-07  9.8243082e-07  9.8243082e-07  9.8243082e-07 
  9.8243082e-07  9.8243082e-07  9.8243082e-07  9.8243082e-07  9.8243082e-07 
  9.8243082e-07  9.8243082e-07  9.8243082e-07  9.8243082e-07]
[-2.02422881e-05  -2.02422881e-05  -2.02422881e-05  -2.02422881e-05 
  -2.02422881e-05  -2.02422881e-05  -2.02422881e-05  -2.02422881e-05 
  -2.02422881e-05  -2.02422881e-05  -2.02422881e-05  -2.02422881e-05 
  -2.02422881e-05  -2.02422881e-05]
increment_10
[9.36042982e+07  6.80669685e+07  7.86919119e+07  9.66835492e+07 
  9.31204024e+07  9.80812115e+07  7.41507236e+07  7.49154660e+07 
  9.63884643e+07  9.40103468e+07  8.74320271e+07  1.05317402e+08 
  9.30342065e+07  9.77012461e+07]
[9.97806132e+06  1.62604986e+07  2.59327828e+07  5.17727427e+06 
  7.32816291e+06  1.32315248e+07  2.20824505e+07  2.38249329e+07 
  2.10865999e+06  3.77648511e+06  7.54537144e+06  9.82488231e+06 
  6.66766579e+02  1.99144070e+06]
[    6828471.81224297    -1832364.48303846  -12682114.82901891 
    12490090.17290095    13521729.89444758      9554090.02527819 
    -5877988.90884145  -14175848.11468609    17260961.38249299 
    14329439.61935864    12965586.4190198        1355686.72673589 
    16677619.03812192    13830266.24188318]
[9.97806132e+06  1.62604986e+07  2.59327828e+07  5.17727427e+06 
  7.32816291e+06  1.32315248e+07  2.20824505e+07  2.38249329e+07 
  2.10865999e+06  3.77648511e+06  7.54537144e+06  9.82488231e+06 
  6.66766579e+02  1.99144070e+06]
[-36479450.54605958  -67434991.59617181  -59671825.74280032 
  -30451944.53795386  -36658153.50355994  -31201996.67900887 
  -60376987.54023766  -65720445.05290157  -27063473.58981414 
  -31806384.11561809  -40785768.51405957  -27295233.11915121 
  -24767078.86711763  -27042139.53787298]
[  -1277221.85750834      4306066.53003885    13575339.25914414 
    -7430322.82342012    -6090919.2441811          249012.6281237 
      8349985.02312631    11071751.7690301    -11512910.09203819 
  -11688694.2867268      -9118367.80261182    -1474420.25346595 
  -14139231.76308144    -8683395.07323755]
[    6828471.81224297    -1832364.48303846  -12682114.82901891 
    12490090.17290095    13521729.89444758      9554090.02527819 
    -5877988.90884145  -14175848.11468609    17260961.38249299 
    14329439.61935864    12965586.4190198        1355686.72673589 
    16677619.03812192    13830266.24188318]
[  -1277221.85750834      4306066.53003885    13575339.25914414 
    -7430322.82342012    -6090919.2441811          249012.6281237 
      8349985.02312631    11071751.7690301    -11512910.09203819 
  -11688694.2867268      -9118367.80261182    -1474420.25346595 
  -14139231.76308144    -8683395.07323755]
[    9017040.17873836  -18748238.1659705      -5148525.46705537 
    13161295.90053511      1634119.72564857      7096946.23887238 
    -7999108.46559913    -7664198.78620946      9746614.51762106 
      8049758.25941045      3511490.3807704      19986417.8285375 
      6371576.11114273    13064426.76100456]
increment_20
[9.74837504e+07  6.55209715e+07  7.99400016e+07  9.67831114e+07 
  9.43041532e+07  1.03902872e+08  7.41450360e+07  7.10728215e+07 
  9.65637517e+07  9.53100315e+07  8.71995338e+07  1.08652103e+08 
  9.61557263e+07  9.57932387e+07]
[  9129260.96850437  17558609.75121593  27615832.19576782    6016441.19236877 
    7009364.75619147  11580294.72068386  23018534.49318904  25179327.65666449 
    1711973.60335627    3650123.13754605    7794920.07355921    8534842.95622469 
      464233.35773745    2170789.47848567]
[    9444667.16584788    -2780513.37094054  -15831931.18656057 
    12839286.99635515    14263277.570168        11906274.29237594 
    -7785631.05648106  -16313266.29785359    17862865.67031293 
    14075460.70248767    12241079.24086111      3927703.78384133 
    17213956.23240239    14118361.4674901  ]
[  9129260.96850437  17558609.75121593  27615832.19576782    6016441.19236877 
    7009364.75619147  11580294.72068386  23018534.49318904  25179327.65666449 
    1711973.60335627    3650123.13754605    7794920.07355921    8534842.95622469 
      464233.35773745    2170789.47848567]
[-33304416.27419432  -72705184.64817312  -62431778.47911333 
  -32606182.48560213  -38361167.5006156    -27162334.80248776 
  -63258635.81134954  -73069405.37350434  -28742923.56366178 
  -32935083.35775664  -43568441.82663121  -25665135.66483371 
  -25978916.95348141  -31112400.93760595]
[  -2181404.58540065      5297844.74571719    15355372.23038932 
    -6974835.76368651    -6643694.62181203    -1772561.22529986 
      9921090.92344198    12363896.86797929  -12270584.89674232 
  -11890859.66654724    -8758651.96727823    -3600876.24056012 
  -13910885.48817229    -8737002.09249239]
[    9444667.16584788    -2780513.37094054  -15831931.18656057 
    12839286.99635515    14263277.570168        11906274.29237594 
    -7785631.05648106  -16313266.29785359    17862865.67031293 
    14075460.70248767    12241079.24086111      3927703.78384133 
    17213956.23240239    14118361.4674901  ]
[  -2181404.58540065      5297844.74571719    15355372.23038932 
    -6974835.76368651    -6643694.62181203    -1772561.22529986 
      9921090.92344198    12363896.86797929  -12270584.89674232 
  -11890859.66654724    -8758651.96727823    -3600876.24056012 
  -13910885.48817229    -8737002.09249239]
[  10810500.03300811  -23242764.72330506    -4361747.16543502 
    11337230.50186596        -36194.26632962      9969100.12739501 
    -8515581.00531651  -12416964.85329204      9336078.02703252 
      7545277.49221897      3169282.6669003      21102667.62495101 
      7872285.37385227    10568939.59267899]
increment_30
[9.83036366e+07  6.57392799e+07  8.11711179e+07  9.77190434e+07 
  9.57461070e+07  1.05586745e+08  7.61247207e+07  7.05087958e+07 
  9.79627989e+07  9.51149203e+07  8.88434719e+07  1.09059426e+08 
  9.75667348e+07  9.61345123e+07]
[  8937788.02389546  18133092.61067843  27739702.64880352    6297807.47668209 
    7538437.7387743    10967322.34820556  22414726.51487295  25956211.15731977 
    1469549.13654907    3913867.77675412    8529189.31928759    8373839.81338372 
      714750.73433103    2366276.18304351]
[    9393000.19755214    -2267900.74742195  -16716840.8430096 
    12205956.62434747    14673555.56276909    11966900.96155396 
    -9666870.20858014  -16777921.43601979    18006341.03114398 
    14118675.96789455    11190892.64401732      4341904.29774754 
    17656202.03880928    14375281.65867545]
[  8937788.02389546  18133092.61067843  27739702.64880352    6297807.47668209 
    7538437.7387743    10967322.34820556  22414726.51487295  25956211.15731977 
    1469549.13654907    3913867.77675412    8529189.31928759    8373839.81338372 
      714750.73433103    2366276.18304351]
[-34523623.5224941    -74366699.27739957  -64309847.30840163 
  -33897559.81570195  -39392170.3971997    -27868362.41390621 
  -65107954.33537865  -76151071.18311533  -29583548.19382329 
  -36111140.90537296  -44766579.03523105  -28033100.64997386 
  -28166296.22968735  -32781185.29687358]
[  -2063442.65104441      5140076.30143763    15384654.19674536 
    -6466289.05485139    -6339450.98512085    -1991212.14305452 
    10285023.94497108    12455246.66991531  -12281832.88962836 
  -11899286.52207465    -7617326.42686113    -3696773.19816147 
  -13767398.81152535    -8713060.85012231]
[    9393000.19755214    -2267900.74742195  -16716840.8430096 
    12205956.62434747    14673555.56276909    11966900.96155396 
    -9666870.20858014  -16777921.43601979    18006341.03114398 
    14118675.96789455    11190892.64401732      4341904.29774754 
    17656202.03880928    14375281.65867545]
[  -2063442.65104441      5140076.30143763    15384654.19674536 
    -6466289.05485139    -6339450.98512085    -1991212.14305452 
    10285023.94497108    12455246.66991531  -12281832.88962836 
  -11899286.52207465    -7617326.42686113    -3696773.19816147 
  -13767398.81152535    -8713060.85012231]
[  10624785.06337736  -25278885.96594276    -4045422.13874507 
    11601123.61929928    -1321233.73054098      9468338.55822592 
    -7094023.19965079  -14158730.13045596    10067123.79108712 
      5438690.89196679      4129076.65453199    19885654.87019911 
      7750879.45249794    10180333.69566691]
increment_40
[9.86181200e+07  6.66116947e+07  8.26215884e+07  9.89567806e+07 
  9.70925124e+07  1.06360162e+08  7.84700474e+07  7.10546104e+07 
  9.93438066e+07  9.46460900e+07  9.07523286e+07  1.09143251e+08 
  9.81678851e+07  9.69033591e+07]
[  8982706.73012233  18184394.05006353  27439166.88606983    6575419.15600406 
    8459420.21118386  10878563.64237782  21532759.67640597  26164779.21365905 
    1213724.73540948    4189681.31735757    9264417.77102726    8465441.6025201 
      974775.23087251    2513800.22380761]
[    8626111.85202216      -900095.3015675    -17313270.77901495 
    10955246.61160217    15363179.11435411    11329734.93143759 
  -10685958.45393644  -16767690.55260369    18110621.25513378 
    14194912.00533198    10459253.91322903      4180597.02415482 
    17925878.05711837    14645935.01130483]
[  8982706.73012233  18184394.05006353  27439166.88606983    6575419.15600406 
    8459420.21118386  10878563.64237782  21532759.67640597  26164779.21365905 
    1213724.73540948    4189681.31735757    9264417.77102726    8465441.6025201 
      974775.23087251    2513800.22380761]
[-36593479.47550389  -74782970.0696911    -65824747.10290279 
  -34956110.14951572  -39832172.12322227  -29592361.29789443 
  -65987847.02590338  -77798927.3940958    -30190404.30125101 
  -39432972.05110984  -45608001.16754067  -30734812.12822836 
  -31042281.22928144  -33842908.6057369  ]
[  -1613881.88417949      4433574.61270897    15072068.7358398 
    -5905252.7272707      -5884556.32380351    -1685475.20774625 
    10095439.91265611    11971030.92510184  -12215570.60934919 
  -11819601.37688381    -6418089.44106974    -3302396.33565074 
  -13508203.88979546    -8721723.77743831]
[    8626111.85202216      -900095.3015675    -17313270.77901495 
    10955246.61160217    15363179.11435411    11329734.93143759 
  -10685958.45393644  -16767690.55260369    18110621.25513378 
    14194912.00533198    10459253.91322903      4180597.02415482 
    17925878.05711837    14645935.01130483]
[  -1613881.88417949      4433574.61270897    15072068.7358398 
    -5905252.7272707      -5884556.32380351    -1685475.20774625 
    10095439.91265611    11971030.92510184  -12215570.60934919 
  -11819601.37688381    -6418089.44106974    -3302396.33565074 
  -13508203.88979546    -8721723.77743831]
[  10165584.08682646  -26871905.33974367    -3474364.40340219 
    12710753.54180806    -2770687.06243851      8339921.97302489 
    -5446657.90743696  -14726066.9551492      10809463.83719194 
      3082074.83936248      4869689.37769431    18523605.42953748 
      6928627.85967195    10097781.18097868]
increment_50
[9.88467425e+07  6.76237297e+07  8.41577414e+07  1.00430508e+08 
  9.83167166e+07  1.06967512e+08  8.08527566e+07  7.18164477e+07 
  1.00845360e+08  9.41929356e+07  9.28026107e+07  1.09071740e+08 
  9.83079428e+07  9.80438747e+07]
[  9123990.3153894    18241246.86840577  27196118.94085347    7042976.83976998 
    9693385.64649333  10984285.76999009  20831870.06322565  26236878.80607552 
      936739.49244475    4481435.57147569  10088707.81296509    8517465.82487661 
    1243026.41613676    2597894.58128224]
[    7589078.96530538        644142.74014295  -18117284.06593196 
      9196454.33301868    16211063.35345735    10351469.39788253 
  -11312413.59959521  -16811741.9241804      18159754.0886802 
    14261123.39164168      9693217.12445758      4015696.65677189 
    18009217.42856901    14938907.50733211]
[  9123990.3153894    18241246.86840577  27196118.94085347    7042976.83976998 
    9693385.64649333  10984285.76999009  20831870.06322565  26236878.80607552 
      936739.49244475    4481435.57147569  10088707.81296509    8517465.82487661 
    1243026.41613676    2597894.58128224]
[-38856717.08707571  -74761827.88012893  -67215624.19789438 
  -35796699.81930226  -39955370.187865      -31520580.80470103 
  -66366131.02424103  -79118857.98675835  -30507297.93799007 
  -42530923.99927797  -46383867.94294398  -33368684.67749307 
  -34217930.27101076  -34392976.11406034]
[  -1073730.94728697      3724687.43735035    14875815.92233404 
    -5177992.39644105    -5271355.39573443    -1246150.77108395 
      9806484.16205494    11413151.79563909  -12061060.04010366 
  -11630944.33272528    -5083359.64021688    -2865590.20621351 
  -13137138.04531073    -8760191.18976236]
[    7589078.96530538        644142.74014295  -18117284.06593196 
      9196454.33301868    16211063.35345735    10351469.39788253 
  -11312413.59959521  -16811741.9241804      18159754.0886802 
    14261123.39164168      9693217.12445758      4015696.65677189 
    18009217.42856901    14938907.50733211]
[  -1073730.94728697      3724687.43735035    14875815.92233404 
    -5177992.39644105    -5271355.39573443    -1246150.77108395 
      9806484.16205494    11413151.79563909  -12061060.04010366 
  -11630944.33272528    -5083359.64021688    -2865590.20621351 
  -13137138.04531073    -8760191.18976236]
[    9765361.59095555  -28376177.50411496    -2658567.27141796 
    14463499.76624671    -4373407.29467082      7324924.64565222 
    -3810135.50535073  -14899671.31422517    11635861.66878966 
        720181.759679          5569046.23221851    17076230.83271576 
      5668897.85466032    10286831.06053885]
increment_60
[9.91060501e+07  6.87078315e+07  8.58189560e+07  1.02148011e+08 
  9.93408658e+07  1.07705250e+08  8.32235170e+07  7.25763570e+07 
  1.02445910e+08  9.39040162e+07  9.48503286e+07  1.09035764e+08 
  9.82680104e+07  9.94775897e+07]
[  9349574.61817827  18408886.4784189    27120202.8151849      7749370.81787829 
  11138248.74281353  11208431.88006742  20310119.65657281  26401444.35612362 
      642765.39012228    4809288.38549602  11013449.74479491    8508720.78705661 
    1478837.44436267    2680616.89155748]
[    6522602.36407168      2224434.26910819  -19307799.78982995 
      7115208.51706785    17115397.20453348      9189147.64936064 
  -11623121.31342015  -17002898.26223385    18153706.05380882 
    14372215.75008696      8748902.2304477        3889890.86437262 
    17960692.11309326    15248374.11357468]
[  9349574.61817827  18408886.4784189    27120202.8151849      7749370.81787829 
  11138248.74281353  11208431.88006742  20310119.65657281  26401444.35612362 
      642765.39012228    4809288.38549602  11013449.74479491    8508720.78705661 
    1478837.44436267    2680616.89155748]
[-41093853.63762031  -74458318.58437298  -68527418.97443983 
  -36344319.68624341  -40046833.21587712  -33317785.07643352 
  -66406916.84446522  -80343635.48542108  -30601993.75377302 
  -45168518.41670509  -47281551.61695962  -35746353.91482573 
  -37307213.34650008  -34599687.21096292]
[    -555192.48890548      3131842.65062247    14934990.98471962 
    -4291921.45680845    -4523822.42920229      -769699.36254719 
      9464908.02660255    11004096.79670704  -11837609.83841648 
  -11376824.73647711    -3602778.31902438    -2425167.20668442 
  -12726033.98802851    -8807735.89804127]
[    6522602.36407168      2224434.26910819  -19307799.78982995 
      7115208.51706785    17115397.20453348      9189147.64936064 
  -11623121.31342015  -17002898.26223385    18153706.05380882 
    14372215.75008696      8748902.2304477        3889890.86437262 
    17960692.11309326    15248374.11357468]
[    -555192.48890548      3131842.65062247    14934990.98471962 
    -4291921.45680845    -4523822.42920229      -769699.36254719 
      9464908.02660255    11004096.79670704  -11837609.83841648 
  -11376824.73647711    -3602778.31902438    -2425167.20668442 
  -12726033.98802851    -8807735.89804127]
[    9431505.49262024  -29802171.80164862    -1519416.08055155 
    16754848.21861994    -6122932.23403996      6646211.28070977 
    -2252784.67814593  -14940574.10261819    12547076.93141848 
    -1522800.17960916      6201620.68276327    15696327.12560664 
      4252406.63598112    10663149.89549096]
increment_70
[9.94193965e+07  6.97600703e+07  8.76075977e+07  1.04144782e+08 
  1.00123200e+08  1.08678487e+08  8.55034453e+07  7.34350667e+07 
  1.03991230e+08  9.38404160e+07  9.66676107e+07  1.09156278e+08 
  9.83490789e+07  1.01037377e+08]
[  9728016.28664834  18525751.65526061  27149649.39434631    8677857.61809792 
  12680616.29988644  11576911.97884535  19830290.16693063  26580927.66960296 
      321368.42597374    5223696.69204742  11996842.34742912    8508661.58306381 
    1639172.3070739      2790981.69645697]
[    5478738.72867221      3756172.60675564  -20823004.44709221 
      4904072.52559684    17961091.82188373      7938620.439374 
  -11680918.96542159  -17226710.40622236    18120265.38437971 
    14537404.87575102      7601919.18443468      3664902.06417248 
    17864360.2970022      15559237.06447589]
[  9728016.28664834  18525751.65526061  27149649.39434631    8677857.61809792 
  12680616.29988644  11576911.97884535  19830290.16693063  26580927.66960296 
      321368.42597374    5223696.69204742  11996842.34742912    8508661.58306381 
    1639172.3070739      2790981.69645697]
[-43289401.9698733    -74121544.23649846  -69757055.04445645 
  -36555463.27401782  -40318444.97753489  -34839592.69649701 
  -66250284.74537692  -81361713.68133259  -30604867.4854796 
  -47220635.16864654  -48498204.68936419  -37817961.7153304 
  -39937500.8619048    -34671966.30215706]
[      -60489.28949037      2566383.59583399    15192424.73721104 
    -3260493.76690245    -3665217.66633233      -248342.34790699 
      9001924.99906548    10676024.52187483  -11628201.10683035 
  -11062974.72449895    -2058374.69161457    -1904694.11312615 
  -12354382.41989985    -8856480.88436885]
[    5478738.72867221      3756172.60675564  -20823004.44709221 
      4904072.52559684    17961091.82188373      7938620.439374 
  -11680918.96542159  -17226710.40622236    18120265.38437971 
    14537404.87575102      7601919.18443468      3664902.06417248 
    17864360.2970022      15559237.06447589]
[      -60489.28949037      2566383.59583399    15192424.73721104 
    -3260493.76690245    -3665217.66633233      -248342.34790699 
      9001924.99906548    10676024.52187483  -11628201.10683035 
  -11062974.72449895    -2058374.69161457    -1904694.11312615 
  -12354382.41989985    -8856480.88436885]
[    9112083.91279187  -31165394.26789365        -75492.02114715 
    19427615.882997        -7971265.49393015      6307581.43595863 
      -749824.42059854  -14839956.10602791    13460198.14161756 
    -3601726.8143848        6644090.57934559    14502177.75824609 
      2982598.14300762    11072302.775028    ]
increment_80
[9.98612550e+07  7.06333141e+07  8.93774744e+07  1.06434538e+08 
  1.00655812e+08  1.09762029e+08  8.76260507e+07  7.43652445e+07 
  1.05497333e+08  9.39897312e+07  9.83466276e+07  1.09430772e+08 
  9.86499424e+07  1.02559165e+08]
[  1.02821972e+07    1.85135320e+07    2.72047080e+07    9.70806708e+06 
    1.42066358e+07    1.20406645e+07    1.93563520e+07    2.66333328e+07 
  -9.24409328e+03    5.87269545e+06    1.29624979e+07    8.55889446e+06 
    1.73151779e+06    2.88305615e+06]
[    4480760.41060644      5146814.42348265  -22492767.87718076 
      2688319.14316034    18662219.55377709      6763938.37204444 
  -11594393.87267498  -17394666.34750161    18019835.1149387 
    14818069.44156247      6460962.27881807      3325721.78506614 
    17773029.12505317    15970534.35634863]
[  1.02821972e+07    1.85135320e+07    2.72047080e+07    9.70806708e+06 
    1.42066358e+07    1.20406645e+07    1.93563520e+07    2.66333328e+07 
  -9.24409328e+03    5.87269545e+06    1.29624979e+07    8.55889446e+06 
    1.73151779e+06    2.88305615e+06]
[-45388167.67990762  -73985393.66586646  -70968288.42333494 
  -36402060.98966835  -40877885.67756187  -36138268.14168027 
  -66011811.22639984  -82190581.62173696  -30542959.27276533 
  -48586132.09982453  -49844325.1230107    -39629015.97586171 
  -42055469.02787609  -34703385.04955459]
[      409680.14643115      1981068.80940151    15530965.19860432 
    -2093414.49360572    -2753169.59444917        236933.03399575 
      8403746.33695907    10280401.27887956  -11429627.02583314 
  -10620455.04476924      -551479.75502785    -1265022.36295892 
  -12006115.05095515    -8946751.22800498]
[    4480760.41060644      5146814.42348265  -22492767.87718076 
      2688319.14316034    18662219.55377709      6763938.37204444 
  -11594393.87267498  -17394666.34750161    18019835.1149387 
    14818069.44156247      6460962.27881807      3325721.78506614 
    17773029.12505317    15970534.35634863]
[      409680.14643115      1981068.80940151    15530965.19860432 
    -2093414.49360572    -2753169.59444917        236933.03399575 
      8403746.33695907    10280401.27887956  -11429627.02583314 
  -10620455.04476924      -551479.75502785    -1265022.36295892 
  -12006115.05095515    -8946751.22800498]
[    8823131.63725162  -32471617.77454483      1472926.53865155 
    22326203.17091004    -9820413.60736265      6100929.58691466 
        709453.64289969  -14632490.56959464    14432490.61353091 
    -5515939.93567791      6932391.49246928    13458912.42237616 
      1956826.8587931      11335121.55045514]
increment_90
[1.00394524e+08  7.12746099e+07  9.10593150e+07  1.09003032e+08 
  1.01044538e+08  1.10901850e+08  8.94551653e+07  7.54247268e+07 
  1.06909635e+08  9.41888918e+07  9.98112974e+07  1.09828703e+08 
  9.88311975e+07  1.03841820e+08]
[10878413.82679275  18436864.94853776  27218880.35430139  10819172.20944191 
  15594260.91295755  12482148.19836817  18959803.49675791  26440209.53471867 
    -283284.62669052    6852278.76912617  13877367.46541324    8649531.13755071 
    1722335.17929002    2871039.60286202]
[    3530366.06612904      6302571.07770498  -24126736.13594737 
        547090.79238955    19266573.74005372      5784114.28409465 
  -11510565.70712524  -17477924.59830626    17814723.51994004 
    15254621.56527696      5315150.19563442      2872220.91696065 
    17678564.53477392    16387881.44873691]
[10878413.82679275  18436864.94853776  27218880.35430139  10819172.20944191 
  15594260.91295755  12482148.19836817  18959803.49675791  26440209.53471867 
    -283284.62669052    6852278.76912617  13877367.46541324    8649531.13755071 
    1722335.17929002    2871039.60286202]
[-47363542.51690331  -74164836.43290108  -72141017.19443484 
  -35975765.18918176  -41646282.86265086  -37190822.23328774 
  -65909284.97771608  -82828965.78021826  -30575627.31998301 
  -49329036.94662866  -51332305.04930952  -41221593.76980028 
  -44007619.9001352    -34850369.66020001]
[      873623.33506511      1464494.13751413    15831138.83812414 
      -728021.75324427    -1867700.34168377        626719.62838574 
      7841928.78933517      9761551.99514975  -11210229.04264151 
  -10011097.42997765        814303.06533786      -676181.15946065 
  -11728582.53055659    -9063788.81860996]
[    3530366.06612904      6302571.07770498  -24126736.13594737 
        547090.79238955    19266573.74005372      5784114.28409465 
  -11510565.70712524  -17477924.59830626    17814723.51994004 
    15254621.56527696      5315150.19563442      2872220.91696065 
    17678564.53477392    16387881.44873691]
[      873623.33506511      1464494.13751413    15831138.83812414 
      -728021.75324427    -1867700.34168377        626719.62838574 
      7841928.78933517      9761551.99514975  -11210229.04264151 
  -10011097.42997765        814303.06533786      -676181.15946065 
  -11728582.53055659    -9063788.81860996]
[    8583088.68198722  -33776062.69450285      3016066.4253239 
    25204737.08409689  -11594319.34870518      5969595.28507119 
      1992299.02975253  -14311673.67691339    15346403.75717329 
    -7451102.23783637      7089701.89576736    12595002.72219876 
        876287.4886631      11373263.32573858]
increment_100
[1.00964946e+08  7.17426763e+07  9.25914214e+07  1.11915136e+08 
  1.01387412e+08  1.11972386e+08  9.10447315e+07  7.65888710e+07 
  1.08354268e+08  9.45874656e+07  1.01356486e+08  1.10338776e+08 
  9.88618918e+07  1.04940068e+08]
[11440039.83341584  18521860.80470913  27174724.48000251  11891963.97643128 
  16802180.78436638  12778158.22722125  18759867.80120404  26034169.43336552 
    -427556.69213599    8335866.17915462  14734313.37668804    8759802.0144796 
    1635120.07910654    2734695.21332586]
[    2668190.1689998        7182931.58135165  -25621893.71284098 
    -1392270.97596145    19832929.77583579      4996948.61902495 
  -11611693.65867934  -17540663.71329441    17543685.29669409 
    15977970.18876858      4268950.21006648      2415001.19710292 
    17635856.2061214      16830882.08138679]
[11440039.83341584  18521860.80470913  27174724.48000251  11891963.97643128 
  16802180.78436638  12778158.22722125  18759867.80120404  26034169.43336552 
    -427556.69213599    8335866.17915462  14734313.37668804    8759802.0144796 
    1635120.07910654    2734695.21332586]
[-49231243.59683567  -74565302.76840039  -73276013.77275187 
  -35196828.98306704  -42475029.38062324  -38140533.53698035 
  -66029255.84698512  -83311911.1353191    -30632864.54063621 
  -49199098.82068262  -52638199.71736333  -42589168.15215064 
  -45857198.48867857  -35053072.1725873  ]
[    1298084.81925047      1153856.62365145    16044969.26621694 
        802297.98695077    -1048511.15268223        846345.62046789 
      7473036.00565226      9137948.74498639  -10990415.91100033 
    -9156799.70860488      2048569.14230746      -184629.63251982 
  -11546568.12190874    -9229833.40137014]
[    2668190.1689998        7182931.58135165  -25621893.71284098 
    -1392270.97596145    19832929.77583579      4996948.61902495 
  -11611693.65867934  -17540663.71329441    17543685.29669409 
    15977970.18876858      4268950.21006648      2415001.19710292 
    17635856.2061214      16830882.08138679]
[    1298084.81925047      1153856.62365145    16044969.26621694 
        802297.98695077    -1048511.15268223        846345.62046789 
      7473036.00565226      9137948.74498639  -10990415.91100033 
    -9156799.70860488      2048569.14230746      -184629.63251982 
  -11546568.12190874    -9229833.40137014]
[    8326728.03765148  -35026931.29257893      4431919.22961176 
    28002416.84194385  -13220883.49364863      5837415.75870082 
      3095535.56136604  -13869704.00867958    16283867.81287231 
    -9289101.27908457      7341161.73824607    11872804.97428287 
      -284720.87236792    11242925.23480328]
increment_110
[1.01538505e+08  7.20230627e+07  9.39103560e+07  1.15148991e+08 
  1.01780044e+08  1.13055811e+08  9.24055464e+07  7.77679986e+07 
  1.09728078e+08  9.51243412e+07  1.03029745e+08  1.10909314e+08 
  9.87306242e+07  1.05841819e+08]
[11914915.52156533  18873600.60441945  27107610.28980714  12851912.75897529 
  17755605.65690684  12877622.70587892  18818248.02546906  25499348.67603844 
    -421170.63313176  10159496.45355592  15527166.79094493    8852401.61479963 
    1497583.8419842      2477102.23647036]
[    1976519.55350096      7750332.51629558  -26937605.76600002 
    -3025355.90398782    20449486.39644403      4398627.87180644 
  -11984316.98297639  -17635655.63909825    17206502.16850223 
    16964372.38780954      3372096.56770272      2034752.90951075 
    17631022.89762346    17271928.09769996]
[11914915.52156533  18873600.60441945  27107610.28980714  12851912.75897529 
  17755605.65690684  12877622.70587892  18818248.02546906  25499348.67603844 
    -421170.63313176  10159496.45355592  15527166.79094493    8852401.61479963 
    1497583.8419842      2477102.23647036]
[-50972086.67442445  -75210468.19395944  -74428014.54539062 
  -34070455.43568153  -43220241.35651466  -38926174.80407795 
  -66465813.06882101  -83740011.56085885  -30833605.24150918 
  -48419532.0636578    -53671843.81869739  -43754902.42401867 
  -47664138.70490453  -35344616.89199541]
[    1627549.98617682      1121709.14502448    16187096.30277319 
      2461080.07037376      -385935.89939158        872253.52890568 
      7389007.56858397      8469210.97979435  -10766039.60440055 
    -8173071.80819612      3132889.80862579        133121.90401054 
  -11434921.72252818    -9409157.57152567]
[    1976519.55350096      7750332.51629558  -26937605.76600002 
    -3025355.90398782    20449486.39644403      4398627.87180644 
  -11984316.98297639  -17635655.63909825    17206502.16850223 
    16964372.38780954      3372096.56770272      2034752.90951075 
    17631022.89762346    17271928.09769996]
[    1627549.98617682      1121709.14502448    16187096.30277319 
      2461080.07037376      -385935.89939158        872253.52890568 
      7389007.56858397      8469210.97979435  -10766039.60440055 
    -8173071.80819612      3132889.80862579        133121.90401054 
  -11434921.72252818    -9409157.57152567]
[    8003746.43364326  -36230069.19306517      5599867.86828614 
    30623900.87701184  -14625890.58167372      5793210.47333504 
      3959642.55056262  -13374148.01984439    17109841.29384016 
  -11018571.25835267      7723538.42816341    11227327.68969368 
    -1522245.10490739    10924821.39549355]
increment_120
[1.02033922e+08  7.21470849e+07  9.50556268e+07  1.18515529e+08 
  1.02209281e+08  1.14267723e+08  9.35644166e+07  7.89244747e+07 
  1.10922971e+08  9.58392387e+07  1.04741804e+08  1.11536962e+08 
  9.85141077e+07  1.06533856e+08]
[12255022.08927952  19436510.49156123  27043825.93165229  13685830.33739764 
  18470035.4343348    12813912.49412521  19098866.13227504  25055518.83117959 
    -328297.00954414  12027481.2957915    16226797.84005278    8912779.7824332 
    1324265.96984567    2151275.41392852]
[    1499263.53229088      7929206.90258336  -28006591.76949533 
    -4355617.03164397    21119861.98787104      3937852.55677417 
  -12583691.28248518  -17752479.02895275    16800410.69522935 
    18081442.07222258      2527293.58359122      1740518.53915333 
    17561158.75826155    17586930.97468545]
[12255022.08927952  19436510.49156123  27043825.93165229  13685830.33739764 
  18470035.4343348    12813912.49412521  19098866.13227504  25055518.83117959 
    -328297.00954414  12027481.2957915    16226797.84005278    8912779.7824332 
    1324265.96984567    2151275.41392852]
[-52598374.47033465  -76162870.80149108  -75554128.70918486 
  -32747113.3466165    -43894752.73235127  -39439035.64321312 
  -67209813.84332205  -84099582.15465888  -31218368.80141811 
  -47304294.70928723  -54544098.11339608  -44737080.0414644 
  -49433558.39282614  -35827723.36104835]
[    1862517.11688538      1368094.76483888    16257287.03634559 
      4124732.16374489          99394.36508432        802445.06045213 
      7560632.22343886      7895789.36660898  -10507426.35396097 
    -7227804.69753421      4062605.6798294          271109.18650566 
  -11331465.81753965    -9548721.90962202]
[    1499263.53229088      7929206.90258336  -28006591.76949533 
    -4355617.03164397    21119861.98787104      3937852.55677417 
  -12583691.28248518  -17752479.02895275    16800410.69522935 
    18081442.07222258      2527293.58359122      1740518.53915333 
    17561158.75826155    17586930.97468545]
[    1862517.11688538      1368094.76483888    16257287.03634559 
      4124732.16374489          99394.36508432        802445.06045213 
      7560632.22343886      7895789.36660898  -10507426.35396097 
    -7227804.69753421      4062605.6798294          271109.18650566 
  -11331465.81753965    -9548721.90962202]
[    7565947.84117453  -37312352.61327883      6509358.63119619 
    33011200.89612816  -15853459.62610293      5924797.98133235 
      4576660.50898017  -12898471.52560342    17784255.57222523 
  -12527294.35793087      8204248.51812789    10633632.13505522 
    -2744424.36696723    10451162.15135686]
