inc
sigma_11
sigma_12
sigma_13
sigma_21
sigma_22
sigma_23
sigma_31
sigma_32
sigma_33
increment_0
[4.41199163e-05  4.41199163e-05  4.41199163e-05  4.41199163e-05 
  4.41199163e-05  4.41199163e-05  4.41199163e-05  4.41199163e-05 
  4.41199163e-05  4.41199163e-05  4.41199163e-05  4.41199163e-05 
  4.41199163e-05  4.41199163e-05  4.41199163e-05  4.41199163e-05 
  4.41199163e-05  4.41199163e-05  4.41199163e-05  4.41199163e-05]
[-5.3345153e-07  -5.3345153e-07  -5.3345153e-07  -5.3345153e-07 
  -5.3345153e-07  -5.3345153e-07  -5.3345153e-07  -5.3345153e-07 
  -5.3345153e-07  -5.3345153e-07  -5.3345153e-07  -5.3345153e-07 
  -5.3345153e-07  -5.3345153e-07  -5.3345153e-07  -5.3345153e-07 
  -5.3345153e-07  -5.3345153e-07  -5.3345153e-07  -5.3345153e-07]
[1.05282686e-05  1.05282686e-05  1.05282686e-05  1.05282686e-05 
  1.05282686e-05  1.05282686e-05  1.05282686e-05  1.05282686e-05 
  1.05282686e-05  1.05282686e-05  1.05282686e-05  1.05282686e-05 
  1.05282686e-05  1.05282686e-05  1.05282686e-05  1.05282686e-05 
  1.05282686e-05  1.05282686e-05  1.05282686e-05  1.05282686e-05]
[-5.3345153e-07  -5.3345153e-07  -5.3345153e-07  -5.3345153e-07 
  -5.3345153e-07  -5.3345153e-07  -5.3345153e-07  -5.3345153e-07 
  -5.3345153e-07  -5.3345153e-07  -5.3345153e-07  -5.3345153e-07 
  -5.3345153e-07  -5.3345153e-07  -5.3345153e-07  -5.3345153e-07 
  -5.3345153e-07  -5.3345153e-07  -5.3345153e-07  -5.3345153e-07]
[4.27471777e-05  4.27471777e-05  4.27471777e-05  4.27471777e-05 
  4.27471777e-05  4.27471777e-05  4.27471777e-05  4.27471777e-05 
  4.27471777e-05  4.27471777e-05  4.27471777e-05  4.27471777e-05 
  4.27471777e-05  4.27471777e-05  4.27471777e-05  4.27471777e-05 
  4.27471777e-05  4.27471777e-05  4.27471777e-05  4.27471777e-05]
[4.1266262e-06  4.1266262e-06  4.1266262e-06  4.1266262e-06  4.1266262e-06 
  4.1266262e-06  4.1266262e-06  4.1266262e-06  4.1266262e-06  4.1266262e-06 
  4.1266262e-06  4.1266262e-06  4.1266262e-06  4.1266262e-06  4.1266262e-06 
  4.1266262e-06  4.1266262e-06  4.1266262e-06  4.1266262e-06  4.1266262e-06]
[1.05282686e-05  1.05282686e-05  1.05282686e-05  1.05282686e-05 
  1.05282686e-05  1.05282686e-05  1.05282686e-05  1.05282686e-05 
  1.05282686e-05  1.05282686e-05  1.05282686e-05  1.05282686e-05 
  1.05282686e-05  1.05282686e-05  1.05282686e-05  1.05282686e-05 
  1.05282686e-05  1.05282686e-05  1.05282686e-05  1.05282686e-05]
[4.1266262e-06  4.1266262e-06  4.1266262e-06  4.1266262e-06  4.1266262e-06 
  4.1266262e-06  4.1266262e-06  4.1266262e-06  4.1266262e-06  4.1266262e-06 
  4.1266262e-06  4.1266262e-06  4.1266262e-06  4.1266262e-06  4.1266262e-06 
  4.1266262e-06  4.1266262e-06  4.1266262e-06  4.1266262e-06  4.1266262e-06]
[6.47249783e-05  6.47249783e-05  6.47249783e-05  6.47249783e-05 
  6.47249783e-05  6.47249783e-05  6.47249783e-05  6.47249783e-05 
  6.47249783e-05  6.47249783e-05  6.47249783e-05  6.47249783e-05 
  6.47249783e-05  6.47249783e-05  6.47249783e-05  6.47249783e-05 
  6.47249783e-05  6.47249783e-05  6.47249783e-05  6.47249783e-05]
increment_10
[8.86901214e+07  8.79380702e+07  1.03835823e+08  1.15642930e+08 
  1.21333281e+08  8.92903512e+07  1.00571086e+08  9.44529036e+07 
  1.15690973e+08  8.66667860e+07  8.94073911e+07  9.55975566e+07 
  7.31842629e+07  8.05476268e+07  8.15351991e+07  8.51898907e+07 
  7.73815465e+07  8.57556675e+07  1.08579583e+08  1.06245023e+08]
[  -2891452.52982806    -8845139.37818532      2606353.26418872 
    10583789.75899899      5245718.76692793  -12208029.64552396 
    -2027078.94819105      5463651.05930815    -7455063.05886369 
    -8097432.92215428        761565.95346713    -5228214.66038978 
    -6132949.24283153    -3802328.52860137      5342120.6239954 
    -2553773.9936242        -661979.7279652        2709521.94243318 
      3943328.13035755      8617079.92619598]
[  -9922229.06183907    -8586013.27100295  -18129183.97653913 
  -12278413.93682682    -5086519.32045103  -24602933.9847922 
  -25924018.04987819  -13154387.5417381      -9398264.1358359 
  -20985376.32656817  -16691692.60012938    -2885642.74699119 
  -16557544.38722583  -18059790.66685779  -15809912.60879449 
  -17832574.01151942    -3925261.29711172      1794286.06101307 
      1353892.88829966    -8578402.39101811]
[  -2891452.52982806    -8845139.37818532      2606353.26418872 
    10583789.75899899      5245718.76692793  -12208029.64552396 
    -2027078.94819105      5463651.05930815    -7455063.05886369 
    -8097432.92215428        761565.95346713    -5228214.66038978 
    -6132949.24283153    -3802328.52860137      5342120.6239954 
    -2553773.9936242        -661979.7279652        2709521.94243318 
      3943328.13035755      8617079.92619598]
[    2036049.9286464        5657555.11896846      7307220.18582672 
    17078882.08785538    28599577.84235523      3386744.20171224 
      5157984.23605095    -1997845.34046713    31342340.06623358 
      -781215.84250334    -4853861.2796664      13611324.20808449 
  -13115676.02128855    -8986465.12011686  -14181852.25500564 
    -4982088.62303264    -8614586.83068639    -1663915.57203783 
    22368477.33888582    10050126.41615271]
[-16339779.2322131      -4380939.31791025    -5572800.54506094 
      5169703.51663377      4053482.93563326  -16062180.07296661 
  -14750152.2865381      -4920722.10908457  -17880795.93850213 
  -21480546.90362296  -10932108.85551063  -17628304.33046078 
  -28778969.58710507    -4232340.23215116    -6706011.52621119 
  -13764091.6449819      -6620841.0836825        6981371.84888489 
    -2286451.40787396      4422491.0044802  ]
[  -9922229.06183907    -8586013.27100295  -18129183.97653913 
  -12278413.93682682    -5086519.32045103  -24602933.9847922 
  -25924018.04987819  -13154387.5417381      -9398264.1358359 
  -20985376.32656817  -16691692.60012938    -2885642.74699119 
  -16557544.38722583  -18059790.66685779  -15809912.60879449 
  -17832574.01151942    -3925261.29711172      1794286.06101307 
      1353892.88829966    -8578402.39101811]
[-16339779.2322131      -4380939.31791025    -5572800.54506094 
      5169703.51663377      4053482.93563326  -16062180.07296661 
  -14750152.2865381      -4920722.10908457  -17880795.93850213 
  -21480546.90362296  -10932108.85551063  -17628304.33046078 
  -28778969.58710507    -4232340.23215116    -6706011.52621119 
  -13764091.6449819      -6620841.0836825        6981371.84888489 
    -2286451.40787396      4422491.0044802  ]
[-16613923.45319346  -37110704.71357258  -11383352.30945127 
    -1255309.53488747      1230675.90183911  -30256409.58947046 
  -10888286.5401609    -20151696.15690977        571534.10092947 
  -23547339.44834436  -23876261.67637312  -12696155.78012519 
  -27172439.33412839  -25483588.60925334    -6253870.1894285 
  -16752409.5083527    -26768301.46572641  -26445161.5382838 
    13015083.74747605  -13144160.46430822]
increment_20
[8.64593114e+07  8.45184691e+07  1.05131808e+08  1.16174177e+08 
  1.23381545e+08  8.90182474e+07  1.01851776e+08  9.97567297e+07 
  1.23375247e+08  8.88926331e+07  9.32082542e+07  9.80356325e+07 
  6.47504567e+07  8.05701740e+07  7.98629002e+07  8.95803640e+07 
  8.09344678e+07  8.80038180e+07  1.13786443e+08  1.08127200e+08]
[  -4373605.76749747    -8559181.48126173      4505389.87238341 
      9968455.14942281      4082408.70220445  -17382887.67124581 
    -5512455.26629151      4012882.646036      -16079134.10859289 
  -16321172.35934367    -3683464.95070525    -6809705.18030836 
    -6439395.28673367      -936772.7330167        7145110.37767738 
    -5216638.32559399        101353.85962753      2619313.74756543 
      3016091.99155166      9277905.84250029]
[-11924257.80494191    -9240932.50302267  -19343049.43899399 
  -11241833.15100899    -2342970.18727425  -27845129.17352562 
  -29692086.52210937  -13259398.66998393  -10040750.24737561 
  -24788515.46246864  -23784031.66169718    -2328598.60651626 
  -18608517.38988364  -18723687.69510438  -21729653.70767985 
  -20481014.41198092    -3769162.68271874      2922089.5112418 
      1915745.33804815    -9146274.11671107]
[  -4373605.76749747    -8559181.48126173      4505389.87238341 
      9968455.14942281      4082408.70220445  -17382887.67124581 
    -5512455.26629151      4012882.646036      -16079134.10859289 
  -16321172.35934367    -3683464.95070525    -6809705.18030836 
    -6439395.28673367      -936772.7330167        7145110.37767738 
    -5216638.32559399        101353.85962753      2619313.74756543 
      3016091.99155166      9277905.84250029]
[-3.76858548e+04    8.81468169e+05    5.17643309e+06    1.76127359e+07 
    3.21297621e+07    6.15188599e+06    6.95019768e+06    2.43242763e+06 
    4.59270941e+07    6.78590221e+06  -1.49744431e+06    1.69970487e+07 
  -2.22782444e+07  -1.29093635e+07  -2.13287910e+07  -8.40322380e+04 
  -7.08729164e+06    5.86543258e+05    2.76833421e+07    1.02428692e+07]
[-18988775.59297545    -2403569.1134176      -3404506.56874118 
      5808637.98451705      5102769.59492736  -17574275.81766394 
  -12444226.30396888    -1824778.42796951  -20284068.45734222 
  -21959106.85248631  -10182448.45053904  -18861062.85622429 
  -31455019.88756461    -3407210.57476344    -3030497.40842147 
  -15540836.57868079    -1694700.66990089      7605973.36748755 
    -1372417.58340152      5153627.23252675]
[-11924257.80494191    -9240932.50302267  -19343049.43899399 
  -11241833.15100899    -2342970.18727425  -27845129.17352562 
  -29692086.52210937  -13259398.66998393  -10040750.24737561 
  -24788515.46246864  -23784031.66169718    -2328598.60651626 
  -18608517.38988364  -18723687.69510438  -21729653.70767985 
  -20481014.41198092    -3769162.68271874      2922089.5112418 
      1915745.33804815    -9146274.11671107]
[-18988775.59297545    -2403569.1134176      -3404506.56874118 
      5808637.98451705      5102769.59492736  -17574275.81766394 
  -12444226.30396888    -1824778.42796951  -20284068.45734222 
  -21959106.85248631  -10182448.45053904  -18861062.85622429 
  -31455019.88756461    -3407210.57476344    -3030497.40842147 
  -15540836.57868079    -1694700.66990089      7605973.36748755 
    -1372417.58340152      5153627.23252675]
[-16580040.42629331  -44022336.17403935  -12224215.56496482 
    -4282134.50695477        874999.11925924  -33388462.44617113 
  -16607612.83743417  -22625476.99024179      1853402.38720209 
  -29020118.97763001  -27126602.29736017  -11435121.92832869 
  -33721073.88243458  -28022979.37822188    -7818963.73267245 
  -16624617.5228119    -31472053.39628058  -29915646.50787275 
    13192735.53872407  -14306757.47817233]
increment_30
[8.74897011e+07  8.51172155e+07  1.05314343e+08  1.15844700e+08 
  1.24239216e+08  8.91631466e+07  1.03481992e+08  1.01723956e+08 
  1.25818600e+08  9.05652520e+07  9.72753549e+07  9.83978741e+07 
  6.25998155e+07  8.11211177e+07  7.98392465e+07  9.24083036e+07 
  8.35752953e+07  8.98084373e+07  1.16079880e+08  1.09506705e+08]
[  -4605069.48749239    -8589253.77390929      4763732.43418589 
      9609908.89314527      3351400.02631589  -19504501.39149866 
    -8087773.8907262        3509174.70387683  -18454019.00437133 
  -19412897.57949864    -7200527.97373519    -5743024.80778956 
    -5590444.17906569      -225170.25357509      8672567.22560849 
    -6194013.18584429        -27960.43998            2231384.94317223 
      2683060.89569024      9539373.62319845]
[-14264188.84384341    -9362834.40267806  -19485123.39828487 
  -11186921.01572448    -2385283.63734387  -28253631.94042756 
  -29888897.29840786  -13373349.5560804    -11417462.67984824 
  -25518762.44636168  -25777123.68865433    -4347954.33665783 
  -18786027.23025581  -18411836.46878385  -25368885.53330916 
  -21680993.63733914    -4805586.50293284      2105151.25844923 
      2025028.83473334    -9321894.31155529]
[  -4605069.48749239    -8589253.77390929      4763732.43418589 
      9609908.89314527      3351400.02631589  -19504501.39149866 
    -8087773.8907262        3509174.70387683  -18454019.00437133 
  -19412897.57949864    -7200527.97373519    -5743024.80778956 
    -5590444.17906569      -225170.25357509      8672567.22560849 
    -6194013.18584429        -27960.43998            2231384.94317223 
      2683060.89569024      9539373.62319845]
[    -444712.51464777        476118.21034259      3852253.12915895 
    16570149.85324374    32831052.47316136      7687915.3059015 
    10089600.39699915      3457049.6150687      49233801.58073508 
    10765715.38937605      4159138.63917372    14648887.20156876 
  -25438317.4547596    -13917541.97369022  -25212005.32637906 
      2468703.11795207    -5664692.62881331      1579955.80026531 
    29853611.83860454    10312792.97109035]
[-19391717.02495562    -1900056.14787567    -3072710.71803762 
      5780170.66484511      4493371.66890852  -17646725.29628773 
  -12669104.43478271    -1570230.23446914  -20039472.59323265 
  -21539314.83991808  -11610928.30662929  -18277900.01811207 
  -32543526.78280266    -2456701.51277927    -2563151.96701181 
  -15914270.86061035    -1014684.49632735      7328481.03067688 
    -1210441.43696382      5343039.64086783]
[-14264188.84384341    -9362834.40267806  -19485123.39828487 
  -11186921.01572448    -2385283.63734387  -28253631.94042756 
  -29888897.29840786  -13373349.5560804    -11417462.67984824 
  -25518762.44636168  -25777123.68865433    -4347954.33665783 
  -18786027.23025581  -18411836.46878385  -25368885.53330916 
  -21680993.63733914    -4805586.50293284      2105151.25844923 
      2025028.83473334    -9321894.31155529]
[-19391717.02495562    -1900056.14787567    -3072710.71803762 
      5780170.66484511      4493371.66890852  -17646725.29628773 
  -12669104.43478271    -1570230.23446914  -20039472.59323265 
  -21539314.83991808  -11610928.30662929  -18277900.01811207 
  -32543526.78280266    -2456701.51277927    -2563151.96701181 
  -15914270.86061035    -1014684.49632735      7328481.03067688 
    -1210441.43696382      5343039.64086783]
[-15515815.36565709  -45103808.10934529  -12985376.45447092 
    -5935076.11597698        681938.73060354  -35264711.33061521 
  -17615216.56410346  -22687836.33737709        522785.88157336 
  -30870703.88553984  -25495234.73593296  -12072392.45083987 
  -34338097.86265499  -30104061.20810721    -6735043.24469548 
  -15493937.92905417  -31693388.67753667  -30961344.85659839 
    12522486.82579493  -14318015.92107461]
increment_40
[8.89596774e+07  8.57195375e+07  1.05741470e+08  1.15897850e+08 
  1.25078781e+08  9.01613528e+07  1.05231971e+08  1.03010973e+08 
  1.26584799e+08  9.10353053e+07  9.97865120e+07  9.85857160e+07 
  6.22362273e+07  8.10973561e+07  7.99880396e+07  9.44321117e+07 
  8.57812355e+07  9.04178749e+07  1.17550432e+08  1.10823207e+08]
[  -4878794.3455672      -8336999.19817713      4858885.50273332 
      9356312.82693695      2992608.33174091  -21302753.53452388 
    -9740216.28260316      3267266.44001735  -18797350.35973566 
  -20899656.52797081    -8767679.06254568    -4607794.64631399 
    -5147826.20132819        -96231.00086809      9419577.13295823 
    -6363401.15973864        -92158.35561435      1716743.75199938 
      2631343.30563682      9654459.89053919]
[-16306894.92276673    -9198464.25269499  -19685241.79681167 
  -11662980.6707562      -2823189.81252446  -28414256.8775927 
  -30111727.41349458  -13232357.97570065  -12639868.75380419 
  -25534770.88391737  -26548352.69447494    -6377269.51239129 
  -18956203.70855986  -17731391.90278371  -28000079.19187956 
  -22687515.30786941    -6227130.96157899      1359603.05601777 
      1880963.16272863    -9069310.82960401]
[  -4878794.3455672      -8336999.19817713      4858885.50273332 
      9356312.82693695      2992608.33174091  -21302753.53452388 
    -9740216.28260316      3267266.44001735  -18797350.35973566 
  -20899656.52797081    -8767679.06254568    -4607794.64631399 
    -5147826.20132819        -96231.00086809      9419577.13295823 
    -6363401.15973864        -92158.35561435      1716743.75199938 
      2631343.30563682      9654459.89053919]
[    -315512.65521642      -136241.07760764      2910837.2681492 
    15648105.66888632    33104230.76843078      9923368.49459068 
    12565109.58239202      3778717.76753548    49062281.23228657 
    12524418.99019918      7055311.89237072    12041885.64917007 
  -26554216.35720367  -14852430.30382792  -27761993.83562064 
      3437039.19916091    -4767393.85040742      1527525.94654659 
    30935248.08089954    10667031.30373021]
[-19594477.99329404    -1371532.22740856    -2750383.93757889 
      5583013.5123525        4295917.59958992  -17484746.30661995 
  -12898659.9470366      -1406053.92211056  -19264425.69708989 
  -21599295.88183581  -12127637.9040505    -17762498.00126459 
  -32820077.14183485    -1570813.50858538    -2749551.32285164 
  -15182266.5836682      -1085342.14754744      7111946.58604212 
      -973553.84877134      5535078.2121099  ]
[-16306894.92276673    -9198464.25269499  -19685241.79681167 
  -11662980.6707562      -2823189.81252446  -28414256.8775927 
  -30111727.41349458  -13232357.97570065  -12639868.75380419 
  -25534770.88391737  -26548352.69447494    -6377269.51239129 
  -18956203.70855986  -17731391.90278371  -28000079.19187956 
  -22687515.30786941    -6227130.96157899      1359603.05601777 
      1880963.16272863    -9069310.82960401]
[-19594477.99329404    -1371532.22740856    -2750383.93757889 
      5583013.5123525        4295917.59958992  -17484746.30661995 
  -12898659.9470366      -1406053.92211056  -19264425.69708989 
  -21599295.88183581  -12127637.9040505    -17762498.00126459 
  -32820077.14183485    -1570813.50858538    -2749551.32285164 
  -15182266.5836682      -1085342.14754744      7111946.58604212 
      -973553.84877134      5535078.2121099  ]
[-14796121.12866489  -45715226.61243223  -13634447.29251986 
    -6798484.44444668        474472.69499005  -36555364.3921942 
  -17545854.9907444    -22742899.16256923    -1090197.11676582 
  -31905714.23030837  -24309664.00851382  -12687995.50010495 
  -34471440.26316553  -33144036.5799606      -5344537.57007958 
  -15400184.53310228  -30579685.82178636  -32405822.18338257 
    12695722.43843465  -14187061.34098076]
increment_50
[9.06886824e+07  8.62563522e+07  1.06522183e+08  1.16341784e+08 
  1.26123787e+08  9.14545764e+07  1.06771112e+08  1.03994353e+08 
  1.26273541e+08  9.10161482e+07  1.01151382e+08  9.84750270e+07 
  6.29932263e+07  8.05659040e+07  8.01211016e+07  9.64312250e+07 
  8.80971582e+07  9.07479531e+07  1.18721931e+08  1.11907449e+08]
[  -5383885.48129745    -7979426.50689379      4812094.22284392 
      9128261.68328102      2727978.6374765    -22686500.31979779 
  -10614596.20006947      3128163.88160012  -18324643.12987784 
  -21494373.89907653    -8919848.32607441    -3730810.82305167 
    -4848916.8678048        -154569.79597983      9718183.27591262 
    -6256728.48888262      -126620.13542854      1225800.97632212 
      2638857.56122814      9775531.73277366]
[-18066175.40503093    -8957201.9470346    -19809083.1966555 
  -12078442.17259392    -3164912.10098187  -28541161.4896317 
  -30334003.83049618  -12935123.07171538  -13802747.65794843 
  -25206188.29991034  -26772663.13806871    -8402103.01124378 
  -19291207.11033867  -16875216.26839991  -29983290.65078259 
  -23718155.11926732    -7669204.18768032        691626.07607967 
      1855663.91338551    -8705842.66555927]
[  -5383885.48129745    -7979426.50689379      4812094.22284392 
      9128261.68328102      2727978.6374765    -22686500.31979779 
  -10614596.20006947      3128163.88160012  -18324643.12987784 
  -21494373.89907653    -8919848.32607441    -3730810.82305167 
    -4848916.8678048        -154569.79597983      9718183.27591262 
    -6256728.48888262      -126620.13542854      1225800.97632212 
      2638857.56122814      9775531.73277366]
[      373285.71789014      -924531.67320449      2492438.10524219 
    15185972.44936083    33598992.84281814    12124342.69040354 
    14139509.50826126      3837357.48938676    47112471.05732863 
    13143103.28252872      7696484.04025271      9382665.22830302 
  -26600352.8574617    -16067445.02405816  -29644755.68822577 
      4006364.2762386      -3793305.96189446      1239852.73191553 
    31753399.8193828      10944557.37732084]
[-19444290.61992315      -795528.56001274    -2406688.97769471 
      5459760.61610076      4372889.29662849  -17091743.97225069 
  -12871991.73543334    -1149858.18365938  -18566261.02999041 
  -21733048.37505515  -11877051.67881137  -17496677.39187288 
  -32519710.14337408      -624003.57269553    -2960449.75868235 
  -13775062.89386637    -1104412.57832206      6992716.52877846 
      -612526.96546781      5772326.8902157  ]
[-18066175.40503093    -8957201.9470346    -19809083.1966555 
  -12078442.17259392    -3164912.10098187  -28541161.4896317 
  -30334003.83049618  -12935123.07171538  -13802747.65794843 
  -25206188.29991034  -26772663.13806871    -8402103.01124378 
  -19291207.11033867  -16875216.26839991  -29983290.65078259 
  -23718155.11926732    -7669204.18768032        691626.07607967 
      1855663.91338551    -8705842.66555927]
[-19444290.61992315      -795528.56001274    -2406688.97769471 
      5459760.61610076      4372889.29662849  -17091743.97225069 
  -12871991.73543334    -1149858.18365938  -18566261.02999041 
  -21733048.37505515  -11877051.67881137  -17496677.39187288 
  -32519710.14337408      -624003.57269553    -2960449.75868235 
  -13775062.89386637    -1104412.57832206      6992716.52877846 
      -612526.96546781      5772326.8902157  ]
[-14383443.76242268  -46240571.03586266  -14032301.98462908 
    -7164142.85825734        530305.66758806  -37414920.43942975 
  -17194945.36064887  -22935741.98730211    -2839210.25135738 
  -32500239.77618902  -23624127.36003578  -13503335.60477493 
  -34324117.75449249  -36332372.80247394    -4100827.20565742 
  -15649824.15712335  -29092553.9496301    -33702180.10497765 
    13229835.31444935  -14113790.20416863]
increment_60
[9.27142209e+07  8.69163051e+07  1.07770097e+08  1.17242603e+08 
  1.27319711e+08  9.29829254e+07  1.08190565e+08  1.04901906e+08 
  1.25247269e+08  9.07998466e+07  1.01687686e+08  9.80463045e+07 
  6.47178576e+07  7.98693641e+07  8.02277359e+07  9.83885205e+07 
  9.05627552e+07  9.11954284e+07  1.19846739e+08  1.12918505e+08]
[  -6120266.4562727      -7641130.43787729      4605880.8586488 
      8925846.96543325      2455093.39649794  -23727241.5964879 
  -10901743.62033987      2995849.6696663    -17393382.43683453 
  -21453902.02924147    -8015878.492319        -3166135.31873324 
    -4606855.19299713      -147738.12980636      9867965.46734642 
    -6044042.47243026      -155784.20471295        798085.5863386 
      2692104.97206921      9950949.3351074  ]
[-19465159.03986445    -8776519.65885698  -19773811.71306504 
  -12401758.07333771    -3360556.41599452  -28600513.96775726 
  -30556334.26986577  -12459712.28842364  -15109055.65046609 
  -24524031.25546955  -26680786.18562699  -10442908.96898768 
  -19747731.03607563  -15904900.62777861  -31398802.69873852 
  -24738701.13430854    -8805896.0629681            85917.75066705 
      1923600.25055517    -8577565.84128697]
[  -6120266.4562727      -7641130.43787729      4605880.8586488 
      8925846.96543325      2455093.39649794  -23727241.5964879 
  -10901743.62033987      2995849.6696663    -17393382.43683453 
  -21453902.02924147    -8015878.492319        -3166135.31873324 
    -4606855.19299713      -147738.12980636      9867965.46734642 
    -6044042.47243026      -155784.20471295        798085.5863386 
      2692104.97206921      9950949.3351074  ]
[    1714229.94258115    -1636596.29740563      2757479.00626158 
    15248728.28254564    34364709.3518116      14282145.66192484 
    15020808.21006137      3936834.62191106    43974072.3480143 
    13089174.63046991      6534247.18664727      6697421.74985715 
  -25781703.40149024  -17493953.52582895  -31168508.24543765 
      4375269.0985528      -2553072.13176428      1068972.37319837 
    32540670.88053567    11075611.84691685]
[-18870215.45848649      -241270.19135612    -2038814.38604708 
      5410501.59641011      4552445.24694897  -16532474.66910298 
  -12616077.29365078      -797192.54768857  -18067327.95916539 
  -21862113.7507688    -11102967.79471217  -17483830.77180274 
  -31815397.50355654        404623.58419644    -3045550.96350459 
  -12092555.69836843      -897667.25042989      6978928.03741728 
        -92588.59343798      5915455.6588521  ]
[-19465159.03986445    -8776519.65885698  -19773811.71306504 
  -12401758.07333771    -3360556.41599452  -28600513.96775726 
  -30556334.26986577  -12459712.28842364  -15109055.65046609 
  -24524031.25546955  -26680786.18562699  -10442908.96898768 
  -19747731.03607563  -15904900.62777861  -31398802.69873852 
  -24738701.13430854    -8805896.0629681            85917.75066705 
      1923600.25055517    -8577565.84128697]
[-18870215.45848649      -241270.19135612    -2038814.38604708 
      5410501.59641011      4552445.24694897  -16532474.66910298 
  -12616077.29365078      -797192.54768857  -18067327.95916539 
  -21862113.7507688    -11102967.79471217  -17483830.77180274 
  -31815397.50355654        404623.58419644    -3045550.96350459 
  -12092555.69836843      -897667.25042989      6978928.03741728 
        -92588.59343798      5915455.6588521  ]
[-14148533.83491223  -46628477.25705351  -14101468.75147453 
    -7119077.20813412        894582.34139419  -37843069.07305968 
  -16680462.06534178  -23175501.1067481      -4648690.64421326 
  -32705504.49486161  -23321347.85606326  -14579474.96543966 
  -33772837.2011821    -39155776.9649163      -2956627.13921441 
  -16021894.07639471  -27439275.51422816  -34691087.14945608 
    13875045.62987073  -13898762.8353986  ]
increment_70
[9.49425702e+07  8.76833762e+07  1.09344819e+08  1.18466067e+08 
  1.28518520e+08  9.47702214e+07  1.09593429e+08  1.05843915e+08 
  1.23823937e+08  9.04039839e+07  1.01578120e+08  9.75408686e+07 
  6.72696140e+07  7.94274595e+07  8.05914120e+07  1.00107145e+08 
  9.29365559e+07  9.16221824e+07  1.20991093e+08  1.14113192e+08]
[  -6934818.78350305    -7340119.2871938        4325399.29313527 
      8784454.34742822      2126448.91106726  -24526030.98083849 
  -10748166.80602786      2768400.84672427  -16320077.09589894 
  -20817694.21076762    -6325060.64952169    -2943101.26236556 
    -4482143.77324312        -46726.82965966    10045875.48197126 
    -5633628.43027889      -129176.85357414        485514.39432864 
      2684804.67778251    10113793.22893232]
[-20435943.37364412    -8596857.77968188  -19573600.5857174 
  -12714093.24903585    -3481948.78918747  -28497506.75288133 
  -30729899.61621332  -11821944.89747826  -16520232.45557606 
  -23440482.16327442  -26348048.36943148  -12416090.46528121 
  -20141975.56684086  -14843276.14489445  -32340823.4091281 
  -25674656.24190494    -9538135.35569418      -379577.0000733 
      2167361.17789012    -8783391.05260345]
[  -6934818.78350305    -7340119.2871938        4325399.29313527 
      8784454.34742822      2126448.91106726  -24526030.98083849 
  -10748166.80602786      2768400.84672427  -16320077.09589894 
  -20817694.21076762    -6325060.64952169    -2943101.26236556 
    -4482143.77324312        -46726.82965966    10045875.48197126 
    -5633628.43027889      -129176.85357414        485514.39432864 
      2684804.67778251    10113793.22893232]
[    3519901.49415546    -2240450.83131624      3488782.0125394 
    15624452.01769395    35258919.62483811    16538474.64513146 
    15417530.51307123      4259894.75727215    40273328.72068947 
    12376244.23490912      3892996.21843405      4289013.09746052 
  -24098677.59872786  -18760313.93345774  -32255802.85412584 
      4327659.67464248    -1289872.45414259        868202.95863447 
    33487309.42392673    11250671.18292236]
[-17957530.28687176        297249.61700633    -1597256.63575418 
      5385123.84399604      4715265.89729446  -15837838.35751156 
  -12153662.05014773      -406024.24874996  -17831546.26990653 
  -21920055.05547678    -9991238.93744433  -17662555.05290259 
  -30817287.24474441      1451709.19032069    -3031903.75122368 
  -10552992.94283843      -443005.55962703      7050342.22029967 
        451433.94582699      5867696.30521164]
[-20435943.37364412    -8596857.77968188  -19573600.5857174 
  -12714093.24903585    -3481948.78918747  -28497506.75288133 
  -30729899.61621332  -11821944.89747826  -16520232.45557606 
  -23440482.16327442  -26348048.36943148  -12416090.46528121 
  -20141975.56684086  -14843276.14489445  -32340823.4091281 
  -25674656.24190494    -9538135.35569418      -379577.0000733 
      2167361.17789012    -8783391.05260345]
[-17957530.28687176        297249.61700633    -1597256.63575418 
      5385123.84399604      4715265.89729446  -15837838.35751156 
  -12153662.05014773      -406024.24874996  -17831546.26990653 
  -21920055.05547678    -9991238.93744433  -17662555.05290259 
  -30817287.24474441      1451709.19032069    -3031903.75122368 
  -10552992.94283843      -443005.55962703      7050342.22029967 
        451433.94582699      5867696.30521164]
[-13935956.22586146  -46884480.76576632  -13979433.33618313 
    -6865382.50496846      1449455.486335      -37844025.35477637 
  -16075450.74091459  -23425136.17803286    -6476792.77858213 
  -32593255.01117585  -23366527.89330617  -15817807.33370844 
  -32864275.26224637  -41251071.13545804    -2056789.00131186 
  -16195314.5372099    -25833676.70010967  -35401791.37582153 
    14277828.29391342  -13380345.73298045]
increment_80
[9.72490370e+07  8.82709278e+07  1.11024169e+08  1.19776591e+08 
  1.29645901e+08  9.68617732e+07  1.10768396e+08  1.06631961e+08 
  1.21978951e+08  9.01733555e+07  1.00914985e+08  9.70126295e+07 
  7.06372599e+07  7.95508887e+07  8.16681168e+07  1.01642169e+08 
  9.50518069e+07  9.18600311e+07  1.22107980e+08  1.15478210e+08]
[-7.52498003e+06  -7.03799499e+06    4.02971522e+06    8.69114545e+06 
    1.75634301e+06  -2.49414508e+07  -1.02202029e+07    2.54556915e+06 
  -1.53533165e+07  -1.96473986e+07  -4.08725951e+06  -3.07334895e+06 
  -4.43049842e+06    1.08216314e+04    1.02470068e+07  -4.98235190e+06 
  -9.90299037e+04    2.99079410e+05    2.56639092e+06    1.01662087e+07]
[-20847571.44736404    -8372119.68332326  -19315480.33827056 
  -12944547.34641275    -3628664.15538439  -28150474.53648131 
  -30782692.14396648  -11237833.92978327  -17850546.87607751 
  -21904522.81289173  -25885437.83995415  -14330355.34542924 
  -20184728.20555363  -13742775.9608804    -33063814.20192004 
  -26737471.48674272    -9906901.31519672      -675004.43473786 
      2618093.84028539    -9203516.16035087]
[-7.52498003e+06  -7.03799499e+06    4.02971522e+06    8.69114545e+06 
    1.75634301e+06  -2.49414508e+07  -1.02202029e+07    2.54556915e+06 
  -1.53533165e+07  -1.96473986e+07  -4.08725951e+06  -3.07334895e+06 
  -4.43049842e+06    1.08216314e+04    1.02470068e+07  -4.98235190e+06 
  -9.90299037e+04    2.99079410e+05    2.56639092e+06    1.01662087e+07]
[  5.41523351e+06  -3.01516949e+06    4.36014719e+06    1.61099576e+07 
    3.61506433e+07    1.87842750e+07    1.51846933e+07    4.45693466e+06 
    3.63584172e+07    1.13386366e+07    3.18315009e+04    2.24856497e+06 
  -2.14651212e+07  -1.94079668e+07  -3.25436117e+07    3.79551492e+06 
  -1.39311568e+05    4.76137648e+05    3.46383126e+07    1.15386376e+07]
[-16800402.70962002        835008.00153127    -1091515.48388526 
      5388236.38721436      4848903.97521751  -14938287.51448768 
  -11494805.08983697        -43097.6454315    -17996836.77894789 
  -21685451.01106301    -8777491.16885091  -18032103.80916851 
  -29519529.50627799      2457021.43259386    -3062747.77622613 
    -9399820.83855237        166197.66584223      7183225.7557535 
        870735.5544282        5621529.95767591]
[-20847571.44736404    -8372119.68332326  -19315480.33827056 
  -12944547.34641275    -3628664.15538439  -28150474.53648131 
  -30782692.14396648  -11237833.92978327  -17850546.87607751 
  -21904522.81289173  -25885437.83995415  -14330355.34542924 
  -20184728.20555363  -13742775.9608804    -33063814.20192004 
  -26737471.48674272    -9906901.31519672      -675004.43473786 
      2618093.84028539    -9203516.16035087]
[-16800402.70962002        835008.00153127    -1091515.48388526 
      5388236.38721436      4848903.97521751  -14938287.51448768 
  -11494805.08983697        -43097.6454315    -17996836.77894789 
  -21685451.01106301    -8777491.16885091  -18032103.80916851 
  -29519529.50627799      2457021.43259386    -3062747.77622613 
    -9399820.83855237        166197.66584223      7183225.7557535 
        870735.5544282        5621529.95767591]
[-13548242.28758533  -47177825.11108827  -13862196.21533866 
    -6703469.73256349      2083671.80520525  -37347744.61092122 
  -15617026.64571445  -23745116.7606049      -8411866.84093081 
  -32104740.46008436  -23668116.8931249    -17196977.90377773 
  -31493459.33430051  -42400630.97406246    -1472489.69397014 
  -15774096.48928568  -24490696.45050183  -35873485.84323053 
    14218314.42670269  -12680632.64365238]
increment_90
[9.97225791e+07  8.85356140e+07  1.12612969e+08  1.20866384e+08 
  1.30545958e+08  9.92722940e+07  1.11521007e+08  1.07050988e+08 
  1.19811679e+08  9.03251597e+07  9.98825774e+07  9.64837229e+07 
  7.48580713e+07  8.02288826e+07  8.36599905e+07  1.03172205e+08 
  9.66699684e+07  9.19211845e+07  1.22820982e+08  1.16579699e+08]
[  -7673015.9455939      -6690311.19280105      3787803.72562154 
      8581267.42721502      1393058.86161951  -24825248.21430054 
    -9374131.47218824      2379636.47467332  -14750096.93948958 
  -18121013.99741345    -1584442.45445843    -3605694.11073578 
    -4465477.82249161        -75679.51181938    10283715.98017668 
    -4065657.62948564      -109184.90829053        111317.37323499 
      2461854.68201096    10065577.98901255]
[-20723116.09550303    -8037650.0789716    -19270698.45395541 
  -12829629.00169671    -3867701.2493243    -27515173.32547338 
  -30591479.184068      -10829656.86511732  -19058420.85964747 
  -19841054.1644032    -25411954.25255355  -16229016.82447919 
  -19716608.94030636  -12659193.43609178  -33880925.13649769 
  -28135161.11152997  -10063871.24552432      -836378.47274356 
      3045209.09602953    -9466610.48301759]
[  -7673015.9455939      -6690311.19280105      3787803.72562154 
      8581267.42721502      1393058.86161951  -24825248.21430054 
    -9374131.47218824      2379636.47467332  -14750096.93948958 
  -18121013.99741345    -1584442.45445843    -3605694.11073578 
    -4465477.82249161        -75679.51181938    10283715.98017668 
    -4065657.62948564      -109184.90829053        111317.37323499 
      2461854.68201096    10065577.98901255]
[  7.21112658e+06  -4.12053956e+06    5.00394931e+06    1.65840772e+07 
    3.67948595e+07    2.08219926e+07    1.42299956e+07    4.19611156e+06 
    3.26698295e+07    1.03074231e+07  -4.58925396e+06    6.69093311e+05 
  -1.77998630e+07  -1.93531421e+07  -3.17697085e+07    2.81550294e+06 
    6.52251937e+05  -1.60331320e+03    3.54200076e+07    1.17410348e+07]
[-15461440.23993876      1433370.66885568      -665618.75192507 
      5530290.01712233      5011537.91133139  -13804663.93045531 
  -10702067.58766211        278736.06717535  -18597358.31156173 
  -21080790.33039302    -7564405.0464461    -18583446.27526803 
  -27859309.92920271      3330298.48564861    -3328613.36782432 
    -8614764.44830289        764435.24305724      7330187.5666103 
      1222513.38004316      5323319.38449918]
[-20723116.09550303    -8037650.0789716    -19270698.45395541 
  -12829629.00169671    -3867701.2493243    -27515173.32547338 
  -30591479.184068      -10829656.86511732  -19058420.85964747 
  -19841054.1644032    -25411954.25255355  -16229016.82447919 
  -19716608.94030636  -12659193.43609178  -33880925.13649769 
  -28135161.11152997  -10063871.24552432      -836378.47274356 
      3045209.09602953    -9466610.48301759]
[-15461440.23993876      1433370.66885568      -665618.75192507 
      5530290.01712233      5011537.91133139  -13804663.93045531 
  -10702067.58766211        278736.06717535  -18597358.31156173 
  -21080790.33039302    -7564405.0464461    -18583446.27526803 
  -27859309.92920271      3330298.48564861    -3328613.36782432 
    -8614764.44830289        764435.24305724      7330187.5666103 
      1222513.38004316      5323319.38449918]
[-12746093.4605265    -47657766.637431      -13714071.15323926 
    -6794529.65557173      2416675.35206112  -36278573.12095849 
  -15327895.55072055  -24333420.64260444  -10449128.73539502 
  -31358421.3312688    -24081053.63334892  -18697426.51957415 
  -29697280.73885648  -42759261.44816453      -974662.27322591 
  -14567577.68596783  -23583986.85761065  -36096220.50169204 
    13800916.62039695  -12271133.51446691]
increment_100
[1.02359227e+08  8.84850390e+07  1.13983086e+08  1.21510586e+08 
  1.31027549e+08  1.01935608e+08  1.11754452e+08  1.06954455e+08 
  1.17530158e+08  9.08042306e+07  9.87743723e+07  9.61974545e+07 
  7.95777781e+07  8.13316695e+07  8.64059619e+07  1.04661503e+08 
  9.77511938e+07  9.20292349e+07  1.23252154e+08  1.17316127e+08]
[  -7405173.90145463    -6249221.39141249      3630264.33441619 
      8513909.63745384      1107938.21381132  -24246970.47202687 
    -8291963.87463447      2279068.38485896  -14615815.63988658 
  -16395088.97305225        690450.20886837    -4509318.96589308 
    -4431421.63914225      -340811.94425194    10108958.58592309 
    -2938364.73167743      -187021.42079239      -155445.623149 
      2507804.51264645      9872376.83795547]
[-20204917.88568999    -7677427.05735106  -19635759.55679861 
  -12398599.30928689    -4126037.51870753  -26697911.13473251 
  -30212467.65207864  -10466144.66361007  -20031210.1481531 
  -17346310.42199652  -25134331.49593838  -17972285.66146618 
  -18907649.9605554    -11714202.46668774  -34828265.23032661 
  -29890791.79935439  -10197637.42147331      -944258.10332659 
      3233227.26605396    -9398393.47789309]
[  -7405173.90145463    -6249221.39141249      3630264.33441619 
      8513909.63745384      1107938.21381132  -24246970.47202687 
    -8291963.87463447      2279068.38485896  -14615815.63988658 
  -16395088.97305225        690450.20886837    -4509318.96589308 
    -4431421.63914225      -340811.94425194    10108958.58592309 
    -2938364.73167743      -187021.42079239      -155445.623149 
      2507804.51264645      9872376.83795547]
[    8841410.95994259    -5630374.07991095      5184287.09749474 
    16815500.60273528    36980375.3544801      22580074.24659666 
    12520364.31015664      3383212.26706409    29669728.67128222 
      9287687.79878455    -9111305.00722141      -129896.06565409 
  -13665780.23918042  -18716846.77181908  -30058574.69889127 
      1375839.8989744          999732.16862545      -308315.23146084 
    35731772.1537201      11865259.74799369]
[-13987956.42720493      2089498.22983616      -380217.21451709 
      5851268.40005826      5324817.6598916    -12510562.73119015 
    -9903314.21690638        626016.72658715  -19670852.78336501 
  -19998519.49324634    -6495536.44561059  -19171315.90713256 
  -25866071.29776783      4033345.49947878    -3843804.10649779 
    -8114423.13110553      1264936.89430943      7445568.94658349 
      1633817.09163699      5133579.93153614]
[-20204917.88568999    -7677427.05735106  -19635759.55679861 
  -12398599.30928689    -4126037.51870753  -26697911.13473251 
  -30212467.65207864  -10466144.66361007  -20031210.1481531 
  -17346310.42199652  -25134331.49593838  -17972285.66146618 
  -18907649.9605554    -11714202.46668774  -34828265.23032661 
  -29890791.79935439  -10197637.42147331      -944258.10332659 
      3233227.26605396    -9398393.47789309]
[-13987956.42720493      2089498.22983616      -380217.21451709 
      5851268.40005826      5324817.6598916    -12510562.73119015 
    -9903314.21690638        626016.72658715  -19670852.78336501 
  -19998519.49324634    -6495536.44561059  -19171315.90713256 
  -25866071.29776783      4033345.49947878    -3843804.10649779 
    -8114423.13110553      1264936.89430943      7445568.94658349 
      1633817.09163699      5133579.93153614]
[-11472972.05438172  -48340906.12164228  -13555413.57786954 
    -7323065.69778783      2277439.4062892    -34689411.98128567 
  -15237660.41881999  -25373903.63105987  -12321628.61937069 
  -30707905.9822162    -24485890.0952495    -20058854.46649667 
  -27701125.08436145  -42519379.22172157      -380892.52955885 
  -12735681.59443787  -23125687.61461458  -36052193.80935012 
    13199162.39079603  -12236576.11546008]
increment_110
[1.05023176e+08  8.82313989e+07  1.15091868e+08  1.21651756e+08 
  1.31073642e+08  1.04543679e+08  1.11465716e+08  1.06407311e+08 
  1.15458777e+08  9.14490681e+07  9.79631022e+07  9.63129239e+07 
  8.42758456e+07  8.25847135e+07  8.95864962e+07  1.06056363e+08 
  9.83233039e+07  9.23590885e+07  1.23579949e+08  1.17751231e+08]
[  -6882964.45676813    -5787834.81551824      3566358.90950612 
      8567521.82355517        924459.17251332  -23285219.25057408 
    -7117459.52160724      2260322.82744783  -14923914.81772108 
  -14740737.55884951      2385375.02769446    -5534111.90237698 
    -4167066.89972161      -784561.54834184      9759355.11716346 
    -1683484.36196871      -340990.18625829      -457277.12247191 
      2731177.38841982      9708596.11498554]
[-19569833.57182703    -7333948.29349982  -20422685.80972355 
  -11724055.23119256    -4356390.87266255  -25913969.65560311 
  -29718546.62824257  -10031826.19699893  -20778591.65207051 
  -14673257.87865868  -25295312.32793606  -19526216.65328838 
  -18100477.02379727  -10973229.82962529  -35765192.7552854 
  -31864608.59093678  -10451379.09968146    -1042292.4201223 
      3112113.24167555    -9123227.86748124]
[  -6882964.45676813    -5787834.81551824      3566358.90950612 
      8567521.82355517        924459.17251332  -23285219.25057408 
    -7117459.52160724      2260322.82744783  -14923914.81772108 
  -14740737.55884951      2385375.02769446    -5534111.90237698 
    -4167066.89972161      -784561.54834184      9759355.11716346 
    -1683484.36196871      -340990.18625829      -457277.12247191 
      2731177.38841982      9708596.11498554]
[  10202349.59260498    -7365321.83195493      4843962.24445004 
    16702438.85683649    36689037.32602868    23746498.25873975 
    10189117.45450492      2117277.73775121    27637063.76715152 
      8343426.16813624  -12792994.34654922      -232903.3747124 
    -9839624.09282785  -17796332.27003133  -27723335.57283223 
      -449258.39030718        878212.32656531      -327611.10008242 
    35693650.27484328    11873934.7843513  ]
[-12438011.07813227      2781157.48707296      -253736.28300836 
      6386820.09034962      5754589.21990877  -11167603.92892095 
    -9220040.35975315      1049814.95751076  -20938545.8030531 
  -18572551.44543679    -5549067.58075034  -19641680.6576237 
  -23682672.64261882      4545767.34927042    -4448471.862181 
    -7770858.58335707      1638768.14129871      7563619.74427019 
      2159221.48585865      5117604.5432463  ]
[-19569833.57182703    -7333948.29349982  -20422685.80972355 
  -11724055.23119256    -4356390.87266255  -25913969.65560311 
  -29718546.62824257  -10031826.19699893  -20778591.65207051 
  -14673257.87865868  -25295312.32793606  -19526216.65328838 
  -18100477.02379727  -10973229.82962529  -35765192.7552854 
  -31864608.59093678  -10451379.09968146    -1042292.4201223 
      3112113.24167555    -9123227.86748124]
[-12438011.07813227      2781157.48707296      -253736.28300836 
      6386820.09034962      5754589.21990877  -11167603.92892095 
    -9220040.35975315      1049814.95751076  -20938545.8030531 
  -18572551.44543679    -5549067.58075034  -19641680.6576237 
  -23682672.64261882      4545767.34927042    -4448471.862181 
    -7770858.58335707      1638768.14129871      7563619.74427019 
      2159221.48585865      5117604.5432463  ]
[-10009446.72067035  -49187125.43580399  -13373044.25588526 
    -8324026.02816427      1772183.4285777    -32828373.7885653 
  -15398584.07077566  -26822464.57073024  -13915420.5847706 
  -30371128.02394293  -24899324.07112456  -21079413.80229047 
  -25739986.34438238  -42018138.45108428        327817.95512234 
  -10528669.57817249  -23141660.10640127  -35751826.46571634 
    12448668.79681947  -12442401.05045221]
increment_120
[1.07640261e+08  8.80694624e+07  1.15991208e+08  1.21470220e+08 
  1.30766111e+08  1.06827774e+08  1.10932804e+08  1.05637442e+08 
  1.13738328e+08  9.21396078e+07  9.75470257e+07  9.66608876e+07 
  8.86648797e+07  8.37443351e+07  9.28449973e+07  1.07393916e+08 
  9.85038804e+07  9.29199026e+07  1.23779740e+08  1.17959655e+08]
[  -6256318.18729336    -5391148.59140122      3571283.40635159 
      8666169.25351641        809209.36933341  -21991172.59541027 
    -5959596.65789669      2307042.39568609  -15613025.59133197 
  -13269197.53562373      3532828.65038566    -6561436.71104348 
    -3699597.59520516    -1331161.79102977      9289082.54018019 
      -393076.98090782      -541205.36795731      -742288.08907248 
      3050555.29378052      9583814.21356521]
[-19190092.1074412      -6901181.40032093  -21563178.83367874 
  -10773816.91864531    -4611151.03364529  -25365518.7602608 
  -29073624.28426526    -9568706.77117689  -21422172.99359708 
  -12153957.58832382  -25712319.49476994  -20990750.08235912 
  -17463663.71068034  -10346850.37403036  -36564614.81784211 
  -33757968.91706805  -10928156.04461534    -1118165.50671741 
      2755309.64266357    -8762350.21007046]
[  -6256318.18729336    -5391148.59140122      3571283.40635159 
      8666169.25351641        809209.36933341  -21991172.59541027 
    -5959596.65789669      2307042.39568609  -15613025.59133197 
  -13269197.53562373      3532828.65038566    -6561436.71104348 
    -3699597.59520516    -1331161.79102977      9289082.54018019 
      -393076.98090782      -541205.36795731      -742288.08907248 
      3050555.29378052      9583814.21356521]
[  1.12084685e+07  -8.89762240e+06    4.07378863e+06    1.64750911e+07 
    3.60086490e+07    2.40121880e+07    7.65148442e+06    6.10856263e+05 
    2.65419161e+07    7.41608639e+06  -1.55148654e+07    1.22081541e+04 
  -6.64951761e+06  -1.68803404e+07  -2.51400023e+07  -2.43382169e+06 
    3.37809088e+05  -9.53633122e+04    3.53427370e+07    1.17474988e+07]
[-10862502.59830241      3529375.21064099      -294953.20471086 
      7087367.33386339      6181725.05771693    -9866759.92194291 
    -8656023.69336158      1588805.2241016    -22188058.43854303 
  -16952485.69285262    -4699959.58973435  -20044926.3060958 
  -21333305.65628707      4930228.02023833    -4971072.45391204 
    -7436986.32992885      1863791.71808762      7707863.01287277 
      2790527.33727146      5224070.12579416]
[-19190092.1074412      -6901181.40032093  -21563178.83367874 
  -10773816.91864531    -4611151.03364529  -25365518.7602608 
  -29073624.28426526    -9568706.77117689  -21422172.99359708 
  -12153957.58832382  -25712319.49476994  -20990750.08235912 
  -17463663.71068034  -10346850.37403036  -36564614.81784211 
  -33757968.91706805  -10928156.04461534    -1118165.50671741 
      2755309.64266357    -8762350.21007046]
[-10862502.59830241      3529375.21064099      -294953.20471086 
      7087367.33386339      6181725.05771693    -9866759.92194291 
    -8656023.69336158      1588805.2241016    -22188058.43854303 
  -16952485.69285262    -4699959.58973435  -20044926.3060958 
  -21333305.65628707      4930228.02023833    -4971072.45391204 
    -7436986.32992885      1863791.71808762      7707863.01287277 
      2790527.33727146      5224070.12579416]
[  -8628084.99022875  -50036269.79415487  -13131375.29403354 
    -9623739.31784999      1092526.23139484  -30935591.45382418 
  -15661566.08893578  -28479224.0628038    -15310387.31580776 
  -30369275.99987207  -25338640.46538814  -21869594.24711775 
  -24041299.88965081  -41606903.9954899        1061381.80404465 
    -8244541.87066809  -23441702.35370844  -35172382.10334644 
    11612929.4349152    -12841511.01434171]
