inc
sigma_11
sigma_12
sigma_13
sigma_21
sigma_22
sigma_23
sigma_31
sigma_32
sigma_33
increment_0
[-3.81634193e-05  -3.81634193e-05  -3.81634193e-05  -3.81634193e-05 
  -3.81634193e-05  -3.81634193e-05  -3.81634193e-05  -3.81634193e-05 
  -3.81634193e-05  -3.81634193e-05  -3.81634193e-05  -3.81634193e-05 
  -3.81634193e-05  -3.81634193e-05  -3.81634193e-05  -3.81634193e-05 
  -3.81634193e-05  -3.81634193e-05  -3.81634193e-05  -3.81634193e-05 
  -3.81634193e-05  -3.81634193e-05  -3.81634193e-05  -3.81634193e-05 
  -3.81634193e-05  -3.81634193e-05]
[-3.58368698e-06  -3.58368698e-06  -3.58368698e-06  -3.58368698e-06 
  -3.58368698e-06  -3.58368698e-06  -3.58368698e-06  -3.58368698e-06 
  -3.58368698e-06  -3.58368698e-06  -3.58368698e-06  -3.58368698e-06 
  -3.58368698e-06  -3.58368698e-06  -3.58368698e-06  -3.58368698e-06 
  -3.58368698e-06  -3.58368698e-06  -3.58368698e-06  -3.58368698e-06 
  -3.58368698e-06  -3.58368698e-06  -3.58368698e-06  -3.58368698e-06 
  -3.58368698e-06  -3.58368698e-06]
[2.90851429e-06  2.90851429e-06  2.90851429e-06  2.90851429e-06 
  2.90851429e-06  2.90851429e-06  2.90851429e-06  2.90851429e-06 
  2.90851429e-06  2.90851429e-06  2.90851429e-06  2.90851429e-06 
  2.90851429e-06  2.90851429e-06  2.90851429e-06  2.90851429e-06 
  2.90851429e-06  2.90851429e-06  2.90851429e-06  2.90851429e-06 
  2.90851429e-06  2.90851429e-06  2.90851429e-06  2.90851429e-06 
  2.90851429e-06  2.90851429e-06]
[-3.58368698e-06  -3.58368698e-06  -3.58368698e-06  -3.58368698e-06 
  -3.58368698e-06  -3.58368698e-06  -3.58368698e-06  -3.58368698e-06 
  -3.58368698e-06  -3.58368698e-06  -3.58368698e-06  -3.58368698e-06 
  -3.58368698e-06  -3.58368698e-06  -3.58368698e-06  -3.58368698e-06 
  -3.58368698e-06  -3.58368698e-06  -3.58368698e-06  -3.58368698e-06 
  -3.58368698e-06  -3.58368698e-06  -3.58368698e-06  -3.58368698e-06 
  -3.58368698e-06  -3.58368698e-06]
[-7.75898594e-05  -7.75898594e-05  -7.75898594e-05  -7.75898594e-05 
  -7.75898594e-05  -7.75898594e-05  -7.75898594e-05  -7.75898594e-05 
  -7.75898594e-05  -7.75898594e-05  -7.75898594e-05  -7.75898594e-05 
  -7.75898594e-05  -7.75898594e-05  -7.75898594e-05  -7.75898594e-05 
  -7.75898594e-05  -7.75898594e-05  -7.75898594e-05  -7.75898594e-05 
  -7.75898594e-05  -7.75898594e-05  -7.75898594e-05  -7.75898594e-05 
  -7.75898594e-05  -7.75898594e-05]
[-2.07923492e-06  -2.07923492e-06  -2.07923492e-06  -2.07923492e-06 
  -2.07923492e-06  -2.07923492e-06  -2.07923492e-06  -2.07923492e-06 
  -2.07923492e-06  -2.07923492e-06  -2.07923492e-06  -2.07923492e-06 
  -2.07923492e-06  -2.07923492e-06  -2.07923492e-06  -2.07923492e-06 
  -2.07923492e-06  -2.07923492e-06  -2.07923492e-06  -2.07923492e-06 
  -2.07923492e-06  -2.07923492e-06  -2.07923492e-06  -2.07923492e-06 
  -2.07923492e-06  -2.07923492e-06]
[2.90851429e-06  2.90851429e-06  2.90851429e-06  2.90851429e-06 
  2.90851429e-06  2.90851429e-06  2.90851429e-06  2.90851429e-06 
  2.90851429e-06  2.90851429e-06  2.90851429e-06  2.90851429e-06 
  2.90851429e-06  2.90851429e-06  2.90851429e-06  2.90851429e-06 
  2.90851429e-06  2.90851429e-06  2.90851429e-06  2.90851429e-06 
  2.90851429e-06  2.90851429e-06  2.90851429e-06  2.90851429e-06 
  2.90851429e-06  2.90851429e-06]
[-2.07923492e-06  -2.07923492e-06  -2.07923492e-06  -2.07923492e-06 
  -2.07923492e-06  -2.07923492e-06  -2.07923492e-06  -2.07923492e-06 
  -2.07923492e-06  -2.07923492e-06  -2.07923492e-06  -2.07923492e-06 
  -2.07923492e-06  -2.07923492e-06  -2.07923492e-06  -2.07923492e-06 
  -2.07923492e-06  -2.07923492e-06  -2.07923492e-06  -2.07923492e-06 
  -2.07923492e-06  -2.07923492e-06  -2.07923492e-06  -2.07923492e-06 
  -2.07923492e-06  -2.07923492e-06]
[-7.37368115e-05  -7.37368115e-05  -7.37368115e-05  -7.37368115e-05 
  -7.37368115e-05  -7.37368115e-05  -7.37368115e-05  -7.37368115e-05 
  -7.37368115e-05  -7.37368115e-05  -7.37368115e-05  -7.37368115e-05 
  -7.37368115e-05  -7.37368115e-05  -7.37368115e-05  -7.37368115e-05 
  -7.37368115e-05  -7.37368115e-05  -7.37368115e-05  -7.37368115e-05 
  -7.37368115e-05  -7.37368115e-05  -7.37368115e-05  -7.37368115e-05 
  -7.37368115e-05  -7.37368115e-05]
increment_10
[1.01250146e+08  1.04726278e+08  1.06365027e+08  1.00041149e+08 
  1.05120108e+08  9.69948599e+07  9.43084747e+07  1.05058796e+08 
  9.88137756e+07  1.04463349e+08  8.16057233e+07  1.08853340e+08 
  1.01034760e+08  1.09214118e+08  9.64701809e+07  9.40193767e+07 
  8.10651655e+07  1.07689626e+08  1.12563892e+08  9.99746854e+07 
  1.01869198e+08  1.00710337e+08  1.31310069e+08  1.07042997e+08 
  9.77491521e+07  1.05549818e+08]
[-10379925.43311141    -8570057.28660586    -7017910.04970977 
    -9403915.82657999      1527618.88040944    -3795972.49655598 
    -9238844.2989118      -6644956.82717495    -6113105.35589803 
      1879467.16010282    -3490231.11633248    -9357845.40776274 
  -10277197.57412209    -3434281.74820519  -10140265.49175599 
    -7430843.63239344  -11613852.6840721      -7475564.51978479 
    -8232812.91361512  -15070289.0875694    -16893355.91526771 
  -14198573.05658139  -15531707.49102437  -17241729.22502622 
  -15586038.07710294    -7007132.61827021]
[    5014638.34895296  -10258278.57787362    -8894799.38567358 
    -1750484.93379607    -5693718.08689418  -12400289.03071154 
    -5909309.25444604    -3226661.86848297    -4043358.1738304 
    -9678119.77529423    -7498277.90861653    -2941414.99041985 
    -4733419.90777226    -8087973.92233238      4240615.2233706 
    -1107541.22130183    -1753587.23580399      8061182.87303763 
  -10745723.10282062      3408218.00359982      5083504.2648551 
      3923360.54090754      3065397.12798335      7394571.09139068 
      2540691.16218793    -3557989.34581381]
[-10379925.43311141    -8570057.28660586    -7017910.04970977 
    -9403915.82657999      1527618.88040944    -3795972.49655598 
    -9238844.2989118      -6644956.82717495    -6113105.35589803 
      1879467.16010282    -3490231.11633248    -9357845.40776274 
  -10277197.57412209    -3434281.74820519  -10140265.49175599 
    -7430843.63239344  -11613852.6840721      -7475564.51978479 
    -8232812.91361512  -15070289.0875694    -16893355.91526771 
  -14198573.05658139  -15531707.49102437  -17241729.22502622 
  -15586038.07710294    -7007132.61827021]
[  -4955436.96532661    -7462436.54262063    -1280438.60128089 
    -8041489.50297083  -16457355.99106867  -20179631.47025299 
      3895564.3742458      -4758073.11086496    -6653781.86903025 
  -16792773.91534645  -33301742.31997713    13896479.84224936 
    -1124803.92664083    -1425737.11761476    -2909916.92255353 
    -7661153.07157655  -10390589.11822921    15332504.71152878 
    14244568.14062361      2889238.03622851    15342467.25629972 
      1758997.08539568    54647592.97449914    14292257.29815543 
      8547290.68740981    -5484896.64613205]
[18024600.84584484  11044116.69221345    2823707.2175002    11773880.96211374 
  13789475.51975223  10806649.80116328  -2333449.32537793    9250377.78357222 
    5817603.92070688    9123713.24764683    8762534.68031614    2577974.97748894 
    6267575.88764847    5166697.0222871    10670677.87123798    7325172.20782934 
    3226913.37804244    7576384.86677333    -951399.10474844  11610483.06404311 
    7565963.2720563    12225655.31189117    -644851.73446728  12892901.53677041 
    6660767.59778104  10910899.1117496  ]
[    5014638.34895296  -10258278.57787362    -8894799.38567358 
    -1750484.93379607    -5693718.08689418  -12400289.03071154 
    -5909309.25444604    -3226661.86848297    -4043358.1738304 
    -9678119.77529423    -7498277.90861653    -2941414.99041985 
    -4733419.90777226    -8087973.92233238      4240615.2233706 
    -1107541.22130183    -1753587.23580399      8061182.87303763 
  -10745723.10282062      3408218.00359982      5083504.2648551 
      3923360.54090754      3065397.12798335      7394571.09139068 
      2540691.16218793    -3557989.34581381]
[18024600.84584484  11044116.69221345    2823707.2175002    11773880.96211374 
  13789475.51975223  10806649.80116328  -2333449.32537793    9250377.78357222 
    5817603.92070688    9123713.24764683    8762534.68031614    2577974.97748894 
    6267575.88764847    5166697.0222871    10670677.87123798    7325172.20782934 
    3226913.37804244    7576384.86677333    -951399.10474844  11610483.06404311 
    7565963.2720563    12225655.31189117    -644851.73446728  12892901.53677041 
    6660767.59778104  10910899.1117496  ]
[  -9884316.94208172  -16577665.75222502      2193332.64523764 
  -11740664.85207517    -5532883.44897861  -19953423.84354643 
  -14151422.93447481    -2082320.18703037    -9480570.14793189 
    -4811332.5036497    -28156056.23373547    -2744748.12340108 
  -12982594.43213867      -151030.64265692  -14664058.1378241 
  -15766901.90048627  -32409230.4414423        9769396.90159624 
    -2528295.23076435  -16888242.4851287    -13480661.17557699 
  -17153248.08152183    22297865.93173191    -9290170.46297055 
  -18224267.68872103  -10980933.36135999]
increment_20
[1.03275085e+08  1.09776589e+08  1.11234452e+08  1.05832756e+08 
  1.07398087e+08  1.01077250e+08  9.72178019e+07  1.05676736e+08 
  1.01223844e+08  1.09408582e+08  8.20085481e+07  1.09787991e+08 
  1.05545700e+08  1.15738103e+08  9.65252708e+07  9.54549661e+07 
  8.10416180e+07  1.14246544e+08  1.17458381e+08  9.95529005e+07 
  1.00642595e+08  1.01435955e+08  1.36469557e+08  1.05133630e+08 
  9.87934990e+07  1.06398039e+08]
[-10850654.33591873    -8292394.78388789    -5906653.00192974 
    -9642897.12510519        117366.0246687      -2470007.31263436 
    -8183378.45533695    -7136141.49676011    -4917491.90039764 
      2119714.76165856    -4074656.5226876      -9553959.84566818 
    -8736918.64195602    -2038563.03398118  -11472832.75899834 
    -8589383.20317616  -11013306.58888943    -8990872.93687408 
    -6739361.67431472  -15946545.93749416  -17747869.55359266 
  -13578081.01916805  -17837529.62298272  -18110669.60701375 
  -16971278.08178367    -6105089.44818644]
[    3746930.64891612  -12700714.59105318  -11841622.0451289 
    -3670404.40872469    -6556142.21972624  -13690168.72517183 
    -7951107.54312422    -2767675.05269625    -6197495.5152352 
  -12998032.94145969    -4884164.89110424    -2192078.89712694 
    -7366696.8072446    -11817889.67146004      5684470.35163733 
      -769339.64712632      -723025.17576244      4152225.71536251 
  -13410057.53623294      5401785.59553013      6087566.58981937 
      4205660.50848317      3579527.34576758      8124865.67578826 
      4676085.98048409    -3345726.02055004]
[-10850654.33591873    -8292394.78388789    -5906653.00192974 
    -9642897.12510519        117366.0246687      -2470007.31263436 
    -8183378.45533695    -7136141.49676011    -4917491.90039764 
      2119714.76165856    -4074656.5226876      -9553959.84566818 
    -8736918.64195602    -2038563.03398118  -11472832.75899834 
    -8589383.20317616  -11013306.58888943    -8990872.93687408 
    -6739361.67431472  -15946545.93749416  -17747869.55359266 
  -13578081.01916805  -17837529.62298272  -18110669.60701375 
  -16971278.08178367    -6105089.44818644]
[  -4426732.37806776    -6681018.63967604    -1129007.66569142 
    -4275992.52306959  -15199524.11728845  -20653720.18054448 
    -2454832.26399606    -4306982.17367331    -6976822.77222291 
  -14553824.80345949  -33365269.96529307      9598810.05554718 
    -1009861.35813317        719298.7405126      -4021934.24479585 
    -7115110.6516725    -14275311.11892662    19767411.2060305 
    15346334.78658652        711974.99944667    14512628.702603 
    -1752904.37871241    73318135.18013516    12961642.31316924 
      9949824.39710096    -7599674.25638254]
[16609930.94947541    9335833.47727132    2535328.70674047  10623117.31479327 
  12585158.10122884  10022522.36524358    -259551.83450691    8597902.58425566 
    3730783.78479907    6711615.59786991  10526429.73209314    4436375.3646248 
    4534936.12658206    3463709.88373277  11408718.17434274    7646127.49460124 
    4833744.02361701    4681071.7801665    -2857816.66670145  12594514.08917574 
    7035773.09485784  12702178.10191331  -7602900.82433257  11877213.52546688 
    7170515.73228556  10502497.16454467]
[    3746930.64891612  -12700714.59105318  -11841622.0451289 
    -3670404.40872469    -6556142.21972624  -13690168.72517183 
    -7951107.54312422    -2767675.05269625    -6197495.5152352 
  -12998032.94145969    -4884164.89110424    -2192078.89712694 
    -7366696.8072446    -11817889.67146004      5684470.35163733 
      -769339.64712632      -723025.17576244      4152225.71536251 
  -13410057.53623294      5401785.59553013      6087566.58981937 
      4205660.50848317      3579527.34576758      8124865.67578826 
      4676085.98048409    -3345726.02055004]
[16609930.94947541    9335833.47727132    2535328.70674047  10623117.31479327 
  12585158.10122884  10022522.36524358    -259551.83450691    8597902.58425566 
    3730783.78479907    6711615.59786991  10526429.73209314    4436375.3646248 
    4534936.12658206    3463709.88373277  11408718.17434274    7646127.49460124 
    4833744.02361701    4681071.7801665    -2857816.66670145  12594514.08917574 
    7035773.09485784  12702178.10191331  -7602900.82433257  11877213.52546688 
    7170515.73228556  10502497.16454467]
[  -9789373.13726708  -15786372.47807704      2706429.5203401 
    -9959055.88006825    -6852444.72041707  -17539812.33424916 
  -16592395.7349693      -1997282.54884891    -8984538.14921551 
    -3625585.35160817  -29635136.35913861    -5085908.92853601 
  -10670831.08215707      2248849.39674461  -17635679.01198848 
  -17128385.37249765  -34014158.73725677    11609900.88615134 
      -745811.73179943  -19028299.45835782  -16507936.88671326 
  -18341112.36909193    27042771.24179752  -12737330.64611027 
  -19165736.60360531  -11619093.37777795]
increment_30
[1.03432112e+08  1.12747127e+08  1.13490785e+08  1.09174110e+08 
  1.08211813e+08  1.01722759e+08  9.94494018e+07  1.06119067e+08 
  1.03265241e+08  1.12848458e+08  8.27836855e+07  1.09608389e+08 
  1.08111873e+08  1.18988142e+08  9.67499244e+07  9.62935962e+07 
  8.24274721e+07  1.19120058e+08  1.20246539e+08  1.00767202e+08 
  1.01315706e+08  1.03714304e+08  1.38304316e+08  1.05640875e+08 
  1.00132121e+08  1.08994074e+08]
[-10574145.12460842    -7493903.88233238    -5765754.23106011 
    -9169767.68953368      -332246.7709717      -1702838.89014175 
    -6919663.85400243    -7105495.76840524    -4335068.25407014 
      2270033.37261643    -3906870.91997922    -9514126.14089364 
    -7520341.89481306      -728263.67760239  -11436159.86937235 
    -9031469.72334288    -9608712.11110363    -9961310.00503772 
    -5113727.80075872  -16524006.96446567  -17326444.21432303 
  -12565642.92989719  -18293259.11813604  -18689254.73034456 
  -16760089.8184906      -5781185.18005313]
[    3954899.31964733  -14974256.06705414  -12219772.84160236 
    -4676009.09810772    -6838500.08310178  -14453862.73421244 
    -9419798.76748804    -2162435.98643992    -6789224.5271746 
  -15476949.41587532    -4675562.37374127    -1943800.0185251 
    -8472574.69824335  -13548598.33653402      6022306.49248037 
    -1249813.31718429    -1581504.73648291      3467240.58823837 
  -15270015.98712498      6519916.6801422        5560436.58990099 
      2812624.70185308      3391726.63335598      8638450.03149477 
      4543273.11242274    -3434385.37498363]
[-10574145.12460842    -7493903.88233238    -5765754.23106011 
    -9169767.68953368      -332246.7709717      -1702838.89014175 
    -6919663.85400243    -7105495.76840524    -4335068.25407014 
      2270033.37261643    -3906870.91997922    -9514126.14089364 
    -7520341.89481306      -728263.67760239  -11436159.86937235 
    -9031469.72334288    -9608712.11110363    -9961310.00503772 
    -5113727.80075872  -16524006.96446567  -17326444.21432303 
  -12565642.92989719  -18293259.11813604  -18689254.73034456 
  -16760089.8184906      -5781185.18005313]
[  -6349102.12947233    -9118878.51670249    -2027639.82789961 
    -4107887.61356953  -16238039.98429498  -23919793.86589297 
    -9612859.86498807    -4730204.82597974    -7794892.02284199 
  -13590337.43627135  -34108895.86902704      5320304.10802171 
    -3707535.46682629        424475.04906772    -6348531.1550616 
    -6142593.64352606  -18781370.59218205    27691360.69963261 
    10989280.92894675        602764.55296141    12021546.50087273 
    -3150199.60611937    81990951.60660721    11217470.77113907 
      7778284.26605639    -6729824.76578307]
[  16414052.43350445      7927997.75390607      3367151.74995121 
    10045735.37041975    12007897.76558822      9442903.41219596 
      1871478.07599278      8412900.08072072      3265599.57192594 
      4990647.55154612    10562620.79716446      5266133.36551508 
      4493146.1198759        2574535.58502859    11533692.84830359 
      6558713.66114068      5933927.66325796      2063879.46997109 
    -2528386.38896286    12620632.52811494      6758128.37548502 
    11609936.98827647  -12393036.04793112    12239779.31946131 
      7392891.22176726      9447679.58742574]
[    3954899.31964733  -14974256.06705414  -12219772.84160236 
    -4676009.09810772    -6838500.08310178  -14453862.73421244 
    -9419798.76748804    -2162435.98643992    -6789224.5271746 
  -15476949.41587532    -4675562.37374127    -1943800.0185251 
    -8472574.69824335  -13548598.33653402      6022306.49248037 
    -1249813.31718429    -1581504.73648291      3467240.58823837 
  -15270015.98712498      6519916.6801422        5560436.58990099 
      2812624.70185308      3391726.63335598      8638450.03149477 
      4543273.11242274    -3434385.37498363]
[  16414052.43350445      7927997.75390607      3367151.74995121 
    10045735.37041975    12007897.76558822      9442903.41219596 
      1871478.07599278      8412900.08072072      3265599.57192594 
      4990647.55154612    10562620.79716446      5266133.36551508 
      4493146.1198759        2574535.58502859    11533692.84830359 
      6558713.66114068      5933927.66325796      2063879.46997109 
    -2528386.38896286    12620632.52811494      6758128.37548502 
    11609936.98827647  -12393036.04793112    12239779.31946131 
      7392891.22176726      9447679.58742574]
[-10599329.43784955  -16994619.15216215      1427666.86358715 
    -9463785.59028896    -8939716.65109975  -18746488.35536905 
  -18506146.76737071    -2421127.31658483    -9453157.65303666 
    -4281664.74051767  -30115975.73599362    -8438805.19991556 
  -10477683.35821819      2643166.32167369  -19495400.26524908 
  -18326931.01045139  -34752673.03082365    12610019.23100005 
    -1441630.42832522  -19385627.95181659  -18021445.13170701 
  -18285170.23187235    28667920.92595075  -14602813.62577 
  -20137610.66931266  -10875544.76761665]
increment_40
[1.03201685e+08  1.14722634e+08  1.14874933e+08  1.11102692e+08 
  1.08904370e+08  1.01955875e+08  1.01112107e+08  1.07146339e+08 
  1.05044365e+08  1.15806857e+08  8.36581135e+07  1.09854972e+08 
  1.10410361e+08  1.21446234e+08  9.75137033e+07  9.70337426e+07 
  8.43167846e+07  1.23206926e+08  1.22661497e+08  1.02696929e+08 
  1.02066419e+08  1.06545250e+08  1.40040654e+08  1.06959137e+08 
  1.01228644e+08  1.12230785e+08]
[-10462480.15971691    -6691673.77351208    -6192441.71270816 
    -8515482.99752561      -621364.66681489    -1389162.00917244 
    -6384629.93234006    -6818290.34819129    -3885546.88522433 
      2733807.34351191    -3197536.80744677    -9003406.49082164 
    -6786729.18738574        372004.7869114    -11231397.74874117 
    -9378616.84481967    -8016102.41740373  -10549647.52970361 
    -3679286.79639343  -16970655.98237472  -16685175.2702944 
  -11291596.31531745  -17891851.2302997    -19250306.5706445 
  -16221562.93769498    -5653286.32802371]
[    4562921.74523387  -16671595.31217773  -11492165.6814241 
    -5283129.56116004    -7176997.48706265  -15271510.54861928 
    -9833395.61527558    -1993204.43542866    -7119998.76683843 
  -17595435.82135414    -5182710.9486158      -2101869.73079625 
    -8881809.1037765    -14860157.33628782      5744769.12182606 
    -1569806.26044809    -2829881.92113876      3623219.31690135 
  -16757472.22999926      7321464.61688479      4782781.22128472 
        874230.06752364      2614301.75317893      9275152.77033519 
      4086084.8431669      -3862046.63680279]
[-10462480.15971691    -6691673.77351208    -6192441.71270816 
    -8515482.99752561      -621364.66681489    -1389162.00917244 
    -6384629.93234006    -6818290.34819129    -3885546.88522433 
      2733807.34351191    -3197536.80744677    -9003406.49082164 
    -6786729.18738574        372004.7869114    -11231397.74874117 
    -9378616.84481967    -8016102.41740373  -10549647.52970361 
    -3679286.79639343  -16970655.98237472  -16685175.2702944 
  -11291596.31531745  -17891851.2302997    -19250306.5706445 
  -16221562.93769498    -5653286.32802371]
[  -8400326.35539664  -12711344.99549301    -2572975.56593581 
    -5597039.53434294  -17575286.91708731  -26978430.51762706 
  -13101638.2586327      -5009004.03725013    -9224419.19170918 
  -13334841.5246533    -35360998.02055642      2166737.67182353 
    -5452062.27495033      -213929.0599346      -8126123.60333359 
    -5152482.12381573  -22317334.20747929    34497287.10011658 
      6770199.866036          1101484.89538561      9360613.02296255 
    -3916166.04236756    87282102.73300715      9844308.67416942 
      5583306.9567719      -4837596.82287324]
[  16390277.33694737      6776815.44073152      4408878.01760367 
      9643022.32281982    11422161.44679802      8804559.62113711 
      2640685.1633419        8153301.72042582      3322126.76961421 
      3564967.66443706    10198166.16615834      5111711.83706694 
      4519875.48236677      1787462.99841716    11203564.10726253 
      5554731.30700858      6493319.98550716      -107855.02619277 
    -2184676.01152363    12488313.98169426      6356513.0770273 
    10072167.31817166  -16155963.78762161    12856814.19250547 
      7105238.76772551      8122449.86884181]
[    4562921.74523387  -16671595.31217773  -11492165.6814241 
    -5283129.56116004    -7176997.48706265  -15271510.54861928 
    -9833395.61527558    -1993204.43542866    -7119998.76683843 
  -17595435.82135414    -5182710.9486158      -2101869.73079625 
    -8881809.1037765    -14860157.33628782      5744769.12182606 
    -1569806.26044809    -2829881.92113876      3623219.31690135 
  -16757472.22999926      7321464.61688479      4782781.22128472 
        874230.06752364      2614301.75317893      9275152.77033519 
      4086084.8431669      -3862046.63680279]
[  16390277.33694737      6776815.44073152      4408878.01760367 
      9643022.32281982    11422161.44679802      8804559.62113711 
      2640685.1633419        8153301.72042582      3322126.76961421 
      3564967.66443706    10198166.16615834      5111711.83706694 
      4519875.48236677      1787462.99841716    11203564.10726253 
      5554731.30700858      6493319.98550716      -107855.02619277 
    -2184676.01152363    12488313.98169426      6356513.0770273 
    10072167.31817166  -16155963.78762161    12856814.19250547 
      7105238.76772551      8122449.86884181]
[-11830229.17042598  -18843850.47327354        -76836.16783983 
    -9777560.70442562  -11065334.70560504  -20536195.51897641 
  -19668502.94064133    -2574642.33409919  -10546919.53857911 
    -5075111.38236458  -30096153.93882079  -10731522.85028082 
  -10474660.75255796      2269360.16263356  -20970225.86107347 
  -19351049.49407418  -34932870.93989489    13954054.79267541 
    -2386113.15769558  -19104990.3621051    -19430690.57457495 
  -17788180.05013072    29691701.32614613  -15640789.00835856 
  -21024845.60110466    -9877441.28865184]
increment_50
[1.02863851e+08  1.15758945e+08  1.15594506e+08  1.11914925e+08 
  1.09757346e+08  1.02588707e+08  1.02281994e+08  1.08590226e+08 
  1.06948766e+08  1.17967086e+08  8.46350611e+07  1.10511069e+08 
  1.12551600e+08  1.23182817e+08  9.85289758e+07  9.79316593e+07 
  8.64521495e+07  1.26875898e+08  1.24633692e+08  1.04866874e+08 
  1.02971989e+08  1.09516078e+08  1.41637486e+08  1.08596148e+08 
  1.02303046e+08  1.15645354e+08]
[-10627364.03207897    -6260515.97991943    -6903111.66022943 
    -8032880.86889222      -783881.57602394    -1397630.15849241 
    -6477588.29790467    -6370209.01997296    -3377504.39066468 
      3175276.12083808    -2353477.07053498    -8307699.00480579 
    -6102057.96888755      1232313.3674417    -10908970.49326067 
    -9539025.52573778    -6406034.04011995  -10664317.44093558 
    -2658955.83863836  -17240268.9202509    -15944541.27147101 
    -9915697.37236367  -17095725.75419406  -19665803.93003028 
  -15477526.05862669    -5527859.20259977]
[    5410755.36689996  -17526760.0570351    -10425587.24865175 
    -5227021.95608677    -7799304.42784457  -16093819.57198412 
    -9417547.65669455    -2152990.09704404    -7607280.18433656 
  -19104497.68701138    -5962175.58855828    -2328693.19130957 
    -9340065.62275336  -15538728.73671421      5115993.25449846 
    -1788764.14645278    -4254056.61369797      4113563.53811821 
  -17685169.15484792      7825277.26814496      3812846.04754257 
    -1199406.51581714      1997152.84149499      9821417.86587529 
      3365430.49917141    -4400487.60886565]
[-10627364.03207897    -6260515.97991943    -6903111.66022943 
    -8032880.86889222      -783881.57602394    -1397630.15849241 
    -6477588.29790467    -6370209.01997296    -3377504.39066468 
      3175276.12083808    -2353477.07053498    -8307699.00480579 
    -6102057.96888755      1232313.3674417    -10908970.49326067 
    -9539025.52573778    -6406034.04011995  -10664317.44093558 
    -2658955.83863836  -17240268.9202509    -15944541.27147101 
    -9915697.37236367  -17095725.75419406  -19665803.93003028 
  -15477526.05862669    -5527859.20259977]
[-10211059.1077986    -16655532.14892813    -3202873.89472114 
    -7851725.93168097  -18951420.11420676  -29188840.4680695 
  -14731976.6117618      -5226070.40837189  -10739581.93061684 
  -13723449.70125997  -36573454.06428185      -196570.44806725 
    -6826012.76918271    -1217158.20264751    -9582141.68183912 
    -4465144.0917989    -24880835.83798096    39340407.62704626 
      3589440.08261845      1376368.71274381      6869440.37151085 
    -4487687.62370828    89848554.53188792      8705751.8339677 
      3418853.35583064    -2692708.88854409]
[  16371271.99305831      5906263.95546251      5482046.14793463 
      9581289.34740029    10659274.14925694      8084668.75607852 
      2974987.67826552      7855159.6883049        3382764.89290325 
      2557797.22617505      9610466.57595257      4579048.92066137 
      4257489.65639271      1332888.56678962    10607641.93977693 
      4844186.47113349      6594574.9322659      -1581735.65094651 
    -2052881.79206525    12367224.53381221      5820504.48906514 
      8477788.26425146  -18582398.67195728    13312948.64694479 
      6566244.89094803      6795374.46365509]
[    5410755.36689996  -17526760.0570351    -10425587.24865175 
    -5227021.95608677    -7799304.42784457  -16093819.57198412 
    -9417547.65669455    -2152990.09704404    -7607280.18433656 
  -19104497.68701138    -5962175.58855828    -2328693.19130957 
    -9340065.62275336  -15538728.73671421      5115993.25449846 
    -1788764.14645278    -4254056.61369797      4113563.53811821 
  -17685169.15484792      7825277.26814496      3812846.04754257 
    -1199406.51581714      1997152.84149499      9821417.86587529 
      3365430.49917141    -4400487.60886565]
[  16371271.99305831      5906263.95546251      5482046.14793463 
      9581289.34740029    10659274.14925694      8084668.75607852 
      2974987.67826552      7855159.6883049        3382764.89290325 
      2557797.22617505      9610466.57595257      4579048.92066137 
      4257489.65639271      1332888.56678962    10607641.93977693 
      4844186.47113349      6594574.9322659      -1581735.65094651 
    -2052881.79206525    12367224.53381221      5820504.48906514 
      8477788.26425146  -18582398.67195728    13312948.64694479 
      6566244.89094803      6795374.46365509]
[-13250880.76912542  -21192403.11477448    -2063083.59748476 
  -10857033.45305988  -13000556.83719394  -22051064.52374801 
  -20655994.01230282    -2655785.53715852  -11596787.88062969 
    -6285479.1536947    -29731202.20218508  -12332737.23049707 
  -10561261.61703873      1293996.78934503  -22203136.47873327 
  -20019040.81534959  -34824340.73106305    15541962.08283097 
    -3480863.56475106  -18720330.74504957  -20660163.29942709 
  -17226650.27711095    30237673.03696532  -16136990.49522508 
  -21864986.07488921    -8916914.09833042]
increment_60
[1.02442767e+08  1.15879434e+08  1.15700735e+08  1.11803040e+08 
  1.10883041e+08  1.03749513e+08  1.02989939e+08  1.10371864e+08 
  1.09177155e+08  1.19427788e+08  8.58996046e+07  1.11409449e+08 
  1.14704955e+08  1.24345757e+08  9.97976460e+07  9.89610258e+07 
  8.86860613e+07  1.30547222e+08  1.26069606e+08  1.07192201e+08 
  1.03979816e+08  1.12505923e+08  1.42813634e+08  1.10447734e+08 
  1.03253015e+08  1.18991377e+08]
[-10939040.32549376    -6441577.68346098    -7680212.44592305 
    -7921807.66298803      -744563.46844027    -1627350.69484563 
    -7041985.50601605    -5839606.62043245    -2773855.51601531 
      3447363.27928908    -1471234.26383072    -7495582.7312321 
    -5244303.08147704      1756770.37647175  -10459370.55548685 
    -9646729.03133483    -4886459.31835737  -10431726.75044334 
    -2019695.67380948  -17327790.79657321  -15197579.33062488 
    -8520720.49758377  -16294546.59049537  -19887231.83217049 
  -14602529.51096342    -5301604.58953237]
[    6360372.18703428  -17362968.20386443    -9399221.03319556 
    -4304162.27820043    -8779681.01271193  -16821067.45960467 
    -8449996.00891856    -2490601.56568207    -8302657.90074029 
  -19925975.38051407    -6966971.60217202    -2592747.44209136 
  -10121663.6941749    -15544084.37542812      4257218.51624946 
    -1762691.73949129    -5687694.09622521      4606489.8240891 
  -18057680.42015001      8025385.23019058      2863076.20894605 
    -3221121.05106466      1850726.90863239    10122835.8105308 
      2535195.34262248    -4945448.43386608]
[-10939040.32549376    -6441577.68346098    -7680212.44592305 
    -7921807.66298803      -744563.46844027    -1627350.69484563 
    -7041985.50601605    -5839606.62043245    -2773855.51601531 
      3447363.27928908    -1471234.26383072    -7495582.7312321 
    -5244303.08147704      1756770.37647175  -10459370.55548685 
    -9646729.03133483    -4886459.31835737  -10431726.75044334 
    -2019695.67380948  -17327790.79657321  -15197579.33062488 
    -8520720.49758377  -16294546.59049537  -19887231.83217049 
  -14602529.51096342    -5301604.58953237]
[-11910134.30812404  -20263565.29361112    -4292601.15780126 
  -10330281.81299025  -20363389.88735512  -30476753.81486841 
  -15783911.09796406    -5373946.03607554  -11950532.12669981 
  -14533566.87038486  -37449257.75760151    -2435060.08247701 
    -8318486.38930874    -2336587.13848596  -10867522.38805321 
    -4082747.34575565  -26532806.47684392    42744079.83453343 
        848280.79812886      1242716.39108353      4691011.86819701 
    -4998869.1586289      90736493.33748966      7562017.46902164 
      1022972.814856          -838603.02510818]
[  16326814.31168382      5406284.21134454      6440542.07260199 
      9953347.00164961      9725865.71786388      7344378.48916347 
      3378542.49197019      7592929.59189216      3280526.31127434 
      2040407.1788905        8776021.10925478      4029588.84543184 
      3767212.07176011      1241827.31640523      9925356.97753162 
      4556035.59062071      6337805.11117758    -2522254.67207491 
    -1847318.11313848    12275536.41741776      5243418.11282474 
      6992646.12052083  -19986676.13536933    13582945.47688239 
      6001900.30670237      5637949.19983274]
[    6360372.18703428  -17362968.20386443    -9399221.03319556 
    -4304162.27820043    -8779681.01271193  -16821067.45960467 
    -8449996.00891856    -2490601.56568207    -8302657.90074029 
  -19925975.38051407    -6966971.60217202    -2592747.44209136 
  -10121663.6941749    -15544084.37542812      4257218.51624946 
    -1762691.73949129    -5687694.09622521      4606489.8240891 
  -18057680.42015001      8025385.23019058      2863076.20894605 
    -3221121.05106466      1850726.90863239    10122835.8105308 
      2535195.34262248    -4945448.43386608]
[  16326814.31168382      5406284.21134454      6440542.07260199 
      9953347.00164961      9725865.71786388      7344378.48916347 
      3378542.49197019      7592929.59189216      3280526.31127434 
      2040407.1788905        8776021.10925478      4029588.84543184 
      3767212.07176011      1241827.31640523      9925356.97753162 
      4556035.59062071      6337805.11117758    -2522254.67207491 
    -1847318.11313848    12275536.41741776      5243418.11282474 
      6992646.12052083  -19986676.13536933    13582945.47688239 
      6001900.30670237      5637949.19983274]
[-14775386.1297964    -23915115.30018367    -4371567.92597426 
  -12577439.88500521  -14645550.82692027  -23140594.89873984 
  -21886118.68437267    -2689787.55970152  -12365667.65290865 
    -7842855.91636739  -28938814.50151987  -13726987.72666372 
  -10713727.42937818      -150190.25792627  -23167747.67758382 
  -20433195.07345979  -34522157.79621875    17148772.12311635 
    -4873369.99770336  -18364659.54851432  -21644069.67119471 
  -16659391.62874773    30087505.57246701  -16347413.97872905 
  -22799913.88476066    -8122407.91940638]
increment_70
[1.01967449e+08  1.15542146e+08  1.15443076e+08  1.11402583e+08 
  1.12196965e+08  1.05024766e+08  1.03618194e+08  1.12257637e+08 
  1.11538996e+08  1.20597695e+08  8.74534498e+07  1.12363733e+08 
  1.16875401e+08  1.25269754e+08  1.01247072e+08  1.00114222e+08 
  9.08647834e+07  1.34276325e+08  1.27105909e+08  1.09668957e+08 
  1.05115755e+08  1.15317928e+08  1.43354521e+08  1.12564591e+08 
  1.04025799e+08  1.21951974e+08]
[-11142540.16150738    -6912955.11570736    -8460328.97061885 
    -7986575.10358207      -553351.2895357      -1957965.06180166 
    -7795494.80978883    -5253349.14115179    -2129916.81576722 
      3599003.46910478      -539385.81146558    -6551905.34818153 
    -4296832.57251811      2090428.02881779    -9874425.75383056 
    -9793444.21227308    -3584953.84999281  -10016412.99152899 
    -1589864.07446852  -17202213.00314618  -14513593.34858534 
    -7125769.38423166  -15613844.07372998  -19810663.53871216 
  -13719191.09491064    -4917032.58221809]
[    7290694.55983113  -16730838.92577349    -8527759.10950357 
    -3024755.07599682    -9906902.60073838  -17390107.24892954 
    -7396113.09924359    -2844885.68824175    -9062591.11759983 
  -20229344.08815379    -8188350.85039552    -2954226.95026855 
  -11067498.47528963  -15172234.08902565      3249330.59868382 
    -1494676.58681585    -6963655.8378576        4922999.15500259 
  -18047824.20286744      7925978.73358164      2110294.21820443 
    -5059643.83852814      2105873.25963899    10013031.13025537 
      1839546.92558504    -5453212.30846753]
[-11142540.16150738    -6912955.11570736    -8460328.97061885 
    -7986575.10358207      -553351.2895357      -1957965.06180166 
    -7795494.80978883    -5253349.14115179    -2129916.81576722 
      3599003.46910478      -539385.81146558    -6551905.34818153 
    -4296832.57251811      2090428.02881779    -9874425.75383056 
    -9793444.21227308    -3584953.84999281  -10016412.99152899 
    -1589864.07446852  -17202213.00314618  -14513593.34858534 
    -7125769.38423166  -15613844.07372998  -19810663.53871216 
  -13719191.09491064    -4917032.58221809]
[-13783190.51286154  -23560452.15921086    -5694337.53424689 
  -12715678.45840246  -21811631.70717205  -31327760.78227221 
  -16523956.63944113    -5586164.71691023  -12922466.16082625 
  -15451708.48368626  -38042524.12552129    -4898432.89934521 
    -9880864.76990449    -3475491.05094772  -12216344.36751333 
    -3848461.02859092  -27516633.9616262      45045321.49597759 
    -1757241.80726849        737169.03798488      2750364.91642928 
    -5729243.60953773    90570639.10027039      6270852.32427409 
    -1642032.91030072        192093.15128183]
[  16296785.14705008      5096123.52374044      7231198.64303881 
    10461459.69011637      8787757.57214203      6642872.20437279 
      3753677.03953216      7383483.18088003      3051710.69586936 
      1901769.09501812      7782710.44138201      3503727.1973217 
      3178651.46568694      1383051.90623055      9301047.2659602 
      4634709.2784126        5940141.34233479    -3120344.21271744 
    -1543475.52250805    12148608.538252          4829787.89534809 
      5743095.05325962  -20812442.19095627    13616063.53380358 
      5618721.98129344      4730438.21572699]
[    7290694.55983113  -16730838.92577349    -8527759.10950357 
    -3024755.07599682    -9906902.60073838  -17390107.24892954 
    -7396113.09924359    -2844885.68824175    -9062591.11759983 
  -20229344.08815379    -8188350.85039552    -2954226.95026855 
  -11067498.47528963  -15172234.08902565      3249330.59868382 
    -1494676.58681585    -6963655.8378576        4922999.15500259 
  -18047824.20286744      7925978.73358164      2110294.21820443 
    -5059643.83852814      2105873.25963899    10013031.13025537 
      1839546.92558504    -5453212.30846753]
[  16296785.14705008      5096123.52374044      7231198.64303881 
    10461459.69011637      8787757.57214203      6642872.20437279 
      3753677.03953216      7383483.18088003      3051710.69586936 
      1901769.09501812      7782710.44138201      3503727.1973217 
      3178651.46568694      1383051.90623055      9301047.2659602 
      4634709.2784126        5940141.34233479    -3120344.21271744 
    -1543475.52250805    12148608.538252          4829787.89534809 
      5743095.05325962  -20812442.19095627    13616063.53380358 
      5618721.98129344      4730438.21572699]
[-16226344.60757217  -26726350.0054431      -6850552.32685674 
  -14454125.20129453  -16077215.41844859  -24080740.06692032 
  -23138369.56616545    -2673669.65578605  -12985720.444229 
    -9389283.4131153    -27872166.23203739  -15165606.92936655 
  -10974206.51379554    -1772676.63036236  -23967811.56298608 
  -20658503.48570668  -34153875.39930152    18451985.74723237 
    -6387229.38644507  -18007216.38020426  -22335159.11484507 
  -16188461.07213137    29053383.75539208  -16329375.85324861 
  -23840342.93751979    -7678690.18033725]
increment_80
[1.01957825e+08  1.15167727e+08  1.15413732e+08  1.11177131e+08 
  1.13465578e+08  1.06183823e+08  1.04613124e+08  1.13934103e+08 
  1.13840917e+08  1.21711319e+08  8.93055793e+07  1.12912092e+08 
  1.18987801e+08  1.25950601e+08  1.02914089e+08  1.01262977e+08 
  9.29979934e+07  1.37862261e+08  1.27944488e+08  1.12234010e+08 
  1.06260402e+08  1.17724448e+08  1.43325234e+08  1.14799000e+08 
  1.04615739e+08  1.24137248e+08]
[-11006440.1272297      -7459129.99768205    -8743593.78551023 
    -8052277.27209144      -288622.44320929    -2318557.97039128 
    -8455559.9332706      -4740182.54958996    -1534695.10260399 
      3700641.59065889        456195.67395334    -5852055.4066371 
    -3286032.73638093      2337403.51099392    -9143672.37839037 
  -10039866.33697075    -2644369.97503761    -9408807.65801643 
    -1309646.62562484  -16749910.67425169  -13933353.09601052 
    -5762822.90019714  -15088980.24020377  -19320297.83065896 
  -12889536.94168101    -4405152.25529867]
[    7759841.59550087  -15996847.18705651    -8351654.2626522 
    -1847771.54890938  -10954909.64363225  -17822644.65000632 
    -6379077.19671814    -3044576.16248588    -9752595.98711573 
  -20272305.19599247    -9595302.42864487    -2963146.97154548 
  -11987161.35453198  -14699238.84211826      2086834.76622531 
    -1109845.54167532    -7935569.89993676      4733909.0382755 
  -17595552.86005289      7324338.52001201      1531008.74662242 
    -6609762.71868168      2600115.00034943      9368916.65235101 
      1413485.87708859    -5983313.49414662]
[-11006440.1272297      -7459129.99768205    -8743593.78551023 
    -8052277.27209144      -288622.44320929    -2318557.97039128 
    -8455559.9332706      -4740182.54958996    -1534695.10260399 
      3700641.59065889        456195.67395334    -5852055.4066371 
    -3286032.73638093      2337403.51099392    -9143672.37839037 
  -10039866.33697075    -2644369.97503761    -9408807.65801643 
    -1309646.62562484  -16749910.67425169  -13933353.09601052 
    -5762822.90019714  -15088980.24020377  -19320297.83065896 
  -12889536.94168101    -4405152.25529867]
[-1.57427958e+07  -2.65017349e+07  -7.57584797e+06  -1.49169193e+07 
  -2.33533545e+07  -3.20110367e+07  -1.73475772e+07  -5.98094688e+06 
  -1.37727660e+07  -1.63641152e+07  -3.84075903e+07  -7.64830072e+06 
  -1.14286259e+07  -4.88871342e+06  -1.35390727e+07  -3.83192647e+06 
  -2.77196242e+07    4.62534058e+07  -4.14480122e+06  -2.05059879e+05 
    8.91440201e+05  -6.98447613e+06    8.94424805e+07    4.67297356e+06 
  -4.34766812e+06  -4.70190226e+04]
[  16118351.15161267      4851635.57370314      7538568.15466229 
    10958382.60892278      7982928.62209846      5987638.04903838 
      4327287.74884553      7342689.5310651        2775352.83331656 
      2003937.44462381      6720055.06214822      3299716.9142934 
      2503987.04552835      1679822.52595013      8668386.40782764 
      4996794.81814644      5502042.37969483    -3729059.51225088 
    -1071245.44186769    11785012.16412827      4609287.8058947 
      4846007.30227201  -21179879.04488927    13280904.53556942 
      5405905.30258154      4060469.65362173]
[    7759841.59550087  -15996847.18705651    -8351654.2626522 
    -1847771.54890938  -10954909.64363225  -17822644.65000632 
    -6379077.19671814    -3044576.16248588    -9752595.98711573 
  -20272305.19599247    -9595302.42864487    -2963146.97154548 
  -11987161.35453198  -14699238.84211826      2086834.76622531 
    -1109845.54167532    -7935569.89993676      4733909.0382755 
  -17595552.86005289      7324338.52001201      1531008.74662242 
    -6609762.71868168      2600115.00034943      9368916.65235101 
      1413485.87708859    -5983313.49414662]
[  16118351.15161267      4851635.57370314      7538568.15466229 
    10958382.60892278      7982928.62209846      5987638.04903838 
      4327287.74884553      7342689.5310651        2775352.83331656 
      2003937.44462381      6720055.06214822      3299716.9142934 
      2503987.04552835      1679822.52595013      8668386.40782764 
      4996794.81814644      5502042.37969483    -3729059.51225088 
    -1071245.44186769    11785012.16412827      4609287.8058947 
      4846007.30227201  -21179879.04488927    13280904.53556942 
      5405905.30258154      4060469.65362173]
[-17160960.92756191  -29373336.78580399    -8898776.74420129 
  -16328391.95439871  -17419432.47098285  -24980439.83659781 
  -24139599.89161412    -3060043.17385618  -13489686.25976697 
  -10825563.37197147  -26558082.0719418    -16840724.13293026 
  -11245962.37410088    -3700065.67959032  -24508018.29444056 
  -20929020.54487986  -33683521.27999955    19014845.32788805 
    -7664804.16476068  -17797844.61279178  -22889940.45721648 
  -15951570.41567461    27034068.7653685    -16259210.27332551 
  -24807807.76410602    -8002950.49116648]
increment_90
[1.02725221e+08  1.15104938e+08  1.16229109e+08  1.11222123e+08 
  1.14255201e+08  1.07180141e+08  1.06197270e+08  1.15234824e+08 
  1.15958614e+08  1.22972163e+08  9.15346487e+07  1.13099273e+08 
  1.20972469e+08  1.26630331e+08  1.04912307e+08  1.02471400e+08 
  9.50969645e+07  1.40850923e+08  1.29076426e+08  1.14938873e+08 
  1.07859223e+08  1.19805129e+08  1.43115137e+08  1.17342524e+08 
  1.05535950e+08  1.25619482e+08]
[-10373789.27719629    -8032288.35493073    -8324443.11946594 
    -8042724.76868456      -165369.85379065    -2700401.9185114 
    -8946256.6591962      -4628998.92781107    -1027931.52492837 
      3724374.28529429      1613382.49739549    -5866729.37239325 
    -2313319.5321914        2506879.10451642    -8201383.04697201 
  -10344953.37791413    -2076744.25011281    -8512244.95840174 
    -1142897.60468952  -15913918.99138701  -13523185.19344825 
    -4469540.59686284  -14641151.0950532    -18439591.47697008 
  -12145578.91146421    -3783859.40589457]
[    7382261.34863487  -15241081.56092172    -9123825.53222869 
    -1031750.58649052  -11523025.28993528  -18073122.02865209 
    -5496472.31443008    -2786643.56782516  -10355169.16912296 
  -20101915.33204963  -11210511.08176543    -1979164.87560819 
  -12794420.17382372  -14199520.28137741        703610.4034093 
      -709627.74420868    -8602157.46488856      4029513.72092309 
  -16649004.66208371      6159875.65967544      1220685.14931429 
    -7900477.02548858      3058839.80999487      8416213.11227051 
      1194435.13569401    -6493855.1795664  ]
[-10373789.27719629    -8032288.35493073    -8324443.11946594 
    -8042724.76868456      -165369.85379065    -2700401.9185114 
    -8946256.6591962      -4628998.92781107    -1027931.52492837 
      3724374.28529429      1613382.49739549    -5866729.37239325 
    -2313319.5321914        2506879.10451642    -8201383.04697201 
  -10344953.37791413    -2076744.25011281    -8512244.95840174 
    -1142897.60468952  -15913918.99138701  -13523185.19344825 
    -4469540.59686284  -14641151.0950532    -18439591.47697008 
  -12145578.91146421    -3783859.40589457]
[-17891388.07047635  -28888475.68983086    -9814886.49728918 
  -17030769.51599193  -25054629.60632941  -32617920.8948986 
  -18061671.95362492    -6383868.53838818  -14559999.03463422 
  -17018545.15527019  -38607704.10129438    -9374654.45270273 
  -12850472.14308207    -6276008.20298732  -14750876.41659314 
    -4027492.24210823  -27245678.81569137    46551446.76066723 
    -5869632.89709467    -1480752.18638485      -562449.93171598 
    -8635142.7792156      87581229.85693929      3098233.92026469 
    -6521895.76547825    -1512608.13272034]
[  15667072.27485797      4666506.24998946      7260406.36147026 
    11262193.83864748      7494025.23720519      5421281.16143508 
      4957710.84679621      7651630.65342082      2431335.92191572 
      2243889.85575045      5665070.1475085        3413944.3460631 
      1739407.86339485      2026421.50132098      7937680.92590952 
      5594669.93061939      5111774.15875493    -4702975.25520329 
      -396570.14861577    11084627.6094549        4730550.87373787 
      4265761.81313923  -21259842.70636477    12648424.27150182 
      5325673.56348418      3674148.51562683]
[    7382261.34863487  -15241081.56092172    -9123825.53222869 
    -1031750.58649052  -11523025.28993528  -18073122.02865209 
    -5496472.31443008    -2786643.56782516  -10355169.16912296 
  -20101915.33204963  -11210511.08176543    -1979164.87560819 
  -12794420.17382372  -14199520.28137741        703610.4034093 
      -709627.74420868    -8602157.46488856      4029513.72092309 
  -16649004.66208371      6159875.65967544      1220685.14931429 
    -7900477.02548858      3058839.80999487      8416213.11227051 
      1194435.13569401    -6493855.1795664  ]
[  15667072.27485797      4666506.24998946      7260406.36147026 
    11262193.83864748      7494025.23720519      5421281.16143508 
      4957710.84679621      7651630.65342082      2431335.92191572 
      2243889.85575045      5665070.1475085        3413944.3460631 
      1739407.86339485      2026421.50132098      7937680.92590952 
      5594669.93061939      5111774.15875493    -4702975.25520329 
      -396570.14861577    11084627.6094549        4730550.87373787 
      4265761.81313923  -21259842.70636477    12648424.27150182 
      5325673.56348418      3674148.51562683]
[-17471664.93174703  -31652630.67454726  -10183592.31366936 
  -18125809.94587528  -19005322.22265204  -25820550.14430515 
  -24700847.7474712      -4082857.77955832  -13971477.32698639 
  -11940532.51882247  -24974438.75056702  -18244860.71882363 
  -11655567.73113268    -5551118.63599685  -24727246.64890773 
  -21194683.86335046  -33197213.28470014    18856235.53437177 
    -8262682.65990356  -17648685.97008371  -22917924.62308706 
  -15939866.02389348    24386201.2265036    -15799606.47004474 
  -25338939.55839079    -8933306.51764806]
increment_100
[1.04312177e+08  1.15318825e+08  1.17738824e+08  1.11418632e+08 
  1.14855526e+08  1.07941644e+08  1.08142783e+08  1.16595607e+08 
  1.17757580e+08  1.24429758e+08  9.40205276e+07  1.13319631e+08 
  1.22529248e+08  1.27376782e+08  1.07067743e+08  1.03691337e+08 
  9.69701563e+07  1.42980798e+08  1.30464160e+08  1.17691611e+08 
  1.09687082e+08  1.21508250e+08  1.42910829e+08  1.20066116e+08 
  1.06502972e+08  1.26528457e+08]
[  -9596364.04453999    -8600680.50848915    -7651557.86165481 
    -7785097.05571306      -165716.89948536    -3040887.37441866 
    -9336892.65220278    -4888194.16898724      -683952.96040551 
      3633043.27337855      2905416.86404306    -6246396.14640918 
    -1577316.16946342      2658475.73310472    -7156245.69559592 
  -10650361.75208775    -1785696.31864371    -7664469.31516874 
      -969941.67599166  -14833607.99124207  -13248118.51353699 
    -3334430.90631373  -14037298.61932062  -17290444.93702805 
  -11467310.15547839    -3096569.57608597]
[    6486480.47041334  -14546832.13266045  -10330830.29325006 
      -578426.95293214  -11790747.07820168  -18145741.21991427 
    -4812673.40232968    -2268377.14671417  -10775862.15262486 
  -19787331.40949176  -12963463.96709998      -604631.17323778 
  -13218260.07402476  -13746197.30495098      -840481.72913688 
      -351645.64201777    -9022851.82356692      3428658.38505618 
  -15579407.031846          4715620.48464145      1038587.46488187 
    -8900460.49802004      3293248.0917004        7297040.69820032 
      1085575.58984326    -6912301.53202478]
[  -9596364.04453999    -8600680.50848915    -7651557.86165481 
    -7785097.05571306      -165716.89948536    -3040887.37441866 
    -9336892.65220278    -4888194.16898724      -683952.96040551 
      3633043.27337855      2905416.86404306    -6246396.14640918 
    -1577316.16946342      2658475.73310472    -7156245.69559592 
  -10650361.75208775    -1785696.31864371    -7664469.31516874 
      -969941.67599166  -14833607.99124207  -13248118.51353699 
    -3334430.90631373  -14037298.61932062  -17290444.93702805 
  -11467310.15547839    -3096569.57608597]
[-19739911.09905599  -30760906.53670303  -11867720.2865856 
  -19388899.29993325  -26663634.02827466  -33300644.83914739 
  -18411708.53200626    -6366520.97158214  -15400490.81967084 
  -17310283.52921816  -38698778.74925856  -10048127.82895993 
  -14134213.09550175    -7470285.18242584  -15954298.46213073 
    -4332062.60439137  -26557167.07811068    46539673.90186477 
    -7023498.11774695    -2914633.6394183      -1702681.12186442 
  -10363170.04617194    85129563.08165173      1689533.40823863 
    -8299410.22486108    -3813521.42898617]
[  15026599.36159725      4478700.56520066      6742681.6456784 
    11413200.28710076      7205808.71608714      4968118.83024789 
      5356913.79870516      8141313.2014118        2159003.44662181 
      2541174.58080841      4668026.6463333        3479548.53968753 
      1034526.71186846      2277942.05003993      7179453.28475516 
      6264447.49399534      4833838.98240145    -5848785.90541478 
        240317.55848975    10173342.38233873      5013007.74572651 
      3867021.52630823  -21281831.85651074    11779838.98998222 
      5234111.98935976      3499381.03375403]
[    6486480.47041334  -14546832.13266045  -10330830.29325006 
      -578426.95293214  -11790747.07820168  -18145741.21991427 
    -4812673.40232968    -2268377.14671417  -10775862.15262486 
  -19787331.40949176  -12963463.96709998      -604631.17323778 
  -13218260.07402476  -13746197.30495098      -840481.72913688 
      -351645.64201777    -9022851.82356692      3428658.38505618 
  -15579407.031846          4715620.48464145      1038587.46488187 
    -8900460.49802004      3293248.0917004        7297040.69820032 
      1085575.58984326    -6912301.53202478]
[  15026599.36159725      4478700.56520066      6742681.6456784 
    11413200.28710076      7205808.71608714      4968118.83024789 
      5356913.79870516      8141313.2014118        2159003.44662181 
      2541174.58080841      4668026.6463333        3479548.53968753 
      1034526.71186846      2277942.05003993      7179453.28475516 
      6264447.49399534      4833838.98240145    -5848785.90541478 
        240317.55848975    10173342.38233873      5013007.74572651 
      3867021.52630823  -21281831.85651074    11779838.98998222 
      5234111.98935976      3499381.03375403]
[-17308311.09370016  -33510999.19185197  -11001088.7417144 
  -19703813.16447405  -20639285.04763276  -26641206.54962539 
  -24803997.44798159    -5407898.6969063    -14576639.96837611 
  -12706940.99864017  -23289203.20474433  -19284950.85370636 
  -12318202.8968968      -7222551.721383      -24839766.76916137 
  -21422865.42462002  -32811072.48977417    17992164.71204707 
    -8440668.54630514  -17537195.32566975  -22644456.17245071 
  -16094964.40993617    21401354.22491612  -15111486.24984027 
  -25718902.35484516  -10182258.15927326]
increment_110
[1.06520968e+08  1.15925996e+08  1.19639956e+08  1.11952995e+08 
  1.15124151e+08  1.08583315e+08  1.10454776e+08  1.17829257e+08 
  1.19284543e+08  1.25911559e+08  9.67022149e+07  1.13444091e+08 
  1.23726256e+08  1.28032049e+08  1.09192998e+08  1.04864309e+08 
  9.85887308e+07  1.44334047e+08  1.31959014e+08  1.20301798e+08 
  1.11705269e+08  1.22915453e+08  1.42661585e+08  1.22738468e+08 
  1.07449563e+08  1.27047314e+08]
[  -8726657.53562019    -9158633.8781284      -6801576.23424338 
    -7210557.35446924      -243327.69250836    -3271017.253406 
    -9562927.45302526    -5474289.69795714      -476000.75609402 
      3442183.41783362      4176470.19014176    -6859876.14279085 
    -1074138.05127211      2800673.24142707    -6119566.65634997 
  -10892974.94466054    -1691267.09433239    -7001474.9932946 
      -739439.67929961  -13663397.17840641  -13045007.12938752 
    -2328322.19643371  -13228762.34612123  -16006261.87260882 
  -10801728.56270875    -2391598.26775833]
[    5135670.09132994  -13974788.41446346  -11855531.00480696 
      -467093.65632942  -11802026.00908922  -18016173.50515768 
    -4378779.55709513    -1544402.99216801  -11012136.42701429 
  -19375848.32238077  -14657580.19878794        951033.27659131 
  -13247978.20271652  -13318780.38602555    -2331302.0592932 
        -81311.95301434    -9222640.09391471      3015015.91799306 
  -14525652.93803411      3249909.16743414        873568.35048251 
    -9666521.50543405      3267738.30959911      6198209.65960399 
        999852.31425717    -7190536.16859225]
[  -8726657.53562019    -9158633.8781284      -6801576.23424338 
    -7210557.35446924      -243327.69250836    -3271017.253406 
    -9562927.45302526    -5474289.69795714      -476000.75609402 
      3442183.41783362      4176470.19014176    -6859876.14279085 
    -1074138.05127211      2800673.24142707    -6119566.65634997 
  -10892974.94466054    -1691267.09433239    -7001474.9932946 
      -739439.67929961  -13663397.17840641  -13045007.12938752 
    -2328322.19643371  -13228762.34612123  -16006261.87260882 
  -10801728.56270875    -2391598.26775833]
[-21461077.79228783  -32046705.90820296  -13924825.91237915 
  -21920311.2737215    -28371786.08607103  -34056832.69572096 
  -18544190.00594436    -6165287.42498199  -16290509.6479524 
  -17424012.20964727  -38482413.63053547  -10319475.71913027 
  -15194705.07945301    -8631078.49245991  -17165778.59813201 
    -4840287.65847532  -25750425.92157108    46286457.1805882 
    -7857909.40767081    -4492027.92108439    -2489228.41220581 
  -12055726.92274231    82096126.09266955        374755.24622851 
    -9942802.93252387    -6493771.71900093]
[  14216343.77064498      4240766.85335884      6023788.69320493 
    11463429.10618418      7088098.63673049      4645004.3288127 
      5545672.57622723      8720171.16583767      1985286.76618834 
      2840947.27334569      3778320.71254777      3583773.58408692 
        405291.42147413      2438875.97834004      6482694.62911053 
      6947997.12925624      4636488.71732999    -6998246.57598869 
        775314.15927552      9209910.08620824      5306176.89283286 
      3573045.75474364  -21323232.78988115    10816807.93877495 
      5147689.2022994        3446702.81851022]
[    5135670.09132994  -13974788.41446346  -11855531.00480696 
      -467093.65632942  -11802026.00908922  -18016173.50515768 
    -4378779.55709513    -1544402.99216801  -11012136.42701429 
  -19375848.32238077  -14657580.19878794        951033.27659131 
  -13247978.20271652  -13318780.38602555    -2331302.0592932 
        -81311.95301434    -9222640.09391471      3015015.91799306 
  -14525652.93803411      3249909.16743414        873568.35048251 
    -9666521.50543405      3267738.30959911      6198209.65960399 
        999852.31425717    -7190536.16859225]
[  14216343.77064498      4240766.85335884      6023788.69320493 
    11463429.10618418      7088098.63673049      4645004.3288127 
      5545672.57622723      8720171.16583767      1985286.76618834 
      2840947.27334569      3778320.71254777      3583773.58408692 
        405291.42147413      2438875.97834004      6482694.62911053 
      6947997.12925624      4636488.71732999    -6998246.57598869 
        775314.15927552      9209910.08620824      5306176.89283286 
      3573045.75474364  -21323232.78988115    10816807.93877495 
      5147689.2022994        3446702.81851022]
[-16893956.17686717  -34856192.47096533  -11613518.8787163 
  -20854923.39306854  -22470441.14878022  -27314877.91820813 
  -24515634.56532143    -7057875.25924349  -15210621.32899835 
  -13295313.59511482  -21531647.87163776  -20254558.31090143 
  -13095069.48256981    -8844234.12510469  -24926941.85236637 
  -21650193.63326992  -32434224.52263589    16464192.608038 
    -8434115.55263793  -17562651.07943458  -22104101.87138012 
  -16318365.0642208      18076719.6711718    -14363913.75834634 
  -26110846.06567015  -11506177.66666686]
increment_120
[1.09007378e+08  1.17028459e+08  1.21769889e+08  1.13029135e+08 
  1.15022041e+08  1.09288894e+08  1.13213957e+08  1.18811796e+08 
  1.20688108e+08  1.27309515e+08  9.94661008e+07  1.13549069e+08 
  1.24751161e+08  1.28680102e+08  1.11171712e+08  1.06027187e+08 
  9.99966236e+07  1.45074504e+08  1.33551738e+08  1.22744729e+08 
  1.14043118e+08  1.24190947e+08  1.42246155e+08  1.25354944e+08 
  1.08637050e+08  1.27485374e+08]
[  -7776375.03472435    -9731610.71670691    -6063713.58596323 
    -6371970.15722531      -401787.11218728    -3366969.50728736 
    -9629534.88411643    -6305968.1384391        -396427.11325159 
      3174353.41619133      5241301.97539332    -7567833.35637413 
      -783953.54258338      2930492.29706675    -5165036.18868721 
  -10965778.08530328    -1722745.90358812    -6509729.43348282 
      -493410.99714092  -12552282.93290938  -12870021.75909065 
    -1439867.53781663  -12237852.21167372  -14703303.21092268 
  -10095617.94097128    -1734630.996734    ]
[  3.50564425e+06  -1.35285238e+07  -1.34346838e+07  -6.34780509e+05 
  -1.15542544e+07  -1.76881068e+07  -4.17686530e+06  -6.32667063e+05 
  -1.10854019e+07  -1.88833228e+07  -1.60749133e+07    2.50798194e+06 
  -1.29460888e+07  -1.28610486e+07  -3.57403851e+06    5.73749191e+03 
  -9.20553303e+06    2.75678721e+06  -1.34909502e+07    2.01437865e+06 
    7.00818549e+05  -1.02350503e+07    3.01093015e+06    5.25938517e+06 
    8.68187032e+05  -7.23227670e+06]
[  -7776375.03472435    -9731610.71670691    -6063713.58596323 
    -6371970.15722531      -401787.11218728    -3366969.50728736 
    -9629534.88411643    -6305968.1384391        -396427.11325159 
      3174353.41619133      5241301.97539332    -7567833.35637413 
      -783953.54258338      2930492.29706675    -5165036.18868721 
  -10965778.08530328    -1722745.90358812    -6509729.43348282 
      -493410.99714092  -12552282.93290938  -12870021.75909065 
    -1439867.53781663  -12237852.21167372  -14703303.21092268 
  -10095617.94097128    -1734630.996734    ]
[-23349567.1575377    -32638906.42256383  -15673900.46039112 
  -24395122.94721714  -30237599.22008803  -34734688.66449638 
  -18416053.64429482    -5927369.78129234  -17087672.68010271 
  -17477600.300918      -37760784.02806618  -10540791.37665703 
  -15954494.74878073    -9683522.82088857  -18389533.87355536 
    -5700418.56281797  -24828783.94862257    45640931.83805013 
    -8345752.3122999      -6078008.79833409    -2791354.93106505 
  -13562699.04428389    78557529.00601825      -849554.14766908 
  -11489783.19688494    -9047330.98702508]
[  13356132.455763          3963943.96560783      5187217.70473481 
    11444476.21433361      7120655.42592166      4483914.23301769 
      5543350.39216869      9264146.26298876      1884655.14386072 
      3112233.80897907      3025823.96653735      3761354.79481398 
      -104343.6387382        2538621.29844841      5937753.33351197 
      7626796.22744258      4505910.37962344    -7981990.23159196 
      1188480.60109467      8358429.8407837        5562655.5879635 
      3346028.94375306  -21447567.86949582      9931053.50711345 
      5128771.92426627      3491829.29510296]
[  3.50564425e+06  -1.35285238e+07  -1.34346838e+07  -6.34780509e+05 
  -1.15542544e+07  -1.76881068e+07  -4.17686530e+06  -6.32667063e+05 
  -1.10854019e+07  -1.88833228e+07  -1.60749133e+07    2.50798194e+06 
  -1.29460888e+07  -1.28610486e+07  -3.57403851e+06    5.73749191e+03 
  -9.20553303e+06    2.75678721e+06  -1.34909502e+07    2.01437865e+06 
    7.00818549e+05  -1.02350503e+07    3.01093015e+06    5.25938517e+06 
    8.68187032e+05  -7.23227670e+06]
[  13356132.455763          3963943.96560783      5187217.70473481 
    11444476.21433361      7120655.42592166      4483914.23301769 
      5543350.39216869      9264146.26298876      1884655.14386072 
      3112233.80897907      3025823.96653735      3761354.79481398 
      -104343.6387382        2538621.29844841      5937753.33351197 
      7626796.22744258      4505910.37962344    -7981990.23159196 
      1188480.60109467      8358429.8407837        5562655.5879635 
      3346028.94375306  -21447567.86949582      9931053.50711345 
      5128771.92426627      3491829.29510296]
[-16488332.45024919  -35616804.55974096  -12203739.39485556 
  -21436733.9212478    -24542000.35995592  -27713713.47205881 
  -23803384.47526579    -8810225.99464257  -15792448.17592622 
  -13780795.31819384  -19762694.56088879  -21156005.97690573 
  -13831657.99040565  -10299188.27375047  -24989645.19613505 
  -21850337.93131662  -32007223.2264586      14371024.45040555 
    -8232746.20519907  -17619296.85183726  -21178244.19683757 
  -16505033.27252484    14404184.57077        -13567010.27274032 
  -26366048.90278308  -12602574.63140412]
