inc
sigma_11
sigma_12
sigma_13
sigma_21
sigma_22
sigma_23
sigma_31
sigma_32
sigma_33
increment_0
[-4.44192357e-05  -4.44192357e-05  -4.44192357e-05  -4.44192357e-05 
  -4.44192357e-05  -4.44192357e-05  -4.44192357e-05  -4.44192357e-05 
  -4.44192357e-05  -4.44192357e-05  -4.44192357e-05  -4.44192357e-05 
  -4.44192357e-05  -4.44192357e-05  -4.44192357e-05  -4.44192357e-05 
  -4.44192357e-05  -4.44192357e-05  -4.44192357e-05]
[-6.52202392e-07  -6.52202392e-07  -6.52202392e-07  -6.52202392e-07 
  -6.52202392e-07  -6.52202392e-07  -6.52202392e-07  -6.52202392e-07 
  -6.52202392e-07  -6.52202392e-07  -6.52202392e-07  -6.52202392e-07 
  -6.52202392e-07  -6.52202392e-07  -6.52202392e-07  -6.52202392e-07 
  -6.52202392e-07  -6.52202392e-07  -6.52202392e-07]
[-1.76947524e-06  -1.76947524e-06  -1.76947524e-06  -1.76947524e-06 
  -1.76947524e-06  -1.76947524e-06  -1.76947524e-06  -1.76947524e-06 
  -1.76947524e-06  -1.76947524e-06  -1.76947524e-06  -1.76947524e-06 
  -1.76947524e-06  -1.76947524e-06  -1.76947524e-06  -1.76947524e-06 
  -1.76947524e-06  -1.76947524e-06  -1.76947524e-06]
[-6.52202392e-07  -6.52202392e-07  -6.52202392e-07  -6.52202392e-07 
  -6.52202392e-07  -6.52202392e-07  -6.52202392e-07  -6.52202392e-07 
  -6.52202392e-07  -6.52202392e-07  -6.52202392e-07  -6.52202392e-07 
  -6.52202392e-07  -6.52202392e-07  -6.52202392e-07  -6.52202392e-07 
  -6.52202392e-07  -6.52202392e-07  -6.52202392e-07]
[-4.79847649e-05  -4.79847649e-05  -4.79847649e-05  -4.79847649e-05 
  -4.79847649e-05  -4.79847649e-05  -4.79847649e-05  -4.79847649e-05 
  -4.79847649e-05  -4.79847649e-05  -4.79847649e-05  -4.79847649e-05 
  -4.79847649e-05  -4.79847649e-05  -4.79847649e-05  -4.79847649e-05 
  -4.79847649e-05  -4.79847649e-05  -4.79847649e-05]
[8.84337581e-06  8.84337581e-06  8.84337581e-06  8.84337581e-06 
  8.84337581e-06  8.84337581e-06  8.84337581e-06  8.84337581e-06 
  8.84337581e-06  8.84337581e-06  8.84337581e-06  8.84337581e-06 
  8.84337581e-06  8.84337581e-06  8.84337581e-06  8.84337581e-06 
  8.84337581e-06  8.84337581e-06  8.84337581e-06]
[-1.76947524e-06  -1.76947524e-06  -1.76947524e-06  -1.76947524e-06 
  -1.76947524e-06  -1.76947524e-06  -1.76947524e-06  -1.76947524e-06 
  -1.76947524e-06  -1.76947524e-06  -1.76947524e-06  -1.76947524e-06 
  -1.76947524e-06  -1.76947524e-06  -1.76947524e-06  -1.76947524e-06 
  -1.76947524e-06  -1.76947524e-06  -1.76947524e-06]
[8.84337581e-06  8.84337581e-06  8.84337581e-06  8.84337581e-06 
  8.84337581e-06  8.84337581e-06  8.84337581e-06  8.84337581e-06 
  8.84337581e-06  8.84337581e-06  8.84337581e-06  8.84337581e-06 
  8.84337581e-06  8.84337581e-06  8.84337581e-06  8.84337581e-06 
  8.84337581e-06  8.84337581e-06  8.84337581e-06]
[-3.39227263e-05  -3.39227263e-05  -3.39227263e-05  -3.39227263e-05 
  -3.39227263e-05  -3.39227263e-05  -3.39227263e-05  -3.39227263e-05 
  -3.39227263e-05  -3.39227263e-05  -3.39227263e-05  -3.39227263e-05 
  -3.39227263e-05  -3.39227263e-05  -3.39227263e-05  -3.39227263e-05 
  -3.39227263e-05  -3.39227263e-05  -3.39227263e-05]
increment_10
[9.91912660e+07  1.17039396e+08  1.23981316e+08  1.22643363e+08 
  1.17014765e+08  1.15494058e+08  1.15951250e+08  1.26452059e+08 
  1.28741241e+08  1.23345510e+08  1.20992913e+08  1.23272780e+08 
  1.19059995e+08  1.34901608e+08  1.29140389e+08  1.26791351e+08 
  1.29587312e+08  1.12816252e+08  1.08511157e+08]
[-14849470.1919157      -7665210.21956927      8420466.23863854 
  -16653445.68105675      5829833.29922103    -8610657.44033181 
  -12753256.30014526        995001.84879407  -17042539.37512803 
      3570528.36888285    -2635191.9223115      -6976283.759405 
    11210869.44587392      8051213.70006381  -10144248.38741755 
    15457626.69945589      2819246.96430746      3246560.79150721 
    19047017.08280439]
[14580389.06975712    1681106.95178648    1491012.20509471  10202325.3419166 
    2777774.88027923  -4479342.19199305    1557023.37903035  10983769.70053503 
  11370913.2742654    -1129905.93672309  -1177418.40812584    4796840.80552908 
    3078080.69001567    2846229.8053235    10264551.30492361  -1330231.88666965 
    2204350.7434768      4495000.9230036    -2317386.19405896]
[-14849470.1919157      -7665210.21956927      8420466.23863854 
  -16653445.68105675      5829833.29922103    -8610657.44033181 
  -12753256.30014526        995001.84879407  -17042539.37512803 
      3570528.36888285    -2635191.9223115      -6976283.759405 
    11210869.44587392      8051213.70006381  -10144248.38741755 
    15457626.69945589      2819246.96430746      3246560.79150721 
    19047017.08280439]
[  9406663.41962418  20277166.49004057  23181845.37810538  32948414.99896963 
  20094326.9158075    15380659.06177769  19038295.25610715  31419049.69902775 
  36845745.15754563  23015319.67212125  24336264.61476196  31930463.14091815 
  18606523.13953692  33867249.51666928  36734179.29763623  24955113.03732273 
  31446859.29871083  12881470.2418945      6322289.81930175]
[-31261090.80476659  -25422120.29493595  -21554591.02458201 
  -29171631.87624452  -19550935.62577373  -26047415.20471558 
  -29436325.8196476    -27557568.66611048  -33893516.93997912 
  -21392506.07559547  -22689282.76229644  -17798613.42507108 
  -20612681.68310052  -21239767.93847128  -27778664.82900233 
  -16791078.0584304    -22180218.91998839  -24597345.92359914 
  -17501275.72667242]
[14580389.06975712    1681106.95178648    1491012.20509471  10202325.3419166 
    2777774.88027923  -4479342.19199305    1557023.37903035  10983769.70053503 
  11370913.2742654    -1129905.93672309  -1177418.40812584    4796840.80552908 
    3078080.69001567    2846229.8053235    10264551.30492361  -1330231.88666965 
    2204350.7434768      4495000.9230036    -2317386.19405896]
[-31261090.80476659  -25422120.29493595  -21554591.02458201 
  -29171631.87624452  -19550935.62577373  -26047415.20471558 
  -29436325.8196476    -27557568.66611048  -33893516.93997912 
  -21392506.07559547  -22689282.76229644  -17798613.42507108 
  -20612681.68310052  -21239767.93847128  -27778664.82900233 
  -16791078.0584304    -22180218.91998839  -24597345.92359914 
  -17501275.72667242]
[-35804751.44996597    -9089143.90804535    -9110215.08281213 
    -1731310.09498121  -20922432.34591991  -10615929.20630345 
  -11257761.67442001    -7152025.16388173    -9540424.83178042 
    -8819048.68330838  -11459819.11494599    12451195.4826087 
  -13621709.63863161    -3410918.58368472    -4652695.01533088 
    -1575953.73439913      1757719.80491373  -25953984.03619231 
  -13673356.98415273]
increment_20
[1.00597820e+08  1.19862780e+08  1.24942154e+08  1.23507606e+08 
  1.15094736e+08  1.13669832e+08  1.16747158e+08  1.26170771e+08 
  1.31212930e+08  1.22496574e+08  1.19098442e+08  1.24743288e+08 
  1.20198129e+08  1.35346917e+08  1.31875862e+08  1.27627732e+08 
  1.31181135e+08  1.14222613e+08  1.09366106e+08]
[-16669732.38551454    -8681379.12554278      6266468.65456324 
  -16785543.4931013        6948881.10003847    -9180799.54468895 
  -13228837.78210541    -1413966.08277008  -18465464.59164171 
      2074019.64062667    -3213396.20542242    -7862697.62369928 
    10732605.14661055      7832191.76346705  -11051072.46012865 
    15690641.32396848      2331813.48895631      1737159.82254439 
    19565653.44636946]
[16299049.11976426    2227968.98401721    3149926.54049306  12456747.97202309 
    2219845.06109034  -4686250.04147748    2902401.74521547  13381216.06592007 
  12537884.74380781      359562.11167619  -2349028.25920937    8936366.10885235 
    3647396.09509931    3681347.91511133  11869709.1919183      -258761.71480896 
    4591334.01112237    5523392.06873566  -2238817.28923401]
[-16669732.38551454    -8681379.12554278      6266468.65456324 
  -16785543.4931013        6948881.10003847    -9180799.54468895 
  -13228837.78210541    -1413966.08277008  -18465464.59164171 
      2074019.64062667    -3213396.20542242    -7862697.62369928 
    10732605.14661055      7832191.76346705  -11051072.46012865 
    15690641.32396848      2331813.48895631      1737159.82254439 
    19565653.44636946]
[11140221.98122971  22214020.73641984  23583469.11030912  33200118.84094648 
  15435778.05499469  11037223.10868817  18992031.96612647  30467022.1354334 
  39838140.31058259  20862590.03906322  19488189.00591653  35776716.09048141 
  17962298.24295725  32070097.6488149    40072157.71552891  24293496.55047 
  33522675.30171682  13093576.38739786    5176317.49300747]
[-32826276.21876907  -26708373.02245727  -23047657.4930844 
  -31178438.98691687  -18880796.82018098  -26451168.5940926 
  -30432680.70308014  -28534235.76318332  -34432109.32528461 
  -22256368.39742832  -22755369.12820978  -17073603.29840706 
  -21177218.19813469  -21785661.1615769    -28107198.92427075 
  -16585175.08801385  -22184256.48262473  -25595567.19884264 
  -16526875.74806563]
[16299049.11976426    2227968.98401721    3149926.54049306  12456747.97202309 
    2219845.06109034  -4686250.04147748    2902401.74521547  13381216.06592007 
  12537884.74380781      359562.11167619  -2349028.25920937    8936366.10885235 
    3647396.09509931    3681347.91511133  11869709.1919183      -258761.71480896 
    4591334.01112237    5523392.06873566  -2238817.28923401]
[-32826276.21876907  -26708373.02245727  -23047657.4930844 
  -31178438.98691687  -18880796.82018098  -26451168.5940926 
  -30432680.70308014  -28534235.76318332  -34432109.32528461 
  -22256368.39742832  -22755369.12820978  -17073603.29840706 
  -21177218.19813469  -21785661.1615769    -28107198.92427075 
  -16585175.08801385  -22184256.48262473  -25595567.19884264 
  -16526875.74806563]
[-38150288.78337628    -9128990.21100113  -11045059.28971581 
    -6679259.79346248  -22509266.41001157  -12551538.10094013 
  -12166283.93321737  -12804551.67507277    -9617091.08572751 
  -11486505.6522679    -12007576.40507101    10355433.17303449 
  -15118222.16979292    -5745709.39757921    -5124988.37133591 
    -3142271.0957779        -109025.32584574  -27605696.70715527 
  -16619323.00866647]
increment_30
[1.00647659e+08  1.21406988e+08  1.25484705e+08  1.24501130e+08 
  1.14349581e+08  1.13299632e+08  1.17612591e+08  1.28376632e+08 
  1.34786630e+08  1.22835589e+08  1.19004464e+08  1.27033852e+08 
  1.21376236e+08  1.36937553e+08  1.35796841e+08  1.28506415e+08 
  1.32782426e+08  1.16507638e+08  1.09425972e+08]
[-17155924.94871654    -8683945.40004307      7134784.7254012 
  -16330780.16147333      9001130.71449698    -8785580.92469369 
  -13351333.71088845    -2147234.32676883  -19335071.89236653 
      3071093.36174226    -1870871.04243123    -6915559.23472315 
    12393025.57479633      8881269.55380568  -12049724.85949168 
    15584299.31179894      1882733.63468266      3111663.98122741 
    20779638.69332318]
[16657979.26341907    2018804.01432365    2749020.62827274  14226276.21032663 
      511805.35347578  -5532076.24529395    2440459.16067742  14867091.16436424 
  13095126.51929267      467656.9742103    -3777200.73833563  10726155.42315553 
    3315205.6182251      3958378.71897446  12095797.69923283      -79232.94154847 
    5624391.14005435    4995314.41663143  -2923898.37345725]
[-17155924.94871654    -8683945.40004307      7134784.7254012 
  -16330780.16147333      9001130.71449698    -8785580.92469369 
  -13351333.71088845    -2147234.32676883  -19335071.89236653 
      3071093.36174226    -1870871.04243123    -6915559.23472315 
    12393025.57479633      8881269.55380568  -12049724.85949168 
    15584299.31179894      1882733.63468266      3111663.98122741 
    20779638.69332318]
[11139278.26499626  22541974.2751964    22536839.96214601  33263385.91502261 
  10535581.06579803    7480575.67839568  18489166.88515021  31528504.83413014 
  43209267.54235075  18832468.28058732  14952480.19946841  37948781.22146526 
  16920569.37341917  31059967.20304946  43796261.83146458  23125331.90013583 
  34477080.86716583  13343076.87304429    2948448.78160192]
[-32679327.31254165  -27045568.66576999  -22896135.95323233 
  -32527539.68412064  -17516473.51314479  -26289113.084934 
  -30686643.93857481  -28922661.84380012  -34927323.67140353 
  -21812897.26241614  -22093390.16202589  -17560711.13460831 
  -20420423.37625993  -21533377.52933998  -28540237.75597983 
  -16745085.36215545  -22722063.39003903  -25108307.20143586 
  -15506858.8427407  ]
[16657979.26341907    2018804.01432365    2749020.62827274  14226276.21032663 
      511805.35347578  -5532076.24529395    2440459.16067742  14867091.16436424 
  13095126.51929267      467656.9742103    -3777200.73833563  10726155.42315553 
    3315205.6182251      3958378.71897446  12095797.69923283      -79232.94154847 
    5624391.14005435    4995314.41663143  -2923898.37345725]
[-32679327.31254165  -27045568.66576999  -22896135.95323233 
  -32527539.68412064  -17516473.51314479  -26289113.084934 
  -30686643.93857481  -28922661.84380012  -34927323.67140353 
  -21812897.26241614  -22093390.16202589  -17560711.13460831 
  -20420423.37625993  -21533377.52933998  -28540237.75597983 
  -16745085.36215545  -22722063.39003903  -25108307.20143586 
  -15506858.8427407  ]
[-37659453.13802931    -8527703.43222806  -10599793.47285375 
  -10538663.09292425  -22197510.16907087  -12204594.26414068 
  -10541659.97397539  -14402552.92093569    -8076796.90702352 
  -11806987.50510889  -11141338.52017633      8596448.5150267 
  -15121599.20140225    -6128227.18143711    -2615280.02781012 
    -3658338.35921767      -610478.70718775  -25882048.1144145 
  -18192122.89885949]
increment_40
[1.00370399e+08  1.22420895e+08  1.26258736e+08  1.24958135e+08 
  1.13873361e+08  1.13048013e+08  1.18243375e+08  1.31526723e+08 
  1.38496721e+08  1.23179473e+08  1.19362403e+08  1.29854365e+08 
  1.22423523e+08  1.38914546e+08  1.40012761e+08  1.29131572e+08 
  1.34717273e+08  1.18630776e+08  1.09006287e+08]
[-17394598.63341418    -9006668.76204107      7997492.01252178 
  -15819092.62991953    10845281.88478332    -8321339.41764987 
  -13632873.15804349    -2166376.48385267  -20057357.28229192 
      4683750.2263956        -520445.84096891    -6318690.4910676 
    14343111.90127701    10059805.44980783  -12860985.31814864 
    15131881.79521993      1052568.68158095      4692685.86931354 
    21887022.01857984]
[16566565.31869716    1557912.62923786    2112211.83279948  15525101.82252039 
  -1356369.99768064  -6589545.61572265    1573793.91889612  15948942.9201025 
  13606399.42077623      126674.8291239    -5202978.95590989  11793097.17055551 
    2944308.84855585    4234296.6361762    12253742.80032047      -31501.73497475 
    6513462.25606258    4278297.02720738  -3783406.01960512]
[-17394598.63341418    -9006668.76204107      7997492.01252178 
  -15819092.62991953    10845281.88478332    -8321339.41764987 
  -13632873.15804349    -2166376.48385267  -20057357.28229192 
      4683750.2263956        -520445.84096891    -6318690.4910676 
    14343111.90127701    10059805.44980783  -12860985.31814864 
    15131881.79521993      1052568.68158095      4692685.86931354 
    21887022.01857984]
[10603433.95901477  22492402.86272394  21714392.27011052  32772931.33164598 
    4822712.10638119    4032917.9398463    17754813.85880187  33263263.64059682 
  46622269.9750919    16326002.61273395  10727541.86858774  40029314.11412347 
  15757335.54021994  30415068.59652538  47836432.21811396  21607459.50999179 
  35716355.87268175  13441979.07668539      181054.89507844]
[-32272406.36022788  -27201786.14616832  -22554682.45753302 
  -33490163.74321328  -16176473.14367956  -25965084.54866438 
  -30921024.30832107  -28899924.23174312  -35343875.52530963 
  -20976401.16269276  -21230328.64587881  -18597324.89447033 
  -19390819.95308823  -21082846.10713308  -28801981.80656298 
  -17060237.20041795  -23512395.72445734  -24427011.55295793 
  -14569560.66452711]
[16566565.31869716    1557912.62923786    2112211.83279948  15525101.82252039 
  -1356369.99768064  -6589545.61572265    1573793.91889612  15948942.9201025 
  13606399.42077623      126674.8291239    -5202978.95590989  11793097.17055551 
    2944308.84855585    4234296.6361762    12253742.80032047      -31501.73497475 
    6513462.25606258    4278297.02720738  -3783406.01960512]
[-32272406.36022788  -27201786.14616832  -22554682.45753302 
  -33490163.74321328  -16176473.14367956  -25965084.54866438 
  -30921024.30832107  -28899924.23174312  -35343875.52530963 
  -20976401.16269276  -21230328.64587881  -18597324.89447033 
  -19390819.95308823  -21082846.10713308  -28801981.80656298 
  -17060237.20041795  -23512395.72445734  -24427011.55295793 
  -14569560.66452711]
[-36697672.57500711    -7917511.09660841    -9838207.49059683 
  -13420248.4947266    -21677838.21930759  -11549527.44000936 
    -8820326.11385948  -14638714.51631615    -6289905.70642223 
  -11850112.3403804    -10134617.04290431      7435399.84465443 
  -14972548.70740841    -6101331.11101217        332310.66715621 
    -4426110.22439327      -329995.92909762  -23903984.60212291 
  -19730564.20796347]
increment_50
[9.97763256e+07  1.22714086e+08  1.27000449e+08  1.25375934e+08 
  1.13714418e+08  1.13046360e+08  1.18546915e+08  1.34550785e+08 
  1.41862937e+08  1.23534201e+08  1.20078385e+08  1.33088507e+08 
  1.23465048e+08  1.40821796e+08  1.44017314e+08  1.29469032e+08 
  1.37085271e+08  1.20666582e+08  1.08202664e+08]
[-17409313.87117679    -9587588.6293043        8590245.41132283 
  -15511655.49028858    12310765.19249277    -7811735.33471119 
  -13979742.6064822      -1604454.43077746  -20669631.54431874 
      6360039.31391542        685365.02104171    -6059850.84470628 
    16111777.09100727    11385338.61489346  -13376565.19566654 
    14539433.74007324        -25683.59549847      6013490.34564581 
    22940635.02376883]
[16088291.27996934    1045210.42350448    1398850.01433211  16545680.91227373 
  -2917899.38129315  -7684506.25251827      610972.23557251  16701581.33144986 
  14073113.12927027    -343746.73774103  -6321007.60246412  12855907.78689471 
    2675324.95045942    4450357.97900055  12300796.4707932        -59250.73775706 
    7585941.07587718    3700454.1897971    -4771062.40610583]
[-17409313.87117679    -9587588.6293043        8590245.41132283 
  -15511655.49028858    12310765.19249277    -7811735.33471119 
  -13979742.6064822      -1604454.43077746  -20669631.54431874 
      6360039.31391542        685365.02104171    -6059850.84470628 
    16111777.09100727    11385338.61489346  -13376565.19566654 
    14539433.74007324        -25683.59549847      6013490.34564581 
    22940635.02376883]
[  9443148.82795938  21871834.75503149  20906619.8401297    32331027.14876931 
    -747326.29120467      993099.32628117  16760855.67209081  34654579.98214797 
  49609446.04341726  13547132.61648996    7091714.17822519  42519983.71014224 
  14664646.8139348    29646297.24879299  51581681.18911979  19749372.5814717 
  37575218.64770979  13670553.47598547  -3030475.07549899]
[-31792688.15068436  -27289991.98600557  -22261397.1814575 
  -34257476.75879464  -14957880.23026241  -25488882.66568131 
  -31124385.54959664  -28589989.83969553  -35720259.06856707 
  -20082160.73444671  -20323602.00964267  -19835316.73774652 
  -18373361.89781839  -20398424.37931225  -28928939.99230159 
  -17369606.2552536    -24459531.94885544  -23799241.72743865 
  -13652518.91676      ]
[16088291.27996934    1045210.42350448    1398850.01433211  16545680.91227373 
  -2917899.38129315  -7684506.25251827      610972.23557251  16701581.33144986 
  14073113.12927027    -343746.73774103  -6321007.60246412  12855907.78689471 
    2675324.95045942    4450357.97900055  12300796.4707932        -59250.73775706 
    7585941.07587718    3700454.1897971    -4771062.40610583]
[-31792688.15068436  -27289991.98600557  -22261397.1814575 
  -34257476.75879464  -14957880.23026241  -25488882.66568131 
  -31124385.54959664  -28589989.83969553  -35720259.06856707 
  -20082160.73444671  -20323602.00964267  -19835316.73774652 
  -18373361.89781839  -20398424.37931225  -28928939.99230159 
  -17369606.2552536    -24459531.94885544  -23799241.72743865 
  -13652518.91676      ]
[-35676752.63049871    -7652206.97931541    -8992896.8257531 
  -15328398.07925539  -21405451.09609465  -10690694.21703368 
    -7532018.04926174  -14425711.77767812    -4725468.61978954 
  -11833931.76726132    -9422235.51053867      6842603.71641628 
  -14868641.64944795    -6016725.00768532      3154708.57902401 
    -5424993.39956731        448169.87062207  -22022127.60500179 
  -21303453.59605464]
increment_60
[9.88945512e+07  1.22358129e+08  1.27619784e+08  1.26195095e+08 
  1.14055587e+08  1.13427377e+08  1.18649809e+08  1.37042120e+08 
  1.44822372e+08  1.24117352e+08  1.21128013e+08  1.36638594e+08 
  1.24637574e+08  1.42570065e+08  1.47652335e+08  1.29533063e+08 
  1.39746378e+08  1.22804118e+08  1.07368464e+08]
[-17213514.15944102  -10254674.1400387        8901817.24819038 
  -15535473.60196034    13267722.21847019    -7324922.78508915 
  -14325265.87862621      -501751.99872333  -21239236.44873947 
      7786286.91244961      1609688.06920152    -6166908.18150361 
    17481897.32496332    12838929.93926474  -13584602.97174182 
    13961103.45830739    -1290690.05997381      6928195.39456175 
    23868485.58270753]
[15298620.10922032      567570.16881048      669121.98071795  17503706.58252256 
  -3922176.9797325    -8729807.07088458    -294545.81278075  17201486.5235642 
  14539179.05060034    -751436.29679669  -6995336.55614443  14091997.93612407 
    2609493.43615082    4555841.24951921  12251388.70393431    -120079.99844658 
    8844323.87132718    3385152.59474269  -5709916.72435802]
[-17213514.15944102  -10254674.1400387        8901817.24819038 
  -15535473.60196034    13267722.21847019    -7324922.78508915 
  -14325265.87862621      -501751.99872333  -21239236.44873947 
      7786286.91244961      1609688.06920152    -6166908.18150361 
    17481897.32496332    12838929.93926474  -13584602.97174182 
    13961103.45830739    -1290690.05997381      6928195.39456175 
    23868485.58270753]
[  7666263.87637658  20744393.41534553  20044595.55921329  32476590.41003611 
  -5291379.19006371  -1419361.61533783  15668416.20717334  35327619.44736391 
  52197128.61949007  10994481.0529248      4236217.89948456  45507561.14905971 
  13843403.87782396  28611283.09424767  54819000.42140545  17574682.53199109 
  39961198.44351274  14294328.37985105  -6234446.86591434]
[-31332079.08078903  -27277276.304467      -22104013.76043747 
  -34953638.69872679  -13988970.65063327  -24904680.60825427 
  -31246510.46864866  -28019517.27520502  -36067709.66568844 
  -19315036.13182443  -19526820.88512787  -21206600.68704885 
  -17519245.62167183  -19494350.28523868  -28974897.02142901 
  -17597162.52707702  -25509889.76186762  -23311833.47808063 
  -12792965.54578761]
[15298620.10922032      567570.16881048      669121.98071795  17503706.58252256 
  -3922176.9797325    -8729807.07088458    -294545.81278075  17201486.5235642 
  14539179.05060034    -751436.29679669  -6995336.55614443  14091997.93612407 
    2609493.43615082    4555841.24951921  12251388.70393431    -120079.99844658 
    8844323.87132718    3385152.59474269  -5709916.72435802]
[-31332079.08078903  -27277276.304467      -22104013.76043747 
  -34953638.69872679  -13988970.65063327  -24904680.60825427 
  -31246510.46864866  -28019517.27520502  -36067709.66568844 
  -19315036.13182443  -19526820.88512787  -21206600.68704885 
  -17519245.62167183  -19494350.28523868  -28974897.02142901 
  -17597162.52707702  -25509889.76186762  -23311833.47808063 
  -12792965.54578761]
[-34793748.19003087    -7688241.86110874    -8065358.34914744 
  -16357312.83706371  -21342993.63927079    -9605430.06301259 
    -6671944.96951878  -14076842.27589633    -3432664.76595744 
  -11641020.85432146    -9062073.72405455      6710154.56769228 
  -14817205.89899859    -5863665.97528986      5712193.72422719 
    -6655320.77907875      1575799.09306838  -20239191.65731572 
  -22814640.3922575  ]
increment_70
[9.78242032e+07  1.21684042e+08  1.28048035e+08  1.27535707e+08 
  1.14932131e+08  1.14111013e+08  1.18821025e+08  1.38831931e+08 
  1.47319938e+08  1.24992901e+08  1.22357855e+08  1.40178434e+08 
  1.26102620e+08  1.44097924e+08  1.51041792e+08  1.29411828e+08 
  1.42144914e+08  1.25071846e+08  1.06605181e+08]
[-16809919.51307316  -10884932.6033025        8995099.49198312 
  -15836087.97442097    13717700.7139459      -6848108.72875207 
  -14622853.80587831      1110585.95067287  -21837469.65452098 
      8855133.00948975      2246379.47550468    -6581254.07113617 
    18348944.81813989    14381599.79595436  -13553912.82320954 
    13493318.58197757    -2640426.94347983      7373390.0940911 
    24537599.87768225]
[14203275.04193926      163254.51964476      -63341.02054009  18425950.5810091 
  -4395647.33490567  -9716188.12664954  -1115930.35572257  17470411.33930413 
  15037209.00662067  -1045511.34065045  -7440078.17993142  15264035.22213703 
    2808867.1499746      4527272.30134024  12009283.60631015    -247682.18599924 
  10140941.15522847    3156129.62545442  -6457060.04785269]
[-16809919.51307316  -10884932.6033025        8995099.49198312 
  -15836087.97442097    13717700.7139459      -6848108.72875207 
  -14622853.80587831      1110585.95067287  -21837469.65452098 
      8855133.00948975      2246379.47550468    -6581254.07113617 
    18348944.81813989    14381599.79595436  -13553912.82320954 
    13493318.58197757    -2640426.94347983      7373390.0940911 
    24537599.87768225]
[  5295846.6400851    19448496.16237921  19036045.44409117  33322542.39578919 
  -8558771.83549318  -3330304.18746891  14739133.21177011  35084601.40482687 
  54433234.78284404    8936070.81885173    1931634.64022228  48553909.0818778 
  13523644.96987118  27220697.10274933  57508460.59434228  15162360.25243011 
  42256208.18621726  15290138.85913186  -9241817.62539301]
[-30966066.59557849  -27097966.48865773  -22079390.84911957 
  -35577083.28747662  -13320830.56950352  -24239219.24151218 
  -31222670.97556618  -27194770.3796705    -36400000.44937672 
  -18717533.40559044  -18836279.47041778  -22632427.02378942 
  -16891697.70628252  -18392050.77609616  -29086377.47065173 
  -17673987.59867404  -26592859.41842734  -22990681.67250728 
  -12112984.47927086]
[14203275.04193926      163254.51964476      -63341.02054009  18425950.5810091 
  -4395647.33490567  -9716188.12664954  -1115930.35572257  17470411.33930413 
  15037209.00662067  -1045511.34065045  -7440078.17993142  15264035.22213703 
    2808867.1499746      4527272.30134024  12009283.60631015    -247682.18599924 
  10140941.15522847    3156129.62545442  -6457060.04785269]
[-30966066.59557849  -27097966.48865773  -22079390.84911957 
  -35577083.28747662  -13320830.56950352  -24239219.24151218 
  -31222670.97556618  -27194770.3796705    -36400000.44937672 
  -18717533.40559044  -18836279.47041778  -22632427.02378942 
  -16891697.70628252  -18392050.77609616  -29086377.47065173 
  -17673987.59867404  -26592859.41842734  -22990681.67250728 
  -12112984.47927086]
[-34248313.09323927    -7764084.04014698    -7258804.86155571 
  -16639885.8943015    -21314742.66541303    -8453256.46634945 
    -5980390.96399486  -13769586.2005106      -2392630.14298192 
  -11266189.24722102    -8903676.427507          6824691.23332793 
  -14710419.03455257    -5638583.55651519      8172215.08166831 
    -7979740.76162342      2631502.76973699  -18294002.98990212 
  -24343829.59329303]
increment_80
[9.68079845e+07  1.20938913e+08  1.28366833e+08  1.29425046e+08 
  1.16319106e+08  1.15042271e+08  1.19293283e+08  1.40109013e+08 
  1.49339191e+08  1.26166692e+08  1.23663210e+08  1.43470152e+08 
  1.27927439e+08  1.45516266e+08  1.54243264e+08  1.29239044e+08 
  1.43924179e+08  1.27479480e+08  1.06004138e+08]
[-16158351.78133967  -11420994.49643791      8962763.31573024 
  -16264974.23087306    13765511.71887415    -6280705.63143162 
  -14884729.13706063      3083136.594486      -22492940.53659698 
      9652185.8975308        2705210.21998301    -7136442.22797336 
    18737272.78821279    15919467.55140169  -13326242.23384185 
    13249319.15218973    -3858551.46260379      7395472.61680878 
    24860896.391936    ]
[  12848607.01065901        -76403.37330734      -813658.22587191 
    19248290.85399131    -4364466.64128175  -10652638.23600016 
    -1888623.14671736    17485301.84723316    15604318.39828663 
    -1315505.20678393    -7862846.03414287    16123526.42743701 
      3337355.3795596        4455871.63051211    11473994.9257704 
      -430621.29623838    11290073.86544524      2937789.06232523 
    -6988931.85902161]
[-16158351.78133967  -11420994.49643791      8962763.31573024 
  -16264974.23087306    13765511.71887415    -6280705.63143162 
  -14884729.13706063      3083136.594486      -22492940.53659698 
      9652185.8975308        2705210.21998301    -7136442.22797336 
    18737272.78821279    15919467.55140169  -13326242.23384185 
    13249319.15218973    -3858551.46260379      7395472.61680878 
    24860896.391936    ]
[    2482759.45952073    18298850.49932739    17932500.20851858 
    34773249.28353179  -10625318.41468854    -4896642.08729731 
    14188369.40106205    34030778.62602826    56368626.73176245 
      7352720.95770359      -104755.06913082    51271604.27043831 
    13836055.49358318    25640162.0107814      59689803.92871583 
    12589595.58574743    43950227.14192297    16617542.47519248 
  -11914903.00821789]
[-30745326.02197268  -26684163.06701474  -22100342.87302768 
  -36124553.05267639  -13005793.12170027  -23493088.42876058 
  -31039045.46360513  -26177018.06611364  -36708140.91618556 
  -18264123.86816447  -18178086.92240105  -23932882.39287426 
  -16443266.50001701  -17137738.14045715  -29171903.0171975 
  -17566871.07903693  -27563853.68976064  -22797425.8793282 
  -11674364.699641    ]
[  12848607.01065901        -76403.37330734      -813658.22587191 
    19248290.85399131    -4364466.64128175  -10652638.23600016 
    -1888623.14671736    17485301.84723316    15604318.39828663 
    -1315505.20678393    -7862846.03414287    16123526.42743701 
      3337355.3795596        4455871.63051211    11473994.9257704 
      -430621.29623838    11290073.86544524      2937789.06232523 
    -6988931.85902161]
[-30745326.02197268  -26684163.06701474  -22100342.87302768 
  -36124553.05267639  -13005793.12170027  -23493088.42876058 
  -31039045.46360513  -26177018.06611364  -36708140.91618556 
  -18264123.86816447  -18178086.92240105  -23932882.39287426 
  -16443266.50001701  -17137738.14045715  -29171903.0171975 
  -17566871.07903693  -27563853.68976064  -22797425.8793282 
  -11674364.699641    ]
[-34167417.84706102    -7754052.42114612    -6650860.58506063 
  -16287657.25037911  -21203210.63045402    -7249924.20651435 
    -5215584.28358975  -13590496.12531015    -1629952.10718229 
  -10599368.54413436    -8790862.81171985      7109412.31094862 
  -14556563.2098828      -5312878.64087076    10743556.34902808 
    -9408162.54028012      3281816.56968345  -16134480.58111793 
  -25818697.64712845]
increment_90
[9.58296273e+07  1.20260023e+08  1.28669795e+08  1.31525279e+08 
  1.17987632e+08  1.16155034e+08  1.20017814e+08  1.41150679e+08 
  1.51005343e+08  1.27559703e+08  1.25028686e+08  1.46610233e+08 
  1.29919648e+08  1.47072873e+08  1.57253022e+08  1.28751178e+08 
  1.45278009e+08  1.30137256e+08  1.05575971e+08]
[-15278950.866669      -11864604.52760966      8890614.903374 
  -16636622.0841817      13593148.21145502    -5563727.04268941 
  -15065829.42435511      5313204.75198651  -23102744.989914 
    10243128.48615141      3102855.18368452    -7721580.95818044 
    18859550.84802698    17414606.11012075  -13084558.90923914 
    13186409.07421929    -4933008.99980821      7330376.31865096 
    24958946.42934737]
[  11284108.8757144        -282141.34288881    -1630576.85512272 
    19943130.626315        -4106116.54809302  -11586326.50647395 
    -2696129.00461525    17322757.5515224      16199397.47965648 
    -1694032.08163425    -8322885.29667151    16570071.21176724 
      4066689.20525217      4381854.03786056    10799725.36229443 
      -818272.69205143    12134501.42843389      2599490.99617854 
    -7478166.80774041]
[-15278950.866669      -11864604.52760966      8890614.903374 
  -16636622.0841817      13593148.21145502    -5563727.04268941 
  -15065829.42435511      5313204.75198651  -23102744.989914 
    10243128.48615141      3102855.18368452    -7721580.95818044 
    18859550.84802698    17414606.11012075  -13084558.90923914 
    13186409.07421929    -4933008.99980821      7330376.31865096 
    24958946.42934737]
[    -705326.58701564    17300304.04584517    16780827.3775552 
    36436264.34867017  -11868427.01133638    -6227583.80125254 
    13850532.30926069    32485848.70240551    57991239.68464524 
      6140988.51783668    -1920089.04393849    53632977.71203081 
    14494531.33420996    24092478.27530961    61384366.32864598 
      9541184.440581        45081334.73120988    18145053.60630778 
  -14282604.06917338]
[-30548482.91787373  -26094530.06474546  -22077229.28169543 
  -36554682.59897421  -12817625.29373951  -22596492.74269311 
  -30726602.10884161  -24992250.30372037  -37004677.42356303 
  -17784230.10853853  -17437865.57986528  -25114396.80618317 
  -16101019.79971829  -15797434.82966051  -29325763.80787261 
  -17272836.69784182  -28417128.4055403    -22579647.88220598 
  -11381923.02280745]
[  11284108.8757144        -282141.34288881    -1630576.85512272 
    19943130.626315        -4106116.54809302  -11586326.50647395 
    -2696129.00461525    17322757.5515224      16199397.47965648 
    -1694032.08163425    -8322885.29667151    16570071.21176724 
      4066689.20525217      4381854.03786056    10799725.36229443 
      -818272.69205143    12134501.42843389      2599490.99617854 
    -7478166.80774041]
[-30548482.91787373  -26094530.06474546  -22077229.28169543 
  -36554682.59897421  -12817625.29373951  -22596492.74269311 
  -30726602.10884161  -24992250.30372037  -37004677.42356303 
  -17784230.10853853  -17437865.57986528  -25114396.80618317 
  -16101019.79971829  -15797434.82966051  -29325763.80787261 
  -17272836.69784182  -28417128.4055403    -22579647.88220598 
  -11381923.02280745]
[-34353460.81958186    -7519777.52746904    -6191919.6939026 
  -15427855.90935736  -21012500.73204196    -6051738.52879283 
    -4377575.01853669  -13321033.49662362      -982196.21543879 
    -9715412.37111572    -8689023.17802605      7660737.4664962 
  -14372478.52600452    -4746260.68249423    13456515.41944478 
  -10897517.76037665      3681043.95173111  -13859590.88622902 
  -26958500.58265619]
increment_100
[9.50217907e+07  1.19634963e+08  1.28947096e+08  1.33775168e+08 
  1.19869448e+08  1.17589887e+08  1.20922578e+08  1.42190134e+08 
  1.52466362e+08  1.29110042e+08  1.26544678e+08  1.49585910e+08 
  1.31987063e+08  1.48874879e+08  1.60136334e+08  1.28178460e+08 
  1.46428049e+08  1.32791504e+08  1.05501342e+08]
[-14259058.0368753    -12327230.16498428      8755275.5612158 
  -16982174.15600713    13379529.29459698    -4678317.02603392 
  -15179826.61301826      7555859.04514893  -23678390.75801356 
    10655692.05414137      3547934.48788069    -8213686.23958036 
    18857211.38355423    18830682.20305356  -12797825.03883392 
    13214381.14206593    -5833750.83494318      7272128.33539291 
    24919770.70375971]
[    9804261.01526296      -545027.64243453    -2439717.87092751 
    20562300.93604845    -3691213.67788137  -12426297.96172009 
    -3462898.96886048    17057043.94353298    16788071.94908853 
    -2154386.11270903    -8723618.62379616    16772644.91533101 
      4908008.31963297      4322397.90029794    10092321.32819582 
    -1374232.66194508    12763261.28317233      2121189.24568513 
    -7947727.54660978]
[-14259058.0368753    -12327230.16498428      8755275.5612158 
  -16982174.15600713    13379529.29459698    -4678317.02603392 
  -15179826.61301826      7555859.04514893  -23678390.75801356 
    10655692.05414137      3547934.48788069    -8213686.23958036 
    18857211.38355423    18830682.20305356  -12797825.03883392 
    13214381.14206593    -5833750.83494318      7272128.33539291 
    24919770.70375971]
[  -3862103.77750964    16338416.71737597    15614958.88741362 
    38265523.11352117  -12543539.03609653    -7181819.39430683 
    13615522.41934841    30754657.89975544    59476582.7657138 
      5212691.27583512    -3455646.79675924    55705921.44114386 
    15327553.76622267    22706244.84439189    62735172.58074187 
      6251187.86610833    45877864.88636634    19582189.58939998 
  -16185620.52831519]
[-30283344.61238134  -25443893.49176379  -22065911.16963274 
  -36913734.52936051  -12693745.41479735  -21610429.98888906 
  -30371643.14117359  -23747081.67714377  -37257259.95476516 
  -17301874.83564053  -16650323.955661      -26088474.35059262 
  -15783348.1674287    -14389647.20063287  -29475640.40594901 
  -16854579.43380796  -29143650.20153622  -22280217.49165107 
  -11159569.89629864]
[    9804261.01526296      -545027.64243453    -2439717.87092751 
    20562300.93604845    -3691213.67788137  -12426297.96172009 
    -3462898.96886048    17057043.94353298    16788071.94908853 
    -2154386.11270903    -8723618.62379616    16772644.91533101 
      4908008.31963297      4322397.90029794    10092321.32819582 
    -1374232.66194508    12763261.28317233      2121189.24568513 
    -7947727.54660978]
[-30283344.61238134  -25443893.49176379  -22065911.16963274 
  -36913734.52936051  -12693745.41479735  -21610429.98888906 
  -30371643.14117359  -23747081.67714377  -37257259.95476516 
  -17301874.83564053  -16650323.955661      -26088474.35059262 
  -15783348.1674287    -14389647.20063287  -29475640.40594901 
  -16854579.43380796  -29143650.20153622  -22280217.49165107 
  -11159569.89629864]
[-34687342.43659958    -7046439.54660624    -5886783.88647852 
  -14171143.73014263  -20734230.62985906    -4760927.58915787 
    -3620155.31235118  -12940232.22870533      -306040.63383275 
    -8642101.73639357    -8621199.80461802      8503582.07133413 
  -14155772.79658458    -3887572.652684        16103299.71610397 
  -12297211.17971003      3989868.78946385  -11587777.71516735 
  -27671420.74912298]
increment_110
[9.44074392e+07  1.19132782e+08  1.29204057e+08  1.36091546e+08 
  1.21827553e+08  1.19339977e+08  1.21908045e+08  1.43231953e+08 
  1.53737836e+08  1.30675676e+08  1.28137161e+08  1.52337388e+08 
  1.34024569e+08  1.50806444e+08  1.62957158e+08  1.27615502e+08 
  1.47565765e+08  1.35235253e+08  1.05825237e+08]
[-13127858.84240429  -12834148.39822504      8536147.54155964 
  -17300844.57082406    13147539.04249922    -3614008.34005106 
  -15260635.21101761      9792468.67561803  -24231634.81981055 
    10847693.44971399      3967100.18245815    -8572823.98845814 
    18856410.09369043    20236747.97294506  -12376510.99428685 
    13251330.19461174    -6544980.8856014        7224805.35729702 
    24763885.0010893  ]
[    8530182.82474305      -944000.16646311    -3217884.78876134 
    21105440.81688716    -3211802.63292191  -13167689.39522724 
    -4135610.4381199      16692437.72886034    17362421.57727107 
    -2714258.25276503    -9004264.97554176    16823353.69048118 
      5770715.6183454        4255083.51761601      9438811.12547188 
    -1996570.64309683    13270875.07801885      1504548.50915051 
    -8343478.54675705]
[-13127858.84240429  -12834148.39822504      8536147.54155964 
  -17300844.57082406    13147539.04249922    -3614008.34005106 
  -15260635.21101761      9792468.67561803  -24231634.81981055 
    10847693.44971399      3967100.18245815    -8572823.98845814 
    18856410.09369043    20236747.97294506  -12376510.99428685 
    13251330.19461174    -6544980.8856014        7224805.35729702 
    24763885.0010893  ]
[  -6781884.58991434    15363839.95272073    14464947.24184187 
    40179746.3176792    -12878380.68697148    -7775211.55162821 
    13393916.12280206    28851978.35637686    60867443.20711435 
      4426984.36251898    -4736688.0960603      57480385.1374526 
    16152793.73361697    21332798.62060531    63853647.31149352 
      2918186.73467219    46580015.57435843    20713513.9663811 
  -17561559.60069022]
[-29900211.20048307  -24843940.8541592    -22078603.86578885 
  -37220271.20541234  -12580074.49439232  -20547393.06993509 
  -30036204.35417704  -22436605.71575624  -37467434.27147577 
  -16820648.96717111  -15915467.81650828  -26838897.89030623 
  -15438810.46816133  -12876957.07526065  -29533752.92561398 
  -16370878.34008546  -29699421.92294993  -21903160.56608291 
  -11015928.88382249]
[    8530182.82474305      -944000.16646311    -3217884.78876134 
    21105440.81688716    -3211802.63292191  -13167689.39522724 
    -4135610.4381199      16692437.72886034    17362421.57727107 
    -2714258.25276503    -9004264.97554176    16823353.69048118 
      5770715.6183454        4255083.51761601      9438811.12547188 
    -1996570.64309683    13270875.07801885      1504548.50915051 
    -8343478.54675705]
[-29900211.20048307  -24843940.8541592    -22078603.86578885 
  -37220271.20541234  -12580074.49439232  -20547393.06993509 
  -30036204.35417704  -22436605.71575624  -37467434.27147577 
  -16820648.96717111  -15915467.81650828  -26838897.89030623 
  -15438810.46816133  -12876957.07526065  -29533752.92561398 
  -16370878.34008546  -29699421.92294993  -21903160.56608291 
  -11015928.88382249]
[-35098578.04837312    -6371746.64726662    -5729670.20941494 
  -12607130.68696744  -20400645.06440048    -3343414.83220247 
    -3040563.55413761  -12492174.01011441        387837.18682919 
    -7455479.93922837    -8653660.62133286      9530882.15731652 
  -13907542.008086        -2891836.1126641      18587968.25026507 
  -13604817.43035972      4340239.03479802    -9435986.46052754 
  -28029990.55826022]
increment_120
[9.40088111e+07  1.18803259e+08  1.29418644e+08  1.38291219e+08 
  1.23744567e+08  1.21243113e+08  1.22791592e+08  1.44284630e+08 
  1.54865618e+08  1.32177374e+08  1.29731731e+08  1.54919480e+08 
  1.35935038e+08  1.52779877e+08  1.65704726e+08  1.27014981e+08 
  1.48625940e+08  1.37406394e+08  1.06403952e+08]
[-11882072.91036071  -13345988.56052629      8309274.80563196 
  -17583850.70222918    12843203.85668794    -2470729.87846497 
  -15331716.01051412    12077053.82720818  -24742912.65623754 
    10835438.52575547      4253644.03124047    -8813059.65681374 
    18926237.89533175    21621266.15197219  -11875931.54036002 
    13267326.98711397    -7074479.95872378      7184803.85415381 
    24463078.65610358]
[    7457943.02356026    -1551847.38668065    -3920626.23228045 
    21541370.87556276    -2785536.83230748  -13819590.01862132 
    -4717387.28652191    16214205.9365247      17945344.8076862 
    -3357020.49764256    -9150916.1167332      16666074.83151164 
      6563846.98477876      4148708.79202141      8901850.30337468 
    -2682760.42724002    13724205.01153107        752679.41225572 
    -8662481.67412895]
[-11882072.91036071  -13345988.56052629      8309274.80563196 
  -17583850.70222918    12843203.85668794    -2470729.87846497 
  -15331716.01051412    12077053.82720818  -24742912.65623754 
    10835438.52575547      4253644.03124047    -8813059.65681374 
    18926237.89533175    21621266.15197219  -11875931.54036002 
    13267326.98711397    -7074479.95872378      7184803.85415381 
    24463078.65610358]
[  -9361803.13141438    14303442.90720184    13333369.46525685 
    41957504.84365637  -13081625.20829761    -8138743.65200501 
    13015868.93215818    26792808.30330367    62164472.34855207 
      3694545.05847613    -5774062.82112948    58906351.89249541 
    16801417.37424456    19858884.57945262    64750702.35046074 
      -450084.64011808    47162463.83660951    21486810.21370722 
  -18554410.56972847]
[-29346978.11442532  -24363913.46450493  -22117182.95004556 
  -37501526.38349265  -12443847.33940905  -19444339.38787284 
  -29752808.63204556  -20997322.69661131  -37668029.10927906 
  -16313073.58155916  -15308066.04026826  -27482886.64091006 
  -15060683.09282554  -11281385.26489505  -29521544.69229882 
  -15835970.88881769  -30078384.51661405  -21451855.41957667 
  -10994823.05032879]
[    7457943.02356026    -1551847.38668065    -3920626.23228045 
    21541370.87556276    -2785536.83230748  -13819590.01862132 
    -4717387.28652191    16214205.9365247      17945344.8076862 
    -3357020.49764256    -9150916.1167332      16666074.83151164 
      6563846.98477876      4148708.79202141      8901850.30337468 
    -2682760.42724002    13724205.01153107        752679.41225572 
    -8662481.67412895]
[-29346978.11442532  -24363913.46450493  -22117182.95004556 
  -37501526.38349265  -12443847.33940905  -19444339.38787284 
  -29752808.63204556  -20997322.69661131  -37668029.10927906 
  -16313073.58155916  -15308066.04026826  -27482886.64091006 
  -15060683.09282554  -11281385.26489505  -29521544.69229882 
  -15835970.88881769  -30078384.51661405  -21451855.41957667 
  -10994823.05032879]
[-35469115.88822193    -5523789.87822509    -5705957.14776254 
  -10813416.02748169  -20052866.29402526    -1917296.44080306 
    -2670833.23313906  -11933065.21596705      1151022.55369092 
    -6266656.62901335    -8801334.1189388      10677698.16864919 
  -13609713.37979701    -1874298.76927395    20935263.83003225 
  -14820619.24568523      4660253.61636015    -7312503.75333494 
  -28199200.81570818]
