inc
sigma_11
sigma_12
sigma_13
sigma_21
sigma_22
sigma_23
sigma_31
sigma_32
sigma_33
increment_0
[1.65561969e-05  1.65561969e-05  1.65561969e-05  1.65561969e-05 
  1.65561969e-05  1.65561969e-05  1.65561969e-05  1.65561969e-05 
  1.65561969e-05  1.65561969e-05  1.65561969e-05  1.65561969e-05 
  1.65561969e-05  1.65561969e-05  1.65561969e-05]
[3.10113408e-06  3.10113408e-06  3.10113408e-06  3.10113408e-06 
  3.10113408e-06  3.10113408e-06  3.10113408e-06  3.10113408e-06 
  3.10113408e-06  3.10113408e-06  3.10113408e-06  3.10113408e-06 
  3.10113408e-06  3.10113408e-06  3.10113408e-06]
[1.38760078e-06  1.38760078e-06  1.38760078e-06  1.38760078e-06 
  1.38760078e-06  1.38760078e-06  1.38760078e-06  1.38760078e-06 
  1.38760078e-06  1.38760078e-06  1.38760078e-06  1.38760078e-06 
  1.38760078e-06  1.38760078e-06  1.38760078e-06]
[3.10113408e-06  3.10113408e-06  3.10113408e-06  3.10113408e-06 
  3.10113408e-06  3.10113408e-06  3.10113408e-06  3.10113408e-06 
  3.10113408e-06  3.10113408e-06  3.10113408e-06  3.10113408e-06 
  3.10113408e-06  3.10113408e-06  3.10113408e-06]
[9.94181345e-06  9.94181345e-06  9.94181345e-06  9.94181345e-06 
  9.94181345e-06  9.94181345e-06  9.94181345e-06  9.94181345e-06 
  9.94181345e-06  9.94181345e-06  9.94181345e-06  9.94181345e-06 
  9.94181345e-06  9.94181345e-06  9.94181345e-06]
[-4.45364691e-06  -4.45364691e-06  -4.45364691e-06  -4.45364691e-06 
  -4.45364691e-06  -4.45364691e-06  -4.45364691e-06  -4.45364691e-06 
  -4.45364691e-06  -4.45364691e-06  -4.45364691e-06  -4.45364691e-06 
  -4.45364691e-06  -4.45364691e-06  -4.45364691e-06]
[1.38760078e-06  1.38760078e-06  1.38760078e-06  1.38760078e-06 
  1.38760078e-06  1.38760078e-06  1.38760078e-06  1.38760078e-06 
  1.38760078e-06  1.38760078e-06  1.38760078e-06  1.38760078e-06 
  1.38760078e-06  1.38760078e-06  1.38760078e-06]
[-4.45364691e-06  -4.45364691e-06  -4.45364691e-06  -4.45364691e-06 
  -4.45364691e-06  -4.45364691e-06  -4.45364691e-06  -4.45364691e-06 
  -4.45364691e-06  -4.45364691e-06  -4.45364691e-06  -4.45364691e-06 
  -4.45364691e-06  -4.45364691e-06  -4.45364691e-06]
[2.40326803e-05  2.40326803e-05  2.40326803e-05  2.40326803e-05 
  2.40326803e-05  2.40326803e-05  2.40326803e-05  2.40326803e-05 
  2.40326803e-05  2.40326803e-05  2.40326803e-05  2.40326803e-05 
  2.40326803e-05  2.40326803e-05  2.40326803e-05]
increment_10
[1.00847878e+08  8.26708742e+07  7.25835423e+07  9.16221093e+07 
  1.10792201e+08  1.14442767e+08  7.35020738e+07  7.52714393e+07 
  1.00534359e+08  1.08498255e+08  1.13844452e+08  5.96118350e+07 
  7.62844652e+07  1.01695427e+08  1.02085287e+08]
[  -488759.83034151  13829842.64225901  15385119.37198867  17005971.89232903 
  13260595.30997335    3816939.20264362  18239392.47981292  16392518.77965746 
  10755096.52956839  10054348.98556475    1563230.80389696    8338742.55447558 
  12216763.81258211      507572.68004922    6957222.30244976]
[-1410540.26742765  13240563.39677804  16728969.07799715  13797295.41185104 
  16121351.52272413    3602939.16903183  21015747.28552834  14304245.75668159 
    3777984.06106366  -4623851.27257987    4187992.48719216    9624202.32626667 
  10216170.52771021  -1831624.59860709    6589477.197055    ]
[  -488759.83034151  13829842.64225901  15385119.37198867  17005971.89232903 
  13260595.30997335    3816939.20264362  18239392.47981292  16392518.77965746 
  10755096.52956839  10054348.98556475    1563230.80389696    8338742.55447558 
  12216763.81258211      507572.68004922    6957222.30244976]
[-26633566.43759995  -51941604.1191771    -62598740.73001926 
  -45068155.42401527  -19392112.62363117  -15436894.32749438 
  -62733254.43332911  -59999350.554804      -31262119.16747475 
  -18086096.62605642    -8856112.57874503  -70222293.41147181 
  -57148832.76888642  -24322972.07147343  -26095539.75228471]
[15100654.71052092    6029219.22128763    5483092.24608578    7797508.90600051 
  14610382.8122321    14498450.10638866        69455.43273592    4463879.39408704 
  10295597.37214286  11682918.41978196  23998555.93828784    4652209.85764473 
    5333349.23367687  17426772.55819996  16928237.51540231]
[-1410540.26742765  13240563.39677804  16728969.07799715  13797295.41185104 
  16121351.52272413    3602939.16903183  21015747.28552834  14304245.75668159 
    3777984.06106366  -4623851.27257987    4187992.48719216    9624202.32626667 
  10216170.52771021  -1831624.59860709    6589477.197055    ]
[15100654.71052092    6029219.22128763    5483092.24608578    7797508.90600051 
  14610382.8122321    14498450.10638866        69455.43273592    4463879.39408704 
  10295597.37214286  11682918.41978196  23998555.93828784    4652209.85764473 
    5333349.23367687  17426772.55819996  16928237.51540231]
[    5837701.4228762        4050406.57915226    -1508322.31115145 
    14260549.44722132    48848357.22025422    27057681.49787535 
      3862418.72098436    -2746240.5147098      11137825.48488836 
    12461344.83478817    46712303.02256498  -20493887.54206181 
    -6893191.16468158    12077249.92773243    28198460.15950505]
increment_20
[1.05135422e+08  7.84071463e+07  6.41570736e+07  8.77262632e+07 
  1.13466991e+08  1.22323619e+08  6.58170846e+07  6.80994962e+07 
  1.02258474e+08  1.13014407e+08  1.19693863e+08  5.67105275e+07 
  7.42596707e+07  1.05576798e+08  1.01196320e+08]
[-1576075.85597236  16724957.5471874    20139345.18182682  20156975.98230316 
  14548876.73259073    1634357.13514286  24002902.11890082  21391100.41986543 
  10742103.54087963    9788161.94577046      413271.1955866      8285706.90501788 
  13470851.59562357    -278613.34028371    6984578.09130505]
[-2330024.31360782  16062697.38526793  21171436.0422748    16844833.12304954 
  16797802.45179913    1895519.59799058  27008008.98655486  18981814.85147288 
    4191002.27597998  -8406634.38562663    2150757.36975802    9694781.19946787 
  11051512.56454688  -2433062.17279015    7038395.82680082]
[-1576075.85597236  16724957.5471874    20139345.18182682  20156975.98230316 
  14548876.73259073    1634357.13514286  24002902.11890082  21391100.41986543 
  10742103.54087963    9788161.94577046      413271.1955866      8285706.90501788 
  13470851.59562357    -278613.34028371    6984578.09130505]
[-23905213.83120843  -59910501.84307035  -75913350.66355117 
  -53199615.53267316  -19272114.76952958    -8403126.47105333 
  -75497534.24243547  -71574973.06325215  -31751404.2119652 
  -12839259.78987841    -3190828.51994439  -74572525.66380195 
  -61918516.53956358  -21765357.85843912  -28164307.73693186]
[16253893.02022846    4814921.0184268      3686191.4809962      6146554.54993825 
  15158040.34954239  16042484.2241324    -2813041.21564568    2386066.12750432 
  10231043.93832879  12071654.63547078  27759414.7345291      4492505.32467811 
    4944088.66429934  18510071.17481765  18070293.51396888]
[-2330024.31360782  16062697.38526793  21171436.0422748    16844833.12304954 
  16797802.45179913    1895519.59799058  27008008.98655486  18981814.85147288 
    4191002.27597998  -8406634.38562663    2150757.36975802    9694781.19946787 
  11051512.56454688  -2433062.17279015    7038395.82680082]
[16253893.02022846    4814921.0184268      3686191.4809962      6146554.54993825 
  15158040.34954239  16042484.2241324    -2813041.21564568    2386066.12750432 
  10231043.93832879  12071654.63547078  27759414.7345291      4492505.32467811 
    4944088.66429934  18510071.17481765  18070293.51396888]
[    6838087.7819164        1201055.52814166    -6421593.78966843 
    11939881.23425541    52790840.49379645    31873898.04707663 
      1574173.70959893    -6216179.43797741    11014166.97782588 
    11668063.83022841    52587662.66317167  -24428484.11271678 
    -9783257.97796287    13504582.55377786    28101015.00585742]
increment_30
[1.06929512e+08  7.77169115e+07  6.35463115e+07  8.70496530e+07 
  1.16976609e+08  1.25878109e+08  6.35833462e+07  6.73515111e+07 
  1.03139626e+08  1.16596578e+08  1.20623071e+08  5.69005505e+07 
  7.63410481e+07  1.04985783e+08  1.00309051e+08]
[-2040720.46307693  16436205.81129546  20116221.09608018  19793649.49494668 
  14293280.66473534      267477.27882208  24498135.97376108  22217555.52321155 
  10355347.8301787    10204032.98406519        59666.58528087    7835650.5885601 
  12046309.09743093    -607155.25635155    7476908.77532849]
[  -1940976.1468628      15701691.23312001    21078613.04143384 
    17221280.8978278      15743687.32633818        858561.57878282 
    27559483.83373515    19655245.25606114      3281551.9556984 
  -11124088.82201113      1474139.11499797      8998996.4866617 
    10426983.94904473    -2251763.82798832      7899800.61975804]
[-2040720.46307693  16436205.81129546  20116221.09608018  19793649.49494668 
  14293280.66473534      267477.27882208  24498135.97376108  22217555.52321155 
  10355347.8301787    10204032.98406519        59666.58528087    7835650.5885601 
  12046309.09743093    -607155.25635155    7476908.77532849]
[-24339325.3014376    -62580730.99923418  -78566413.4545378 
  -56260094.03065719  -17767731.6840984      -6096138.25582584 
  -80033121.75205582  -74439988.49925622  -32019355.56582749 
    -8871590.48023123    -3543169.20866087  -75689512.17709596 
  -61363280.95348869  -23817372.3797393    -30938238.5543516  ]
[16515614.76086339    5201895.67539393    4467595.91538216    6640892.60487203 
  15471513.94658353  16912812.86387157  -2477732.74526424    2500198.13179377 
  10422958.21625408  12282040.97348669  28844508.81749935    4944186.21334092 
    5656334.39613847  19239587.04422473  18075893.43145692]
[  -1940976.1468628      15701691.23312001    21078613.04143384 
    17221280.8978278      15743687.32633818        858561.57878282 
    27559483.83373515    19655245.25606114      3281551.9556984 
  -11124088.82201113      1474139.11499797      8998996.4866617 
    10426983.94904473    -2251763.82798832      7899800.61975804]
[16515614.76086339    5201895.67539393    4467595.91538216    6640892.60487203 
  15471513.94658353  16912812.86387157  -2477732.74526424    2500198.13179377 
  10422958.21625408  12282040.97348669  28844508.81749935    4944186.21334092 
    5656334.39613847  19239587.04422473  18075893.43145692]
[    6593839.28559227    -1696944.59537235    -8027299.82728856 
    10365186.97580965    53190638.15376054    32404189.90913393 
    -1217912.49509814    -7651605.86563802      8863112.81762558 
    11486284.77383983    51871493.68559329  -26682487.92204158 
  -10139385.00448862    11913207.87285285    26640278.44557478]
increment_40
[1.08400531e+08  7.91592666e+07  6.60798356e+07  8.75631194e+07 
  1.20168541e+08  1.28150324e+08  6.44089490e+07  6.89052996e+07 
  1.03710305e+08  1.19850508e+08  1.20140422e+08  5.81626023e+07 
  7.94618338e+07  1.03617649e+08  1.00111769e+08]
[-2595738.10689467  14794347.1720287    18771826.57465207  18607554.24262145 
  13683320.61690039    -633540.43983995  23164325.8079417    21636974.00340462 
  10305966.72611556  10667195.9157734      -106269.44693027    7214092.56232728 
    9871440.51189623    -885779.43521839    8142720.3234726  ]
[  -1330591.60771762    13985871.75398791    19734190.22388466 
    16775566.73612943    14244693.0818603          403909.59110998 
    26396044.82141395    19070166.80959769      2357068.87426506 
  -12749288.05666229      1119762.43919476      8167693.591116 
      9427408.1778618      -1843860.01252984      8843364.45915365]
[-2595738.10689467  14794347.1720287    18771826.57465207  18607554.24262145 
  13683320.61690039    -633540.43983995  23164325.8079417    21636974.00340462 
  10305966.72611556  10667195.9157734      -106269.44693027    7214092.56232728 
    9871440.51189623    -885779.43521839    8142720.3234726  ]
[-24901118.07771194  -62273263.80304661  -77252168.64993587 
  -57543430.82361032  -16486509.92885253    -5230592.64955041 
  -80611599.26132636  -74172757.74829783  -32361997.43513843 
    -5924539.78085034    -5706842.9571229    -75538111.25669332 
  -59354423.12931912  -26632963.90763885  -33339046.17659859]
[16691860.52270018    6294976.94412402    5824983.84796992    7546009.76341899 
  15627770.39464726  17566958.00755095    -970486.8396794      3289111.06572501 
  10381210.91111055  12337106.45262243  29018081.47680306    5480934.85309399 
    6730349.89908373  19917737.84651604  17560978.20808045]
[  -1330591.60771762    13985871.75398791    19734190.22388466 
    16775566.73612943    14244693.0818603          403909.59110998 
    26396044.82141395    19070166.80959769      2357068.87426506 
  -12749288.05666229      1119762.43919476      8167693.591116 
      9427408.1778618      -1843860.01252984      8843364.45915365]
[16691860.52270018    6294976.94412402    5824983.84796992    7546009.76341899 
  15627770.39464726  17566958.00755095    -970486.8396794      3289111.06572501 
  10381210.91111055  12337106.45262243  29018081.47680306    5480934.85309399 
    6730349.89908373  19917737.84651604  17560978.20808045]
[    6476079.62028726    -4038291.63266733    -7956591.37362434 
      9031037.8622026      52048547.95069376    32329917.30217322 
    -2975345.32579753    -8256340.06008419      6386115.81741231 
    11872640.29199138    48864775.71225544  -27969886.48480682 
    -9811114.8824002        9905909.32254545    25054258.52986626]
increment_50
[1.09693832e+08  8.15032285e+07  6.97679432e+07  8.85437920e+07 
  1.23071328e+08  1.30087427e+08  6.64193124e+07  7.13916504e+07 
  1.04209719e+08  1.22920151e+08  1.19187767e+08  6.00134980e+07 
  8.30769953e+07  1.02079871e+08  1.00262398e+08]
[-3098680.57685565  12595124.03304706  16810143.72055051  17082219.32003063 
  12887127.1627733    -1359634.94284103  21157920.22988148  20388141.57641577 
  10338229.58073792  10984582.36845375    -138202.16378832    6724535.03019637 
    7426546.7900026    -1145140.86424573    8507044.64091853]
[    -686780.241811        11885592.42578451    17943884.70924277 
    15925571.06186023    12572839.00613082        177146.29738008 
    24517326.55749533    18090922.11883127      1527171.05499953 
  -14116968.81986379      1032241.55770815      7363902.61832389 
      8241274.17920758    -1307039.0597843        9535948.26268924]
[-3098680.57685565  12595124.03304706  16810143.72055051  17082219.32003063 
  12887127.1627733    -1359634.94284103  21157920.22988148  20388141.57641577 
  10338229.58073792  10984582.36845375    -138202.16378832    6724535.03019637 
    7426546.7900026    -1145140.86424573    8507044.64091853]
[-25476307.12761008  -60664508.49306977  -74348226.3325992 
  -58005114.72487066  -15336604.85329531    -4710629.65803285 
  -79576083.69527213  -72579625.06527247  -32667685.81510943 
    -3319370.30237566    -8535867.7750021    -74675288.14644852 
  -56571478.46441521  -29664550.44018435  -35272876.19697077]
[16817451.92847048    7573060.29623885    7347496.69668145    8571078.19203379 
  15825313.75905818  18177021.56444991      792099.55753126    4317854.99456127 
  10255467.60409277  12510091.87994011  28737075.42289089    5877562.56075305 
    7857481.16828293  20413499.18746185  17106044.08022517]
[    -686780.241811        11885592.42578451    17943884.70924277 
    15925571.06186023    12572839.00613082        177146.29738008 
    24517326.55749533    18090922.11883127      1527171.05499953 
  -14116968.81986379      1032241.55770815      7363902.61832389 
      8241274.17920758    -1307039.0597843        9535948.26268924]
[16817451.92847048    7573060.29623885    7347496.69668145    8571078.19203379 
  15825313.75905818  18177021.56444991      792099.55753126    4317854.99456127 
  10255467.60409277  12510091.87994011  28737075.42289089    5877562.56075305 
    7857481.16828293  20413499.18746185  17106044.08022517]
[    6409016.78259491    -6003062.90725649    -7306534.37620115 
      7681646.58740557    50403557.05563431    32218684.77102025 
    -4503614.99185336    -8433368.6149549        3919667.95430655 
    12287106.51211115    45098947.30277524  -28600062.20893666 
    -9198151.67581533      7634158.80260691    23393718.06130257]
increment_60
[1.10847267e+08  8.42277327e+07  7.37383744e+07  8.99042097e+07 
  1.25688905e+08  1.31787651e+08  6.87975310e+07  7.42374429e+07 
  1.04905712e+08  1.25740641e+08  1.18257746e+08  6.18935405e+07 
  8.66528381e+07  1.01070280e+08  1.00715672e+08]
[-3.51502913e+06    1.04070515e+07    1.47026846e+07    1.53983218e+07 
    1.19105282e+07  -1.90281529e+06    1.90501906e+07    1.88388058e+07 
    1.02105315e+07    1.10960390e+07  -2.45410465e+03    6.47566356e+06 
    5.15057303e+06  -1.28889883e+06    8.53079490e+06]
[    -167370.98734967      9997215.61401136    16146771.73658242 
    14881136.42324936    10790570.10808512        161262.39273671 
    22411451.8257451      16993938.92761853        952216.50673766 
  -15513373.90538531      1159445.78984114      6865354.01206259 
      6958204.2469005        -640657.32421496      9924241.52488752]
[-3.51502913e+06    1.04070515e+07    1.47026846e+07    1.53983218e+07 
    1.19105282e+07  -1.90281529e+06    1.90501906e+07    1.88388058e+07 
    1.02105315e+07    1.10960390e+07  -2.45410465e+03    6.47566356e+06 
    5.15057303e+06  -1.28889883e+06    8.53079490e+06]
[-26052416.78937716  -58590268.2984124    -70976512.85303695 
  -57855070.06962395  -14196402.37370707    -4476329.11835671 
  -78025768.56862867  -70390459.3305856    -32776235.46708972 
      -880291.58368985  -11520917.92388482  -73742122.8946857 
  -53723706.74970272  -32329123.24200651  -36743510.16036266]
[16929909.8481061      8745405.76802257    8839365.38063025    9555320.43798701 
  16263163.51892603  18700388.38520846    2497501.60021971    5374284.95869288 
  10163620.00392341  12945984.49313228  28201122.54066014    5958365.70058423 
    8914474.4455602    20611459.35444322  16773409.95226885]
[    -167370.98734967      9997215.61401136    16146771.73658242 
    14881136.42324936    10790570.10808512        161262.39273671 
    22411451.8257451      16993938.92761853        952216.50673766 
  -15513373.90538531      1159445.78984114      6865354.01206259 
      6958204.2469005        -640657.32421496      9924241.52488752]
[16929909.8481061      8745405.76802257    8839365.38063025    9555320.43798701 
  16263163.51892603  18700388.38520846    2497501.60021971    5374284.95869288 
  10163620.00392341  12945984.49313228  28201122.54066014    5958365.70058423 
    8914474.4455602    20611459.35444322  16773409.95226885]
[    6115657.96141318    -7416466.75835558    -6425250.81235821 
      6405135.38729843    48785844.89136973    32136561.5379171 
    -6040329.80772194    -8447817.95787517      1927355.52723058 
    12586386.15107749    41254266.64717311  -28777170.17234565 
    -8864589.42686397      5601230.37881053    21591103.05442788]
increment_70
[1.11865642e+08  8.68486501e+07  7.75725841e+07  9.18709086e+07 
  1.27985970e+08  1.33505875e+08  7.09966086e+07  7.71880309e+07 
  1.06200324e+08  1.28369876e+08  1.17701380e+08  6.33060547e+07 
  8.95691983e+07  1.00938292e+08  1.01507462e+08]
[-3913280.78354738    8664535.69873641  12831059.75958642  13629940.92002394 
  10833916.78541376  -2376743.75876889  17072962.94721093  17311263.22723372 
    9736722.90368833  10975704.88943039      159094.23245755    6466401.36566702 
    3336937.01700893  -1282353.05031432    8385732.37202647]
[      180242.80760205      8538930.90247079    14700003.88833358 
    13757968.14680996      8997787.11000691        268930.10586089 
    20406009.69444811    15710133.86962315        534534.13017783 
  -16713861.27546502      1350414.5718887        6853535.44871941 
      5774048.96406228        193061.12182506    10135961.76493458]
[-3913280.78354738    8664535.69873641  12831059.75958642  13629940.92002394 
  10833916.78541376  -2376743.75876889  17072962.94721093  17311263.22723372 
    9736722.90368833  10975704.88943039      159094.23245755    6466401.36566702 
    3336937.01700893  -1282353.05031432    8385732.37202647]
[-26646377.7135249    -56718905.4711088    -67735057.86812206 
  -56922769.53607746  -13151867.84787936    -4237497.63678581 
  -76605800.48764093  -67849028.93792552  -32250811.85654698 
      1268113.76980478  -14190278.6380713    -73307297.22373989 
  -51621153.63873444  -34254689.62627787  -37775599.1538858  ]
[17070279.10200347    9679882.43408584  10127138.5004061    10475928.03744566 
  16885149.85866437  19150639.41795626    4025445.81741142    6252866.20539147 
  10200601.42108733  13594891.1818403    27510111.05785133    5671557.68238031 
    9855652.07105206  20513031.2434382    16443454.54551654]
[      180242.80760205      8538930.90247079    14700003.88833358 
    13757968.14680996      8997787.11000691        268930.10586089 
    20406009.69444811    15710133.86962315        534534.13017783 
  -16713861.27546502      1350414.5718887        6853535.44871941 
      5774048.96406228        193061.12182506    10135961.76493458]
[17070279.10200347    9679882.43408584  10127138.5004061    10475928.03744566 
  16885149.85866437  19150639.41795626    4025445.81741142    6252866.20539147 
  10200601.42108733  13594891.1818403    27510111.05785133    5671557.68238031 
    9855652.07105206  20513031.2434382    16443454.54551654]
[    5397509.64710867    -8457650.41466343    -5230103.33500226 
      5557727.38883191    47189674.49751083    32127738.33331539 
    -7642995.02828937    -8714701.50256353        681551.16500721 
    12919303.51953725    37585024.58256355  -28732300.95355308 
    -9267213.96384785      4320648.74406497    19812580.57030698]
increment_80
[1.12511313e+08  8.90673364e+07  8.10803414e+07  9.45166639e+07 
  1.30305871e+08  1.35550340e+08  7.30232775e+07  8.00513362e+07 
  1.08164686e+08  1.30829835e+08  1.17614122e+08  6.43239254e+07 
  9.15622104e+07  1.01563471e+08  1.02557477e+08]
[-4289880.56115719    7391344.74538313  11185714.71781018  11736509.21404273 
    9678185.66285761  -2997258.76343295  15261813.36372726  15990895.37060356 
    8877303.29415837  10762227.34896675      263528.44101129    6559337.35749394 
    2122125.42338364  -1185264.4646155      8155520.08173002]
[  4.67786135e+05    7.44883960e+06    1.34646626e+07    1.25776816e+07 
    7.18510780e+06    2.02193030e+05    1.86240690e+07    1.41501916e+07 
  -1.68776224e+04  -1.77419813e+07    1.50729827e+06    7.11822272e+06 
    4.83632012e+06    1.10650776e+06    1.01490730e+07]
[-4289880.56115719    7391344.74538313  11185714.71781018  11736509.21404273 
    9678185.66285761  -2997258.76343295  15261813.36372726  15990895.37060356 
    8877303.29415837  10762227.34896675      263528.44101129    6559337.35749394 
    2122125.42338364  -1185264.4646155      8155520.08173002]
[-27569000.02574389  -55332401.03167759  -64836821.02291013 
  -55106491.21003368  -11977105.83884248    -3556624.54991581 
  -75320160.58724035  -65111059.88058709  -30868591.66460032 
      3152508.56247036  -16342023.74614816  -73163017.25532489 
  -50628807.63326097  -35468274.1257545    -38384753.63686181]
[17180546.09748841  10334181.32777749  11223257.70041836  11376818.46210368 
  17488002.66637649  19656893.3307827      5341224.83244206    6892747.56474995 
  10398723.10048526  14332537.03149433  26835253.22167293    5047102.94494479 
  10614481.85507009  20217914.71689852  16183477.92483902]
[  4.67786135e+05    7.44883960e+06    1.34646626e+07    1.25776816e+07 
    7.18510780e+06    2.02193030e+05    1.86240690e+07    1.41501916e+07 
  -1.68776224e+04  -1.77419813e+07    1.50729827e+06    7.11822272e+06 
    4.83632012e+06    1.10650776e+06    1.01490730e+07]
[17180546.09748841  10334181.32777749  11223257.70041836  11376818.46210368 
  17488002.66637649  19656893.3307827      5341224.83244206    6892747.56474995 
  10398723.10048526  14332537.03149433  26835253.22167293    5047102.94494479 
  10614481.85507009  20217914.71689852  16183477.92483902]
[    4144336.45209322    -9501446.86452227    -4110412.08996692 
      5313894.64567132    45591064.56565584    32009305.25650563 
    -9105095.1407975      -9532486.27827365      -104231.20946325 
    13218702.08275804    34275254.68655278  -28558415.10448093 
  -10472441.02640362      3703150.97738653    18163843.24772821]
increment_90
[1.12604450e+08  9.09946500e+07  8.43744069e+07  9.74553646e+07 
  1.32854172e+08  1.37636519e+08  7.49465061e+07  8.28090713e+07 
  1.10505271e+08  1.33096605e+08  1.17694873e+08  6.51451177e+07 
  9.27162077e+07  1.02562286e+08  1.03694725e+08]
[-4484153.15945208    6375129.10156615    9683608.18911817    9854289.03558358 
    8462563.55873828  -3722195.16592846  13553670.62706533  15015995.6476282 
    7976502.89926156  10649707.58588508      283164.52706601    6527602.2468048 
    1491346.75733275  -1113741.43351717    8030301.75162228]
[      784103.23900062      6688472.90308584    12286948.47475505 
    11413340.11974633      5463593.20593425        -86938.33279514 
    17100013.7795343      12442972.92190797      -601194.20643416 
  -18671876.77450875      1671541.96444147      7318901.90059895 
      4300772.71374792      2012454.43004436    10090871.14515118]
[-4484153.15945208    6375129.10156615    9683608.18911817    9854289.03558358 
    8462563.55873828  -3722195.16592846  13553670.62706533  15015995.6476282 
    7976502.89926156  10649707.58588508      283164.52706601    6527602.2468048 
    1491346.75733275  -1113741.43351717    8030301.75162228]
[-29066206.32500516  -54272558.64930914  -62164896.05544689 
  -52827165.36401118  -10493489.08009695    -2716320.76391728 
  -74111490.06772374  -62288728.2890287    -29030715.17541098 
      4803023.13877335  -18184431.42375408  -72934323.84074837 
  -50700140.10374255  -36237923.1004822    -38706380.26253186]
[17140991.64476665  10785487.79510914  12151530.51432961  12260101.04261273 
  17960618.89827923  20216455.43937891    6523081.32509806    7269706.80493104 
  10703230.31992991  15034308.89986567  26335897.20492696    4236714.5429173 
  11159730.35558406  19834245.2301489    15978100.28928      ]
[      784103.23900062      6688472.90308584    12286948.47475505 
    11413340.11974633      5463593.20593425        -86938.33279514 
    17100013.7795343      12442972.92190797      -601194.20643416 
  -18671876.77450875      1671541.96444147      7318901.90059895 
      4300772.71374792      2012454.43004436    10090871.14515118]
[17140991.64476665  10785487.79510914  12151530.51432961  12260101.04261273 
  17960618.89827923  20216455.43937891    6523081.32509806    7269706.80493104 
  10703230.31992991  15034308.89986567  26335897.20492696    4236714.5429173 
  11159730.35558406  19834245.2301489    15978100.28928      ]
[    2373631.19172321  -10447897.07029128    -3211044.46152783 
      5452268.35186586    44196932.82909589    31428642.03374909 
  -10349288.21299068  -10770843.01610804      -584482.42192729 
    13427387.50043963    31370380.75280591  -28444396.12845789 
  -12086235.04069697      3388898.57635252    16837619.07991607]
increment_100
[1.12515987e+08  9.27685165e+07  8.75038091e+07  1.00399680e+08 
  1.35647828e+08  1.39324568e+08  7.67224090e+07  8.54935597e+07 
  1.12931876e+08  1.35090807e+08  1.17647273e+08  6.60556001e+07 
  9.33189289e+07  1.03683656e+08  1.04948768e+08]
[-4392646.86247819    5418934.91005407    8287402.7968115      8036152.12812537 
    7166431.55009501  -4422337.34856262  11882359.1544649    14425186.61947447 
    7251615.60433354  10607309.90675231      193952.85238656    6212914.29664708 
    1266589.97769455  -1155849.68704165    8278360.54098948]
[    1070038.41810672      6177898.68543453    11164456.76965002 
    10295166.55180224      3843114.23724359      -566741.18197682 
    15691133.75985663    10725467.6411814      -1058996.03758541 
  -19429551.13404432      1832181.4658447        7157246.46165728 
      4047588.51434105      2822300.9677915      10072923.94902507]
[-4392646.86247819    5418934.91005407    8287402.7968115      8036152.12812537 
    7166431.55009501  -4422337.34856262  11882359.1544649    14425186.61947447 
    7251615.60433354  10607309.90675231      193952.85238656    6212914.29664708 
    1266589.97769455  -1155849.68704165    8278360.54098948]
[-30736132.80431237  -53373992.95302796  -59650059.54292934 
  -50399468.33699437    -8633285.36311476    -2203209.94347054 
  -72992858.98408937  -59428422.14943089  -27137734.96213248 
      6107166.27184591  -19957573.88477153  -72240135.25768644 
  -51460793.19109074  -36728719.15281176  -38767231.32546606]
[16906139.1844622    11166887.26916621  12914531.32753602  13031641.49969076 
  18375899.93808481  20778724.30588624    7636155.36599013    7367543.93135222 
  10981620.97483419  15685347.28208127  26157700.41241716    3402968.36112466 
  11499256.56072821  19515508.57656426  15653424.84158926]
[    1070038.41810672      6177898.68543453    11164456.76965002 
    10295166.55180224      3843114.23724359      -566741.18197682 
    15691133.75985663    10725467.6411814      -1058996.03758541 
  -19429551.13404432      1832181.4658447        7157246.46165728 
      4047588.51434105      2822300.9677915      10072923.94902507]
[16906139.1844622    11166887.26916621  12914531.32753602  13031641.49969076 
  18375899.93808481  20778724.30588624    7636155.36599013    7367543.93135222 
  10981620.97483419  15685347.28208127  26157700.41241716    3402968.36112466 
  11499256.56072821  19515508.57656426  15653424.84158926]
[      413850.57830479  -11247908.86916765    -2465961.15812758 
      5692551.78796427    43159573.02328947    30052166.13311939 
  -11612171.07880618  -12178676.97467442      -821979.37987545 
    13521087.31613777    28779222.39566048  -28541970.64178961 
  -13917534.75520385      3170753.45572738    15956241.85711375]
increment_110
[1.12473643e+08  9.43930495e+07  9.04865636e+07  1.03048672e+08 
  1.38780840e+08  1.40055797e+08  7.83486290e+07  8.81377043e+07 
  1.15207310e+08  1.36799668e+08  1.17125227e+08  6.71143317e+07 
  9.36549202e+07  1.04671256e+08  1.06214821e+08]
[-4084541.66249252    4549257.33608195    6995286.76319192    6171690.1128817 
    5867268.72969727  -4936502.12605254  10260028.14320479  13990760.45271441 
    6697475.30058947  10616396.85656774      -27067.30844084    5802428.73627531 
    1269131.61367628  -1268055.33574667    9153336.16836165]
[    1350853.68543135      5831957.48013032    10137325.08291633 
      9105480.68334407      2514634.39728229    -1120134.23378038 
    14335850.56462562      9174395.35245479    -1316873.23168912 
  -20049201.61202404      1967559.52361416      6556482.92920092 
      3830848.8225524        3512548.40347677    10098907.6885464  ]
[-4084541.66249252    4549257.33608195    6995286.76319192    6171690.1128817 
    5867268.72969727  -4936502.12605254  10260028.14320479  13990760.45271441 
    6697475.30058947  10616396.85656774      -27067.30844084    5802428.73627531 
    1269131.61367628  -1268055.33574667    9153336.16836165]
[-32311351.73501066  -52618974.61360447  -57259976.26896679 
  -48053951.36507198    -6300794.37774506    -2617045.03595643 
  -71942590.01604015  -56614169.89956709  -25476111.38046078 
      7095192.16247757  -21994948.95839575  -71097311.71827702 
  -52456223.9389529    -37163935.082235      -38636923.74118917]
[16527566.05611116  11511419.01277814  13528599.04030624  13759901.90698436 
  18804848.53621321  21262481.93684846    8668044.53968424    7329502.06652612 
  11203483.67970998  16328205.19303631  26362562.89787964    2587894.25132877 
  11651622.42405833  19387075.75031841  15096824.43882021]
[    1350853.68543135      5831957.48013032    10137325.08291633 
      9105480.68334407      2514634.39728229    -1120134.23378038 
    14335850.56462562      9174395.35245479    -1316873.23168912 
  -20049201.61202404      1967559.52361416      6556482.92920092 
      3830848.8225524        3512548.40347677    10098907.6885464  ]
[16527566.05611116  11511419.01277814  13528599.04030624  13759901.90698436 
  18804848.53621321  21262481.93684846    8668044.53968424    7329502.06652612 
  11203483.67970998  16328205.19303631  26362562.89787964    2587894.25132877 
  11651622.42405833  19387075.75031841  15096824.43882021]
[  -1447653.2181076    -11987516.87021966    -1749518.13456949 
      5616829.48238527    42936122.73113442    27619814.63976433 
  -12959436.33726965  -13477375.6832049        -930500.77031493 
    13555328.00822995    26190038.0007181    -29011634.23766997 
  -15959144.01845314      2965652.66860149    15510897.73906493]
increment_120
[1.12446087e+08  9.58936727e+07  9.33090877e+07  1.05228782e+08 
  1.42351495e+08  1.39549446e+08  7.98340950e+07  9.07896933e+07 
  1.17172267e+08  1.38414584e+08  1.15799186e+08  6.80731697e+07 
  9.39438388e+07  1.05152538e+08  1.07423303e+08]
[-3580182.99699624    3917324.89301832    5856213.89187292    4210236.18660755 
    4656122.6130051    -5207073.98630142    8819126.49915022  13552903.41054537 
    6276869.06401019  10835643.52537097    -253621.37480687    5708484.18696466 
    1483452.57683856  -1284159.08046509  10544682.44804537]
[    1670979.1507566        5603860.12850961      9284447.67526836 
      7809605.90062344      1586262.56895752    -1514948.17652689 
    13058260.80066302      7884932.69990882    -1382684.89061205 
  -20665614.69270309      2125468.75330434      5636059.48505824 
      3635664.78076112      4176110.13334922    10035098.72285158]
[-3580182.99699624    3917324.89301832    5856213.89187292    4210236.18660755 
    4656122.6130051    -5207073.98630142    8819126.49915022  13552903.41054537 
    6276869.06401019  10835643.52537097    -253621.37480687    5708484.18696466 
    1483452.57683856  -1284159.08046509  10544682.44804537]
[-33823252.18405056  -51975596.66945118  -55023920.83454248 
  -45959003.34248132    -3458548.05434534    -4256225.92666323 
  -70996143.87553255  -53884522.39818963  -24202365.27870126 
      8026435.72102815  -24632009.20633964  -69951659.27766381 
  -53405607.29572837  -37944426.19000533  -38281652.45740142]
[15998056.25238595  11758292.88393812  13965174.567858      14543166.54489255 
  19323601.92949478  21593342.85372294    9564307.52529735    7251005.06922633 
  11397430.98208605  16880039.16475428  26911003.30650677    1739061.72230554 
  11569521.69545713  19521245.04396387  14502521.87432115]
[    1670979.1507566        5603860.12850961      9284447.67526836 
      7809605.90062344      1586262.56895752    -1514948.17652689 
    13058260.80066302      7884932.69990882    -1382684.89061205 
  -20665614.69270309      2125468.75330434      5636059.48505824 
      3635664.78076112      4176110.13334922    10035098.72285158]
[15998056.25238595  11758292.88393812  13965174.567858      14543166.54489255 
  19323601.92949478  21593342.85372294    9564307.52529735    7251005.06922633 
  11397430.98208605  16880039.16475428  26911003.30650677    1739061.72230554 
  11569521.69545713  19521245.04396387  14502521.87432115]
[  -3169488.30484552  -12657848.07289348      -952117.75488138 
      4993854.79498373    43810769.05808647    24298198.44121116 
  -14403665.48661227  -14525624.6808763        -988806.55495001 
    13590073.61220652    23469090.67704393  -30051427.08640713 
  -17968663.21849215      2762678.51593929    15433612.25918669]
