# inc   q0   q1   q2   q3
     0  1.45526040e-01 -7.70824742e-01 -6.10835271e-01  1.07385570e-01
    10  1.44412207e-01 -7.72464031e-01 -6.09560911e-01  1.04306909e-01
    20  1.43185866e-01 -7.74299027e-01 -6.08088472e-01  1.00931832e-01
    30  1.41886020e-01 -7.76163721e-01 -6.06555863e-01  9.76126019e-02
    40  1.40473644e-01 -7.78038723e-01 -6.04993732e-01  9.43688744e-02
    50  1.38913923e-01 -7.79906734e-01 -6.03430347e-01  9.12152690e-02
    60  1.37169343e-01 -7.81752089e-01 -6.01892787e-01  8.81664065e-02
    70  1.35227218e-01 -7.83558693e-01 -6.00403946e-01  8.52318957e-02
    80  1.33117156e-01 -7.85311880e-01 -5.98977481e-01  8.24078311e-02
    90  1.30879453e-01 -7.87006111e-01 -5.97614408e-01  7.96804203e-02
   100  1.28554248e-01 -7.88642903e-01 -5.96305837e-01  7.70423633e-02
   110  1.26159882e-01 -7.90223190e-01 -5.95046394e-01  7.45035808e-02
   120  1.23703562e-01 -7.91746248e-01 -5.93834511e-01  7.20824629e-02
