# inc   q0   q1   q2   q3
     0  2.06613680e-01  9.10237201e-01  3.58856660e-01  9.60470001e-04
    10  2.01972356e-01  9.10107941e-01  3.61815423e-01  5.50844300e-04
    20  1.96726203e-01  9.09881169e-01  3.65260262e-01 -1.03829021e-05
    30  1.91320049e-01  9.09635012e-01  3.68728108e-01 -6.04626492e-04
    40  1.85767620e-01  9.09368543e-01  3.72206641e-01 -1.20862678e-03
    50  1.80089972e-01  9.09086755e-01  3.75667021e-01 -1.77843848e-03
    60  1.74306650e-01  9.08794527e-01  3.79083702e-01 -2.29041720e-03
    70  1.68438928e-01  9.08493959e-01  3.82439047e-01 -2.72552613e-03
    80  1.62512414e-01  9.08180839e-01  3.85730401e-01 -3.05557375e-03
    90  1.56558604e-01  9.07854655e-01  3.88945689e-01 -3.25251664e-03
   100  1.50612333e-01  9.07520140e-01  3.92061415e-01 -3.31170788e-03
   110  1.44711672e-01  9.07189476e-01  3.95038233e-01 -3.25279375e-03
   120  1.38882035e-01  9.06878898e-01  3.97835244e-01 -3.09262768e-03
