# inc   q0   q1   q2   q3
     0  5.39315710e-01 -7.36804220e-01  3.73233050e-01 -1.64180380e-01
    10  5.44118426e-01 -7.33736212e-01  3.74133685e-01 -1.59969671e-01
    20  5.49136876e-01 -7.30422515e-01  3.75015089e-01 -1.55869576e-01
    30  5.53894542e-01 -7.27228799e-01  3.75776956e-01 -1.52088095e-01
    40  5.58330622e-01 -7.24234697e-01  3.76392848e-01 -1.48591533e-01
    50  5.62409775e-01 -7.21482906e-01  3.76854962e-01 -1.45389129e-01
    60  5.66142149e-01 -7.18952985e-01  3.77211377e-01 -1.42482453e-01
    70  5.69580470e-01 -7.16584836e-01  3.77533864e-01 -1.39830049e-01
    80  5.72767910e-01 -7.14349245e-01  3.77845985e-01 -1.37384460e-01
    90  5.75739012e-01 -7.12236386e-01  3.78143655e-01 -1.35097361e-01
   100  5.78517124e-01 -7.10235617e-01  3.78425490e-01 -1.32956589e-01
   110  5.81120782e-01 -7.08336939e-01  3.78687249e-01 -1.30970928e-01
   120  5.83568179e-01 -7.06520797e-01  3.78944404e-01 -1.29142102e-01
