# inc   q0   q1   q2   q3
     0  2.66489599e-02  1.65685429e-01 -2.34103869e-01  9.57618687e-01
    10  3.06983059e-02  1.62834520e-01 -2.37039056e-01  9.57264341e-01
    20  3.53149171e-02  1.59662904e-01 -2.40262327e-01  9.56835737e-01
    30  4.00110568e-02  1.56481939e-01 -2.43511485e-01  9.56354890e-01
    40  4.47942909e-02  1.53290497e-01 -2.46787124e-01  9.55819863e-01
    50  4.96841647e-02  1.50087866e-01 -2.50092202e-01  9.55227202e-01
    60  5.46924924e-02  1.46880716e-01 -2.53433911e-01  9.54571128e-01
    70  5.97950493e-02  1.43684006e-01 -2.56818929e-01  9.53846684e-01
    80  6.48775753e-02  1.40531614e-01 -2.60218114e-01  9.53062589e-01
    90  6.98149610e-02  1.37467238e-01 -2.63563422e-01  9.52241016e-01
   100  7.45342148e-02  1.34512509e-01 -2.66801792e-01  9.51403090e-01
   110  7.89965798e-02  1.31663122e-01 -2.69909721e-01  9.50564624e-01
   120  8.31690031e-02  1.28918664e-01 -2.72869123e-01  9.49739615e-01
