# inc   q0   q1   q2   q3
     0  1.12980750e-01 -7.42506040e-01  6.57999920e-01 -5.43712800e-02
    10  1.11659109e-01 -7.42780802e-01  6.58037434e-01 -5.28739949e-02
    20  1.10342802e-01 -7.43031646e-01  6.58114388e-01 -5.11262331e-02
    30  1.09097456e-01 -7.43224067e-01  6.58238789e-01 -4.93703145e-02
    40  1.07924532e-01 -7.43385668e-01  6.58380283e-01 -4.75967120e-02
    50  1.06829942e-01 -7.43529053e-01  6.58523844e-01 -4.58067417e-02
    60  1.05812769e-01 -7.43661204e-01  6.58661951e-01 -4.40011987e-02
    70  1.04867890e-01 -7.43794599e-01  6.58782117e-01 -4.21715882e-02
    80  1.03979244e-01 -7.43943497e-01  6.58871655e-01 -4.03054820e-02
    90  1.03120514e-01 -7.44116702e-01  6.58925378e-01 -3.83906277e-02
   100  1.02269392e-01 -7.44316430e-01  6.58944363e-01 -3.64190748e-02
   110  1.01416229e-01 -7.44538822e-01  6.58933517e-01 -3.43992791e-02
   120  1.00558610e-01 -7.44783355e-01  6.58892309e-01 -3.23518862e-02
