# inc   q0   q1   q2   q3
     0  9.14709747e-01 -1.90684369e-01  2.90144009e-01 -2.06789759e-01
    10  9.13753264e-01 -1.87689196e-01  2.92656545e-01 -2.10190116e-01
    20  9.12627452e-01 -1.84770630e-01  2.95405650e-01 -2.13790671e-01
    30  9.11435379e-01 -1.82009281e-01  2.98181429e-01 -2.17361464e-01
    40  9.10185778e-01 -1.79386412e-01  3.00954570e-01 -2.20926939e-01
    50  9.08878179e-01 -1.76898585e-01  3.03707402e-01 -2.24519845e-01
    60  9.07511584e-01 -1.74541860e-01  3.06431406e-01 -2.28161473e-01
    70  9.06087557e-01 -1.72302493e-01  3.09121958e-01 -2.31863765e-01
    80  9.04607555e-01 -1.70163333e-01  3.11782199e-01 -2.35629948e-01
    90  9.03072019e-01 -1.68117459e-01  3.14424640e-01 -2.39446431e-01
   100  9.01484196e-01 -1.66180752e-01  3.17058591e-01 -2.43277728e-01
   110  8.99849873e-01 -1.64375547e-01  3.19691368e-01 -2.47079571e-01
   120  8.98176177e-01 -1.62696979e-01  3.22331519e-01 -2.50821929e-01
