# inc   q0   q1   q2   q3
     0  1.19127080e-01 -6.02074719e-01  5.49639229e-01  5.66755229e-01
    10  1.19371613e-01 -6.00761741e-01  5.52879887e-01  5.64942103e-01
    20  1.19749882e-01 -5.99261780e-01  5.56395280e-01  5.63000513e-01
    30  1.19946395e-01 -5.97886457e-01  5.59843827e-01  5.60998695e-01
    40  1.19934140e-01 -5.96652488e-01  5.63217897e-01  5.58933994e-01
    50  1.19688623e-01 -5.95593035e-01  5.66491258e-01  5.56804476e-01
    60  1.19207233e-01 -5.94726180e-01  5.69649465e-01  5.54607875e-01
    70  1.18492217e-01 -5.94065162e-01  5.72686298e-01  5.52337381e-01
    80  1.17584587e-01 -5.93596558e-01  5.75617508e-01  5.49983160e-01
    90  1.16561887e-01 -5.93282662e-01  5.78477207e-01  5.47533679e-01
   100  1.15481222e-01 -5.93082623e-01  5.81291874e-01  5.44992521e-01
   110  1.14383550e-01 -5.92958262e-01  5.84081068e-01  5.42370914e-01
   120  1.13286581e-01 -5.92887792e-01  5.86852997e-01  5.39679327e-01
