inc
Fp11
Fp12
Fp13
Fp21
Fp22
Fp23
Fp31
Fp32
Fp33
increment_0
[-0.34832227  -0.34832227  -0.34832227  -0.34832227  -0.34832227  -0.34832227 
  -0.34832227  -0.34832227  -0.34832227  -0.34832227  -0.34832227  -0.34832227 
  -0.34832227  -0.34832227  -0.34832227  -0.34832227  -0.34832227  -0.34832227 
  -0.34832227  -0.34832227  -0.34832227  -0.34832227  -0.34832227  -0.34832227 
  -0.34832227  -0.34832227  -0.34832227  -0.34832227  -0.34832227  -0.34832227]
[0.61411917  0.61411917  0.61411917  0.61411917  0.61411917  0.61411917 
  0.61411917  0.61411917  0.61411917  0.61411917  0.61411917  0.61411917 
  0.61411917  0.61411917  0.61411917  0.61411917  0.61411917  0.61411917 
  0.61411917  0.61411917  0.61411917  0.61411917  0.61411917  0.61411917 
  0.61411917  0.61411917  0.61411917  0.61411917  0.61411917  0.61411917]
[0.70818729  0.70818729  0.70818729  0.70818729  0.70818729  0.70818729 
  0.70818729  0.70818729  0.70818729  0.70818729  0.70818729  0.70818729 
  0.70818729  0.70818729  0.70818729  0.70818729  0.70818729  0.70818729 
  0.70818729  0.70818729  0.70818729  0.70818729  0.70818729  0.70818729 
  0.70818729  0.70818729  0.70818729  0.70818729  0.70818729  0.70818729]
[0.61763936  0.61763936  0.61763936  0.61763936  0.61763936  0.61763936 
  0.61763936  0.61763936  0.61763936  0.61763936  0.61763936  0.61763936 
  0.61763936  0.61763936  0.61763936  0.61763936  0.61763936  0.61763936 
  0.61763936  0.61763936  0.61763936  0.61763936  0.61763936  0.61763936 
  0.61763936  0.61763936  0.61763936  0.61763936  0.61763936  0.61763936]
[-0.41794504  -0.41794504  -0.41794504  -0.41794504  -0.41794504  -0.41794504 
  -0.41794504  -0.41794504  -0.41794504  -0.41794504  -0.41794504  -0.41794504 
  -0.41794504  -0.41794504  -0.41794504  -0.41794504  -0.41794504  -0.41794504 
  -0.41794504  -0.41794504  -0.41794504  -0.41794504  -0.41794504  -0.41794504 
  -0.41794504  -0.41794504  -0.41794504  -0.41794504  -0.41794504  -0.41794504]
[0.66621586  0.66621586  0.66621586  0.66621586  0.66621586  0.66621586 
  0.66621586  0.66621586  0.66621586  0.66621586  0.66621586  0.66621586 
  0.66621586  0.66621586  0.66621586  0.66621586  0.66621586  0.66621586 
  0.66621586  0.66621586  0.66621586  0.66621586  0.66621586  0.66621586 
  0.66621586  0.66621586  0.66621586  0.66621586  0.66621586  0.66621586]
[0.70511929  0.70511929  0.70511929  0.70511929  0.70511929  0.70511929 
  0.70511929  0.70511929  0.70511929  0.70511929  0.70511929  0.70511929 
  0.70511929  0.70511929  0.70511929  0.70511929  0.70511929  0.70511929 
  0.70511929  0.70511929  0.70511929  0.70511929  0.70511929  0.70511929 
  0.70511929  0.70511929  0.70511929  0.70511929  0.70511929  0.70511929]
[0.66946217  0.66946217  0.66946217  0.66946217  0.66946217  0.66946217 
  0.66946217  0.66946217  0.66946217  0.66946217  0.66946217  0.66946217 
  0.66946217  0.66946217  0.66946217  0.66946217  0.66946217  0.66946217 
  0.66946217  0.66946217  0.66946217  0.66946217  0.66946217  0.66946217 
  0.66946217  0.66946217  0.66946217  0.66946217  0.66946217  0.66946217]
[-0.23372461  -0.23372461  -0.23372461  -0.23372461  -0.23372461  -0.23372461 
  -0.23372461  -0.23372461  -0.23372461  -0.23372461  -0.23372461  -0.23372461 
  -0.23372461  -0.23372461  -0.23372461  -0.23372461  -0.23372461  -0.23372461 
  -0.23372461  -0.23372461  -0.23372461  -0.23372461  -0.23372461  -0.23372461 
  -0.23372461  -0.23372461  -0.23372461  -0.23372461  -0.23372461  -0.23372461]
increment_10
[-0.35396111  -0.3533767    -0.35161791  -0.35341512  -0.35106652  -0.35242023 
  -0.3555306    -0.35269802  -0.35287425  -0.35185525  -0.34952874  -0.34826263 
  -0.34516409  -0.354058      -0.35099068  -0.35123794  -0.35148776  -0.35005288 
  -0.34876377  -0.34844269  -0.35148103  -0.3527614    -0.35117244  -0.35113245 
  -0.3505845    -0.34911144  -0.34875058  -0.3506477    -0.35074712  -0.34994432]
[0.60911016  0.60963507  0.6112816    0.60969422  0.61169309  0.61030554 
  0.60664724  0.61024287  0.61008083  0.61110243  0.61314837  0.61340441 
  0.61142504  0.60901791  0.61179985  0.6115758    0.61137116  0.61264263 
  0.61391487  0.61339805  0.61108196  0.6101779    0.61162898  0.61169298 
  0.61224779  0.61353272  0.61393933  0.61206141  0.61197295  0.61271599]
[0.70158089  0.70227079  0.70193247  0.69975883  0.70468565  0.70254374 
  0.69845784  0.70279273  0.70270906  0.70102844  0.70427734  0.7072883 
  0.70520723  0.70133944  0.70379564  0.70361373  0.70289054  0.70465454 
  0.70768125  0.70730021  0.70421018  0.70293604  0.70381562  0.70315704 
  0.70211285  0.70443036  0.70769795  0.70526787  0.70531325  0.70534832]
[0.61491793  0.61491802  0.61673061  0.61593449  0.61589116  0.61552021 
  0.61998397  0.61576186  0.61633233  0.61580668  0.61566445  0.61571349 
  0.62027203  0.61587488  0.61560785  0.61532791  0.61537693  0.61537005 
  0.61549517  0.6168155    0.61597262  0.61557127  0.61546183  0.61565031 
  0.61581699  0.61568808  0.61483174  0.61502931  0.61487172  0.61512625]
[-0.42036258  -0.42036365  -0.41954604  -0.41955916  -0.42020522  -0.42000273 
  -0.42029639  -0.42009886  -0.4201533    -0.41957144  -0.41970705  -0.4206761 
  -0.4216008    -0.42007346  -0.41987496  -0.42000262  -0.41994857  -0.41997633 
  -0.42052604  -0.42055582  -0.42031171  -0.42014856  -0.41995942  -0.41978087 
  -0.41956275  -0.419678      -0.42048619  -0.42027478  -0.42042055  -0.42015302]
[0.66302963  0.66302022  0.66419906  0.66410111  0.66331526  0.66288715 
  0.66360177  0.66343106  0.66342073  0.66405837  0.66389803  0.6626883 
  0.66202236  0.66347265  0.66368779  0.66350608  0.66342916  0.66353043 
  0.66288664  0.66297752  0.66319408  0.66335235  0.66357169  0.66380599 
  0.66407979  0.66389961  0.66284167  0.6631363    0.66293593  0.66268271]
[0.71348214  0.71289859  0.71033775  0.71296124  0.70973287  0.71251427 
  0.71194086  0.71148778  0.7110422    0.71176375  0.70934188  0.7084314 
  0.70934776  0.71269042  0.71035134  0.71083372  0.71127494  0.70975362 
  0.707705      0.70718132  0.71036534  0.71164969  0.71058099  0.71064887 
  0.71064185  0.70905354  0.70836232  0.71014185  0.71033466  0.70989565]
[0.67689152  0.67636871  0.67498329  0.6766304    0.67427981  0.67603028 
  0.67887546  0.67561668  0.67577649  0.67548913  0.67332327  0.67265537 
  0.67370548  0.676743      0.67428731  0.6745906    0.67500143  0.6736573 
  0.67225074  0.67255779  0.67477615  0.67563196  0.67443671  0.67451487 
  0.6745084    0.6730755    0.67219963  0.67394395  0.6741087    0.67376788]
[-0.22394117  -0.2246253    -0.22905843  -0.22690819  -0.22776011  -0.22506972 
  -0.22168681  -0.22595572  -0.2256767    -0.22900474  -0.23127782  -0.22954359 
  -0.22818567  -0.2243183    -0.22872036  -0.22819651  -0.22826225  -0.22980569 
  -0.22988984  -0.22978328  -0.2267937    -0.22569254  -0.22827524  -0.22891666 
  -0.23070965  -0.23199327  -0.22991086  -0.22803991  -0.22765378  -0.22967416]
increment_20
[-0.3589355    -0.35927318  -0.35414874  -0.35672633  -0.35511531  -0.35539136 
  -0.36347771  -0.35654285  -0.35813743  -0.35408825  -0.35032713  -0.34573152 
  -0.33768039  -0.35991885  -0.35256402  -0.35348843  -0.35394223  -0.35193517 
  -0.34909394  -0.34699574  -0.35512506  -0.35683111  -0.3538028    -0.35325878 
  -0.35173529  -0.34970352  -0.34947879  -0.35217753  -0.35347478  -0.35134126]
[0.60469187  0.60440277  0.60927146  0.60700303  0.60813641  0.60721385 
  0.59816944  0.60689338  0.60541815  0.60934122  0.61263387  0.61258815 
  0.60887815  0.60385071  0.61055742  0.60970297  0.60930078  0.61109378 
  0.61414794  0.61260043  0.60751566  0.6065704    0.60937585  0.60996354 
  0.61150416  0.61321733  0.61472076  0.6107236    0.60961339  0.61161093]
[0.69574071  0.69536283  0.69259637  0.68971453  0.69899445  0.6953765 
  0.68740996  0.69669442  0.69622253  0.69289893  0.69852677  0.70637962 
  0.70282945  0.6933755    0.69814329  0.69784574  0.69728107  0.69941245 
  0.70732605  0.70647046  0.69954664  0.69799879  0.69868095  0.69675975 
  0.69386843  0.69853173  0.70700321  0.70303824  0.70208233  0.70034267]
[0.61142114  0.61160906  0.61783859  0.61477014  0.61488728  0.61497355 
  0.62405378  0.61482259  0.61462223  0.6139331    0.61345632  0.61516784 
  0.62526016  0.61483665  0.61393627  0.6126981    0.61277657  0.6129444 
  0.61356446  0.61719845  0.61440769  0.61325721  0.6130709    0.61415743 
  0.61423739  0.6136458    0.61190947  0.61199526  0.61137005  0.61264184]
[-0.42346893  -0.42331981  -0.42098976  -0.42096425  -0.42307563  -0.42094424 
  -0.42326607  -0.42278373  -0.42312294  -0.42123497  -0.42169794  -0.4246328 
  -0.42695657  -0.42276202  -0.4220959    -0.42235582  -0.42223117  -0.42237973 
  -0.42391574  -0.42437159  -0.42353677  -0.42325423  -0.42260358  -0.42191726 
  -0.42096417  -0.42154458  -0.42377562  -0.42342537  -0.42364576  -0.42233755]
[0.65893618  0.6591256    0.66260188  0.66230577  0.65975355  0.65854351 
  0.66040901  0.66010116  0.6596682    0.66188325  0.66130085  0.65768728 
  0.65600771  0.66012632  0.66085772  0.66042155  0.65974091  0.66040128 
  0.65859954  0.65839776  0.65914497  0.65937571  0.6601568    0.66109683 
  0.66223116  0.66146892  0.65836405  0.65903511  0.6586779    0.65924981]
[0.72196095  0.72210709  0.7145114    0.72012004  0.71519398  0.72117949 
  0.71850363  0.71696235  0.71815803  0.71825047  0.71439023  0.71222752 
  0.71363087  0.72008059  0.71522289  0.71706011  0.71779479  0.71536077 
  0.70996572  0.70913638  0.71617991  0.71810857  0.71648512  0.71594162 
  0.71632674  0.71388976  0.71185359  0.71489391  0.71659053  0.71544537]
[0.68442435  0.68456046  0.68136215  0.68361998  0.6811512    0.68371822 
  0.68980106  0.68239861  0.68356173  0.68148057  0.67803592  0.67643072 
  0.67806425  0.68511499  0.67950965  0.68026871  0.68093414  0.67901339 
  0.67541424  0.67636381  0.68144031  0.68242638  0.68028793  0.68019072 
  0.67984392  0.67763872  0.67490723  0.67863598  0.67972221  0.67885909]
[-0.2140336    -0.21383313  -0.22768915  -0.22436814  -0.2199452    -0.214973 
  -0.20787708  -0.21893169  -0.21592848  -0.22703618  -0.2302081    -0.22461318 
  -0.22250235  -0.2146546    -0.2259848    -0.22406801  -0.22409272  -0.2260343 
  -0.22524848  -0.22499404  -0.21817592  -0.21703971  -0.22282939  -0.22571207 
  -0.23107203  -0.23153722  -0.22521752  -0.22237478  -0.22025847  -0.22713991]
increment_30
[-0.36398426  -0.36534911  -0.35683946  -0.3596362    -0.35916809  -0.35877034 
  -0.37167262  -0.36006536  -0.36350368  -0.3561929    -0.35141343  -0.34290402 
  -0.33078737  -0.36548898  -0.35436633  -0.3558013    -0.35629092  -0.35415506 
  -0.3495283    -0.34549227  -0.35934217  -0.36072401  -0.35665071  -0.35542911 
  -0.35286774  -0.35042331  -0.35073696  -0.35368716  -0.35636973  -0.35252965]
[0.60020779  0.59900911  0.60712423  0.60469844  0.60459751  0.60409175 
  0.59012687  0.6038453    0.60066802  0.6077051    0.61187497  0.61187721 
  0.60600206  0.59898366  0.60911815  0.60778675  0.60732899  0.60926005 
  0.61423446  0.61167053  0.60353957  0.60312262  0.60692821  0.60820086 
  0.61078232  0.61280292  0.61597231  0.6094059    0.60721527  0.61070596]
[0.68980627  0.68816972  0.68277831  0.67946434  0.69285016  0.6878996 
  0.67583242  0.69069173  0.6895393    0.68464555  0.69216145  0.705615 
  0.70002364  0.68495666  0.69213623  0.69170799  0.69167976  0.69344733 
  0.7068466    0.70549219  0.69433225  0.69322156  0.69335371  0.69025157 
  0.68550919  0.6921396    0.70592161  0.70094575  0.69867331  0.69521379]
[0.60791003  0.60828333  0.61888322  0.61373566  0.61358101  0.61438449 
  0.62712466  0.61386819  0.61268244  0.61209087  0.61134714  0.61456338 
  0.62991307  0.61385649  0.61248661  0.61013966  0.61022247  0.61076472 
  0.61157581  0.61766119  0.61301545  0.61056931  0.61087697  0.61269286 
  0.61270205  0.61172932  0.60932334  0.60909806  0.60781437  0.6102433  ]
[-0.42658792  -0.42628598  -0.42235496  -0.42220969  -0.42584798  -0.42159116 
  -0.42579114  -0.42544433  -0.42607283  -0.42287165  -0.42364064  -0.42868636 
  -0.43231965  -0.42524119  -0.42432103  -0.42466933  -0.42446734  -0.42474704 
  -0.42738791  -0.4282965    -0.42675257  -0.42638916  -0.4253014    -0.42408903 
  -0.42232662  -0.423391      -0.42694599  -0.42671521  -0.4269298    -0.42444012]
[0.65482443  0.65521429  0.66112863  0.66073295  0.65628786  0.65429612 
  0.65769316  0.65680902  0.65591955  0.65976748  0.65879393  0.65255255 
  0.64997847  0.65704599  0.65806307  0.65741013  0.6559774    0.65735356 
  0.65421042  0.65369943  0.65512387  0.65532863  0.65670876  0.65836689 
  0.66044407  0.65909831  0.65352992  0.65478128  0.65432264  0.65578075]
[0.73053286  0.7315476    0.71912465  0.72713777  0.72117309  0.73012548 
  0.72568469  0.72227622  0.72564667  0.72476909  0.7197963    0.71609298 
  0.71852904  0.72749514  0.72018014  0.72344996  0.7243252    0.7212425 
  0.71238901  0.71128535  0.72222155  0.72478838  0.7224112    0.7213218 
  0.72208481  0.71892302  0.71524777  0.7194443    0.72307251  0.72096952]
[0.69204027  0.69296174  0.68800446  0.69047505  0.68813874  0.69165109 
  0.70055519  0.6890165    0.69145892  0.68751559  0.68311989  0.68015348 
  0.68280903  0.69339508  0.68501807  0.6861298    0.68688958  0.68481203 
  0.67880345  0.68033448  0.68854373  0.68911602  0.68638726  0.68601279 
  0.68525454  0.68248516  0.67744229  0.68339927  0.68543832  0.68395121]
[-0.20402653  -0.2028538    -0.22637436  -0.22285586  -0.21244363  -0.20461784 
  -0.19522685  -0.2124602    -0.20610074  -0.22540121  -0.2290237    -0.21974148 
  -0.21629276  -0.20599284  -0.22305657  -0.22007782  -0.22023861  -0.22211384 
  -0.22038046  -0.2199873    -0.20900535  -0.20854575  -0.21706138  -0.22246091 
  -0.23159717  -0.2311526    -0.22090112  -0.21652395  -0.21260179  -0.22521671]
increment_40
[-0.3692024    -0.37135643  -0.35934767  -0.36235457  -0.36305523  -0.36282858 
  -0.37913111  -0.36336105  -0.36890471  -0.35803055  -0.35265412  -0.34006602 
  -0.32466333  -0.37053449  -0.35638973  -0.35816762  -0.35848351  -0.35659131 
  -0.35013216  -0.34392001  -0.36401581  -0.36439919  -0.35977721  -0.35755843 
  -0.35400925  -0.35113609  -0.35223004  -0.35512737  -0.359329      -0.35364991]
[0.59557413  0.5936846    0.60515443  0.60257902  0.60123045  0.60014339 
  0.58330626  0.60102314  0.59589966  0.60632426  0.61099226  0.61129323 
  0.60277993  0.5946265    0.60749581  0.60583691  0.60550536  0.60725241 
  0.61413127  0.61064908  0.59926396  0.59987391  0.60423901  0.60648896 
  0.61005459  0.6124157    0.61746457  0.60815346  0.604894      0.60986506]
[0.6836518    0.68083802  0.67266834  0.66911659  0.68639879  0.68021334 
  0.66350105  0.68448855  0.68254617  0.67625867  0.68529767  0.7049865 
  0.69672575  0.67625505  0.68564602  0.68516928  0.68602673  0.68682771 
  0.70616709  0.70441052  0.68871153  0.68856408  0.68760135  0.68353467 
  0.67708498  0.68526406  0.70477304  0.69894454  0.69519943  0.69007709]
[0.60443035  0.60499248  0.62001728  0.6126646    0.61204611  0.6133808 
  0.62938768  0.61286134  0.61066708  0.6103522    0.6093713    0.61389871 
  0.63416092  0.61256661  0.61126345  0.60768617  0.607693      0.60867761 
  0.60963297  0.61810939  0.61151661  0.60769162  0.60895068  0.61123888 
  0.61116557  0.60996642  0.60684986  0.60611397  0.60423484  0.60782188]
[-0.42967883  -0.42921263  -0.42360006  -0.42336107  -0.42850884  -0.42283038 
  -0.42761785  -0.4280051    -0.42894304  -0.42441705  -0.42552216  -0.43276678 
  -0.43763282  -0.42747585  -0.42649776  -0.42691729  -0.42668355  -0.42701552 
  -0.43092773  -0.43233608  -0.42994566  -0.42952805  -0.42798249  -0.42621789 
  -0.42369074  -0.42514516  -0.43005151  -0.43007491  -0.43026339  -0.42656338]
[0.65074537  0.65134843  0.65985183  0.65928718  0.65294413  0.65012548 
  0.65579397  0.65364354  0.6522631    0.65779226  0.65639557  0.64736275 
  0.64397062  0.65424168  0.65536688  0.65450656  0.65229012  0.65444603 
  0.64974625  0.64886162  0.65111988  0.65126021  0.65331879  0.65570877 
  0.65867283  0.65687542  0.64846789  0.65043603  0.64988664  0.65229447]
[0.73925561  0.74099352  0.72377627  0.7342461    0.72746322  0.73950965 
  0.73314211  0.72765172  0.73337824  0.73118974  0.72541901  0.71982161 
  0.72410984  0.73514641  0.72527652  0.72998876  0.73081732  0.72747606 
  0.71493637  0.71366557  0.72863778  0.73150587  0.72842262  0.72681202 
  0.72795441  0.72406226  0.71851791  0.72401136  0.72965067  0.72653953]
[0.69979131  0.70136962  0.69465678  0.69730436  0.69511445  0.6999691 
  0.71069345  0.69556892  0.69943859  0.6934855    0.68846978  0.68384663 
  0.68798496  0.70141285  0.6908189    0.69216712  0.69282207  0.69092711 
  0.68244833  0.68445261  0.695964      0.69568097  0.69279099  0.69191593 
  0.69077096  0.68749333  0.67992816  0.68816675  0.69113584  0.6890907  ]
[-0.19387015  -0.19210949  -0.22566677  -0.22185278  -0.20549771  -0.19381842 
  -0.18563283  -0.20660266  -0.19645083  -0.22442006  -0.22791861  -0.21492048 
  -0.20949558  -0.19864222  -0.22008013  -0.21628827  -0.21670051  -0.2182834 
  -0.21523718  -0.21477992  -0.19941564  -0.20034815  -0.21107311  -0.21945038 
  -0.23215662  -0.23115774  -0.21692639  -0.21065857  -0.20482348  -0.22340259]
increment_50
[-0.37455803  -0.37723273  -0.36166305  -0.36494506  -0.36672573  -0.36754301 
  -0.38576683  -0.3665522    -0.37426277  -0.35952941  -0.35391654  -0.33724595 
  -0.31957925  -0.37491161  -0.35866338  -0.36054549  -0.36050644  -0.35918924 
  -0.35094526  -0.34223106  -0.36908755  -0.36779149  -0.36319989  -0.35966464 
  -0.35512363  -0.35186784  -0.35383945  -0.35649469  -0.36232335  -0.35479438]
[0.59082046  0.58848966  0.6033776    0.60058224  0.59808213  0.59519741 
  0.57757705  0.59831842  0.591193      0.60526543  0.61010681  0.61080705 
  0.59914751  0.59090631  0.60566427  0.60389424  0.60384137  0.60511885 
  0.61378398  0.60951824  0.59471025  0.59688428  0.60129661  0.60481179 
  0.60935366  0.61202763  0.61910343  0.60696729  0.60266137  0.60900048]
[0.67728294  0.67332971  0.66216495  0.6587294    0.67968329  0.67232772 
  0.65085765  0.67796469  0.67510317  0.66775011  0.6780219    0.70443649 
  0.69283104  0.66744731  0.6786644    0.67819436  0.68035232  0.67963132 
  0.7052396    0.70320809  0.68271582  0.68405456  0.68132591  0.67659756 
  0.66862554  0.67800528  0.7036478    0.69702883  0.69168872  0.68496572]
[0.6009819    0.60179867  0.6211204    0.61160006  0.61036813  0.61196051 
  0.63097327  0.61186218  0.60862994  0.60873508  0.60755691  0.61320967 
  0.63791777  0.61104748  0.61016897  0.60539007  0.60517351  0.60666921 
  0.60781043  0.61852889  0.60994177  0.60470339  0.60732726  0.60977763 
  0.60962812  0.60832839  0.60442282  0.60299905  0.6006322    0.60530195]
[-0.43274173  -0.43204959  -0.42468838  -0.42444961  -0.43104757  -0.42485915 
  -0.42889783  -0.43046089  -0.43166418  -0.42585507  -0.42732092  -0.43686831 
  -0.44282726  -0.42948085  -0.42862116  -0.42906346  -0.42889437  -0.42917442 
  -0.4345249    -0.43649045  -0.43311582  -0.43266922  -0.43061269  -0.42830005 
  -0.42505669  -0.42682741  -0.43319559  -0.43350244  -0.43364907  -0.42878068]
[0.64669779  0.64759167  0.65880964  0.65793433  0.64974583  0.64601256 
  0.65447987  0.65061842  0.64878984  0.65597682  0.65413323  0.64210898 
  0.6380583    0.65170584  0.65276568  0.65175923  0.64869933  0.65169058 
  0.64522639  0.64388235  0.64713624  0.64718143  0.65003126  0.65312586 
  0.65692523  0.65477283  0.64333563  0.645998      0.64536574  0.64885117]
[0.74811463  0.75038644  0.72863237  0.74141218  0.73394955  0.74934293 
  0.74081067  0.73315195  0.74134153  0.73745984  0.73113572  0.72343913 
  0.73046166  0.74283383  0.73063609  0.73663079  0.7372523    0.73402786 
  0.71757301  0.71635632  0.73539271  0.73814299  0.73454233  0.73245038 
  0.73390356  0.72931388  0.72163789  0.72863976  0.7362984    0.73219668]
[0.70766589  0.70974202  0.7013288    0.70414239  0.70204363  0.70867405 
  0.72024183  0.70216082  0.70748074  0.69934616  0.69398344  0.68755573 
  0.69365301  0.70907621  0.69693099  0.69835441  0.69871278  0.69730609 
  0.68639365  0.68871357  0.7036672    0.70208748  0.69952117  0.69791445 
  0.69636497  0.69265922  0.68238624  0.69293971  0.69680924  0.69430274]
[-0.18361571  -0.18178699  -0.22565818  -0.22118476  -0.19918964  -0.18255655 
  -0.17859604  -0.20121487  -0.18726015  -0.22421938  -0.22710498  -0.21009288 
  -0.20202859  -0.19273786  -0.21700997  -0.21283332  -0.21344892  -0.21460961 
  -0.20979015  -0.20936974  -0.18945146  -0.19255306  -0.20492742  -0.21665694 
  -0.23279349  -0.23143077  -0.2129934    -0.20478517  -0.19695759  -0.22136513]
increment_60
[-0.3800291    -0.38299057  -0.36388111  -0.36747095  -0.3701257    -0.37292202 
  -0.39161849  -0.36976461  -0.37947201  -0.36067558  -0.35512721  -0.33449124 
  -0.31582526  -0.37859991  -0.36121094  -0.36292429  -0.36237176  -0.36187226 
  -0.35200093  -0.34042405  -0.37450509  -0.37089851  -0.36693364  -0.36176859 
  -0.35622916  -0.35259039  -0.3555137    -0.35780191  -0.36536656  -0.35596518]
[0.58596933  0.58341612  0.60170839  0.59864872  0.595199      0.58936404 
  0.57274027  0.59561632  0.58665412  0.60454241  0.6092835    0.61039342 
  0.59507395  0.58783754  0.60360024  0.60197112  0.60232723  0.60292752 
  0.61312085  0.6082773    0.58988849  0.59415702  0.59808901  0.6031493 
  0.60866376  0.61166124  0.62084024  0.60583488  0.60050259  0.60810624]
[0.67065198  0.66555638  0.65114869  0.64830113  0.67281045  0.66421156 
  0.63819884  0.67105751  0.66708681  0.65910066  0.67044398  0.7039361 
  0.68827316  0.65863341  0.6712267    0.67073102  0.67462019  0.67194759 
  0.70402189  0.70188409  0.67636134  0.6796742    0.67450403  0.66945296 
  0.66009729  0.67047034  0.70255744  0.69518063  0.68812289  0.67997989]
[0.59758598  0.59874468  0.62208409  0.61057312  0.60865448  0.61016082 
  0.63195236  0.6109513    0.6065973    0.60724732  0.60590107  0.61242809 
  0.64108139  0.60944588  0.60911745  0.60330611  0.60266001  0.60475177 
  0.60612219  0.61888608  0.60845626  0.6016487    0.60602415  0.60828183 
  0.60809546  0.60683188  0.60202333  0.59978589  0.59700291  0.60263736]
[-0.43575764  -0.43476065  -0.42560329  -0.42549273  -0.43347469  -0.42753069 
  -0.42980257  -0.43281991  -0.43415899  -0.42717866  -0.42904175  -0.44098496 
  -0.44783602  -0.43128407  -0.43069662  -0.43108211  -0.43110492  -0.43121906 
  -0.43816846  -0.44075344  -0.43626452  -0.43580865  -0.43317732  -0.43034093 
  -0.4264197    -0.42845618  -0.43642819  -0.43699503  -0.43708345  -0.43113565]
[0.64270517  0.64398098  0.65801339  0.65665561  0.64669258  0.64197882 
  0.6535345    0.64773256  0.64559823  0.65432806  0.65200008  0.63679846 
  0.6323129    0.64942037  0.65024505  0.6492034    0.64523805  0.64909403 
  0.64066514  0.63876575  0.64318723  0.64310307  0.64686541  0.65060975 
  0.65521576  0.65276952  0.63820282  0.64147445  0.64075531  0.64544793]
[0.75710716  0.75975409  0.73391576  0.74864009  0.74046355  0.75958172 
  0.74871273  0.73879481  0.74954469  0.74357865  0.73687174  0.72702237 
  0.73761527  0.75037561  0.73634907  0.74335312  0.74364176  0.74082175 
  0.72031834  0.71939674  0.74233447  0.74466851  0.74077808  0.73827501 
  0.73994979  0.7346062    0.72461873  0.73331087  0.74303836  0.73791631]
[0.71566478  0.71810978  0.70810509  0.71103495  0.70888133  0.71771888 
  0.72929904  0.70888542  0.71555173  0.70509808  0.6995964    0.69129914 
  0.69985883  0.71637827  0.70336215  0.7046977    0.70457146  0.70388812 
  0.69070056  0.69311177  0.71163141  0.70834404  0.70658726  0.70402224 
  0.70205256  0.69794998  0.68482941  0.69772904  0.70247577  0.69955958]
[-0.17334494  -0.17194943  -0.22624883  -0.22072716  -0.19355205  -0.17087559 
  -0.17349236  -0.19610735  -0.17884933  -0.22482941  -0.22664536  -0.20522938 
  -0.19383403  -0.18823078  -0.21377842  -0.2097876    -0.21045501  -0.21118416 
  -0.2040115    -0.20375972  -0.17915508  -0.18517937  -0.19863094  -0.21402875 
  -0.2334965    -0.23194517  -0.20894849  -0.19889619  -0.18899669  -0.21897765]
increment_70
[-0.38558532  -0.38867759  -0.36612045  -0.36997771  -0.37324407  -0.37900493 
  -0.39678497  -0.37308312  -0.38443665  -0.36147181  -0.35629518  -0.3319002 
  -0.31371753  -0.38165363  -0.36401416  -0.36531853  -0.3640751    -0.36457539 
  -0.3533425    -0.33855863  -0.38021666  -0.37375988  -0.37099605  -0.36382721 
  -0.35740373  -0.35322243  -0.35721484  -0.35899965  -0.36848197  -0.35709048]
[0.58105387  0.57842257  0.60004245  0.59673581  0.59258909  0.58291536 
  0.56861227  0.59283826  0.58237843  0.60415333  0.6085129    0.6100326 
  0.59055488  0.5853663    0.6013195    0.60005475  0.60097        0.60073654 
  0.61207892  0.60694116  0.5848216    0.59165774  0.59460059  0.60153998 
  0.60791603  0.61139161  0.62260972  0.60480018  0.59837728  0.6072452  ]
[0.66363904  0.65743975  0.63954771  0.63783193  0.66584529  0.65581315 
  0.62569539  0.66374484  0.65840028  0.65029354  0.66259964  0.70348288 
  0.68300733  0.64986639  0.66336716  0.66277253  0.66875629  0.66384376 
  0.70246081  0.70045074  0.66967525  0.6753631    0.6671398    0.66214416 
  0.65140037  0.66270533  0.70150822  0.69344805  0.68447101  0.67523242]
[0.59429738  0.59586484  0.62284516  0.60957868  0.60703056  0.60802237 
  0.63235673  0.61016021  0.6046213    0.60589027  0.6043884    0.61145396 
  0.64356024  0.60785959  0.60807346  0.60145512  0.60017837  0.60290642 
  0.6046148    0.61907972  0.60723322  0.59854858  0.60506401  0.60672129 
  0.60658022  0.60550846  0.59964014  0.59651354  0.59333362  0.59981677]
[-0.4386775    -0.43731454  -0.42634056  -0.42650512  -0.43580608  -0.43050545 
  -0.43046661  -0.43509135  -0.43635868  -0.42838656  -0.43069583  -0.44512061 
  -0.45258693  -0.43292229  -0.4327198    -0.43296889  -0.43329197  -0.43314619 
  -0.44184801  -0.44510808  -0.43939172  -0.43894109  -0.43567135  -0.43234067 
  -0.42776866  -0.43002462  -0.4397575    -0.44055462  -0.44055832  -0.4336415  ]
[0.63882503  0.64052322  0.65745048  0.65543274  0.64377853  0.6380639 
  0.65280604  0.64497856  0.64277866  0.652845      0.64998071  0.63144794 
  0.62681692  0.64735084  0.64780666  0.64684515  0.64193019  0.64665451 
  0.63607934  0.63352246  0.63928975  0.63903527  0.64382912  0.64815801 
  0.65355943  0.65087477  0.63308347  0.63686738  0.63604512  0.64204501]
[0.76623888  0.76915772  0.73979651  0.75596015  0.74685467  0.77016101 
  0.75688732  0.74460844  0.75797311  0.74955808  0.74263719  0.73060491 
  0.74551996  0.75768665  0.74243564  0.75015845  0.74999875  0.74782962 
  0.72316949  0.72282765  0.74928315  0.751113      0.74712118  0.74428201 
  0.74616857  0.73985152  0.7274706    0.73794048  0.74991828  0.74362728]
[0.72379991  0.7265308    0.71507939  0.71801729  0.71561937  0.72704253 
  0.73796762  0.71580234  0.72362755  0.71075216  0.7053141    0.6950889 
  0.70663264  0.72336121  0.71009477  0.71121421  0.71041318  0.71062936 
  0.69542174  0.69764208  0.71982805  0.71449196  0.71399723  0.71020948 
  0.70790191  0.70331159  0.68731453  0.70249744  0.70817928  0.7048013  ]
[-0.16322109  -0.16259627  -0.2272857    -0.22038754  -0.18856006  -0.15884105 
  -0.1697909    -0.19113814  -0.17149424  -0.22624376  -0.22649133  -0.20031236 
  -0.1848852    -0.1849556    -0.2104049    -0.20713428  -0.20778851  -0.20808497 
  -0.19786501  -0.19795209  -0.16858413  -0.178192      -0.19216259  -0.21161218 
  -0.23420154  -0.23282231  -0.20477244  -0.19305482  -0.18093013  -0.21630232]
increment_80
[-0.39115857  -0.39433185  -0.36853774  -0.37248632  -0.37613124  -0.38580512 
  -0.40137977  -0.37658867  -0.38910272  -0.36190432  -0.35749528  -0.32956411 
  -0.31365266  -0.38414404  -0.36704991  -0.36779521  -0.36560379  -0.36729411 
  -0.35500836  -0.33676154  -0.38619489  -0.37645625  -0.37544536  -0.365783 
  -0.35874972  -0.3537102    -0.35891072  -0.3600277    -0.37168036  -0.35813347]
[0.57614437  0.57347487  0.59825161  0.5948227    0.59020766  0.57610977 
  0.56503974  0.5899101    0.57842173  0.60411086  0.60772889  0.60970088 
  0.58559801  0.58342361  0.59884493  0.59808227  0.59978346  0.59855012 
  0.61065206  0.60552693  0.57952486  0.58931409  0.59078015  0.60003653 
  0.6070191    0.61127109  0.62436827  0.60391677  0.59625756  0.60645111]
[0.65607973  0.64894183  0.62732208  0.62734804  0.65874786  0.6470889 
  0.61343687  0.6559655    0.64894467  0.64133512  0.65440606  0.70308329 
  0.6769079    0.64117996  0.65506241  0.65433707  0.66271338  0.65531764 
  0.70051226  0.69891637  0.66264456  0.67104762  0.65918111  0.65469801 
  0.64242404  0.65468813  0.70049981  0.69190802  0.68071555  0.67076369]
[0.59121207  0.59320255  0.62336749  0.60858885  0.6056252    0.60559098 
  0.63226967  0.60948724  0.60281083  0.60466559  0.60301359  0.6102061 
  0.64527176  0.60633486  0.60703704  0.59983191  0.59775024  0.60111358 
  0.60336654  0.61901851  0.6063746    0.59543906  0.60447278  0.60511372 
  0.60510034  0.60440125  0.59724935  0.59318779  0.58962225  0.59687394]
[-0.44141506  -0.43966951  -0.42689834  -0.4275012    -0.43804341  -0.43347608 
  -0.43098945  -0.43727047  -0.43820333  -0.42947725  -0.43227609  -0.44929552 
  -0.45698587  -0.43443276  -0.43466955  -0.43473921  -0.43543612  -0.43494753 
  -0.44555764  -0.44952619  -0.44248498  -0.44206752  -0.43808298  -0.43429066 
  -0.42908904  -0.4315135    -0.44318847  -0.44419272  -0.44405978  -0.43629364]
[0.63514839  0.63718954  0.65708212  0.6542465    0.64101416  0.63428975 
  0.65219478  0.6423625    0.64041425  0.65152687  0.64808137  0.62606891 
  0.62171012  0.64545697  0.64547474  0.6446646    0.63879818  0.64436829 
  0.63148353  0.62817769  0.63546883  0.63498205  0.64093811  0.64578256 
  0.65197003  0.64911218  0.62796444  0.63216397  0.63121854  0.63859059]
[0.77550237  0.77865317  0.74641845  0.76340067  0.75304448  0.78102654 
  0.76530546  0.75067185  0.76658288  0.75538939  0.74851987  0.73419426 
  0.7540698    0.76474324  0.74890637  0.75708694  0.75632432  0.75508921 
  0.72608755  0.72663474  0.75614576  0.7575162    0.75360514  0.75042041 
  0.75265288  0.74499474  0.73024139  0.74245916  0.75697051  0.74927951]
[0.73207614  0.73505853  0.72236212  0.72510229  0.72230455  0.73660213 
  0.74634094  0.72297409  0.7317152    0.71630064  0.71120399  0.69893678 
  0.71402072  0.73007638  0.71712017  0.71794792  0.71624149  0.71753931 
  0.70055744  0.70230926  0.72824397  0.72059875  0.72179347  0.71643962 
  0.71399821  0.70871871  0.68988203  0.70719954  0.71395423  0.71001294]
[-0.15353403  -0.15375382  -0.22857572  -0.22010166  -0.18415172  -0.14650253 
  -0.16708435  -0.18620389  -0.1653897    -0.22847145  -0.22656756  -0.19532675 
  -0.17520038  -0.18272579  -0.20696573  -0.20473576  -0.20551277  -0.20532934 
  -0.19132127  -0.1919425    -0.15779834  -0.17148778  -0.18546851  -0.20949736 
  -0.23482049  -0.23418363  -0.20045216  -0.18731498  -0.17277595  -0.21341637]
increment_90
[-0.39665644  -0.39997413  -0.37130439  -0.37501724  -0.37882633  -0.39334746 
  -0.40553346  -0.38031437  -0.39345468  -0.36197034  -0.35881769  -0.32747428 
  -0.31594133  -0.38608377  -0.37030452  -0.37043923  -0.36694458  -0.37001713 
  -0.35697341  -0.33519254  -0.3924081    -0.37906829  -0.38037644  -0.36756911 
  -0.36034597  -0.35404323  -0.36056914  -0.3608566    -0.37495678  -0.35909304]
[0.57133145  0.56855259  0.59619998  0.59288977  0.58802548  0.5689716 
  0.56187317  0.58680141  0.57480121  0.60441605  0.60685155  0.60934583 
  0.58033832  0.58199639  0.59619491  0.59597421  0.59878131  0.59637973 
  0.60891557  0.60403138  0.57403271  0.58705277  0.58654589  0.59870183 
  0.60590225  0.61131157  0.62610273  0.60320898  0.59412374  0.60573035]
[0.64786897  0.64008601  0.61446822  0.61685664  0.65139097  0.63792708 
  0.60152549  0.6476317    0.63866518  0.63226411  0.64576223  0.70273394 
  0.66956063  0.63259742  0.64619545  0.64544111  0.6564597    0.64633991 
  0.69820834  0.69726156  0.6551322    0.66667475  0.65049417  0.6471152 
  0.63309388  0.64640455  0.69951945  0.69062881  0.67685329  0.6665414  ]
[0.58843522  0.59081057  0.62365791  0.60758872  0.60454092  0.60294365 
  0.63185971  0.60895957  0.60128064  0.60356194  0.60173949  0.60867321 
  0.64614498  0.60489883  0.6060139    0.59841846  0.59538672  0.59939242 
  0.60253681  0.6187114    0.60584554  0.59238728  0.60423736  0.60353393 
  0.6036888    0.60353606  0.5948427    0.5897789    0.58588926  0.59394408]
[-0.44387446  -0.44177305  -0.42727921  -0.42848581  -0.44015688  -0.43633236 
  -0.43146863  -0.43932913  -0.43965772  -0.43046082  -0.43377155  -0.453568 
  -0.46085523  -0.43583466  -0.43649651  -0.43641186  -0.43752829  -0.43659532 
  -0.44929892  -0.45397991  -0.44548601  -0.44519451  -0.44038059  -0.43617124 
  -0.43036937  -0.43291775  -0.44674371  -0.4479267    -0.44756904  -0.43907847]
[0.63174286  0.63390294  0.65685563  0.65308987  0.63844369  0.63065647 
  0.65161027  0.63992194  0.63855585  0.65035895  0.64630983  0.62064844 
  0.61732561  0.64371769  0.64330587  0.64263665  0.63587316  0.64223536 
  0.62689152  0.62276595  0.63179211  0.63094323  0.63822745  0.64351239 
  0.65045787  0.64748691  0.62283345  0.62734109  0.62625782  0.63505668]
[0.78487436  0.78828432  0.75387043  0.77098576  0.7590196    0.79222485 
  0.77381872  0.75703195  0.77532187  0.76106385  0.75465874  0.73781877 
  0.76316342  0.77151624  0.7558197    0.76419906  0.76261304  0.76262218 
  0.72888938  0.73072121  0.76302283  0.76387557  0.7603609    0.75659063 
  0.75945552  0.75001525  0.73299209  0.74685027  0.76419724  0.75477074]
[0.74048473  0.74373656  0.73006538  0.73230187  0.72899231  0.74644903 
  0.75449843  0.7304381    0.73983986  0.72173381  0.71734706  0.70285579 
  0.72204888  0.73653887  0.72445336  0.72495229  0.72205274  0.72463135 
  0.70603375  0.70714128  0.73688584  0.72672674  0.73005273  0.72267437 
  0.72040726  0.71417342  0.69253306  0.71181016  0.71983037  0.71521464]
[-0.1446048    -0.14548357  -0.22990924  -0.21982805  -0.18035691  -0.13379318 
  -0.16498559  -0.18131782  -0.16061659  -0.23147424  -0.22678795  -0.19025354 
  -0.16519041  -0.18147581  -0.2035957    -0.20242577  -0.20366249  -0.20299067 
  -0.18442644  -0.18570656  -0.14696538  -0.16495215  -0.17849159  -0.20781658 
  -0.23528733  -0.23605764  -0.19592384  -0.18167191  -0.16458365  -0.21039071]
increment_100
[-0.40208662  -0.40564577  -0.3745427    -0.37756604  -0.38131005  -0.40177599 
  -0.40939205  -0.3841515    -0.39751858  -0.36170222  -0.3603376    -0.325521 
  -0.3204677    -0.38751084  -0.3736839    -0.37331337  -0.3681187    -0.37272723 
  -0.35915232  -0.33400383  -0.39868657  -0.38163191  -0.3858106    -0.36917081 
  -0.36223107  -0.35424104  -0.36215926  -0.36150503  -0.37827883  -0.35999029]
[0.56660898  0.56361308  0.59378743  0.59094314  0.58607073  0.56130185 
  0.55895833  0.58360526  0.57148853  0.60503668  0.60581242  0.60894725 
  0.57500901  0.58104513  0.59346253  0.59366927  0.59794446  0.5942403 
  0.60697637  0.60238746  0.56852325  0.58484325  0.58188438  0.59755263 
  0.60453206  0.61149767  0.62782612  0.60265778  0.59193965  0.60507776]
[0.63897895  0.63096921  0.60104486  0.60630687  0.64361901  0.62805523 
  0.59008734  0.63878487  0.62763562  0.6231287    0.63661673  0.70241364 
  0.66054878  0.62419822  0.63668944  0.6361583    0.64997553  0.63693729 
  0.69565102  0.69539049  0.64687539  0.66217905  0.6409751    0.63934052 
  0.62335705  0.6378289    0.69855032  0.68962962  0.67290461  0.66248568]
[0.58604329  0.58870839  0.6237601    0.60660487  0.60380234  0.60019519 
  0.63126413  0.60858483  0.60009515  0.60255238  0.60048055  0.60694197 
  0.64622207  0.60354117  0.60504375  0.59714081  0.59308746  0.59781607 
  0.602308      0.61826894  0.60554326  0.58951341  0.60429073  0.60209471 
  0.6024905    0.60293481  0.59248567  0.5863403    0.5821566    0.59124264]
[-0.44598301  -0.44360237  -0.4274995    -0.42943622  -0.44208729  -0.43903978 
  -0.43200744  -0.44124686  -0.44073863  -0.43136123  -0.43517866  -0.45796167 
  -0.46397097  -0.437171      -0.43813907  -0.43801632  -0.43956959  -0.43805417 
  -0.45308075  -0.45844847  -0.44824724  -0.44831064  -0.44251583  -0.43795863 
  -0.43160021  -0.43423395  -0.45046419  -0.45177048  -0.45106674  -0.44197078]
[0.62858155  0.63055261  0.65672295  0.65198902  0.63613752  0.62719247 
  0.65095093  0.63768733  0.6371844    0.64931002  0.64466155  0.61515819 
  0.61392783  0.64208178  0.64137183  0.6407196    0.63316861  0.64022195 
  0.62231072  0.61732306  0.62843        0.62694497  0.63574641  0.6413833 
  0.64903909  0.64600103  0.61769718  0.62238767  0.62115133  0.63144849]
[0.79439957  0.79809554  0.76215312  0.77871732  0.76483796  0.80394555 
  0.78228149  0.7636355    0.78413441  0.76659797  0.76121384  0.74150439 
  0.77279475  0.77799005  0.76314963  0.77157045  0.76888229  0.77039067 
  0.73130746  0.73501486  0.77010552  0.77012357  0.76753153  0.76270705 
  0.76648917  0.7549165    0.73571551  0.75105795  0.77157484  0.7599443  ]
[0.7490722    0.75260482  0.73826045  0.73962117  0.73570849  0.75675008 
  0.76250927  0.7381296    0.74802222  0.72706255  0.72380585  0.7068518 
  0.73067732  0.74276224  0.7320554    0.73225371  0.72786195  0.73190694 
  0.7117527    0.71220862  0.74571334  0.73291272  0.738801      0.72891796 
  0.72717327  0.71969664  0.69523289  0.71633896  0.72585607  0.7204361  ]
[-0.13654767  -0.13774635  -0.23110404  -0.21962399  -0.17733813  -0.12049737 
  -0.16309371  -0.17664655  -0.15707262  -0.23513907  -0.22705837  -0.18508222 
  -0.15565917  -0.18104947  -0.20055352  -0.20003624  -0.20220105  -0.20115652 
  -0.17729001  -0.1791661    -0.136625      -0.15857605  -0.17129539  -0.20664979 
  -0.23559779  -0.23842909  -0.19108179  -0.17607401  -0.15643236  -0.20730276]
increment_110
[-0.40752815  -0.41142224  -0.3782452    -0.38015834  -0.38358751  -0.41116759 
  -0.41306886  -0.38793892  -0.40131003  -0.36117033  -0.36212647  -0.32357469 
  -0.32664256  -0.3886428    -0.37701049  -0.37643636  -0.36919765  -0.37540546 
  -0.36147798  -0.33340071  -0.40473815  -0.38419405  -0.39156817  -0.37069941 
  -0.36445868  -0.35432637  -0.36364977  -0.36202977  -0.3815794    -0.36084837]
[0.56190303  0.55858303  0.59100729  0.58896276  0.58434672  0.55295391 
  0.55618824  0.58046111  0.568459      0.60590734  0.60454381  0.60853021 
  0.56978539  0.58035859  0.59081369  0.59114402  0.5972061    0.59214654 
  0.60490333  0.60044722  0.56328623  0.58264387  0.57696393  0.59648823 
  0.60286283  0.61181344  0.62953994  0.60221211  0.58968312  0.60449844]
[0.62940735  0.62165871  0.58723214  0.5956009    0.63531865  0.61729039 
  0.5790816    0.6295112    0.61606266  0.61391729  0.62697019  0.70209525 
  0.65003406  0.61611463  0.62660809  0.62663331  0.64325873  0.62720483 
  0.6929188    0.69310448  0.63776652  0.65751628  0.63069951  0.63130138 
  0.61315521  0.62889334  0.69757856  0.68886037  0.66892809  0.65853669]
[0.58411448  0.58686284  0.62374942  0.60567468  0.60337831  0.59745313 
  0.63055919  0.60828423  0.59923951  0.60161642  0.59916797  0.60513667 
  0.64566644  0.60221226  0.60418027  0.595876      0.59084415  0.59645811 
  0.60269074  0.61777178  0.60542639  0.58692607  0.60451313  0.60087923 
  0.60176585  0.60265353  0.5903168    0.58307123  0.57842832  0.58887548]
[-0.44766342  -0.44518704  -0.42760237  -0.43032131  -0.44379169  -0.44157109 
  -0.43263002  -0.44300812  -0.44150605  -0.43219671  -0.43650637  -0.46245464 
  -0.46628588  -0.43855268  -0.43955933  -0.43959546  -0.44156826  -0.43929797 
  -0.45691211  -0.46290524  -0.45062572  -0.45141389  -0.44444392  -0.43965479 
  -0.43277165  -0.43544044  -0.45438062  -0.45572882  -0.45453219  -0.44494406]
[0.62556538  0.62710055  0.65664629  0.6509787    0.63414051  0.62393801 
  0.65019897  0.63567962  0.63622094  0.64835581  0.64311981  0.60956805 
  0.61137614  0.64041914  0.63971627  0.6388535    0.63065126  0.63824684 
  0.61773134  0.61188909  0.62555471  0.62300102  0.63353501  0.6393984 
  0.64773839  0.64467838  0.61255508  0.61731634  0.61588658  0.62777642]
[0.80418014  0.80813304  0.77112096  0.78662783  0.77060596  0.81630436 
  0.79067726  0.77047177  0.7929582    0.77204953  0.76830358  0.74525701 
  0.7829502    0.78422707  0.77075178  0.77926608  0.77518867  0.77834063 
  0.7332644    0.73959864  0.77741728  0.77619758  0.77514231  0.76877981 
  0.77356052  0.75969041  0.73833363  0.75493079  0.77906748  0.76473351]
[0.7579348    0.76169902  0.7469171    0.74709481  0.74248582  0.76759998 
  0.77044265  0.74594847  0.7562438    0.73233558  0.73063083  0.7109284 
  0.73977728  0.74885085  0.73981625  0.73983718  0.73371917  0.73935892 
  0.71765489  0.71764192  0.75460052  0.73919577  0.74791862  0.73525453 
  0.73434982  0.72531264  0.69796423  0.72083139  0.7320682    0.72568303]
[-0.12937907  -0.13035704  -0.23205215  -0.21953173  -0.17517511  -0.10649201 
  -0.16122651  -0.17239997  -0.15456773  -0.23933314  -0.2272574    -0.17980743 
  -0.14713766  -0.18091748  -0.19813491  -0.19742202  -0.20101204  -0.19989123 
  -0.16998185  -0.17215519  -0.12744476  -0.15231275  -0.16417696  -0.20585597 
  -0.23573871  -0.24132248  -0.18585678  -0.17046201  -0.14843452  -0.20421843]
increment_120
[-0.41302812  -0.41747783  -0.38226085  -0.38282983  -0.38573918  -0.42142131 
  -0.41666295  -0.39154502  -0.40481697  -0.36054088  -0.36419843  -0.32147542 
  -0.33347419  -0.38981847  -0.38009537  -0.37976363  -0.37021908  -0.37798574 
  -0.36395745  -0.33362292  -0.41034161  -0.38686544  -0.39728018  -0.37234835 
  -0.36705682  -0.3543151    -0.36502894  -0.36250933  -0.38480262  -0.36167053]
[0.55716793  0.55329993  0.58796166  0.5869202    0.582781      0.54393198 
  0.55348184  0.57749496  0.56571166  0.60687722  0.60302727  0.60808004 
  0.56490994  0.57961945  0.58842073  0.58843559  0.59653403  0.59015835 
  0.60269061  0.59807678  0.55852794  0.58034892  0.57212185  0.59532752 
  0.60087175  0.61224633  0.63123106  0.60180201  0.58734832  0.60402146]
[0.61919152  0.61214296  0.5732924    0.58461612  0.62645418  0.60564656 
  0.56830377  0.61986135  0.60420563  0.60451075  0.6169248    0.70174547 
  0.63855014  0.60831246  0.61609266  0.61696838  0.63623549  0.61727309 
  0.68999651  0.69021856  0.62797865  0.65272919  0.61995718  0.62299609 
  0.60248893  0.61961564  0.69659399  0.68821032  0.66495849  0.65466908]
[0.58273853  0.58516979  0.6237155    0.60484099  0.60320507  0.59482368 
  0.62981477  0.60803357  0.59864025  0.60074875  0.59780515  0.60338217 
  0.64469072  0.60096777  0.60345696  0.59451842  0.58870094  0.59536514 
  0.6036136    0.61717574  0.60545918  0.58462599  0.6047485    0.59991486 
  0.60158491  0.60274921  0.58843741  0.58019259  0.57472594  0.58684943]
[-0.44882687  -0.44662685  -0.42764466  -0.4311022    -0.44527071  -0.44391524 
  -0.43328761  -0.44458791  -0.44204055  -0.432972      -0.43777772  -0.46707005 
  -0.46794235  -0.44006985  -0.44074627  -0.44116582  -0.44349536  -0.44031427 
  -0.46079117  -0.46731192  -0.45259672  -0.45455239  -0.44614853  -0.44130496 
  -0.43386766  -0.43654069  -0.45848853  -0.45979361  -0.4579364    -0.44798104]
[0.62257718  0.62359972  0.65660352  0.65010044  0.63244298  0.62091588 
  0.64941579  0.63392972  0.63555824  0.6474881    0.6416585    0.60384648 
  0.60942975  0.63863461  0.63834945  0.63700955  0.62830873  0.63621593 
  0.61314847  0.60650608  0.62319502  0.61905458  0.63159688  0.6375078 
  0.6465728    0.64351575  0.60737602  0.61215649  0.61047133  0.62405417]
[0.81429845  0.8184797    0.78050942  0.79476716  0.77645487  0.82925353 
  0.79908474  0.77749497  0.8017364    0.77756491  0.7758953    0.74910988 
  0.79347364  0.79032034  0.77845674  0.78732555  0.78157356  0.78640668 
  0.73484407  0.74463641  0.78486115  0.78211748  0.78306898  0.77487443 
  0.78062373  0.76428155  0.74079774  0.75833556  0.78663859  0.76913034]
[0.76715259  0.77107897  0.75590137  0.75477102  0.74938525  0.77895832 
  0.77838764  0.75381558  0.76445793  0.73768182  0.73781408  0.71509129 
  0.74907003  0.75501223  0.74760822  0.74765818  0.73967705  0.74694778 
  0.72374675  0.7235623    0.76341722  0.74563503  0.75714701  0.74180431 
  0.74194604  0.73102547  0.70074321  0.72535846  0.73848349  0.73093264]
[-0.12317115  -0.12287893  -0.23276454  -0.21959823  -0.17374424  -0.0918296 
  -0.15937571  -0.16878485  -0.15291167  -0.24385262  -0.22729789  -0.17441899 
  -0.13997128  -0.1804808    -0.1965776    -0.1945863    -0.20011893  -0.19930406 
  -0.16248972  -0.16451156  -0.11972472  -0.14591377  -0.15760069  -0.20508944 
  -0.23570336  -0.24470603  -0.18026516  -0.16478389  -0.14069998  -0.2012012  ]
