inc
Fp11
Fp12
Fp13
Fp21
Fp22
Fp23
Fp31
Fp32
Fp33
increment_0
[-0.44387894  -0.44387894  -0.44387894  -0.44387894  -0.44387894  -0.44387894 
  -0.44387894  -0.44387894]
[0.87607854  0.87607854  0.87607854  0.87607854  0.87607854  0.87607854 
  0.87607854  0.87607854]
[0.18830262  0.18830262  0.18830262  0.18830262  0.18830262  0.18830262 
  0.18830262  0.18830262]
[0.86517127  0.86517127  0.86517127  0.86517127  0.86517127  0.86517127 
  0.86517127  0.86517127]
[0.47371691  0.47371691  0.47371691  0.47371691  0.47371691  0.47371691 
  0.47371691  0.47371691]
[-0.16453256  -0.16453256  -0.16453256  -0.16453256  -0.16453256  -0.16453256 
  -0.16453256  -0.16453256]
[-0.23334558  -0.23334558  -0.23334558  -0.23334558  -0.23334558  -0.23334558 
  -0.23334558  -0.23334558]
[0.08988148  0.08988148  0.08988148  0.08988148  0.08988148  0.08988148 
  0.08988148  0.08988148]
[-0.96823094  -0.96823094  -0.96823094  -0.96823094  -0.96823094  -0.96823094 
  -0.96823094  -0.96823094]
increment_10
[-0.4437014    -0.44401845  -0.4441201    -0.44372826  -0.44647309  -0.44430983 
  -0.44428652  -0.44600114]
[0.87794485  0.87818231  0.87750395  0.87866457  0.87882531  0.87734781 
  0.87851229  0.87928401]
[0.1875185    0.18759926  0.18799307  0.1869212    0.19009473  0.18836226 
  0.18770159  0.18965368]
[0.86683861  0.86713328  0.86850611  0.86627639  0.86904517  0.86977285 
  0.86744857  0.86752445]
[0.47642646  0.4761682    0.47702544  0.47581917  0.47476545  0.47701426 
  0.47605208  0.47463388]
[-0.16266729  -0.16330126  -0.16334002  -0.16373361  -0.16658633  -0.1644465 
  -0.16379058  -0.16506353]
[-0.23236057  -0.2332039    -0.23336613  -0.23310935  -0.23737353  -0.23422143 
  -0.2339019    -0.23601168]
[0.09126336  0.0908088    0.09285974  0.08853325  0.09156929  0.0938962 
  0.09036315  0.08887459]
[-0.96440025  -0.96362372  -0.96224156  -0.96454392  -0.95879893  -0.96062093 
  -0.9627533    -0.96093709]
increment_20
[-0.44338877  -0.44427432  -0.44450799  -0.44383384  -0.45055543  -0.44495865 
  -0.44506456  -0.44869267]
[0.88062279  0.88073607  0.87922984  0.88199138  0.88242955  0.87905482 
  0.88115968  0.8832113  ]
[0.18688863  0.1870831    0.18775065  0.18560851  0.19261325  0.1885768 
  0.18751084  0.19139744]
[0.86852612  0.86963149  0.87284963  0.86751715  0.87370466  0.87530216 
  0.87076385  0.87023739]
[0.47909702  0.47899945  0.48093141  0.47821929  0.47551302  0.48073362 
  0.47875369  0.47561329]
[-0.16100989  -0.16228101  -0.16228692  -0.16419129  -0.16967147  -0.16464615 
  -0.16347201  -0.16565487]
[-0.2313383    -0.23317832  -0.23379054  -0.23352954  -0.24174701  -0.23541424 
  -0.235243      -0.23850531]
[0.09252203  0.09193325  0.09657099  0.08477759  0.0936641    0.09856887 
  0.09161309  0.08644902]
[-0.95989062  -0.95782778  -0.95460529  -0.95967601  -0.94705112  -0.95138268 
  -0.95547038  -0.95255855]
increment_30
[-0.44306569  -0.44452038  -0.44488322  -0.44385977  -0.4545918    -0.44565149 
  -0.44576321  -0.45118113]
[0.88349898  0.88342127  0.88098637  0.88560533  0.8861531    0.88091021 
  0.88385002  0.88733587]
[0.18634698  0.18688036  0.18749193  0.18399978  0.19517006  0.18875949 
  0.18720163  0.19280692]
[0.87011754  0.87211966  0.87714369  0.86842951  0.87801345  0.88060992 
  0.87398765  0.87234465]
[0.4816243    0.4817766    0.48490014  0.48042546  0.47627361  0.48443124 
  0.48154975  0.47655269]
[-0.15961191  -0.16148005  -0.16112341  -0.16500288  -0.17242403  -0.16468555 
  -0.1629428    -0.1661131  ]
[-0.23039683  -0.23283453  -0.23411353  -0.23416579  -0.24599164  -0.23674396 
  -0.23640414  -0.24104047]
[0.09349259  0.09319455  0.10024168  0.07999786  0.09553359  0.10280332 
  0.09292006  0.08362858]
[-0.95534793  -0.95197468  -0.94709848  -0.95503612  -0.93575163  -0.94235485 
  -0.94839373  -0.94484868]
increment_40
[-0.44273325  -0.44485148  -0.44526299  -0.44381761  -0.45863832  -0.44637878 
  -0.44643307  -0.4536073  ]
[0.8865328    0.88633616  0.88285354  0.8893873    0.89000552  0.88286223 
  0.88662471  0.89161017]
[0.18587352  0.18696222  0.18726121  0.18219244  0.19786482  0.18892835 
  0.1868246    0.19407328]
[0.87165084  0.87454822  0.88133226  0.86915415  0.88206173  0.88583814 
  0.87714458  0.87412565]
[0.48410735  0.48434429  0.48882097  0.48254456  0.47702877  0.48814784 
  0.48439354  0.47742519]
[-0.15843792  -0.16095701  -0.15993776  -0.166063      -0.17494599  -0.16463842 
  -0.16232        -0.16652563]
[-0.2295035    -0.23228155  -0.2343645    -0.23493309  -0.25040398  -0.2381497 
  -0.2374763    -0.24376486]
[0.09417821  0.09441415  0.1037988    0.07458457  0.09717992  0.10681206 
  0.0941204    0.08073375]
[-0.95074627  -0.94603907  -0.93971744  -0.95052273  -0.92467766  -0.9334208 
  -0.94142718  -0.93742627]
increment_50
[-0.44240299  -0.44529059  -0.44561843  -0.44373671  -0.46268717  -0.447118 
  -0.44711417  -0.45603238]
[0.8896703    0.88949243  0.88482616  0.89328315  0.89398275  0.88485975 
  0.88950274  0.8960007  ]
[0.18536609  0.18728527  0.18714297  0.18027008  0.20065766  0.18909748 
  0.18642537  0.19528481]
[0.87317257  0.87687243  0.88543857  0.86978511  0.88588835  0.89108974 
  0.88028646  0.87574796]
[0.48667452  0.4866758    0.49269462  0.48461231  0.47778337  0.49193599 
  0.48726495  0.47825053]
[-0.15745479  -0.16065132  -0.15874915  -0.16724688  -0.17726633  -0.16452986 
  -0.16168617  -0.16692461]
[-0.22868453  -0.23146734  -0.23439491  -0.23577416  -0.25495372  -0.23954478 
  -0.23855154  -0.24663417]
[0.09445176  0.09558159  0.10745234  0.06884627  0.09861995  0.11078611 
  0.09518814  0.07788897]
[-0.94606082  -0.94008456  -0.93245002  -0.94605667  -0.91380234  -0.92451881 
  -0.93445944  -0.93011138]
increment_60
[-0.44208531  -0.44585587  -0.44591344  -0.44363295  -0.46671606  -0.44785298 
  -0.44783305  -0.45844288]
[0.89286062  0.89287669  0.88687023  0.89727449  0.89807997  0.88687692 
  0.89249547  0.90047521]
[0.18479126  0.18783893  0.18721044  0.17827017  0.20351451  0.18926596 
  0.18603423  0.19643752]
[0.87472822  0.87908891  0.88949192  0.87036525  0.88952099  0.8964012 
  0.88344135  0.87731892]
[0.4894303    0.48878074  0.49654284  0.48662745  0.47854676  0.49582764 
  0.49014651  0.4790738  ]
[-0.15666896  -0.16052055  -0.15755591  -0.1684592    -0.17939942  -0.16435313 
  -0.16109004  -0.16732951]
[-0.2279489    -0.23027913  -0.23404406  -0.23665504  -0.25964482  -0.24088157 
  -0.23969026  -0.24957681]
[0.09424497  0.09676242  0.1114305    0.06297508  0.09985439  0.11480343 
  0.09611276  0.07510864]
[-0.94125678  -0.93414344  -0.92530221  -0.94160868  -0.90310933  -0.91564 
  -0.92742811  -0.92283644]
increment_70
[-0.44177949  -0.44655601  -0.44612589  -0.44352502  -0.47071159  -0.44857447 
  -0.44857537  -0.46082533]
[0.8960674    0.89647184  0.88894244  0.901352      0.90229884  0.8889024 
  0.89558912  0.90501376]
[0.18417782  0.18859117  0.18748014  0.17622496  0.20641277  0.18943078 
  0.18563913  0.19752303]
[0.87634807  0.88120285  0.89352823  0.87092461  0.8929734    0.90178356 
  0.88661207  0.87891265]
[0.49243399  0.49068659  0.50040703  0.488601      0.47932442  0.49983941 
  0.49305941  0.47993107]
[-0.15609301  -0.16052188  -0.15633799  -0.16966535  -0.18135279  -0.1640985 
  -0.1605125    -0.16775417]
[-0.22727066  -0.22863691  -0.2332505    -0.23756211  -0.26450741  -0.24213414 
  -0.24086087  -0.2525555  ]
[0.09358287  0.09798505  0.11585361  0.05703973  0.10086341  0.11889412 
  0.0969143    0.07240438]
[-0.93631304  -0.92824033  -0.91826776  -0.93714446  -0.8925818    -0.90678898 
  -0.92035345  -0.91555167]
increment_80
[-0.44147751  -0.44739336  -0.44625771  -0.44343147  -0.47466815  -0.44928516 
  -0.44930921  -0.46318995]
[0.89928879  0.90026688  0.89102415  0.90550844  0.90664412  0.89093849 
  0.89876347  0.90961103]
[0.18356002  0.18949558  0.187945      0.1741638    0.20932595  0.1895959 
  0.18520876  0.19855784]
[0.87802988  0.88322398  0.89758523  0.87148722  0.89625498  0.90724881 
  0.88978962  0.88057051]
[0.49569049  0.4924288    0.50430774  0.49055413  0.48011856  0.50397205 
  0.496042      0.48083471]
[-0.15575541  -0.16062321  -0.15510201  -0.17086216  -0.18313422  -0.1637762 
  -0.15991346  -0.16820676]
[-0.2266294    -0.22652382  -0.23203781  -0.23849177  -0.2695499    -0.24331011 
  -0.24199435  -0.25558026]
[0.09246489  0.09919615  0.12074779  0.0510518    0.10162502  0.12306532 
  0.0976069    0.06981044]
[-0.93123257  -0.92238464  -0.91130743  -0.93262747  -0.88220974  -0.89795001 
  -0.91328689  -0.90820799]
increment_90
[-0.44117627  -0.44836774  -0.44632448  -0.44335806  -0.47858622  -0.44999839 
  -0.45000386  -0.46555206]
[0.90254909  0.90425939  0.89311265  0.90973642  0.91112313  0.89299124 
  0.90200973  0.9142709  ]
[0.18296885  0.19050907  0.18858183  0.1720984    0.21222146  0.18977588 
  0.18470937  0.19956083]
[0.87975567  0.88516532  0.90169578  0.87206474  0.89936606  0.91283246 
  0.89294726  0.88230197]
[0.49916357  0.49404215  0.50824962  0.49250907  0.4809265    0.50821677 
  0.49912249  0.48177797]
[-0.15570124  -0.16080633  -0.1538694    -0.17205789  -0.1847495    -0.16342741 
  -0.15926283  -0.16868787]
[-0.22602        -0.22396537  -0.23046476  -0.23944125  -0.27473179  -0.24445215 
  -0.2430259    -0.25868164]
[0.09084741  0.10027653  0.12608186  0.04500422  0.10212286  0.12732839 
  0.09815935  0.06737108]
[-0.92602384  -0.91657178  -0.90437419  -0.92804016  -0.87200288  -0.88907046 
  -0.90628973  -0.90077815]
increment_100
[-0.44088683  -0.44946874  -0.44635292  -0.44330501  -0.48247449  -0.45072093 
  -0.45064122  -0.46791465]
[0.90588114  0.90845064  0.8952177    0.91403194  0.91574449  0.89505984 
  0.90532113  0.91900914]
[0.1824212    0.19159705  0.18935663  0.17003114  0.21507457  0.18998106 
  0.18412299  0.20052918]
[0.88151939  0.88703918  0.90589003  0.87266194  0.90230168  0.91856347 
  0.89607104  0.88406863]
[0.50279668  0.49555975  0.51222152  0.49448074  0.48173979  0.51256967 
  0.50232286  0.48273561]
[-0.15595187  -0.16105848  -0.15267804  -0.17326014  -0.18620653  -0.16308149 
  -0.15855391  -0.16918137]
[-0.22544452  -0.22102752  -0.22860886  -0.24040851  -0.2799917    -0.24558415 
  -0.24392057  -0.26188126]
[0.08869461  0.10108545  0.13178548  0.03888801  0.10234968  0.13169975 
  0.09853921  0.06510533]
[-0.92068443  -0.91079111  -0.89741728  -0.92337565  -0.86197712  -0.88011764 
  -0.89939341  -0.89328977]
increment_110
[-0.44063325  -0.4506726    -0.44638111  -0.44328503  -0.4863401    -0.45145614 
  -0.45121803  -0.47028132]
[0.90932135  0.91283766  0.89736925  0.91839614  0.9205139    0.89714993 
  0.90870073  0.92384673]
[0.18191456  0.1927345    0.19023323  0.16797865  0.21786764  0.19021817 
  0.18344651  0.20145858]
[0.88332817  0.88886307  0.91018923  0.87328868  0.90506322  0.9244422 
  0.89915193  0.88582109]
[0.50652483  0.49701821  0.51618692  0.49646979  0.48255059  0.51701853 
  0.5056485    0.48367835]
[-0.15649879  -0.16137282  -0.15158835  -0.17446702  -0.18751738  -0.16275337 
  -0.15780275  -0.16966615]
[-0.22490846  -0.21780334  -0.22655037  -0.24139601  -0.28527265  -0.24671086 
  -0.24467915  -0.26518572]
[0.08597479  0.10149811  0.13775733  0.03270647  0.10231051  0.13617537 
  0.09870399  0.06299683]
[-0.91520273  -0.90502558  -0.89038593  -0.91861744  -0.85214233  -0.87109112 
  -0.89260351  -0.88578416]
increment_120
[-0.44044361  -0.45196981  -0.44644985  -0.44332411  -0.49020454  -0.45221525 
  -0.45174227  -0.47266136]
[0.91290812  0.91741343  0.89961612  0.92283102  0.92543634  0.89928818 
  0.91216322  0.92879889]
[0.18143008  0.19390586  0.19118088  0.1659751    0.2206087    0.1905004 
  0.18268589  0.20235479]
[0.8851856    0.89066385  0.91458504  0.87396265  0.90765343  0.93044309 
  0.90218038  0.88753535]
[0.51028169  0.49844434  0.52008841  0.49846962  0.48334595  0.52152562 
  0.50908069  0.48459073]
[-0.1573197    -0.16174575  -0.15066055  -0.17567068  -0.18870061  -0.16246605 
  -0.15703297  -0.17013137]
[-0.2244241    -0.21435787  -0.2243501    -0.24240918  -0.29054548  -0.24784371 
  -0.24533236  -0.26858577]
[0.08263602  0.10145935  0.14387387  0.02647394  0.10201955  0.14071813 
  0.09862137  0.06100124]
[-0.9095724    -0.89925042  -0.88325431  -0.91373726  -0.84249075  -0.86199941 
  -0.8859113    -0.87828043]
