inc
Fp11
Fp12
Fp13
Fp21
Fp22
Fp23
Fp31
Fp32
Fp33
increment_0
[-0.36895607  -0.36895607  -0.36895607  -0.36895607  -0.36895607  -0.36895607 
  -0.36895607  -0.36895607  -0.36895607  -0.36895607  -0.36895607  -0.36895607 
  -0.36895607  -0.36895607  -0.36895607  -0.36895607  -0.36895607  -0.36895607 
  -0.36895607  -0.36895607  -0.36895607  -0.36895607  -0.36895607  -0.36895607 
  -0.36895607  -0.36895607  -0.36895607]
[0.64677413  0.64677413  0.64677413  0.64677413  0.64677413  0.64677413 
  0.64677413  0.64677413  0.64677413  0.64677413  0.64677413  0.64677413 
  0.64677413  0.64677413  0.64677413  0.64677413  0.64677413  0.64677413 
  0.64677413  0.64677413  0.64677413  0.64677413  0.64677413  0.64677413 
  0.64677413  0.64677413  0.64677413]
[-0.6674988  -0.6674988  -0.6674988  -0.6674988  -0.6674988  -0.6674988 
  -0.6674988  -0.6674988  -0.6674988  -0.6674988  -0.6674988  -0.6674988 
  -0.6674988  -0.6674988  -0.6674988  -0.6674988  -0.6674988  -0.6674988 
  -0.6674988  -0.6674988  -0.6674988  -0.6674988  -0.6674988  -0.6674988 
  -0.6674988  -0.6674988  -0.6674988]
[0.60091188  0.60091188  0.60091188  0.60091188  0.60091188  0.60091188 
  0.60091188  0.60091188  0.60091188  0.60091188  0.60091188  0.60091188 
  0.60091188  0.60091188  0.60091188  0.60091188  0.60091188  0.60091188 
  0.60091188  0.60091188  0.60091188  0.60091188  0.60091188  0.60091188 
  0.60091188  0.60091188  0.60091188]
[-0.38189153  -0.38189153  -0.38189153  -0.38189153  -0.38189153  -0.38189153 
  -0.38189153  -0.38189153  -0.38189153  -0.38189153  -0.38189153  -0.38189153 
  -0.38189153  -0.38189153  -0.38189153  -0.38189153  -0.38189153  -0.38189153 
  -0.38189153  -0.38189153  -0.38189153  -0.38189153  -0.38189153  -0.38189153 
  -0.38189153  -0.38189153  -0.38189153]
[-0.702185  -0.702185  -0.702185  -0.702185  -0.702185  -0.702185  -0.702185 
  -0.702185  -0.702185  -0.702185  -0.702185  -0.702185  -0.702185  -0.702185 
  -0.702185  -0.702185  -0.702185  -0.702185  -0.702185  -0.702185  -0.702185 
  -0.702185  -0.702185  -0.702185  -0.702185  -0.702185  -0.702185]
[-0.70906723  -0.70906723  -0.70906723  -0.70906723  -0.70906723  -0.70906723 
  -0.70906723  -0.70906723  -0.70906723  -0.70906723  -0.70906723  -0.70906723 
  -0.70906723  -0.70906723  -0.70906723  -0.70906723  -0.70906723  -0.70906723 
  -0.70906723  -0.70906723  -0.70906723  -0.70906723  -0.70906723  -0.70906723 
  -0.70906723  -0.70906723  -0.70906723]
[-0.66018338  -0.66018338  -0.66018338  -0.66018338  -0.66018338  -0.66018338 
  -0.66018338  -0.66018338  -0.66018338  -0.66018338  -0.66018338  -0.66018338 
  -0.66018338  -0.66018338  -0.66018338  -0.66018338  -0.66018338  -0.66018338 
  -0.66018338  -0.66018338  -0.66018338  -0.66018338  -0.66018338  -0.66018338 
  -0.66018338  -0.66018338  -0.66018338]
[-0.24775306  -0.24775306  -0.24775306  -0.24775306  -0.24775306  -0.24775306 
  -0.24775306  -0.24775306  -0.24775306  -0.24775306  -0.24775306  -0.24775306 
  -0.24775306  -0.24775306  -0.24775306  -0.24775306  -0.24775306  -0.24775306 
  -0.24775306  -0.24775306  -0.24775306  -0.24775306  -0.24775306  -0.24775306 
  -0.24775306  -0.24775306  -0.24775306]
increment_10
[-0.37350817  -0.37497047  -0.37627809  -0.37401146  -0.37385921  -0.37127062 
  -0.3752588    -0.37622537  -0.37448013  -0.37380759  -0.37224576  -0.37133487 
  -0.37602399  -0.37046537  -0.37319565  -0.37363511  -0.37385267  -0.37091041 
  -0.37203446  -0.37485361  -0.37559983  -0.37383264  -0.37229663  -0.37295462 
  -0.37770049  -0.37123364  -0.37215083]
[0.64462937  0.6408652    0.63953435  0.64286775  0.6428557    0.64444372 
  0.64054128  0.63950572  0.6413406    0.64198116  0.64351552  0.64443487 
  0.63980874  0.64502844  0.64256849  0.64208682  0.6420022    0.64473299 
  0.64359434  0.64090464  0.64023944  0.64189802  0.64346231  0.64278725 
  0.63868809  0.64439098  0.6451842  ]
[-0.6621056    -0.66032418  -0.65751654  -0.66148993  -0.66164242  -0.66311952 
  -0.65888604  -0.65869547  -0.66085404  -0.66102096  -0.6628538    -0.66460541 
  -0.65903164  -0.65799709  -0.66169442  -0.65925706  -0.66165993  -0.66147363 
  -0.65922248  -0.65820458  -0.65932954  -0.65897337  -0.66188356  -0.66043473 
  -0.65686062  -0.65852281  -0.66066615]
[0.59811003  0.60193999  0.60061043  0.60293239  0.6021449    0.59880343 
  0.60038295  0.60770869  0.60815785  0.59879868  0.59839538  0.60060122 
  0.60807745  0.59994031  0.60266445  0.60205095  0.60483202  0.60163206 
  0.60133582  0.60432445  0.60840511  0.603205      0.60138722  0.60506164 
  0.60503082  0.60204163  0.60316038]
[-0.38467484  -0.38454718  -0.38418522  -0.38458169  -0.38457006  -0.38417003 
  -0.38413118  -0.38457007  -0.3844953    -0.38435058  -0.38437205  -0.38454434 
  -0.38451808  -0.38285049  -0.38424767  -0.38389002  -0.38455213  -0.38374731 
  -0.38343781  -0.3839148    -0.38451112  -0.38395891  -0.38416354  -0.38407954 
  -0.38455208  -0.38334573  -0.38510765]
[-0.69846908  -0.69938827  -0.69963534  -0.69946668  -0.69939096  -0.69944764 
  -0.69966833  -0.70002043  -0.70015366  -0.69924798  -0.69917861  -0.69923956 
  -0.70011951  -0.70102329  -0.6998008    -0.70012423  -0.69971283  -0.70023423 
  -0.70053975  -0.70035429  -0.70016517  -0.70018327  -0.6997501    -0.70028218 
  -0.69978037  -0.70082188  -0.69957991]
[-0.71658146  -0.7140562    -0.71725372  -0.71210196  -0.71275125  -0.71420827 
  -0.71639226  -0.70974678  -0.70737356  -0.71634171  -0.71519489  -0.71178201 
  -0.70900761  -0.71495858  -0.71190335  -0.71379069  -0.71004461  -0.71193076 
  -0.71376278  -0.71255774  -0.70832758  -0.71285587  -0.71265683  -0.70993472 
  -0.71380674  -0.71303096  -0.71153064]
[-0.66524314  -0.66874928  -0.67018761  -0.6667797    -0.66678073  -0.66538894 
  -0.66906801  -0.67008729  -0.6682412    -0.66769306  -0.66618965  -0.66519659 
  -0.66977761  -0.66571975  -0.6670129    -0.66785923  -0.66761639  -0.66544063 
  -0.66661026  -0.66892247  -0.66942996  -0.66813052  -0.66636169  -0.66717009 
  -0.67093383  -0.66608381  -0.66436385]
[-0.23917254  -0.23778784  -0.23707209  -0.23902638  -0.23915081  -0.24302693 
  -0.23824098  -0.23681316  -0.2391612    -0.23936253  -0.2411681    -0.24199891 
  -0.23725646  -0.24847314  -0.2406516    -0.24139304  -0.23944431  -0.24524315 
  -0.24464754  -0.23998339  -0.23793293  -0.24123984  -0.24213305  -0.24219508 
  -0.2350472    -0.24680688  -0.24449514]
increment_20
[-0.37983593  -0.38178116  -0.38595473  -0.38108639  -0.38028953  -0.37424832 
  -0.38130973  -0.38494443  -0.38273124  -0.37950036  -0.37543051  -0.37420679 
  -0.38422614  -0.37094283  -0.37748873  -0.37935139  -0.3798182    -0.37265491 
  -0.37538955  -0.38201969  -0.38383415  -0.37889316  -0.37611693  -0.37804936 
  -0.38812103  -0.37221975  -0.37603529]
[0.64389906  0.63417787  0.62995098  0.63786273  0.63887871  0.64144655 
  0.63447685  0.63076536  0.63322114  0.63633392  0.64033795  0.64160831 
  0.63172991  0.64413383  0.63827683  0.63635539  0.63618758  0.64281847 
  0.64010119  0.63376364  0.63213206  0.6367915    0.63972428  0.63772658 
  0.62924264  0.64331681  0.6436929  ]
[-0.65464553  -0.65220098  -0.64366978  -0.65310236  -0.65388492  -0.65748581 
  -0.64800598  -0.64810929  -0.65073479  -0.65271653  -0.65768423  -0.66100432 
  -0.64907815  -0.644889      -0.65435181  -0.64851433  -0.65454615  -0.6526902 
  -0.6487738    -0.64580964  -0.64860479  -0.64793416  -0.65533829  -0.65086508 
  -0.6439715    -0.64817085  -0.65153707]
[0.59503828  0.60463366  0.60210252  0.60803939  0.60518161  0.59665726 
  0.60070911  0.61797584  0.62065546  0.59644447  0.5953643    0.60175082 
  0.61848201  0.59955201  0.60636515  0.60560263  0.61153351  0.60303697 
  0.60372956  0.61099353  0.61950866  0.60632791  0.60407673  0.61241466 
  0.61143069  0.60403883  0.60667388]
[-0.38783463  -0.38781174  -0.38669884  -0.38794068  -0.3879785    -0.38710389 
  -0.38649445  -0.38774191  -0.38763437  -0.3873059    -0.38743425  -0.38795224 
  -0.38762903  -0.38332878  -0.38708099  -0.38624497  -0.38786865  -0.3856254 
  -0.38529813  -0.38617564  -0.3874649    -0.38607324  -0.38711673  -0.38663217 
  -0.38764949  -0.38504152  -0.38944453]
[-0.69332978  -0.69611384  -0.69705515  -0.69638214  -0.69604017  -0.69600059 
  -0.69712276  -0.6977098    -0.69813305  -0.69574578  -0.69548319  -0.69563274 
  -0.6978915    -0.70046489  -0.697121      -0.69795616  -0.69683837  -0.69835221 
  -0.69878844  -0.69863745  -0.69819129  -0.69823972  -0.69683684  -0.69838209 
  -0.69722191  -0.6994585    -0.69635245]
[-0.72662612  -0.71817581  -0.72652829  -0.71406948  -0.71622817  -0.72027949 
  -0.72381441  -0.70849314  -0.70325597  -0.72509243  -0.72203793  -0.71358355 
  -0.70689916  -0.72148209  -0.71350828  -0.71775071  -0.70931008  -0.71526724 
  -0.71764472  -0.71481076  -0.70586293  -0.71707189  -0.71469085  -0.70925223 
  -0.71808814  -0.71623107  -0.71429195]
[-0.66964774  -0.67870185  -0.68321451  -0.67514318  -0.67412896  -0.67211164 
  -0.67893356  -0.68194253  -0.67960987  -0.67688595  -0.67295279  -0.67149852 
  -0.68102746  -0.67180335  -0.67499094  -0.67748638  -0.67674845  -0.67177241 
  -0.67444155  -0.67985792  -0.68085419  -0.67729014  -0.67379159  -0.67605767 
  -0.68348759  -0.67171563  -0.66884579]
[-0.22862197  -0.22639407  -0.22406965  -0.22755496  -0.22834636  -0.23702379 
  -0.23020596  -0.22395611  -0.22743807  -0.22978721  -0.23432121  -0.23505241 
  -0.22531589  -0.25333434  -0.23390404  -0.23432712  -0.22945995  -0.24451357 
  -0.2420248    -0.23162413  -0.22659036  -0.23570304  -0.2356677    -0.23595609 
  -0.22034752  -0.24907551  -0.24202711]
increment_30
[-0.38597973  -0.38839743  -0.39501189  -0.38842774  -0.38632142  -0.37735724 
  -0.38626893  -0.3933367    -0.39121276  -0.38450314  -0.37839596  -0.37688896 
  -0.39176418  -0.37101138  -0.3812572    -0.38451729  -0.38580959  -0.37422793 
  -0.37860886  -0.38862402  -0.39166154  -0.38352911  -0.38020119  -0.38283103 
  -0.39789024  -0.37243281  -0.37942887]
[0.64430967  0.62769356  0.62095275  0.63199533  0.63522827  0.63834866 
  0.62945904  0.62232696  0.62487915  0.63134203  0.63738713  0.6389664 
  0.62430852  0.6436311    0.6344961    0.63117025  0.63032715  0.64107039 
  0.63676544  0.62719537  0.62442813  0.63211758  0.63569868  0.63298414 
  0.6198992    0.64306055  0.64253046]
[-0.6474411    -0.6443071    -0.62932276  -0.64439445  -0.6465016    -0.65250969 
  -0.63720385  -0.63788414  -0.63998533  -0.64451778  -0.65309984  -0.65753884 
  -0.63955483  -0.63190567  -0.64701645  -0.63771223  -0.6473989    -0.64342541 
  -0.63842321  -0.63345094  -0.63739556  -0.63714398  -0.6479922    -0.64097367 
  -0.63135624  -0.6377851    -0.64240274]
[0.59222929  0.60687994  0.6045997    0.61348305  0.60813815  0.59428529 
  0.60117747  0.62821134  0.63316004  0.59403768  0.59236034  0.60301514 
  0.62764592  0.59933879  0.61025578  0.60962808  0.61757408  0.60397236 
  0.60647463  0.61789295  0.63020723  0.60822703  0.60732644  0.61984802 
  0.61744891  0.60571573  0.60984475]
[-0.39080145  -0.39105434  -0.38874854  -0.39125861  -0.39145226  -0.39028155 
  -0.38854697  -0.39082357  -0.39056999  -0.39010805  -0.39063895  -0.39139032 
  -0.39060824  -0.38375851  -0.38977817  -0.38836398  -0.39116354  -0.38734109 
  -0.38710442  -0.38818606  -0.39008613  -0.38807675  -0.38993595  -0.38897562 
  -0.39044787  -0.38664677  -0.39361662]
[-0.68712864  -0.69281264  -0.69510269  -0.69339691  -0.69265129  -0.6922725 
  -0.69494687  -0.69549453  -0.69633648  -0.69241583  -0.69164312  -0.69200712 
  -0.69566731  -0.69998847  -0.69462206  -0.69610765  -0.69391274  -0.6966119 
  -0.69714887  -0.69722378  -0.6965359    -0.69629084  -0.69414563  -0.69672584 
  -0.69493204  -0.69822272  -0.69319574]
[-0.73691565  -0.7225489    -0.73484034  -0.71596694  -0.71945055  -0.72636033 
  -0.73064687  -0.706989      -0.69951917  -0.733578      -0.72850348  -0.71512287 
  -0.70552461  -0.72769918  -0.71470147  -0.72106861  -0.70926338  -0.71926638 
  -0.72113626  -0.71661228  -0.70383575  -0.72227777  -0.71667044  -0.70850948 
  -0.72233443  -0.7194735    -0.71720468]
[-0.67325088  -0.6884313    -0.69579328  -0.68432814  -0.6811872    -0.67889253 
  -0.6880196    -0.69340474  -0.69116051  -0.68558967  -0.67952437  -0.67768429 
  -0.69165208  -0.67769384  -0.6826092    -0.68671511  -0.68590581  -0.67812888 
  -0.68220033  -0.69034397  -0.69198798  -0.68611946  -0.68160689  -0.68478427 
  -0.69591287  -0.67672553  -0.67321126]
[-0.21925289  -0.21520808  -0.21300346  -0.21586241  -0.21813775  -0.23020726 
  -0.22440144  -0.21156656  -0.2158489    -0.22152141  -0.22743903  -0.22835615 
  -0.21435543  -0.25894468  -0.22826176  -0.22860489  -0.21939458  -0.24448072 
  -0.23975347  -0.22459677  -0.21654586  -0.23082598  -0.22934696  -0.23072228 
  -0.20690709  -0.25306194  -0.24081629]
increment_40
[-0.39211243  -0.39479102  -0.40281961  -0.39590601  -0.39200262  -0.38060065 
  -0.39024        -0.40147757  -0.39948321  -0.38878162  -0.38135409  -0.37955503 
  -0.39885953  -0.37085028  -0.38480903  -0.38921432  -0.39187894  -0.37593396 
  -0.38207247  -0.3949275    -0.39905054  -0.38775216  -0.38443999  -0.38750494 
  -0.40725573  -0.37214449  -0.38252012]
[0.64580891  0.62145258  0.61316229  0.62521423  0.63172907  0.63514203 
  0.62539185  0.6140968    0.61676046  0.62704066  0.63445477  0.63633963 
  0.617333      0.64334696  0.63092151  0.62645787  0.62437315  0.63920231 
  0.63321842  0.62095458  0.61718499  0.62785501  0.63151592  0.62837693 
  0.61077583  0.64338792  0.64171265]
[-0.64031071  -0.63665657  -0.61485607  -0.63550179  -0.63949384  -0.64807524 
  -0.6263347    -0.62788899  -0.62892703  -0.63650955  -0.64884977  -0.65401624 
  -0.62979448  -0.61889503  -0.63957116  -0.62660149  -0.64014935  -0.63378352 
  -0.62781347  -0.62078414  -0.6256329    -0.6263862    -0.63993024  -0.63054056 
  -0.61853878  -0.62757131  -0.63328295]
[0.58975044  0.60887888  0.60796927  0.61913063  0.61123692  0.59163916 
  0.60215974  0.63862013  0.6454173    0.59146496  0.58946475  0.60483148 
  0.63571542  0.59921801  0.61452699  0.61418653  0.6229244    0.60474694 
  0.60965226  0.62521931  0.64079719  0.60918288  0.61104461  0.62743922 
  0.62354178  0.60710006  0.61281462]
[-0.39349552  -0.39427508  -0.39026797  -0.39449344  -0.39496796  -0.39367235 
  -0.39027582  -0.39382131  -0.3932527    -0.39277187  -0.39397479  -0.39485096 
  -0.39333693  -0.38414015  -0.39239148  -0.39020701  -0.39443036  -0.38898918 
  -0.38885873  -0.38992167  -0.39233296  -0.3899203    -0.3926009    -0.39110053 
  -0.39290382  -0.38821391  -0.39774148]
[-0.67981137  -0.68950752  -0.69383227  -0.69053506  -0.68926564  -0.68828782 
  -0.69319395  -0.69339115  -0.69478929  -0.68923198  -0.68767809  -0.68842118 
  -0.69359503  -0.69958176  -0.69227328  -0.69462498  -0.69093945  -0.69494575 
  -0.69562485  -0.69615767  -0.69527791  -0.69442186  -0.69169031  -0.69534205 
  -0.69301746  -0.69696942  -0.69002902]
[-0.74769356  -0.72695767  -0.7419134    -0.71779788  -0.72220188  -0.73253583 
  -0.73665291  -0.70514947  -0.69606943  -0.74187741  -0.73471309  -0.71613078 
  -0.70514917  -0.73384191  -0.71550687  -0.72384481  -0.70998891  -0.7237299 
  -0.72449777  -0.71805029  -0.70197517  -0.72830989  -0.71860833  -0.70783212 
  -0.72644531  -0.72273661  -0.72021933]
[-0.67611881  -0.69790575  -0.70745636  -0.69434418  -0.68813824  -0.68573258 
  -0.69645153  -0.70457745  -0.70251395  -0.69378635  -0.68609264  -0.68391277 
  -0.70194391  -0.68354178  -0.69012867  -0.69566933  -0.69513268  -0.68472475 
  -0.69022988  -0.70064809  -0.70283693  -0.69468004  -0.68969043  -0.69352479 
  -0.70814822  -0.68132046  -0.6773815  ]
[-0.21100048  -0.2042951    -0.20482166  -0.20410918  -0.20841072  -0.22265931 
  -0.22074768  -0.19956063  -0.20505555  -0.21454377  -0.22029346  -0.22175489 
  -0.20445289  -0.26505176  -0.22318727  -0.22425022  -0.20919234  -0.24450304 
  -0.23736194  -0.21866268  -0.2079889    -0.2267584    -0.2233482    -0.22628071 
  -0.19462649  -0.25811259  -0.24055411]
increment_50
[-0.39830908  -0.40075525  -0.40929869  -0.40353829  -0.39731        -0.38385825 
  -0.39314783  -0.40938174  -0.40730625  -0.39245999  -0.3845062    -0.38232942 
  -0.40543422  -0.37052232  -0.38825971  -0.39356176  -0.39804817  -0.37787499 
  -0.38598727  -0.40110469  -0.40599897  -0.39175109  -0.38869615  -0.3922636 
  -0.41635525  -0.37157318  -0.38548476]
[0.64826585  0.61568084  0.60667956  0.61785541  0.62825227  0.63193473 
  0.62236046  0.60608129  0.6091172    0.62331935  0.6313376    0.63360496 
  0.61089779  0.64321572  0.62742345  0.62211405  0.61831315  0.63712331 
  0.62926309  0.61488273  0.61042713  0.62381675  0.62732877  0.62373027 
  0.60187217  0.64410025  0.64116909]
[-0.63317636  -0.62941038  -0.60075183  -0.62640131  -0.63291161  -0.64403197 
  -0.61565441  -0.61803955  -0.61766344  -0.62890829  -0.64453449  -0.65019853 
  -0.61952198  -0.60565543  -0.63189646  -0.61509789  -0.63275103  -0.6239859 
  -0.61689099  -0.60781915  -0.61354555  -0.61550663  -0.63128285  -0.61944222 
  -0.60536184  -0.61752571  -0.62415265]
[0.58759436  0.61078748  0.61168464  0.6250658    0.61449544  0.5888852 
  0.60367392  0.64911098  0.65729443  0.58882889  0.58684036  0.6073774 
  0.64271068  0.5991739    0.61921994  0.61933722  0.62749175  0.60569039 
  0.61333821  0.63302064  0.65126129  0.60953533  0.61522511  0.63510617 
  0.62992813  0.60820514  0.6156568  ]
[-0.3959556    -0.39747596  -0.39138963  -0.3976317    -0.39849738  -0.39720763 
  -0.39173928  -0.39672013  -0.39564608  -0.39538133  -0.39738546  -0.39830105 
  -0.39570644  -0.38443687  -0.39493174  -0.39177775  -0.39766062  -0.39064188 
  -0.39058312  -0.39142848  -0.39425694  -0.3916112    -0.39510181  -0.39301409 
  -0.39501427  -0.38975105  -0.40188822]
[-0.67155527  -0.68621509  -0.69303847  -0.68781578  -0.68589844  -0.68413661 
  -0.69179853  -0.69140649  -0.6935161    -0.68611144  -0.68366639  -0.68493183 
  -0.69179767  -0.6992774    -0.69007709  -0.69350505  -0.68791718  -0.69331224 
  -0.69419807  -0.69539019  -0.69435756  -0.69266316  -0.68948786  -0.69421808 
  -0.69151238  -0.69560222  -0.68677347]
[-0.75900113  -0.73108191  -0.74803255  -0.71949892  -0.72442167  -0.73864387 
  -0.74166547  -0.70309004  -0.69288562  -0.74984904  -0.74077586  -0.71659612 
  -0.70585528  -0.74005122  -0.71601578  -0.7261204    -0.71161094  -0.7282826 
  -0.72777887  -0.71915907  -0.70020352  -0.73500096  -0.72039883  -0.70745884 
  -0.73036225  -0.72610976  -0.72338901]
[-0.67835312  -0.7069397    -0.71811535  -0.70484486  -0.69511828  -0.69255757 
  -0.70415274  -0.71548954  -0.71350336  -0.70153247  -0.6928634    -0.69031436 
  -0.71191396  -0.68942918  -0.69767394  -0.70446481  -0.7044428    -0.69159537 
  -0.69868198  -0.71091118  -0.71338117  -0.70314949  -0.69790196  -0.70243745 
  -0.72021852  -0.68569568  -0.6813887  ]
[-0.20362688  -0.19395818  -0.1992299    -0.19230146  -0.19913486  -0.21474919 
  -0.21917447  -0.18798476  -0.195465      -0.20846425  -0.21279844  -0.21519875 
  -0.19600443  -0.2716783    -0.21849579  -0.22110246  -0.19883551  -0.24426799 
  -0.23452202  -0.21348168  -0.20077542  -0.22326676  -0.21787632  -0.22235861 
  -0.18338385  -0.26384451  -0.240955    ]
increment_60
[-0.40451732  -0.4059731    -0.41445344  -0.41135828  -0.40225218  -0.3870018 
  -0.39499024  -0.41694682  -0.41449709  -0.39567778  -0.38798865  -0.38525478 
  -0.41141943  -0.37006983  -0.39163924  -0.39759857  -0.40432215  -0.3801051 
  -0.39046215  -0.40737595  -0.4126019    -0.39558212  -0.39293832  -0.39732154 
  -0.42533121  -0.370818      -0.38843374]
[0.65165486  0.61071726  0.60151633  0.61019484  0.62466972  0.62884426 
  0.62037911  0.59844768  0.60215582  0.62005033  0.62789592  0.63072101 
  0.60509223  0.64319473  0.62394466  0.61811336  0.61214824  0.63478661 
  0.6247967    0.6087694    0.60407033  0.61994654  0.62318572  0.61884335 
  0.59309325  0.64510027  0.64081052]
[-0.62610762  -0.62268526  -0.58743273  -0.61701017  -0.62668386  -0.64026593 
  -0.60538149  -0.60820338  -0.60628649  -0.62183854  -0.63981448  -0.64585233 
  -0.60861283  -0.59210504  -0.62388418  -0.60322932  -0.62514587  -0.61416182 
  -0.60571789  -0.59472751  -0.60139504  -0.60448617  -0.62211708  -0.6076137 
  -0.59178372  -0.60758378  -0.61495696]
[0.5857217    0.61270665  0.61538443  0.63138695  0.61798234  0.58618586 
  0.60561311  0.65944882  0.66876727  0.58616939  0.58470051  0.61060717 
  0.64884787  0.59920968  0.62424015  0.62496289  0.63138229  0.60709783 
  0.61757822  0.64124039  0.66152923  0.60952083  0.61987596  0.64281036 
  0.6367195    0.60906651  0.61844968]
[-0.39824425  -0.40063567  -0.39227421  -0.40066677  -0.40201245  -0.40082248 
  -0.39301242  -0.39944577  -0.39772927  -0.39799605  -0.40080626  -0.40168481 
  -0.39764718  -0.38463032  -0.39738937  -0.39309058  -0.40083802  -0.3923399 
  -0.39230534  -0.39280568  -0.39595141  -0.39315652  -0.39745239  -0.39474205 
  -0.39679836  -0.39124006  -0.40609923]
[-0.66258305  -0.68297566  -0.69250689  -0.68525592  -0.68258383  -0.67990582 
  -0.69066393  -0.6895984    -0.69253642  -0.68297572  -0.67970193  -0.68159593 
  -0.69037654  -0.69908901  -0.68805115  -0.6927133    -0.68487609  -0.6916984 
  -0.69284141  -0.69480603  -0.69366399  -0.69103346  -0.68753945  -0.69332977 
  -0.69040983  -0.69406527  -0.68341254]
[-0.77073012  -0.73463888  -0.75335065  -0.72103132  -0.72607673  -0.74451516 
  -0.74567394  -0.70099227  -0.6898668    -0.75745814  -0.74670035  -0.71669338 
  -0.70747282  -0.7463885    -0.71642194  -0.72802098  -0.71405335  -0.73259557 
  -0.73095841  -0.72002059  -0.69852353  -0.7421622    -0.72200059  -0.7075749 
  -0.73407522  -0.72965643  -0.72674709]
[-0.67992764  -0.71528735  -0.7277376    -0.71557365  -0.70225405  -0.69928733 
  -0.71109568  -0.72608204  -0.72401123  -0.70890084  -0.69998444  -0.69696014 
  -0.7215608    -0.69539967  -0.70530409  -0.71313769  -0.71384527  -0.69875377 
  -0.70761308  -0.72126464  -0.72365764  -0.71158082  -0.7061894    -0.71167951 
  -0.73221144  -0.68995926  -0.68529563]
[-0.19699769  -0.18474583  -0.1958058    -0.18045048  -0.19033812  -0.20683335 
  -0.21947414  -0.17721696  -0.18739487  -0.20294043  -0.20496378  -0.20877816 
  -0.18929573  -0.27881042  -0.21413443  -0.21905812  -0.1883725    -0.24362263 
  -0.23101233  -0.20849574  -0.19451642  -0.22027294  -0.21296702  -0.21860923 
  -0.17295855  -0.27015777  -0.24180371]
increment_70
[-0.41067452  -0.41024425  -0.41825345  -0.41932344  -0.40685764  -0.39005734 
  -0.39587179  -0.42394509  -0.42101616  -0.39849947  -0.39179158  -0.38834186 
  -0.41678195  -0.36953486  -0.3949529    -0.40136907  -0.41070793  -0.38261276 
  -0.39541459  -0.41391059  -0.41899299  -0.39921899  -0.39721362  -0.40284738 
  -0.43430689  -0.36993865  -0.39142785]
[0.65610918  0.60682429  0.59770966  0.60237366  0.62094484  0.62584193 
  0.61935473  0.59148483  0.59593551  0.61717282  0.62413632  0.62768162 
  0.59996528  0.64324794  0.62043145  0.61442302  0.60587556  0.63220576 
  0.61990009  0.60244212  0.59798351  0.61626965  0.61905841  0.61355383 
  0.58433677  0.64633317  0.64051905]
[-0.6191834    -0.6164552    -0.57513262  -0.60722199  -0.62059135  -0.63663975 
  -0.59556909  -0.59828494  -0.59487275  -0.61530478  -0.63459017  -0.64082176 
  -0.59716877  -0.57835567  -0.61551602  -0.59118172  -0.61725926  -0.60429878 
  -0.59439861  -0.58161556  -0.58928949  -0.59338252  -0.61248308  -0.59513146 
  -0.57787398  -0.59767645  -0.60558356]
[0.58407294  0.61468747  0.61897451  0.63814283  0.62190409  0.58362931 
  0.60784873  0.6694174    0.67995625  0.58348036  0.58309326  0.61437837 
  0.65452638  0.59933132  0.6294207    0.63082852  0.63491876  0.60907287 
  0.62232304  0.64976897  0.67159399  0.60933268  0.62492331  0.6506247 
  0.64390647  0.60978307  0.62130055]
[-0.40043098  -0.40374716  -0.39303444  -0.40355697  -0.40546818  -0.40448861 
  -0.39415767  -0.40189971  -0.39952794  -0.40063838  -0.4041962    -0.40495334 
  -0.39917008  -0.38474608  -0.39978147  -0.39420767  -0.40393844  -0.39407242 
  -0.39402219  -0.39411578  -0.39748496  -0.39456535  -0.39969648  -0.39633131 
  -0.39830068  -0.39268399  -0.41041305]
[-0.65310683  -0.67982183  -0.69210447  -0.68290661  -0.67940553  -0.67563551 
  -0.68970634  -0.6880537    -0.69183481  -0.67978915  -0.67583504  -0.67845229 
  -0.68936279  -0.69898745  -0.68618816  -0.69215369  -0.68187993  -0.69012401 
  -0.69155087  -0.69432688  -0.6931212    -0.6895441    -0.68581446  -0.69263768 
  -0.68965727  -0.69232691  -0.68001933]
[-0.78276332  -0.73751614  -0.75781274  -0.72238429  -0.72708059  -0.75013816 
  -0.74880609  -0.69896583  -0.68684233  -0.7647356    -0.7524866    -0.71664573 
  -0.70956224  -0.75281924  -0.71696237  -0.72971408  -0.71703408  -0.73656375 
  -0.73399827  -0.72077798  -0.69695912  -0.74957116  -0.7234995    -0.70816983 
  -0.73762447  -0.73336406  -0.73029695]
[-0.6806547    -0.72278004  -0.73629863  -0.72643314  -0.70959764  -0.70596522 
  -0.71735261  -0.73622085  -0.73403593  -0.71594026  -0.70745895  -0.70388462 
  -0.73087349  -0.70145575  -0.71305363  -0.72169549  -0.72335602  -0.7061893 
  -0.71693477  -0.73179873  -0.73375326  -0.71995228  -0.71455561  -0.72135168 
  -0.74419726  -0.69416473  -0.68919538]
[-0.19098299  -0.17711829  -0.19433801  -0.16873295  -0.18215535  -0.19896692 
  -0.22134963  -0.16784935  -0.1808769    -0.19784035  -0.19689726  -0.2025868 
  -0.18437301  -0.2863008    -0.20998027  -0.2178702    -0.17788831  -0.24262452 
  -0.22692943  -0.20329256  -0.188857      -0.21779654  -0.20849876  -0.21468451 
  -0.16307276  -0.27703339  -0.24290004]
increment_80
[-0.41667193  -0.41360646  -0.42074295  -0.42743803  -0.41104219  -0.39306926 
  -0.39596615  -0.43028982  -0.42698438  -0.40098625  -0.39586101  -0.39155322 
  -0.42157297  -0.36901081  -0.39812332  -0.40488914  -0.41719893  -0.38530742 
  -0.40060065  -0.42073606  -0.42523657  -0.40271994  -0.40145892  -0.40891721 
  -0.44323479  -0.3689004    -0.39449964]
[0.66177304  0.60404127  0.59522059  0.59441264  0.61728453  0.62288353 
  0.61912481  0.58529502  0.59033935  0.61462869  0.62011222  0.62453096 
  0.59547165  0.64329282  0.61691079  0.61103299  0.59950507  0.62946854 
  0.61481134  0.59585457  0.59210505  0.61273216  0.61501845  0.60778577 
  0.57565905  0.64785265  0.64022628]
[-0.61252827  -0.61068886  -0.5639217    -0.59685686  -0.61436954  -0.63307515 
  -0.58618487  -0.58831757  -0.58352612  -0.60929529  -0.62891302  -0.63509829 
  -0.58543666  -0.56457551  -0.60686001  -0.57922243  -0.60905189  -0.59425759 
  -0.58305224  -0.56855274  -0.57721325  -0.58234934  -0.60239546  -0.5821456 
  -0.56377582  -0.58772186  -0.59603052]
[0.58260134  0.61686892  0.6225651    0.64535241  0.62646716  0.58122164 
  0.61034067  0.67895491  0.69103094  0.58072613  0.58198616  0.61861616 
  0.66005236  0.59952818  0.63456838  0.63687555  0.63837643  0.61155691 
  0.62746713  0.65859479  0.68141402  0.60908139  0.63036821  0.65869377 
  0.65132688  0.6104945    0.62426342]
[-0.40256979  -0.40685903  -0.39375144  -0.40623261  -0.40877989  -0.40820242 
  -0.39523156  -0.40406724  -0.40112485  -0.40334432  -0.40754655  -0.40807976 
  -0.40036254  -0.38483285  -0.40213376  -0.39521785  -0.40694022  -0.3957728 
  -0.39570195  -0.39537868  -0.39887999  -0.39590166  -0.40185058  -0.39784524 
  -0.39955399  -0.39410443  -0.4148381  ]
[-0.64327042  -0.67674951  -0.69175208  -0.68084669  -0.67649293  -0.67133012 
  -0.68885961  -0.68677946  -0.69134035  -0.67654375  -0.67207217  -0.6755232 
  -0.68869192  -0.69892291  -0.68447478  -0.69172407  -0.67898459  -0.68864907 
  -0.69034644  -0.69393405  -0.69269987  -0.68814028  -0.68433003  -0.69210522 
  -0.68919936  -0.69046786  -0.6766535  ]
[-0.79495731  -0.73958002  -0.76126045  -0.72363582  -0.72732778  -0.75556371 
  -0.75117058  -0.69702945  -0.68365844  -0.77172177  -0.75812351  -0.71652022 
  -0.71174114  -0.75932025  -0.71782208  -0.73113376  -0.72029813  -0.74027023 
  -0.73683272  -0.72143838  -0.69559109  -0.7570703    -0.72487579  -0.70908604 
  -0.74109094  -0.73706712  -0.73399555]
[-0.68034954  -0.72939968  -0.7438471    -0.73744036  -0.71702075  -0.71264262 
  -0.72305638  -0.74587067  -0.74367914  -0.7226959    -0.71523571  -0.71106055 
  -0.73987061  -0.70762171  -0.72088583  -0.7301111    -0.73297574  -0.71385741 
  -0.72644685  -0.74250952  -0.74373215  -0.72828276  -0.72293565  -0.73146844 
  -0.75612699  -0.69825505  -0.69315205]
[-0.18556178  -0.17114691  -0.19461537  -0.15730066  -0.17498032  -0.19111281 
  -0.22445125  -0.16003515  -0.17558263  -0.19300943  -0.18867351  -0.19671999 
  -0.18097333  -0.29387603  -0.20599542  -0.21728939  -0.16746715  -0.24155733 
  -0.22264257  -0.19775236  -0.18366506  -0.21561752  -0.20458953  -0.21035752 
  -0.1536968    -0.28458535  -0.24405981]
increment_90
[-0.4224016    -0.41620797  -0.42208545  -0.43577067  -0.41461105  -0.39603291 
  -0.39544019  -0.43603223  -0.43254061  -0.4032479    -0.40016298  -0.39480741 
  -0.42589474  -0.36855442  -0.40106626  -0.40817878  -0.4237348    -0.38803122 
  -0.4057957    -0.42772947  -0.43136385  -0.40616687  -0.40555499  -0.41544241 
  -0.45201496  -0.36766255  -0.39766528]
[0.66876617  0.60223493  0.59389319  0.58625965  0.61405273  0.61997344 
  0.61953222  0.57982422  0.58521333  0.61231241  0.61585797  0.62135723 
  0.59150686  0.64327787  0.61346301  0.60792548  0.59309996  0.62673011 
  0.60975152  0.58909286  0.58640699  0.60925784  0.61118228  0.601626 
  0.56716388  0.64971679  0.63987213]
[-0.6062577    -0.60535444  -0.5538132    -0.58569974  -0.60775287  -0.62957202 
  -0.57715362  -0.57832929  -0.57235917  -0.60375269  -0.6228242    -0.62881115 
  -0.57366938  -0.55082207  -0.59800441  -0.5675284    -0.60055177  -0.5839304 
  -0.57178468  -0.55564758  -0.56511628  -0.5715777    -0.5918499    -0.56885585 
  -0.54965432  -0.57769415  -0.58624093]
[0.58124808  0.61944615  0.62635697  0.65301709  0.63182142  0.57890299 
  0.61315189  0.68798059  0.70210184  0.57786305  0.58140094  0.62325664 
  0.66552373  0.59977858  0.63960059  0.64315471  0.64181146  0.61449702 
  0.63296127  0.66778278  0.6908793    0.608811      0.6361726    0.66704975 
  0.65880352  0.61125987  0.62734425]
[-0.40471873  -0.41000845  -0.39450829  -0.40861833  -0.41182847  -0.4119699 
  -0.39627792  -0.40597783  -0.40260398  -0.40615748  -0.41085244  -0.4110661 
  -0.40133683  -0.38492066  -0.40445673  -0.39618676  -0.40982765  -0.39736404 
  -0.397321      -0.39660373  -0.40013615  -0.39725257  -0.40390323  -0.39936759 
  -0.4005915    -0.39551061  -0.41936607]
[-0.63322739  -0.67377135  -0.69137842  -0.67915895  -0.67400691  -0.66697642 
  -0.68808271  -0.68573045  -0.69097827  -0.67322366  -0.66842154  -0.67280024 
  -0.68825015  -0.6988656    -0.68291206  -0.69136049  -0.67621457  -0.68734374 
  -0.68924553  -0.6936326    -0.69238858  -0.68673754  -0.68312458  -0.6917073 
  -0.68898046  -0.68862032  -0.67334549]
[-0.80715478  -0.7406408    -0.76351419  -0.72493041  -0.72673116  -0.76084972 
  -0.75279242  -0.69529983  -0.68023265  -0.77850483  -0.76355922  -0.71628875 
  -0.71384515  -0.7659157    -0.71901238  -0.73214479  -0.7237562    -0.74374977 
  -0.73935339  -0.72186158  -0.69457084  -0.76454979  -0.72613245  -0.71018681 
  -0.7445353    -0.74058562  -0.73790035]
[-0.67884314  -0.73527576  -0.75050592  -0.74867362  -0.7242952    -0.71932343 
  -0.72834458  -0.75509634  -0.75303516  -0.72925996  -0.72328112  -0.71840779 
  -0.74859608  -0.71393383  -0.72873211  -0.7383698    -0.74265993  -0.72166171 
  -0.73597256  -0.75329657  -0.75363816  -0.73659734  -0.73124547  -0.74188701 
  -0.76791668  -0.70217468  -0.69722745]
[-0.18069603  -0.16666806  -0.19627631  -0.14621519  -0.16942137  -0.1832656 
  -0.22849211  -0.15362001  -0.17112239  -0.18822815  -0.1803399    -0.19125707 
  -0.17869431  -0.30139566  -0.20224319  -0.21713525  -0.15722362  -0.24080279 
  -0.21848526  -0.19197464  -0.17889819  -0.21343805  -0.20146703  -0.2056474 
  -0.14487504  -0.29283016  -0.24522546]
increment_100
[-0.42776208  -0.41830959  -0.42259354  -0.4442762    -0.41744828  -0.39894393 
  -0.3944473    -0.44123899  -0.43772748  -0.40548952  -0.40462973  -0.39802888 
  -0.42987075  -0.36817962  -0.40373903  -0.41129557  -0.43021418  -0.3906323 
  -0.41091963  -0.4346859    -0.43739582  -0.40957209  -0.40947324  -0.42223658 
  -0.46065888  -0.36627772  -0.40088709]
[0.67716334  0.60114011  0.59342467  0.57797889  0.61149324  0.61711609 
  0.62043231  0.5750012    0.58048469  0.61002497  0.61144016  0.61824107 
  0.58794314  0.64318874  0.61016965  0.60504477  0.58676402  0.62414369 
  0.6048011    0.58231611  0.5808662    0.60583629  0.60757418  0.59526218 
  0.5588404    0.65189026  0.63942383]
[-0.60047157  -0.60029587  -0.54477115  -0.57361459  -0.60058339  -0.62613425 
  -0.56830545  -0.5682957    -0.56144166  -0.59851369  -0.61635519  -0.62216694 
  -0.56199878  -0.53705921  -0.5890227    -0.55609972  -0.5918487    -0.57333593 
  -0.5606409    -0.54298182  -0.5529947    -0.56115208  -0.58089616  -0.55543803 
  -0.53560736  -0.56761389  -0.57615064]
[0.57994683  0.62256135  0.63053928  0.6610498    0.63804916  0.57660951 
  0.61637777  0.69634264  0.71330002  0.57487785  0.5813629    0.62818213 
  0.67093464  0.60005145  0.64453608  0.64966864  0.64518734  0.61790261 
  0.63876485  0.67740548  0.69990882  0.6086034    0.64219176  0.67566337 
  0.66624799  0.61207418  0.63056861]
[-0.40693209  -0.41320592  -0.39541331  -0.41062384  -0.41454358  -0.41579566 
  -0.39730239  -0.40764841  -0.40401381  -0.40909876  -0.41409523  -0.41394411 
  -0.40217622  -0.38501305  -0.40674655  -0.39713855  -0.41259747  -0.39881018 
  -0.39887616  -0.39779778  -0.40125537  -0.39865975  -0.40584774  -0.40099845 
  -0.40145913  -0.39690908  -0.42398789]
[-0.62316283  -0.67091065  -0.6908933    -0.67793106  -0.67204852  -0.66256222 
  -0.68737663  -0.68486893  -0.690723      -0.66979616  -0.66490668  -0.6702363 
  -0.68794537  -0.69881109  -0.68151045  -0.69103846  -0.67357028  -0.68624236 
  -0.6882457    -0.69343511  -0.69217789  -0.68530356  -0.68218633  -0.6914383 
  -0.68894139  -0.68683992  -0.67017392]
[-0.81917305  -0.74068095  -0.76449306  -0.72642155  -0.72525193  -0.7660563 
  -0.75370969  -0.69399433  -0.67645119  -0.78526046  -0.76873152  -0.71594176 
  -0.71587366  -0.77266708  -0.72042285  -0.73276274  -0.72736584  -0.74691552 
  -0.74153865  -0.72188881  -0.69399921  -0.77188021  -0.72738613  -0.71137245 
  -0.74800431  -0.743853      -0.74201164]
[-0.67599101  -0.74065139  -0.75649831  -0.76012786  -0.73127744  -0.72600835 
  -0.73336037  -0.76397636  -0.7621359    -0.73581476  -0.73154025  -0.72583967 
  -0.75712142  -0.72042437  -0.73653247  -0.74651509  -0.75233199  -0.72949089 
  -0.74545045  -0.76403753  -0.76349047  -0.7448915    -0.73947843  -0.75237554 
  -0.77956747  -0.70595794  -0.70145596]
[-0.17632395  -0.163321      -0.19873816  -0.13570293  -0.16584773  -0.17541876 
  -0.23330026  -0.14844727  -0.16730434  -0.18321671  -0.17201701  -0.18619318 
  -0.17717484  -0.3088567    -0.19881501  -0.21728649  -0.14729083  -0.2406329 
  -0.21456347  -0.18618214  -0.17450599  -0.21116917  -0.19913332  -0.20074511 
  -0.13649238  -0.3016039    -0.24642419]
increment_110
[-0.4327003    -0.42019951  -0.4225865    -0.45275792  -0.41960491  -0.40181858 
  -0.3931497    -0.44595283  -0.44250044  -0.40783373  -0.40913278  -0.40116982 
  -0.43362513  -0.36790241  -0.406139      -0.41428902  -0.43653989  -0.39307418 
  -0.41592824  -0.44139041  -0.44329872  -0.41291675  -0.41320521  -0.42913804 
  -0.46920218  -0.36483456  -0.40405817]
[0.68697186  0.60052295  0.59350392  0.56978612  0.60962689  0.61429574 
  0.62167311  0.57078096  0.57614912  0.60764434  0.60698436  0.61523492 
  0.58465407  0.64300952  0.60709143  0.60234283  0.58059642  0.62175194 
  0.60000631  0.57569991  0.57550956  0.60248611  0.60420117  0.58886176 
  0.55065162  0.65430919  0.63889286]
[-0.59521065  -0.59526382  -0.53667041  -0.56069954  -0.59284117  -0.62274139 
  -0.5594708    -0.55818775  -0.55077955  -0.59338546  -0.60954391  -0.61528779 
  -0.550425      -0.52328478  -0.5799715    -0.54486854  -0.58305209  -0.56254527 
  -0.54960848  -0.53060514  -0.54089185  -0.55104547  -0.56961126  -0.54200499 
  -0.52168427  -0.55748558  -0.56574212]
[0.57866116  0.62619018  0.63522062  0.66928655  0.64510296  0.57431121 
  0.62011584  0.70397575  0.72471019  0.57182537  0.5818351    0.63332931 
  0.67626148  0.60033371  0.64939919  0.65637363  0.64849841  0.62180465 
  0.64477945  0.68749029  0.70846433  0.60855791  0.64828864  0.68454102 
  0.6735956    0.6129461    0.63395851]
[-0.40923348  -0.41647434  -0.39654614  -0.41219545  -0.41694848  -0.41967943 
  -0.3983024    -0.40908692  -0.40538092  -0.41214295  -0.41724282  -0.4167334 
  -0.40292316  -0.38510968  -0.40899598  -0.39807402  -0.41525817  -0.40012454 
  -0.4003574    -0.39896344  -0.40224484  -0.40012168  -0.40766915  -0.40280788 
  -0.40220015  -0.39832614  -0.42866557]
[-0.613225      -0.66816547  -0.69023542  -0.67720024  -0.6706047    -0.65808448 
  -0.68674987  -0.68417834  -0.69058467  -0.66627853  -0.66155893  -0.66780332 
  -0.68772854  -0.69876103  -0.68027171  -0.69075418  -0.67104283  -0.68533273 
  -0.68734595  -0.69335794  -0.69205893  -0.6838511    -0.68148754  -0.69130378 
  -0.68903439  -0.68513374  -0.66725388]
[-0.83087571  -0.73993863  -0.76425733  -0.72816687  -0.72297625  -0.7712303 
  -0.75396643  -0.69323039  -0.67226141  -0.79208891  -0.77361747  -0.71546562 
  -0.71790551  -0.77960324  -0.72194273  -0.73308186  -0.73104633  -0.74968382 
  -0.74347012  -0.72141634  -0.69389088  -0.77895949  -0.72873259  -0.71253959 
  -0.75155466  -0.74685425  -0.74624426]
[-0.67171461  -0.74572441  -0.76206604  -0.7716692    -0.73795975  -0.73271332 
  -0.73824754  -0.77256904  -0.77098234  -0.74248479  -0.73992151  -0.73330593 
  -0.76554018  -0.72710788  -0.74424928  -0.75459859  -0.76191943  -0.73730785 
  -0.75485789  -0.77461925  -0.77326698  -0.75316087  -0.74764918  -0.76275359 
  -0.79109938  -0.70965425  -0.70585205]
[-0.17239196  -0.16077265  -0.20148488  -0.12609897  -0.16418103  -0.16755055 
  -0.23870966  -0.14442426  -0.16408939  -0.17789512  -0.16392642  -0.18153135 
  -0.17615794  -0.31624163  -0.19577895  -0.21768609  -0.1377764    -0.24106512 
  -0.21095166  -0.18062362  -0.17049804  -0.20886184  -0.1975366    -0.1958427 
  -0.12842307  -0.31073603  -0.24775225]
increment_120
[-0.4372972    -0.42213682  -0.42227383  -0.46097707  -0.42123168  -0.40468476 
  -0.39174333  -0.45022191  -0.44675147  -0.4102626    -0.41355094  -0.40418141 
  -0.43727869  -0.36772975  -0.40831466  -0.41716734  -0.44261537  -0.39544525 
  -0.42077519  -0.44767416  -0.44899129  -0.41615807  -0.4167033    -0.43607399 
  -0.47762924  -0.36334224  -0.40705013]
[0.69805574  0.60023947  0.59392827  0.56192948  0.60834715  0.61148509 
  0.62307122  0.56711619  0.57225229  0.60518274  0.60260935  0.61239713 
  0.58151799  0.64273229  0.60424284  0.59981091  0.57469716  0.61947504 
  0.59541662  0.56940802  0.57040766  0.59924846  0.60111365  0.58250636 
  0.54261169  0.65693102  0.63833134]
[-0.59037097  -0.58998012  -0.52924303  -0.54730756  -0.58455237  -0.61935947 
  -0.55058634  -0.54795944  -0.54031045  -0.58821893  -0.60236779  -0.60811381 
  -0.53887943  -0.50951163  -0.57087075  -0.53378734  -0.57423959  -0.55160326 
  -0.5386583    -0.51854041  -0.52887625  -0.54115584  -0.55814066  -0.52858623 
  -0.50793203  -0.54727457  -0.55500431]
[0.57740307  0.63010171  0.64047783  0.67751715  0.65280053  0.57197267 
  0.62454364  0.7109327    0.73619974  0.56883803  0.58278144  0.63874414 
  0.68147523  0.60064768  0.65422034  0.66319777  0.65174478  0.62624514 
  0.65091023  0.6979797    0.71653465  0.60871304  0.65436121  0.69366377 
  0.68075702  0.6138605    0.63750778]
[-0.41160663  -0.4198623    -0.39788928  -0.41337335  -0.419137      -0.42361834 
  -0.39930615  -0.41029419  -0.40671205  -0.41523788  -0.42024714  -0.41939623 
  -0.40359205  -0.38521467  -0.41119459  -0.39898629  -0.41780971  -0.40134362 
  -0.40174965  -0.40009589  -0.4031156    -0.4016022    -0.40935852  -0.40480929 
  -0.40284652  -0.39974824  -0.43334958]
[-0.60349126  -0.66550383  -0.68943594  -0.67689535  -0.66959196  -0.65354233 
  -0.68618775  -0.68366316  -0.6905978    -0.66273279  -0.65842728  -0.66554667 
  -0.68758024  -0.69871868  -0.67918674  -0.69051132  -0.66863328  -0.68458177 
  -0.68655079  -0.69341537  -0.69202434  -0.68241934  -0.68098794  -0.69130868 
  -0.68922646  -0.6835367    -0.66467177]
[-0.84228296  -0.73887888  -0.76294279  -0.73012326  -0.72014335  -0.7764356 
  -0.75349167  -0.6930127    -0.66785386  -0.79893905  -0.7782337    -0.71482252 
  -0.72005877  -0.78670526  -0.72349374  -0.73319875  -0.73472783  -0.75202931 
  -0.74523475  -0.72042453  -0.69420289  -0.7857816    -0.73017336  -0.71367197 
  -0.7552498    -0.74961895  -0.75053645]
[-0.66609028  -0.75059499  -0.7673987    -0.78310446  -0.74439711  -0.73946328 
  -0.74314788  -0.78093335  -0.77955822  -0.749292      -0.74835748  -0.7407878 
  -0.773953      -0.73399053  -0.75188629  -0.76263689  -0.77135914  -0.74516611 
  -0.76417714  -0.784951      -0.78291632  -0.76140108  -0.75573001  -0.77295955 
  -0.80249472  -0.71331431  -0.7104017  ]
[-0.16879809  -0.15882274  -0.20433091  -0.1175964    -0.1640907    -0.15962762 
  -0.2444435    -0.14148131  -0.16153151  -0.17241524  -0.15631386  -0.17743055 
  -0.17545653  -0.3235344    -0.19315269  -0.21833506  -0.12880818  -0.24191736 
  -0.20773914  -0.17552532  -0.16693887  -0.20666015  -0.19665422  -0.19104242 
  -0.1206351    -0.32014292  -0.24937751]
