inc
sigma_11
sigma_12
sigma_13
sigma_21
sigma_22
sigma_23
sigma_31
sigma_32
sigma_33
increment_0
-4.189359841221966e-05
-6.944103076302546e-06
9.697500789851721e-07
-6.944103076302546e-06
-5.1696601761957085e-05
-4.682084810090427e-07
9.697500789851721e-07
-4.682084810090427e-07
-4.53691993684941e-05
increment_10
119571644.38889062
17824653.78748936
-10350391.201159934
17824653.78748936
42255966.50512448
2690405.898227441
-10350391.201159934
2690405.898227441
2172201.9764490677
increment_20
122652234.8036785
19948199.082709387
-10305572.324824052
19948199.082709387
45138461.137684524
1683695.1905076734
-10305572.324824052
1683695.1905076734
3974467.0622988646
increment_30
124444230.2421443
20775681.140767585
-10636470.219305934
20775681.140767585
46471490.89518279
1250831.5139135986
-10636470.219305934
1250831.5139135986
4347686.975365703
increment_40
125734373.45379569
21174252.16726465
-11037942.467744129
21174252.16726465
47165655.79598656
1049183.364779384
-11037942.467744129
1049183.364779384
4228662.731349403
increment_50
126728406.75889099
21281193.20336879
-11441723.459088063
21281193.20336879
47455243.17959831
1008281.4838269135
-11441723.459088063
1008281.4838269135
3858868.0640599076
increment_60
127548619.2796311
21164387.091962676
-11828847.32284619
21164387.091962676
47472728.202626236
1103266.3945155411
-11828847.32284619
1103266.3945155411
3399699.1337537575
increment_70
128226200.02863835
20882676.39538751
-12206640.006443242
20882676.39538751
47281155.01246909
1290880.158960316
-12206640.006443242
1290880.158960316
2932949.121223286
increment_80
128822295.61081843
20465618.488922376
-12577927.12957728
20465618.488922376
46980005.82330986
1535651.50240532
-12577927.12957728
1535651.50240532
2487939.3697347995
increment_90
129359073.82914329
19960140.369919565
-12928932.439786486
19960140.369919565
46568757.4939897
1848992.4789874747
-12928932.439786486
1848992.4789874747
2075850.5390599046
increment_100
129887881.17768055
19444613.27249311
-13232699.978954628
19444613.27249311
46117709.17509373
2183161.6264469526
-13232699.978954628
2183161.6264469526
1756034.398004941
increment_110
130399349.15225916
18988743.295564976
-13472593.924271835
18988743.295564976
45637959.20866547
2491113.059939137
-13472593.924271835
2491113.059939137
1506647.3456228133
increment_120
130886236.87243204
18640859.974576313
-13656896.090861103
18640859.974576313
45122032.7641421
2749057.1738548656
-13656896.090861103
2749057.1738548656
1318601.16185471
