inc
sigma_11
sigma_12
sigma_13
sigma_21
sigma_22
sigma_23
sigma_31
sigma_32
sigma_33
increment_0
-2.3157866613750215e-05
6.713683320687644e-06
-4.696197382608651e-06
6.713683320687644e-06
-2.6843781800347652e-05
4.8498812350992584e-06
-4.696197382608651e-06
4.8498812350992584e-06
-2.5794387700086222e-05
increment_10
95749735.20068255
15941415.245901769
4719758.8747201115
15941415.245901769
-12836898.223211579
6540683.129416914
4719758.8747201115
6540683.129416914
-15615816.327045755
increment_20
96944526.68956496
16649394.439765394
5132593.465348553
16649394.439765394
-13452301.621857364
5653233.25846814
5132593.465348553
5653233.25846814
-16039695.93180715
increment_30
98333372.20852318
16786508.268229567
5158760.846196395
16786508.268229567
-13722686.74377342
5473459.344786856
5158760.846196395
5473459.344786856
-16429232.830042845
increment_40
99722424.12669654
16836833.602569506
5185335.116141512
16836833.602569506
-13985219.714413017
5365918.422767616
5185335.116141512
5365918.422767616
-16712986.100248897
increment_50
101047899.83128192
16847767.884782292
5278334.974772074
16847767.884782292
-14327977.95311517
5246104.619687801
5278334.974772074
5246104.619687801
-16888361.64568703
increment_60
102303864.08469315
16828933.602744002
5444115.53026232
16828933.602744002
-14750628.061910646
5090519.701180777
5444115.53026232
5090519.701180777
-16958362.32190711
increment_70
103501128.36862993
16783194.437265575
5635381.179301587
16783194.437265575
-15214744.27864974
4915030.0470296135
5635381.179301587
4915030.0470296135
-16975788.507470258
increment_80
104694829.7541733
16705464.5055202
5798398.106331783
16705464.5055202
-15642501.400540637
4765558.775963864
5798398.106331783
4765558.775963864
-16965329.432731893
increment_90
105876114.9406947
16602263.35868442
5912516.087595976
16602263.35868442
-16027508.50077126
4649787.0318397945
5912516.087595976
4649787.0318397945
-16942767.117310066
increment_100
107064501.29258615
16477893.491130596
5990718.72655313
16477893.491130596
-16352833.47375537
4560936.483772471
5990718.72655313
4560936.483772471
-16894942.027995136
increment_110
108243286.72542149
16338142.798118502
6050079.217276137
16338142.798118502
-16639152.648199953
4480670.086414013
6050079.217276137
4480670.086414013
-16819538.652713556
increment_120
109376493.45138015
16193834.782695336
6105134.412927401
16193834.782695336
-16929120.131232902
4392818.492856887
6105134.412927401
4392818.492856887
-16734788.724377578
