inc
sigma_11
sigma_12
sigma_13
sigma_21
sigma_22
sigma_23
sigma_31
sigma_32
sigma_33
increment_0
6.463220163702206e-05
1.2030542644628352e-05
1.578962536653389e-05
1.2030542644628352e-05
6.969035712767612e-05
-3.1316056973091205e-06
1.578962536653389e-05
-3.1316056973091205e-06
6.780020420645918e-05
increment_10
108581001.46747787
-1505354.1009931362
645781.453859528
-1505354.1009931362
-10640811.279727673
-5815515.171765261
645781.453859528
-5815515.171765261
-2915011.823075888
increment_20
113005389.80113162
-3834732.241559969
-1000442.4996679062
-3834732.241559969
-9812053.956935648
-4411798.864672071
-1000442.4996679062
-4411798.864672071
-1345533.5222595853
increment_30
115426578.5551597
-4490458.634717549
-1615838.0478436213
-4490458.634717549
-9874996.186518012
-3566259.241080619
-1615838.0478436213
-3566259.241080619
-592062.6307246707
increment_40
117359948.63719587
-4781685.095525355
-2020551.8534320786
-4781685.095525355
-10133337.836440068
-2939347.7393617253
-2020551.8534320786
-2939347.7393617253
-102423.06096831623
increment_50
119011410.50666778
-4943249.285313641
-2314310.314301916
-4943249.285313641
-10524268.492256964
-2428616.780008777
-2314310.314301916
-2428616.780008777
269249.8215845569
increment_60
120473064.96955176
-5020370.964726274
-2520622.115208416
-5020370.964726274
-10982259.314964607
-2023259.4642604748
-2520622.115208416
-2023259.4642604748
561022.0494735268
increment_70
121767932.99986814
-5041926.069689549
-2670148.087426157
-5041926.069689549
-11496172.623321163
-1677550.5722752062
-2670148.087426157
-1677550.5722752062
778232.3722089283
increment_80
122907189.72394283
-5040343.684274652
-2779467.954151728
-5040343.684274652
-12071414.483027369
-1346972.9447261065
-2779467.954151728
-1346972.9447261065
923287.4040470826
increment_90
123914496.85372777
-5024678.466084709
-2846943.593231438
-5024678.466084709
-12690912.212554315
-1035535.5736524527
-2846943.593231438
-1035535.5736524527
1037966.9384555217
increment_100
124846839.20590568
-5033031.299053882
-2898364.558881628
-5033031.299053882
-13307206.527581707
-734348.092948374
-2898364.558881628
-734348.092948374
1136779.5140120888
increment_110
125743779.30398178
-5084037.5557947
-2952013.771648571
-5084037.5557947
-13895229.820637966
-435191.67780258943
-2952013.771648571
-435191.67780258943
1215404.5328757353
increment_120
126654077.01627727
-5168364.275389943
-3010270.235017085
-5168364.275389943
-14412957.242660336
-146185.35304743922
-3010270.235017085
-146185.35304743922
1298806.7507493163
