inc
sigma_11
sigma_12
sigma_13
sigma_21
sigma_22
sigma_23
sigma_31
sigma_32
sigma_33
increment_0
-5.5727628185362496e-05
-3.906598480309122e-06
-2.113846753425837e-06
-3.906598480309122e-06
-5.323368520206479e-05
1.0341541445951155e-06
-2.113846753425837e-06
1.0341541445951155e-06
-4.263075884094086e-05
increment_10
83694513.68435906
-25639569.210653495
6644067.0089233685
-25639569.210653495
-32408473.964759268
29263218.91086568
6644067.0089233685
29263218.91086568
-7803021.22384731
increment_20
84971422.61916861
-27457289.375319626
7610507.867429372
-27457289.375319626
-33747944.869247295
29750792.503826346
7610507.867429372
29750792.503826346
-8191761.775648884
increment_30
85933365.31711867
-28091094.824913066
7822820.917974133
-28091094.824913066
-34400361.410643056
29915629.668082528
7822820.917974133
29915629.668082528
-8323239.021001289
increment_40
86820968.95120728
-28533935.344851907
7971832.495145114
-28533935.344851907
-34893540.25303385
30029580.00685828
7971832.495145114
30029580.00685828
-8413525.787329126
increment_50
87643953.1092749
-28894325.046304945
8111958.871050231
-28894325.046304945
-35342030.88497805
30124438.596616484
8111958.871050231
30124438.596616484
-8499167.369052185
increment_60
88434242.03026062
-29209200.32873141
8247147.907411228
-29209200.32873141
-35741560.984973446
30201040.747328598
8247147.907411228
30201040.747328598
-8561622.12447704
increment_70
89200960.61087103
-29474959.637674373
8359371.385264824
-29474959.637674373
-36075124.4829945
30248710.577977207
8359371.385264824
30248710.577977207
-8581161.961814674
increment_80
89989489.55089428
-29675768.42396246
8465017.344934914
-29675768.42396246
-36281150.84562596
30266053.713168528
8465017.344934914
30266053.713168528
-8541313.403026057
increment_90
90796633.82745919
-29827174.8413618
8556473.100285342
-29827174.8413618
-36376857.8505932
30255177.373580284
8556473.100285342
30255177.373580284
-8424801.669049874
increment_100
91607817.08150573
-29948695.537519146
8635880.494353158
-29948695.537519146
-36359990.23070975
30212686.169093173
8635880.494353158
30212686.169093173
-8261904.721838562
increment_110
92403193.12786566
-30047751.74918179
8701039.009986792
-30047751.74918179
-36243699.14871531
30140925.86391274
8701039.009986792
30140925.86391274
-8088082.252521817
increment_120
93180945.46874402
-30131731.085618585
8737308.453693252
-30131731.085618585
-36042603.095708854
30042705.589502838
8737308.453693252
30042705.589502838
-7900233.676190486
