inc
eps_11
eps_12
eps_13
eps_21
eps_22
eps_23
eps_31
eps_32
eps_33
increment_0
1.1102230246251564e-16
0.0
0.0
0.0
2.854853268948183e-17
-4.8523243011883015e-17
0.0
-4.852324301188302e-17
8.24737697730338e-17
increment_10
0.0007373337749839639
-0.0014780280432767179
-0.0012786817065192483
-0.001478028043276718
0.0021973225698366182
-0.0018028700528531579
-0.001278681706519248
-0.0018028700528531579
-0.0029346563448206706
increment_20
0.0016834798309693204
-0.003294597983011388
-0.0030549632305076754
-0.003294597983011388
0.004879539905430717
-0.004374544965171299
-0.0030549632305076754
-0.004374544965171298
-0.006563019736400083
increment_30
0.0026060830674533926
-0.005087668586456474
-0.004848898417780657
-0.005087668586456474
0.007617718300948945
-0.006999069457922924
-0.004848898417780656
-0.006999069457922924
-0.01022380136840238
increment_40
0.0035108763500715555
-0.0068766043326645475
-0.00666907255143461
-0.0068766043326645475
0.010431703086889042
-0.009654665476814513
-0.0066690725514346105
-0.009654665476814513
-0.013942579436960758
increment_50
0.00439664894851093
-0.008664291760692845
-0.008527533535570016
-0.008664291760692845
0.013330015632810563
-0.012330814187824753
-0.008527533535570016
-0.012330814187824755
-0.017726664581321442
increment_60
0.005270397650099432
-0.01045481590132659
-0.010430734862931914
-0.01045481590132659
0.016312260253772047
-0.015023686136865113
-0.010430734862931914
-0.015023686136865113
-0.021582657903871465
increment_70
0.006141689875995724
-0.012253238665384737
-0.012381969932658705
-0.012253238665384737
0.019376522022090552
-0.017732705780504773
-0.012381969932658705
-0.017732705780504773
-0.02551821189808634
increment_80
0.007011595138676912
-0.01406179652224779
-0.014383684312899285
-0.01406179652224779
0.022522415687153366
-0.020458117653533666
-0.014383684312899285
-0.020458117653533666
-0.029534010825830286
increment_90
0.007866154011070525
-0.01587542195234187
-0.01643808737172945
-0.01587542195234187
0.02575326724567219
-0.02319675139941625
-0.01643808737172945
-0.02319675139941625
-0.03361942125674275
increment_100
0.008681255185080138
-0.017684607435803266
-0.018543285300886395
-0.017684607435803266
0.02908038934949338
-0.025935545793301103
-0.0185432853008864
-0.02593554579330111
-0.03776164453457351
increment_110
0.00944716270104255
-0.019485026551325727
-0.020693161697000435
-0.01948502655132573
0.03251070157779048
-0.028664026848661865
-0.020693161697000435
-0.028664026848661865
-0.04195786427883302
increment_120
0.010165818210472908
-0.021273316712897512
-0.022877829611674942
-0.021273316712897512
0.036039836727247615
-0.03138226897194682
-0.022877829611674935
-0.03138226897194681
-0.04620565493772048
