inc
eps_11
eps_12
eps_13
eps_21
eps_22
eps_23
eps_31
eps_32
eps_33
increment_0
2.2204460492503128e-16
0.0
0.0
0.0
-2.0866401795899582e-16
3.614558708492012e-17
0.0
3.6145587084920114e-17
-1.2440288942855114e-16
increment_10
0.0014321224664099572
-0.0018551778099210917
0.0011564826206313266
-0.0018551778099210917
0.001687358636131622
0.0014185180676797907
0.0011564826206313268
0.0014185180676797911
-0.0031194811025416214
increment_20
0.002629303077421772
-0.0045259210964436
0.003095180524823229
-0.004525921096443601
0.0043765125988264025
0.0034626183074075102
0.003095180524823229
0.0034626183074075102
-0.007005815676248188
increment_30
0.0037100250349946704
-0.007284077908882426
0.00512401662108448
-0.007284077908882426
0.0072828641290952215
0.0054958010047400216
0.00512401662108448
0.0054958010047400216
-0.010992889164089864
increment_40
0.004666941510709798
-0.010109609953916967
0.00725272204059852
-0.010109609953916967
0.010452517509248041
0.007467281536977755
0.00725272204059852
0.007467281536977755
-0.015119459019957926
increment_50
0.0054927025500291155
-0.012990763644959933
0.009489263459072812
-0.012990763644959933
0.013902232014742553
0.009343473251599179
0.009489263459072814
0.009343473251599179
-0.019394934564771562
increment_60
0.006181359543383611
-0.015917299893150688
0.011839143031065296
-0.015917299893150688
0.01763786226877976
0.011101584053309639
0.011839143031065296
0.011101584053309639
-0.023819221812163404
increment_70
0.006738723139286069
-0.01887749323830008
0.01429900790625932
-0.01887749323830008
0.021648186139743918
0.012732531258003141
0.01429900790625932
0.012732531258003141
-0.028386909279029992
increment_80
0.007174083598787645
-0.021856377085510227
0.016862236203177082
-0.021856377085510224
0.025921340231389343
0.014240158946340127
0.016862236203177082
0.014240158946340127
-0.03309542383017701
increment_90
0.007478407953479324
-0.024843540839485426
0.019534561181818774
-0.024843540839485426
0.030466374839481693
0.015629956528963703
0.01953456118181877
0.015629956528963703
-0.037944782792961027
increment_100
0.007657942512343116
-0.027834033667552723
0.022311272592945516
-0.027834033667552723
0.03525016791873879
0.016901334535032574
0.022311272592945516
0.016901334535032574
-0.04290811043108187
increment_110
0.007725199673775223
-0.030826725958355793
0.0251842761812077
-0.030826725958355797
0.04022774430340431
0.018059185615620147
0.0251842761812077
0.01805918561562014
-0.04795294397717968
increment_120
0.007683747177894538
-0.0338217250381056
0.028152436438570388
-0.0338217250381056
0.04537866598786905
0.019113141183118142
0.028152436438570388
0.01911314118311814
-0.05306241316576345
