inc
eps_11
eps_12
eps_13
eps_21
eps_22
eps_23
eps_31
eps_32
eps_33
increment_0
-1.650612158061525e-17
-3.187563885077587e-17
-2.3324648353768985e-17
-3.187563885077586e-17
-1.196301685538318e-16
3.4320963342796473e-17
-2.332464835376898e-17
3.432096334279646e-17
-1.4141946602184213e-16
increment_10
0.003125977295902295
-0.001737998498643236
0.0013258235845403559
-0.001737998498643236
0.0001968979454261273
0.002373291134178447
0.0013258235845403559
0.002373291134178447
-0.003322875241328382
increment_20
0.007063856956899086
-0.0038804541868373483
0.0034178324200184666
-0.0038804541868373483
7.581358599404557e-05
0.005876113355039495
0.0034178324200184666
0.005876113355039495
-0.007139670542893153
increment_30
0.011241534787828661
-0.006023556974659463
0.005503751927890779
-0.006023556974659463
-0.00017588629723207748
0.009459142938643092
0.005503751927890779
0.009459142938643092
-0.011065648490596615
increment_40
0.015561857570898424
-0.008133682093493622
0.007546403656387223
-0.008133682093493622
-0.00048124835373194406
0.013098058358254026
0.007546403656387223
0.013098058358254023
-0.01508060921716649
increment_50
0.019972042627958878
-0.010194373097462914
0.009526039036818994
-0.010194373097462912
-0.00080178032119867
0.016773865506659096
0.009526039036818992
0.016773865506659096
-0.019170262306760198
increment_60
0.024435432025796386
-0.012197454977414467
0.011434282244309634
-0.012197454977414467
-0.001116697456545238
0.020471334884398954
0.011434282244309634
0.020471334884398954
-0.023318734569251244
increment_70
0.0289514166319785
-0.014136449114392753
0.013276439853401644
-0.014136449114392753
-0.001418260921140269
0.024174694907617724
0.013276439853401645
0.02417469490761772
-0.027533155710838232
increment_80
0.03353178939157012
-0.01600485049395732
0.01505702115111507
-0.01600485049395732
-0.0017010672153914034
0.027880829706220956
0.01505702115111507
0.027880829706220956
-0.031830722176178806
increment_90
0.03817198416426828
-0.01780567729464751
0.01676744866310943
-0.01780567729464751
-0.0019683386497856763
0.031590631295458
0.016767448663109433
0.031590631295458
-0.036203645514482574
increment_100
0.042861821719605044
-0.01954440639146672
0.018396861608094714
-0.01954440639146672
-0.0022301148142838513
0.035304774389455326
0.018396861608094714
0.035304774389455326
-0.04063170690532121
increment_110
0.04759727614487961
-0.02122165262096851
0.019943788825930488
-0.02122165262096851
-0.0024990248830843234
0.0390263050593071
0.019943788825930484
0.0390263050593071
-0.04509825126179527
increment_120
0.05237226242093047
-0.022833484642446115
0.021408154326803368
-0.022833484642446115
-0.0027781381011970415
0.042748909544169815
0.021408154326803368
0.042748909544169815
-0.049594124319733424
