inc
eps_11
eps_12
eps_13
eps_21
eps_22
eps_23
eps_31
eps_32
eps_33
increment_0
-1.1102230246251568e-16
0.0
0.0
0.0
-1.3934085282128217e-17
-5.38500671198489e-17
0.0
-5.38500671198489e-17
-2.081105196429031e-16
increment_10
0.0002368541337793091
0.002561578757023453
-0.0014152187677134223
0.002561578757023453
-0.004558093368971328
0.0002745958339919542
-0.0014152187677134223
0.0002745958339919542
0.0043212392351919425
increment_20
0.0008481319800918511
0.00576686877682862
-0.0032553784737700416
0.00576686877682862
-0.009635586196684675
0.0008705919328578171
-0.003255378473770042
0.0008705919328578171
0.008787454216592777
increment_30
0.0014651894013858245
0.00905055030857851
-0.005135994672677437
0.009050550308578511
-0.014700376831436024
0.0014366921124141288
-0.005135994672677437
0.0014366921124141288
0.013235187430050152
increment_40
0.002039476196388192
0.01238938395432757
-0.007060619371446899
0.01238938395432757
-0.019779332180636402
0.0019287269272212227
-0.007060619371446901
0.0019287269272212232
0.017739855984248234
increment_50
0.002566236627645348
0.015781067778845085
-0.009018638215247652
0.015781067778845085
-0.024873459700672767
0.0023366462888128867
-0.009018638215247654
0.0023366462888128867
0.022307223073027516
increment_60
0.0030721386460470547
0.01923100199771297
-0.010980799048903955
0.01923100199771297
-0.029974570402320988
0.0026602917159147203
-0.010980799048903955
0.0026602917159147203
0.026902431756273965
increment_70
0.003582793012067303
0.022755551645030847
-0.012925589114544686
0.022755551645030847
-0.03507439921232223
0.00291646602170955
-0.012925589114544682
0.00291646602170955
0.031491606200254915
increment_80
0.004099544981024865
0.02636917247571577
-0.01485113133463868
0.02636917247571577
-0.040175133986322886
0.0031220343646324532
-0.01485113133463868
0.0031220343646324532
0.03607558900529804
increment_90
0.004602381780047325
0.030082194415916964
-0.016764278229347215
0.030082194415916964
-0.04529942501665459
0.0032812803156192128
-0.016764278229347215
0.0032812803156192128
0.040697043236607174
increment_100
0.0050631429367819876
0.03390828788738528
-0.018669026976358236
0.03390828788738528
-0.050468038334023635
0.003393549704996957
-0.018669026976358232
0.003393549704996957
0.04540489539724154
increment_110
0.005475162234874052
0.03786327983479323
-0.020557285545402034
0.037863279834793234
-0.055699940762111044
0.0034637900335717006
-0.020557285545402034
0.0034637900335717006
0.050224778527237
increment_120
0.005834114154944683
0.04196443896405466
-0.02242051707530392
0.04196443896405466
-0.061013884463885996
0.0034974950395665594
-0.02242051707530392
0.0034974950395665594
0.055179770308941244
