inc
eps_11
eps_12
eps_13
eps_21
eps_22
eps_23
eps_31
eps_32
eps_33
increment_0
0.0
0.0
0.0
0.0
2.800372992216717e-16
-1.4400603267507813e-16
0.0
-1.4400603267507813e-16
-5.799269429664049e-17
increment_10
0.004467919913498744
0.000286207579768155
0.0020758739506047097
0.00028620757976815505
-0.003969866530819616
-0.002364287192525495
0.0020758739506047097
-0.002364287192525495
-0.0004980533826792224
increment_20
0.009640621005134228
0.0007303107523100978
0.004741041402204978
0.0007303107523100976
-0.008607225901430272
-0.005394141459071198
0.004741041402204978
-0.005394141459071198
-0.0010333951037039977
increment_30
0.014958629271066656
0.0012084388579210908
0.007471145406579909
0.001208438857921091
-0.013262994170594075
-0.008555576078465082
0.007471145406579909
-0.008555576078465082
-0.001695635100472679
increment_40
0.02041770713335945
0.0016508100572359015
0.010236547375361173
0.0016508100572359013
-0.017971121470291812
-0.011808189144754847
0.010236547375361173
-0.011808189144754849
-0.002446585663067658
increment_50
0.02601322297891703
0.0020374029582914083
0.013028061761242304
0.0020374029582914087
-0.022739412815609206
-0.015140976741333634
0.013028061761242304
-0.015140976741333634
-0.0032738101633078462
increment_60
0.031738884015144984
0.002355843232596608
0.015837222791816236
0.002355843232596608
-0.02756496206940881
-0.018549019432300858
0.015837222791816236
-0.018549019432300858
-0.0041739219457360656
increment_70
0.03758285834603183
0.0025952230976873346
0.01865713635743816
0.002595223097687335
-0.03244031575857383
-0.022029003593261265
0.01865713635743816
-0.022029003593261265
-0.005142542587458034
increment_80
0.043536454257181174
0.0027471502356686056
0.021482369703705605
0.0027471502356686056
-0.03736359490243315
-0.025579619468679825
0.021482369703705605
-0.025579619468679825
-0.006172859354748128
increment_90
0.049603841564933714
0.0028088498795738825
0.02430902016324966
0.0028088498795738825
-0.04233552268271566
-0.029206364403586597
0.024309020163249657
-0.029206364403586597
-0.007268318882218111
increment_100
0.05579103479247944
0.002779679997350123
0.02713246713924612
0.0027796799973501232
-0.047354819128013606
-0.032915684224066245
0.027132467139246115
-0.032915684224066245
-0.00843621566446592
increment_110
0.06209983388596972
0.002662907770466658
0.02994956859109889
0.002662907770466658
-0.05241543027493135
-0.03671545418686196
0.0299495685910989
-0.03671545418686196
-0.009684403611038284
increment_120
0.06853608095956719
0.002465000000861282
0.03275754741066953
0.0024650000008612817
-0.057515441067493026
-0.04061528851644498
0.032757547410669524
-0.04061528851644498
-0.01102063989207402
