inc
Fp11
Fp12
Fp13
Fp21
Fp22
Fp23
Fp31
Fp32
Fp33
increment_0
-0.3267888571452777
0.8964150754794292
0.2994145208551065
0.9449179543870435
0.303724164919895
0.12199053701298933
0.0184147311326673
0.3227873047331973
-0.946292372145306
increment_10
-0.32697792920613583
0.8972528102280456
0.29968975046056723
0.9334072817406738
0.3083791944742404
0.12379447072731757
0.019258541703611205
0.32508502940837036
-0.9543998490745101
increment_20
-0.3272374603517585
0.8988126822512825
0.3000875491501749
0.9203659381185668
0.3135358058768581
0.12546424193434996
0.019772708123327563
0.3276842823165001
-0.9632727533939374
increment_30
-0.3274277487075896
0.9003897009079831
0.30046847876844596
0.9075616198309553
0.3187431895976338
0.12693115113727094
0.01994867742063475
0.33039932366920854
-0.9721225925495733
increment_40
-0.3275457887435718
0.9019656219097544
0.3008412234559111
0.8949544307207438
0.3240017680774221
0.1282090922361434
0.019810208748647036
0.3332316616179902
-0.9810012742722068
increment_50
-0.3275992237991623
0.903538069000291
0.3011860268320876
0.8825021376030773
0.3293295180987702
0.12932689596137256
0.01938409415824726
0.33616313332431064
-0.9899530397721062
increment_60
-0.3276023738213931
0.9051004130336505
0.3014942910210266
0.8701671085142997
0.33473523279149375
0.1303112980394709
0.01870124386348978
0.3391912675145719
-0.9990150686070484
increment_70
-0.32756936714004237
0.9066472686139962
0.30176785721074545
0.8579298125227757
0.3402184902866369
0.13118305439456543
0.017789140027687604
0.34232050809560577
-1.0082033645139512
increment_80
-0.3275121058816008
0.9081678937986274
0.30201423231994656
0.8457733145152957
0.3457815415348994
0.13194911400764672
0.01666150432959295
0.34556682195995425
-1.0175334878487248
increment_90
-0.3274364951927941
0.9096498026845432
0.3022433920628577
0.8336855300288534
0.3514304349159694
0.13259728658370448
0.015314447540188873
0.3489506727670617
-1.0270194637898682
increment_100
-0.32734486094916976
0.9110859659986983
0.30245552859513547
0.8216907545553465
0.3571641429789131
0.13308598253232448
0.013723008186198779
0.3524840463190742
-1.0366410136096087
increment_110
-0.3272467199917864
0.9124903699940253
0.3026424257477377
0.8098237231860489
0.3629668652598224
0.1333844328127856
0.011889388710232094
0.356148057519641
-1.0463556969342667
increment_120
-0.3271489809842558
0.9138883187898826
0.30280941039965736
0.7980625389497953
0.3688227945140977
0.13353169626988445
0.00988337751034725
0.3599106789323692
-1.0561691831982438
