inc
Fp11
Fp12
Fp13
Fp21
Fp22
Fp23
Fp31
Fp32
Fp33
increment_0
0.7406374664253695
0.4076144642397839
-0.5341409850119382
-0.6425374983544949
0.19721559640238817
-0.7404401202960292
-0.1964731700140187
0.891603307013923
0.40797283780477156
increment_10
0.7349144018830535
0.4026668604883574
-0.5369315541377938
-0.6415395406129343
0.19772215814215993
-0.7401264595327844
-0.19090082690020985
0.8975603035331847
0.41122551726413303
increment_20
0.7282914013502856
0.3973139940888689
-0.5400235293837176
-0.6403659740161656
0.19803823454485858
-0.7399282613741031
-0.1853172035276505
0.904217586042726
0.41480641270978336
increment_30
0.7216580529057679
0.3920475511056192
-0.5430993965077087
-0.6391765097018566
0.19836629004125989
-0.7397778106348797
-0.17983382917004484
0.910833848350133
0.4183787360963928
increment_40
0.715008729421918
0.38683540959536444
-0.5461595733393856
-0.6379833391334776
0.19871855340421368
-0.7396489236002534
-0.17438710419326559
0.9174455582883075
0.4219682975973352
increment_50
0.7083479481518554
0.38165961609448
-0.5491957134817883
-0.6368044249391135
0.1990858562587976
-0.7395393663220329
-0.16895348268679436
0.9240633854204514
0.4255711529016864
increment_60
0.701661247641824
0.3764859518960596
-0.5522254305256351
-0.6356658057229481
0.1994628140182323
-0.7394446843291668
-0.16349175789264295
0.9307022395835793
0.4291813847442916
increment_70
0.6949371559063734
0.3712914697127824
-0.5552676181196045
-0.6345777130222942
0.19985171015026004
-0.739360895132793
-0.15797075247147604
0.9373705818202134
0.43280125082113335
increment_80
0.6881859160258834
0.36608222642172317
-0.5583249603704407
-0.6335232892511984
0.2002499208649215
-0.7392894244006872
-0.15240474980336782
0.9440659959162204
0.43642661819015566
increment_90
0.6814224561228838
0.36087712168572794
-0.5613913441118078
-0.6324823452230246
0.20065526880138643
-0.7392353468827931
-0.14682392950257658
0.9507811034818602
0.4400470883509977
increment_100
0.6746377778455086
0.35567964552394504
-0.5644647069801794
-0.631452250180218
0.20106848301383723
-0.7392144088422916
-0.1412438393350412
0.9575139037887493
0.44365300991976336
increment_110
0.6678239899707846
0.3504875448174242
-0.5675431365728406
-0.6304236631562735
0.20148522728175458
-0.7392432926923502
-0.13568154052735512
0.9642688717129783
0.44723809381445445
increment_120
0.6609839759052277
0.3452931740016186
-0.5706293262902632
-0.6293723723367488
0.20189180270781357
-0.7393215019394552
-0.13015136740065722
0.9710623604704498
0.45081156721903226
