inc
Fp11
Fp12
Fp13
Fp21
Fp22
Fp23
Fp31
Fp32
Fp33
increment_0
-0.9103393800197179
-0.01905438295302633
-0.4134236854312958
-0.2771931357394248
0.7698519614812351
0.574884269138093
0.30732097013425647
0.6379379969039108
-0.7061083014821207
increment_10
-0.9030289156603577
-0.020453682165718776
-0.414356716245038
-0.2772705076996068
0.7714931043304709
0.5762842159833801
0.3079262758276545
0.6410303693219417
-0.7089803935580239
increment_20
-0.8942909314023696
-0.022398587980199697
-0.41550492751394025
-0.2773210535381839
0.7730906933116253
0.5780587822746536
0.3084268382120532
0.6450672156880595
-0.712636706848071
increment_30
-0.8857023961615608
-0.024648423550298684
-0.4164968416155219
-0.27718523512230664
0.774512582239219
0.579794150433235
0.3086481666730816
0.649417164365529
-0.7164648480711306
increment_40
-0.8771579442982868
-0.02715477860108724
-0.4174150661488191
-0.2769193798528213
0.7757558433725313
0.5815101869720538
0.30872941724001995
0.6540618317643717
-0.7204818875711365
increment_50
-0.8685939462360014
-0.02989097346116591
-0.4183125129507996
-0.2765680497040852
0.7768261842396008
0.5832118245845498
0.3087626595585942
0.6589775881846829
-0.7247027199923098
increment_60
-0.859977693934627
-0.032826428529858294
-0.4192240596386588
-0.27616184290867213
0.7777396720815106
0.5848969460051222
0.3088200725494413
0.6641331951732602
-0.7291301141982135
increment_70
-0.8512972632427
-0.03592719310994519
-0.420168075326838
-0.27571422399955686
0.7785023429208185
0.5865655463706839
0.30894688791417113
0.6695157937668856
-0.7337621595615397
increment_80
-0.842532381157782
-0.039164467767276674
-0.42116719209123493
-0.275241148766076
0.7791145564640808
0.5882247071663907
0.30918085045000676
0.6751206662026477
-0.738602509071622
increment_90
-0.833666237832505
-0.04252619860215548
-0.42224201593519345
-0.27476079526995206
0.7795788853286891
0.5898778184830437
0.3095538449440259
0.6809398320621431
-0.7436567829915253
increment_100
-0.8247108132629775
-0.046008750700178624
-0.42339782929722836
-0.2742829435750076
0.7799154981441471
0.5915246985680379
0.3100684640153238
0.6869428969306799
-0.7489172452353031
increment_110
-0.8156696126529926
-0.04961176799133629
-0.42463979063434004
-0.2738176888196915
0.7801513715130439
0.593153511084643
0.31074281186578556
0.6930977402468699
-0.7543825125196464
increment_120
-0.8066107009110762
-0.0533199085590855
-0.42592186346456545
-0.2733554966815628
0.780317380878808
0.5947340002830908
0.3115517453422314
0.6993830272660585
-0.7600144047794944
