inc
Fp11
Fp12
Fp13
Fp21
Fp22
Fp23
Fp31
Fp32
Fp33
increment_0
-0.2466295474139529
-0.5268159754427051
-0.8134118233470301
-0.7968795637492332
-0.3674109056789423
0.47957500692489263
-0.5515041497769713
0.7664686258461795
-0.32919449930436145
increment_10
-0.24216419991225033
-0.5314913801270564
-0.8192187708555843
-0.7910223083703489
-0.3708633310366693
0.4764299774385995
-0.5497413760919241
0.7656399473606446
-0.3305591116073075
increment_20
-0.23702039414839493
-0.536651727291519
-0.8262273529802479
-0.7839531913588952
-0.3748209232196942
0.4730187571945825
-0.5471440290703374
0.7651134543204509
-0.3323424975012242
increment_30
-0.2319983697253933
-0.5416664141840231
-0.8332552696380716
-0.776933931556437
-0.3787953823887608
0.4696511827799687
-0.5444112548245273
0.7647674702583757
-0.33405716209161385
increment_40
-0.22716137026703
-0.546495358686906
-0.840310495460622
-0.7699681587931827
-0.3827716717444577
0.46630478828735894
-0.541592665887501
0.7646101326821935
-0.3356566511887345
increment_50
-0.22249039875914411
-0.5511285317741991
-0.8473913430811397
-0.7630589666429959
-0.3867481172860374
0.46297293055999983
-0.5387106670678707
0.7646446186567853
-0.33713968617153683
increment_60
-0.21795514902878893
-0.5555677892299712
-0.8544894899668205
-0.7562071136113695
-0.39072308139946943
0.45965432114952215
-0.5357852086665009
0.7648686199385956
-0.3385168529324883
increment_70
-0.21353137909430145
-0.5598165828741565
-0.8615834208914493
-0.7494166087701681
-0.3946953804102778
0.45634477296947024
-0.5328467453115363
0.7652807138535902
-0.33979367832718255
increment_80
-0.2092142476011155
-0.563880975829677
-0.8686482294444233
-0.7426914167922894
-0.39866081577667906
0.45304092247461186
-0.5299250519445305
0.7658803926341513
-0.34096719464801095
increment_90
-0.20500457102362232
-0.567759383982636
-0.8756643144585563
-0.7360405331877101
-0.4026135725988896
0.4497424479146888
-0.5270305202753226
0.7666736743587265
-0.34203397358100235
increment_100
-0.2008834932558062
-0.5714605805731179
-0.8826323167893879
-0.7294633699384829
-0.4065492667792364
0.4464551950742442
-0.5241529455746007
0.7676561892839907
-0.34301216356016434
increment_110
-0.19681921624242069
-0.5749988128634211
-0.8895510309251535
-0.7229576906871972
-0.41046795709803713
0.44318296084232445
-0.5212840432754263
0.768820383454237
-0.34392558344138463
increment_120
-0.1927750084468592
-0.5784158659043505
-0.8964374460282791
-0.7165108909223061
-0.4143833167257563
0.43991674120645824
-0.5184085667019231
0.7701424363222823
-0.3447968012774712
