inc
Fp11
Fp12
Fp13
Fp21
Fp22
Fp23
Fp31
Fp32
Fp33
increment_0
-0.6861625603462252
0.5747314655714161
-0.44594246631291495
-0.366906666790906
-0.8027642310932552
-0.4700522174627429
-0.6281404609189729
-0.15891296913526876
0.7616995664939772
increment_10
-0.6899706786168547
0.5784292296383522
-0.44231138335762876
-0.36849516827256346
-0.8034752147895834
-0.4680259406393956
-0.6255241046718819
-0.16114565976222595
0.7590395455265706
increment_20
-0.6950662130378839
0.5831965754999058
-0.4370775155011262
-0.3711135494058903
-0.8040470702851867
-0.4647824003231328
-0.6226991400001571
-0.16398701517149125
0.7558181586411823
increment_30
-0.7002797617161325
0.5882558643348624
-0.43175502383191033
-0.3738419477657296
-0.8044646453880563
-0.4614658049970485
-0.6198302071007352
-0.1668438757064296
0.7525311051886376
increment_40
-0.7055851374733519
0.5934457994370902
-0.4263740502187496
-0.37661990769080345
-0.804823292003571
-0.4581258027804205
-0.6168983750242313
-0.16975961733725856
0.749209540857188
increment_50
-0.7109642576134528
0.5986812404091433
-0.42095539478856386
-0.3794078244578263
-0.805173993296676
-0.4547902086335716
-0.6138989933478968
-0.1727498939258116
0.7458694638216659
increment_60
-0.7163966127837186
0.603912471191559
-0.415516390667606
-0.3821810794117853
-0.8055465253007373
-0.4514729462701181
-0.610841687795052
-0.17581120790007415
0.7425203997487487
increment_70
-0.7218727856176407
0.6091274245458245
-0.41009661900366273
-0.38493410118327537
-0.8059541759798382
-0.4481716366402388
-0.607741735597992
-0.1788956102282099
0.7391471611440579
increment_80
-0.7273892366757253
0.614326023438132
-0.40474511548320397
-0.3876669587154984
-0.8064048745699075
-0.44488545710072386
-0.6046195640365275
-0.18196976999314843
0.7357162690849782
increment_90
-0.732931353195719
0.6195181830731055
-0.39947013557637606
-0.3903749522334738
-0.8068925301124591
-0.441625607865702
-0.601486170444063
-0.1850478246844861
0.732223283219318
increment_100
-0.7384830518219857
0.6247164606426675
-0.394260005845714
-0.3930523733086227
-0.8074033541995845
-0.43840282719038864
-0.5983482606700993
-0.18815547242899122
0.7286793509451219
increment_110
-0.744040617254381
0.6299328926226138
-0.38909722174597444
-0.3957049335211233
-0.8079218909344779
-0.43521374919124617
-0.5952117173996817
-0.19130186913797953
0.7250957788252956
increment_120
-0.7495989555081948
0.6351690965142781
-0.38397732155432873
-0.39833732024280943
-0.8084432049351811
-0.4320549323643627
-0.5920784435260864
-0.19447256492435328
0.7214825236081743
