inc
Fp11
Fp12
Fp13
Fp21
Fp22
Fp23
Fp31
Fp32
Fp33
increment_0
-0.10781973821082334
0.9066878489118911
-0.40778922090668
0.3450715102411453
-0.35054890801267397
-0.8706555667489968
-0.9323628890469873
-0.23459029759700098
-0.2750760538493051
increment_10
-0.10831393184124843
0.9077968171459055
-0.4068914795165332
0.3396708547294828
-0.3548758988247438
-0.8621936281791673
-0.9404219198650116
-0.23841786565304382
-0.27016565127577324
increment_20
-0.10919944537413928
0.9089443374130572
-0.4056801506857316
0.33448022647224857
-0.35973087537922965
-0.85230852168963
-0.9496662201493483
-0.24213758279155118
-0.26555772790253546
increment_30
-0.11001852118969094
0.9101301794447993
-0.4046040408837285
0.32915732764419803
-0.36457576415332105
-0.8426019245645158
-0.9588609582661827
-0.24593235435610433
-0.2608208980404391
increment_40
-0.11078591092074272
0.911363953276628
-0.40364169103789527
0.3236925815681046
-0.3693724272337371
-0.8331899896606241
-0.9679223024040794
-0.24981206352033125
-0.255852292774779
increment_50
-0.11152893880133843
0.9126476478302971
-0.4027324485906572
0.31812338901519976
-0.37411370413782497
-0.8240208599437753
-0.9768943560663369
-0.2537627168204648
-0.25067713856014795
increment_60
-0.11227099778692538
0.913974751675112
-0.4018351432665098
0.31247285695753924
-0.37880799477781296
-0.8150302414241607
-0.9858344590239836
-0.2577791225090498
-0.2453257892867012
increment_70
-0.1130301022884312
0.9153280491789155
-0.400934922154562
0.30673528834744046
-0.3834924521875085
-0.8061391124221358
-0.9948156796417599
-0.2618732993605429
-0.2398203871152222
increment_80
-0.1138232754136759
0.9166877648453925
-0.4000313945365209
0.3008826941143553
-0.3882177126232758
-0.7972830729895706
-1.0039030387838586
-0.26606547833830013
-0.23415507690557508
increment_90
-0.11467041298045455
0.9180374578993391
-0.39913550704156175
0.29490066497520095
-0.3930224936119137
-0.7884020152572682
-1.01314868731334
-0.27037782020528045
-0.22832772577057842
increment_100
-0.11558638196779779
0.9193694709738938
-0.3982679017608748
0.2888096020036831
-0.39791411787805137
-0.7794361366623531
-1.0225879319910782
-0.27483092359274225
-0.22236968918896655
increment_110
-0.11657149999805977
0.9206894051629109
-0.39744749103949606
0.2826466529632754
-0.4028824310134867
-0.7703361816286385
-1.0322399967597766
-0.27943051451466255
-0.21633327686654708
increment_120
-0.11761579480933412
0.9220095202428584
-0.3966894057344805
0.2764569571175943
-0.40791336964491165
-0.7610715285853639
-1.042107928689778
-0.2841610363589695
-0.21028125812779433
