inc
Fp11
Fp12
Fp13
Fp21
Fp22
Fp23
Fp31
Fp32
Fp33
increment_0
-0.3241235568280982
-0.8077061464430711
-0.4924984273144295
-0.3440008059217401
-0.3843342753851446
0.8567091748600392
-0.8812532924388399
0.4470994808342543
-0.15327977297557682
increment_10
-0.32419003739861235
-0.8082369064753946
-0.4920832756910048
-0.3414242124097639
-0.38748762406386345
0.8510120132676313
-0.8853858349023614
0.4498316009106654
-0.14976044418315956
increment_20
-0.3243169314145035
-0.8095494400718731
-0.4911593147900318
-0.33810944792443726
-0.3911894853762514
0.8447691373058644
-0.8900063369680753
0.452447970469692
-0.14468968983792793
increment_30
-0.3244555813647363
-0.8109231251879846
-0.490195490456965
-0.3347555508431133
-0.39495900973079606
0.8385350567591411
-0.8946043218137169
0.45509616639379485
-0.13948415476325124
increment_40
-0.32458756813304884
-0.8122810783796931
-0.48923395414310455
-0.3313389036856457
-0.39881627904298456
0.8322756136722208
-0.8992138309010529
0.45786296106644686
-0.13418696878346756
increment_50
-0.32470988909469534
-0.8136261423521679
-0.4882648379895776
-0.32785777093421364
-0.40274807359672016
0.8259936174361399
-0.9038406951699295
0.4607427402461212
-0.12882538533083715
increment_60
-0.32482343746363984
-0.8150041457497129
-0.4872683649197607
-0.32435633683555615
-0.40671398818102816
0.8196987666498607
-0.9084619888058526
0.4636813654335837
-0.1234804673435372
increment_70
-0.32491193187991396
-0.8164662817374433
-0.4862253556433051
-0.3208848779358661
-0.4106950119892158
0.8133906372741923
-0.9130689164734115
0.4666075173035787
-0.11820998872034283
increment_80
-0.32496702165932484
-0.8180224656749401
-0.4851302564176876
-0.3174534929398311
-0.4147054205203946
0.8070575579311235
-0.9176782659053234
0.46949749722345907
-0.11300120326971845
increment_90
-0.3250014614328858
-0.8196417113786371
-0.48398776680500105
-0.3140384587310912
-0.41877301804190087
0.8006708022548965
-0.9223291477116445
0.4723876297728841
-0.10780530270839028
increment_100
-0.3250343206339908
-0.8212872430355951
-0.4827927618430536
-0.3106251960206537
-0.4229198936862235
0.794202775048483
-0.9270596693060735
0.4753267231909079
-0.10258764046505948
increment_110
-0.3250813571928856
-0.8229558744953125
-0.48153086026555636
-0.30722451802852685
-0.4271423002493213
0.787631580208123
-0.9318945787293614
0.47832762067413354
-0.09735280982042571
increment_120
-0.32515060891388875
-0.8246505184669695
-0.4801885614809016
-0.3038491290940457
-0.43143879680456537
0.7809343517612007
-0.9368603170436751
0.48139328677302906
-0.09210968950914451
