inc
Fp11
Fp12
Fp13
Fp21
Fp22
Fp23
Fp31
Fp32
Fp33
increment_0
-0.4972339763819172
-0.7499220378084489
0.43632019199281913
-0.24009105311681006
-0.3643251539252957
-0.8997907914790918
0.8337353650557761
-0.5521631275506662
0.0011052731692940965
increment_10
-0.49803033088088583
-0.7508549023944026
0.4361709745318111
-0.24603296432334468
-0.36559071402049287
-0.8865349009577328
0.8424948627978954
-0.5554131899202872
-0.004531944295486346
increment_20
-0.4993691677465831
-0.7527185109735538
0.43589054426824136
-0.2526663273475146
-0.3669822389466609
-0.8715153185119406
0.8521305664445739
-0.5585739476956414
-0.010692128820874572
increment_30
-0.5007400618517293
-0.7547096965126608
0.4356214636259637
-0.2589158153187619
-0.3684530784828226
-0.8569467476526599
0.8615195575377347
-0.5616593748459486
-0.016380068685250573
increment_40
-0.5021455080024505
-0.7567557583892547
0.43541023689149794
-0.2648587744892697
-0.3699929169110029
-0.842687894655591
0.870777363982181
-0.564755973792216
-0.021706125280755138
increment_50
-0.5036225488881227
-0.758835318919423
0.4352816448998254
-0.27048368168998305
-0.37158975634243985
-0.8286919390280205
0.8799265603927207
-0.5678963852291942
-0.02671093254681205
increment_60
-0.5052041556621727
-0.7609321788824753
0.43525069794926635
-0.27576260616376286
-0.3732347385580554
-0.8149426199281189
0.8889684930767514
-0.5711085609815406
-0.03142461286800522
increment_70
-0.5069107219107729
-0.7630283565783811
0.4353130284622334
-0.28067075189919316
-0.374923756160293
-0.801453882238792
0.8978834783783016
-0.5744276654712699
-0.03586734771824885
increment_80
-0.508752622438234
-0.7651167295556283
0.4354502685653786
-0.28521157094485333
-0.3766516390697342
-0.7882491577496896
0.9066416934774165
-0.5778759991780695
-0.040054844869956995
increment_90
-0.5107409772667093
-0.7672114396900217
0.43564655373199707
-0.28937191031478676
-0.3784186745052369
-0.7753688172712115
0.915190346666237
-0.5814448315788452
-0.04397107170336589
increment_100
-0.5128771567566687
-0.7693326033593595
0.435903382419904
-0.2931263234528633
-0.38023508937795547
-0.7628315121935979
0.9235055577781938
-0.5851051145474565
-0.04758496932597609
increment_110
-0.515135091149878
-0.7714837649459974
0.43622829434748583
-0.29646693329349155
-0.38212189111893036
-0.7506429663250985
0.931586476549245
-0.5888401699790056
-0.05086895009435708
increment_120
-0.5174883430967653
-0.7736659548587558
0.4366235436695986
-0.2994057665614069
-0.3840956978728253
-0.7387972052793069
0.9394378068307889
-0.5926427523955348
-0.053819943502908044
