inc
Fp11
Fp12
Fp13
Fp21
Fp22
Fp23
Fp31
Fp32
Fp33
increment_0
0.1281597292648195
-0.9894236469022732
-0.06794064133767065
-0.9648520155228656
-0.1085429022489029
-0.2393303710623637
0.22942465415955565
0.09622518029076901
-0.96855822888548
increment_10
0.12950247654412075
-0.9926014249063136
-0.06622727197788456
-0.9679475504436407
-0.10785214747081744
-0.23878860201007818
0.23017546084313215
0.09690989333188063
-0.9621697930071665
increment_20
0.13081975787715072
-0.9963339940995922
-0.06370327166073435
-0.972132462657268
-0.10689147676166257
-0.23745321691015742
0.2308566450889761
0.09784110705652027
-0.954509713623527
increment_30
0.1321681051790985
-1.0001767760859925
-0.060973762505628346
-0.9766195684547899
-0.10578923977246156
-0.23591108613363174
0.23144409799301896
0.09877739884383643
-0.946651364847641
increment_40
0.133524592067005
-1.0041061504923827
-0.058177300732591815
-0.9813961673356626
-0.10457431600999181
-0.2343053755543338
0.2319472844782671
0.09979430634804494
-0.9385885422721509
increment_50
0.1348958424819377
-1.008115368884733
-0.05533916294134719
-0.9864358731048525
-0.10326971950276435
-0.23265381350978317
0.23235242733844136
0.10091143549486664
-0.930356935712849
increment_60
0.13629270309432515
-1.0122006187225319
-0.05246479679523535
-0.9917219739979934
-0.10188870390123984
-0.23095939668078314
0.23264683816747736
0.10213338240561355
-0.9219856008414969
increment_70
0.13772738796396602
-1.0163605617970133
-0.04955272621620806
-0.9972425645163739
-0.1004425116599104
-0.22922257283075478
0.23282365901054275
0.10345854101030075
-0.9134960961384628
increment_80
0.1392107135905119
-1.0205962520015426
-0.04659739813143591
-1.0029914175459083
-0.09893964606354207
-0.22744084308488227
0.2328803023084841
0.10488357796833457
-0.9049025865940968
increment_90
0.14074786704522874
-1.0249081365480104
-0.043601442162880505
-1.008966291802793
-0.09738739707462651
-0.22561732552254518
0.23281036083597953
0.10641572627714341
-0.8962146932213247
increment_100
0.14233351431809294
-1.0292942284754634
-0.04058596863210954
-1.0151548682777753
-0.0957962164554075
-0.2237688512101638
0.2326034488615398
0.10807469680615607
-0.8874482620351236
increment_110
0.14395477246238192
-1.0337510076420005
-0.03757733124224619
-1.0215447508596986
-0.09417566069962724
-0.2219170487736615
0.2322448405974165
0.10988329370336233
-0.878619023966386
increment_120
0.14559753669151285
-1.0382766369856515
-0.03459194401094937
-1.0281184509605936
-0.09253415736074053
-0.22008028646095706
0.23172824526067098
0.11184948531201641
-0.8697451093848263
