inc
sigma_11
sigma_12
sigma_13
sigma_21
sigma_22
sigma_23
sigma_31
sigma_32
sigma_33
increment_0
1.8456361604550524e-06
3.6025459825687284e-06
4.492628729271261e-07
3.6025459825687284e-06
1.3845948224565975e-05
1.0959909023965431e-06
4.492628729271261e-07
1.0959909023965431e-06
9.573760986373652e-06
increment_10
85873330.45391916
-2211390.2474107826
3828133.584176847
-2211390.2474107826
8181383.190752154
-14104445.432355586
3828133.584176847
-14104445.432355586
118546739.44663745
increment_20
87242335.02432893
-2547001.0195844807
4245306.1201172955
-2547001.0195844807
7575422.170218197
-15342289.178979948
4245306.1201172955
-15342289.178979948
121708058.08808683
increment_30
89143853.40297365
-2661864.9696434406
4656988.536599878
-2661864.9696434406
7510954.2756330315
-16009533.004561417
4656988.536599878
-16009533.004561417
124621471.42117259
increment_40
91207137.26753052
-2780042.1706223246
5139905.18037148
-2780042.1706223246
7635556.454719465
-16574170.632724358
5139905.18037148
-16574170.632724358
127385643.62991096
increment_50
93379393.3384575
-2914666.385825949
5699277.858767841
-2914666.385825949
7875948.279954653
-17139363.810573068
5699277.858767841
-17139363.810573068
129947923.50901215
increment_60
95412665.45766577
-3118887.820275264
6261532.26634954
-3118887.820275264
8016724.540018154
-17728099.727097005
6261532.26634954
-17728099.727097005
132179888.55517572
increment_70
97112913.44154584
-3365555.0626227837
6786340.67448395
-3365555.0626227837
7879452.656402661
-18245678.070882514
6786340.67448395
-18245678.070882514
134081064.63342325
increment_80
98431781.5565257
-3623637.0071631437
7311907.153922502
-3623637.0071631437
7414744.229164768
-18719351.69934351
7311907.153922502
-18719351.69934351
135933160.77483907
increment_90
99586025.1889615
-3905346.9742828794
7888394.944034475
-3905346.9742828794
6806358.302185275
-19288851.43781604
7888394.944034475
-19288851.43781604
137956222.53519025
increment_100
100708982.83741662
-4233789.623921624
8488564.776369052
-4233789.623921624
6182192.473089996
-19895631.841499962
8488564.776369052
-19895631.841499962
140155219.76734668
increment_110
101774761.23999195
-4557915.250036205
9055477.711581413
-4557915.250036205
5544451.467366777
-20388460.4393346
9055477.711581413
-20388460.4393346
142352447.25845402
increment_120
102838101.93539733
-4849789.382271349
9550312.18457818
-4849789.382271349
4957340.746944598
-20722940.949592993
9550312.18457818
-20722940.949592993
144437976.08418146
