inc
sigma_11
sigma_12
sigma_13
sigma_21
sigma_22
sigma_23
sigma_31
sigma_32
sigma_33
increment_0
-4.8838294047182215e-05
3.4447727320017913e-06
1.0872983966973298e-05
3.4447727320017913e-06
-3.216266662244722e-05
4.660661267092234e-06
1.0872983966973298e-05
4.660661267092234e-06
-4.532576618734401e-05
increment_10
81834477.22397639
-4889492.395977069
-16565348.843413094
-4889492.395977069
-2553885.4359951676
-3861682.45808033
-16565348.843413094
-3861682.45808033
119043153.4911939
increment_20
79650150.69236255
-5900843.415372793
-18521659.746075634
-5900843.415372793
-7906127.999152821
-4133053.9725067373
-18521659.746075634
-4133053.9725067373
122008495.21250169
increment_30
78150015.49060988
-6221888.517773085
-19977166.77388009
-6221888.517773085
-12216910.335716145
-3915417.372444337
-19977166.77388009
-3915417.372444337
125114377.73792106
increment_40
76874855.16873205
-6208565.366870133
-21188404.605370466
-6208565.366870133
-16332508.049149202
-3535730.588232411
-21188404.605370466
-3535730.588232411
127809468.29320168
increment_50
75328781.20159751
-6243312.15221126
-22171814.93605074
-6243312.15221126
-20588315.282037172
-3200062.5199966016
-22171814.93605074
-3200062.5199966016
130099243.67449567
increment_60
73415763.23764436
-6385439.070416574
-22994228.724996373
-6385439.070416574
-24958220.506912425
-2765177.8908928973
-22994228.724996373
-2765177.8908928973
131943436.19230162
increment_70
71319943.10212809
-6516643.890860845
-23656622.335020456
-6516643.890860845
-29128732.087418534
-2135700.857767592
-23656622.335020456
-2135700.857767592
133441088.38651013
increment_80
69028587.80589387
-6458572.991173345
-24238611.93062291
-6458572.991173345
-33236564.516783014
-1457182.7180360858
-24238611.93062291
-1457182.7180360858
134765628.03043973
increment_90
66637133.41184078
-6100604.6476794295
-24828110.484547574
-6100604.6476794295
-37345084.4272769
-782116.3247479242
-24828110.484547574
-782116.3247479242
135994094.18405953
increment_100
64528148.22908172
-5517432.144796611
-25445777.473607805
-5517432.144796611
-41243089.195163645
-79835.28508927135
-25445777.473607805
-79835.28508927135
137170315.80032355
increment_110
62974357.28983237
-4916923.874338888
-25981571.481151983
-4916923.874338888
-44612848.57871515
687921.2812851785
-25981571.481151983
687921.2812851785
138357545.65816575
increment_120
61905494.95835873
-4384837.233802742
-26406811.886653222
-4384837.233802742
-47414795.21231614
1505321.5917517745
-26406811.886653222
1505321.5917517745
139670323.8283707
