inc
sigma_11
sigma_12
sigma_13
sigma_21
sigma_22
sigma_23
sigma_31
sigma_32
sigma_33
increment_0
4.539742716924736e-05
2.613556825219495e-06
3.5295157781067e-06
2.613556825219495e-06
2.4199933168101988e-05
3.6133933611637323e-06
3.5295157781067e-06
3.6133933611637323e-06
3.1464021148229376e-05
increment_10
117226838.98927218
387188.5021529158
-2214493.219582969
387188.5021529158
-13015416.326935414
-16534797.967811044
-2214493.219582969
-16534797.967811044
94673349.62190378
increment_20
121871319.33345638
750834.6777852711
-2000576.3354269993
750834.6777852711
-12018870.876045374
-16614979.676680468
-2000576.3354269993
-16614979.676680468
96771651.1523344
increment_30
126396580.88007046
1011584.837389007
-1881358.9662072582
1011584.837389007
-10623753.307920985
-16572874.861582885
-1881358.9662072582
-16572874.861582885
99070013.54069541
increment_40
130733701.50177474
1209743.1609731512
-1859411.947489221
1209743.1609731512
-9055337.867909178
-16303672.918530816
-1859411.947489221
-16303672.918530816
101234297.31041177
increment_50
134812901.00941852
1411051.8487044098
-1908209.7041490972
1411051.8487044098
-7468791.406163512
-15813036.376809435
-1908209.7041490972
-15813036.376809435
103167738.9923225
increment_60
138736947.42538637
1717198.5231679587
-2034912.4972161886
1717198.5231679587
-5873363.154751373
-15276791.905030202
-2034912.4972161886
-15276791.905030202
104929416.32667662
increment_70
142513828.2873678
2108650.7399379057
-2235696.9367069867
2108650.7399379057
-4371443.172806253
-14838295.865638707
-2235696.9367069867
-14838295.865638707
106544999.70270427
increment_80
146037162.98076984
2522576.859980484
-2535169.862536803
2522576.859980484
-2935816.6311532496
-14390183.134982174
-2535169.862536803
-14390183.134982174
107976953.63708639
increment_90
149232350.7110122
2905058.660285293
-2919869.2025194173
2905058.660285293
-1593397.6305073313
-13980680.28996655
-2919869.2025194173
-13980680.28996655
109269543.27059183
increment_100
152164952.68217143
3237288.229232043
-3342042.4182549394
3237288.229232043
-392322.56067377207
-13646801.467919718
-3342042.4182549394
-13646801.467919718
110441144.08947587
increment_110
154870114.24436346
3463752.20135338
-3810733.368019466
3463752.20135338
712988.2310986954
-13419153.686176315
-3810733.368019466
-13419153.686176315
111560054.88374884
increment_120
157412604.64395738
3547611.194221382
-4337376.423422564
3547611.194221382
1797115.742622143
-13302558.282844026
-4337376.423422564
-13302558.282844026
112707166.77625498
