inc
sigma_11
sigma_12
sigma_13
sigma_21
sigma_22
sigma_23
sigma_31
sigma_32
sigma_33
increment_0
-6.31314249044343e-05
-6.991159771555452e-06
-9.963000202514417e-07
-6.991159771555452e-06
-4.5099952849906e-05
1.3547680310630793e-05
-9.963000202514417e-07
1.3547680310630793e-05
-3.07280217883305e-05
increment_10
111416798.03730913
-12213359.19109882
-5161716.589596202
-12213359.19109882
26415252.086757734
3708878.3636975344
-5161716.589596202
3708878.3636975344
98593130.36390918
increment_20
114156973.91444086
-12767459.407727806
-5185994.753599158
-12767459.407727806
27546802.146239396
3705268.2650421085
-5185994.753599158
3705268.2650421085
100725875.42231192
increment_30
116584712.94871652
-13020229.198057123
-5154253.34990832
-13020229.198057123
28397107.089972988
3547822.059114722
-5154253.34990832
3547822.059114722
102983250.56221001
increment_40
118825264.24461736
-13208231.85619801
-5025044.486962268
-13208231.85619801
29179495.10794423
3189505.888323999
-5025044.486962268
3189505.888323999
105370712.24624327
increment_50
121047324.92981826
-13421902.367360553
-4782864.769598899
-13421902.367360553
30059864.397995465
2616589.839733895
-4782864.769598899
2616589.839733895
107898933.64834408
increment_60
123344692.34276454
-13667730.858983295
-4394542.3816829305
-13667730.858983295
31116439.845177297
1876747.9576598208
-4394542.3816829305
1876747.9576598208
110511474.02407628
increment_70
125731130.94996251
-13935161.437327664
-3867228.908044757
-13935161.437327664
32342267.190539714
1036342.8379794244
-3867228.908044757
1036342.8379794244
113180094.52490641
increment_80
128224430.64168549
-14213551.702467619
-3178938.6000975864
-14213551.702467619
33756584.92187692
110866.43995061578
-3178938.6000975864
110866.43995061578
115887609.34972408
increment_90
130834759.37862651
-14510490.192210587
-2311906.0757223065
-14510490.192210587
35414268.03597395
-854909.4144309163
-2311906.0757223065
-854909.4144309163
118720965.19436176
increment_100
133501125.21440637
-14804426.073060948
-1267297.4179181196
-14804426.073060948
37297160.98422832
-1790011.3940887444
-1267297.4179181196
-1790011.3940887444
121736837.47331414
increment_110
136155187.33603343
-15067286.597377507
-117793.90955857142
-15067286.597377507
39275620.522936255
-2639853.915429796
-117793.90955857142
-2639853.915429796
124809316.88676244
increment_120
138758187.6534576
-15292141.464536542
1095108.0050891868
-15292141.464536542
41255023.568380475
-3476518.3247313006
1095108.0050891868
-3476518.3247313006
127823751.77419485
