inc
sigma_11
sigma_12
sigma_13
sigma_21
sigma_22
sigma_23
sigma_31
sigma_32
sigma_33
increment_0
-3.582819557018905e-05
-4.819707975324779e-06
-1.2378876807174835e-06
-4.819707975324779e-06
-2.374857578258228e-05
-8.32966157188146e-06
-1.2378876807174835e-06
-8.32966157188146e-06
-4.148461013280744e-05
increment_10
119352322.43289414
12619620.954041911
6353564.125115712
12619620.954041911
6992178.934744597
-335389.8185273292
6353564.125115712
-335389.8185273292
145077217.50186616
increment_20
122313065.46862856
12497003.20849122
6738848.707820764
12497003.20849122
8967192.14131699
-44572.711856824324
6738848.707820764
-44572.711856824324
151121639.052679
increment_30
125570018.69426279
12698359.012176571
6899321.104280807
12698359.012176571
11121667.220054206
166072.16788549736
6899321.104280807
166072.16788549736
156955847.18544275
increment_40
128564911.73243013
12822598.960051065
6964090.542922969
12822598.960051065
13345752.84909639
387034.8471013949
6964090.542922969
387034.8471013949
162645420.24032545
increment_50
131373911.43280923
12827642.38965031
6959299.161719496
12827642.38965031
15692852.464088848
628743.0019040473
6959299.161719496
628743.0019040473
168248967.79528713
increment_60
134049776.70867072
12688865.792603185
6890029.913967277
12688865.792603185
18186135.76922768
914399.585248027
6890029.913967277
914399.585248027
173819787.67726722
increment_70
136575602.44541824
12372063.220438272
6777894.535758936
12372063.220438272
20775731.551842976
1258703.6883857567
6777894.535758936
1258703.6883857567
179379682.1249471
increment_80
138889003.96657452
11867102.667148098
6619190.959508301
11867102.667148098
23360375.534954526
1712094.735855142
6619190.959508301
1712094.735855142
184916091.0510591
increment_90
141050242.6972078
11203191.833038738
6408135.275494777
11203191.833038738
25930625.321226325
2287508.540835421
6408135.275494777
2287508.540835421
190422909.3477821
increment_100
143226488.77254835
10509261.31656098
6109633.598333038
10509261.31656098
28523610.463585623
2943434.9410209074
6109633.598333038
2943434.9410209074
195797345.2073289
increment_110
145471181.23957682
9845503.760434981
5706522.466987274
9845503.760434981
31128816.60779417
3704086.4175864765
5706522.466987274
3704086.4175864765
200960479.00383997
increment_120
147811322.70677975
9244745.175073326
5197272.336342438
9244745.175073326
33752290.24117769
4585127.38392554
5197272.336342438
4585127.38392554
205897350.8205576
