inc
quat_01
quat_02
quat_03
quat_04
increment_0
[0.79674971  0.79674971  0.79674971  0.79674971  0.79674971  0.79674971 
  0.79674971  0.79674971  0.79674971  0.79674971  0.79674971  0.79674971 
  0.79674971  0.79674971  0.79674971]
[0.081046  0.081046  0.081046  0.081046  0.081046  0.081046  0.081046  0.081046 
  0.081046  0.081046  0.081046  0.081046  0.081046  0.081046  0.081046]
[-0.32693349  -0.32693349  -0.32693349  -0.32693349  -0.32693349  -0.32693349 
  -0.32693349  -0.32693349  -0.32693349  -0.32693349  -0.32693349  -0.32693349 
  -0.32693349  -0.32693349  -0.32693349]
[0.50173293  0.50173293  0.50173293  0.50173293  0.50173293  0.50173293 
  0.50173293  0.50173293  0.50173293  0.50173293  0.50173293  0.50173293 
  0.50173293  0.50173293  0.50173293]
increment_10
[0.79806579  0.79845228  0.79855325  0.79731921  0.79770012  0.79740535 
  0.79729721  0.79723727  0.79696701  0.79794079  0.79720286  0.79722346 
  0.79741515  0.79766043  0.79833355]
[0.08344165  0.08383273  0.08392326  0.08216114  0.08266865  0.08211853 
  0.08208286  0.08101123  0.08230273  0.08349943  0.08167976  0.08210089 
  0.08227276  0.08299443  0.08354358]
[-0.32644535  -0.32578999  -0.325685      -0.32748109  -0.32632442  -0.32695064 
  -0.32723952  -0.32721621  -0.32622209  -0.32554411  -0.32752589  -0.32714598 
  -0.32669929  -0.32655122  -0.32669864]
[0.49956172  0.49930643  0.49919823  0.50028768  0.50035266  0.50050427 
  0.50049361  0.50077886  0.50164628  0.50033927  0.50052253  0.50066925 
  0.50062745  0.50021402  0.49895091]
increment_20
[0.80012851  0.8005636    0.8014477    0.79791471  0.79900379  0.79828241 
  0.79796622  0.79739865  0.79738112  0.79950518  0.79773529  0.7976945 
  0.79869665  0.79879683  0.80045378]
[0.08684606  0.08693343  0.08825344  0.08324727  0.08483928  0.08305495 
  0.0830619    0.07941235  0.08360183  0.08661417  0.08135921  0.08286795 
  0.08414913  0.08542349  0.0865693  ]
[-0.32532971  -0.32480086  -0.323349      -0.32876739  -0.32575764  -0.3267733 
  -0.32784242  -0.32862275  -0.32526354  -0.32349279  -0.32793725  -0.32801412 
  -0.32611743  -0.32577556  -0.3264295  ]
[0.49639975  0.49602914  0.49531641  0.49831115  0.49827422  0.49906541 
  0.4988687    0.49985614  0.50139576  0.49864002  0.49945594  0.49922252 
  0.49864819  0.49849446  0.49520025]
increment_30
[0.80213283  0.80248754  0.80437891  0.79847424  0.80031729  0.7992487 
  0.79859709  0.79747981  0.79794304  0.80108523  0.79829682  0.798075 
  0.79992669  0.79985764  0.80244355]
[0.09010878  0.08962351  0.09258741  0.08417622  0.08696432  0.08426262 
  0.08390043  0.0777022    0.08492132  0.08977409  0.0808956    0.08340127 
  0.08585312  0.08779773  0.08937028]
[-0.3242631    -0.32422162  -0.32089196  -0.33025286  -0.32525164  -0.32639975 
  -0.32865264  -0.33023594  -0.32440739  -0.32138306  -0.32817348  -0.32919666 
  -0.32567532  -0.32500738  -0.32630915]
[0.4932715    0.49281002  0.49135576  0.49627241  0.49612581  0.49755857 
  0.49718292  0.4989314    0.50083442  0.49690642  0.49847794  0.49774499 
  0.49667104  0.49687978  0.4915482  ]
increment_40
[0.8040936    0.80434306  0.80726353  0.79904635  0.80154156  0.80030982 
  0.79921627  0.79754832  0.79851391  0.80267002  0.79888945  0.79841005 
  0.80102531  0.80092175  0.80431977]
[0.09324411  0.09211707  0.09677437  0.08505797  0.08887142  0.08575687 
  0.08467467  0.07596197  0.0862221    0.09295566  0.08039217  0.08385188 
  0.08730343  0.09019133  0.09197544]
[-0.3232513    -0.32379131  -0.31843268  -0.33178765  -0.32495429  -0.32583814 
  -0.32955688  -0.33189473  -0.32363282  -0.31924351  -0.32830162  -0.33054519 
  -0.32538291  -0.3241918    -0.32630818]
[0.4901506    0.48959767  0.48740224  0.49417307  0.49400172  0.49596316 
  0.49545516  0.4979883    0.50020304  0.49514004  0.49752467  0.49623597 
  0.49483585  0.49526715  0.48798893]
increment_50
[0.80600528  0.80616232  0.81006035  0.79967423  0.80264628  0.80146199 
  0.79986062  0.79759654  0.79907885  0.80425917  0.79952013  0.7987304 
  0.80199265  0.80201        0.8060897  ]
[0.09622701  0.09447393  0.10076074  0.08596908  0.09050616  0.08751442 
  0.08546139  0.07418287  0.08748731  0.09615092  0.0798922    0.08427715 
  0.08850452  0.09261216  0.09441367]
[-0.32230907  -0.32341442  -0.31601429  -0.33327832  -0.32491409  -0.32509679 
  -0.33044632  -0.33361321  -0.32294247  -0.31708458  -0.32832302  -0.33196828 
  -0.3252361    -0.32335366  -0.32636038]
[0.48704489  0.48639501  0.48351263  0.49199187  0.49193335  0.49427926 
  0.49368469  0.49703007  0.49952691  0.49333514  0.49657708  0.49469605 
  0.49314929  0.49360445  0.48455584]
increment_60
[0.80785835  0.8079637    0.81276305  0.80039042  0.80362742  0.80269287 
  0.80054807  0.79762543  0.79961438  0.80586367  0.80018176  0.7990478 
  0.8028255    0.80311774  0.80775919]
[0.09902133  0.09672399  0.10454155  0.08697775  0.09186674  0.08950998 
  0.08629917  0.07237057  0.0886866    0.0993718    0.07942053  0.08469891 
  0.08945369  0.09504224  0.09671923]
[-0.32145168  -0.32302466  -0.31365839  -0.33464221  -0.32514365  -0.32419708 
  -0.33126585  -0.33538099  -0.32234888  -0.31488884  -0.3282726    -0.3333882 
  -0.32523181  -0.322527      -0.32636862]
[0.48397156  0.48321237  0.47969333  0.48971893  0.48992354  0.49251231 
  0.49187211  0.49606025  0.49884138  0.49148144  0.49561944  0.49315415 
  0.49162335  0.49187926  0.48130448]
increment_70
[0.80964364  0.80974662  0.81537773  0.80120486  0.80451017  0.80399329 
  0.80127208  0.79765987  0.80007426  0.80750656  0.80086223  0.79934824 
  0.80351927  0.804221      0.80934394]
[0.10159178  0.09886173  0.10812375  0.08811739  0.09300352  0.09172024 
  0.08717616  0.07057603  0.08977086  0.10264799  0.07899797  0.08511791 
  0.09014669  0.09744612  0.09894021]
[-0.32069093  -0.32260029  -0.31138621  -0.33582644  -0.32560463  -0.32314942 
  -0.33203177  -0.33712722  -0.32186384  -0.31261479  -0.32820737  -0.33472963 
  -0.32534374  -0.32174074  -0.32621173]
[0.48095073  0.48006856  0.47592755  0.48736712  0.48795016  0.49066959 
  0.49001865  0.49507878  0.49822287  0.48955953  0.49463009  0.49168425 
  0.49028747  0.49011808  0.4782877  ]
increment_80
[0.81133692  0.81149428  0.81789901  0.8020984    0.8053268    0.80535381 
  0.80201503  0.79773866  0.80040564  0.80920681  0.80155053  0.79960472 
  0.80407103  0.80528248  0.81087685]
[0.10388609  0.10085803  0.11149368  0.08937759  0.09397508  0.09409622 
  0.08805938  0.06887311  0.09069481  0.10599747  0.0786456    0.08552585 
  0.09059665  0.09977204  0.10115248]
[-0.3200502    -0.32216117  -0.30923362  -0.33681959  -0.32623891  -0.32195834 
  -0.33279069  -0.33874714  -0.32147725  -0.31023533  -0.32818075  -0.33593862 
  -0.32551062  -0.32103898  -0.32575926]
[0.47802506  0.47698728  0.47221281  0.48497666  0.48598931  0.48876781 
  0.48812681  0.49408492  0.49777268  0.48754786  0.4935879    0.49037013 
  0.48918796  0.48836425  0.47552899]
increment_90
[0.81290796  0.81317294  0.82030607  0.80304016  0.80609148  0.80676328 
  0.8027567    0.79789208  0.80056826  0.81096335  0.80223913  0.79980979 
  0.80445501  0.80627422  0.81240148]
[0.10585434  0.10265865  0.11461113  0.09073108  0.09480486  0.0965946 
  0.08891646  0.06732234  0.09142778  0.10939772  0.07836089  0.08590828 
  0.09079785  0.10198249  0.1034376  ]
[-0.31956272  -0.32176604  -0.30725144  -0.3376388    -0.32702673  -0.3206248 
  -0.33359309  -0.34016011  -0.32118823  -0.30777564  -0.32821144  -0.33703883 
  -0.32566463  -0.32047761  -0.3249272  ]
[0.47524224  0.47400168  0.46857101  0.48259135  0.48402695  0.48682875 
  0.48620077  0.49307913  0.49756361  0.48543253  0.49249284  0.48921252 
  0.48841626  0.48663698  0.4729977  ]
increment_100
[0.81432575  0.81476743  0.82256859  0.80400282  0.8067959    0.80819904 
  0.80348873  0.79813232  0.80054842  0.81274435  0.80292407  0.79999522 
  0.80461271  0.80718984  0.81394285]
[0.10745966  0.10422427  0.11740809  0.09215629  0.09548065  0.09917084 
  0.08974277  0.06597394  0.09193398  0.11276826  0.07813408  0.08628277 
  0.09068764  0.10406068  0.10583586]
[-0.31925981  -0.32147393  -0.30549093  -0.338307      -0.32799929  -0.31919052 
  -0.33444781  -0.34134438  -0.32106095  -0.30532497  -0.3282883    -0.33808123 
  -0.32580536  -0.32009571  -0.32369369]
[0.47265122  0.47111128  0.46505004  0.48024479  0.48205839  0.48486788 
  0.48424866  0.49205309  0.4975844    0.4832252    0.49136016  0.48812296 
  0.48808299  0.48492749  0.4706572  ]
increment_110
[0.81556606  0.81630179  0.82465406  0.80497438  0.80743424  0.80963088 
  0.80421789  0.79845433  0.80036793  0.81450147  0.8036011    0.80021841 
  0.80450094  0.80803796  0.81550399]
[0.1086711    0.10556777  0.11980278  0.09365208  0.09600947  0.10177028 
  0.09056043  0.06483472  0.09219898  0.11600618  0.07796071  0.08670486 
  0.0902031    0.10599431  0.10834877]
[-0.3191911    -0.3212861    -0.30400031  -0.33885066  -0.32916857  -0.3177339 
  -0.33532558  -0.34232907  -0.32116405  -0.30298777  -0.32839973  -0.33906659 
  -0.32599332  -0.31990387  -0.32207674]
[0.47027613  0.46827565  0.46171072  0.47793908  0.48008352  0.48289317 
  0.48227498  0.49099689  0.49775916  0.48096603  0.49020508  0.48699755 
  0.4882315    0.4832198    0.46848732]
increment_120
[0.81663717  0.81779483  0.82656293  0.80594728  0.80801308  0.81104167 
  0.80494377  0.7988505    0.800045      0.81619724  0.80427058  0.80052309 
  0.80411084  0.80882855  0.81707051]
[0.10950579  0.10670606  0.12178793  0.09520742  0.09642534  0.10436732 
  0.09137064  0.06386059  0.0922271    0.1190451    0.07782391  0.08722136 
  0.08935093  0.10777304  0.11094074]
[-0.31938161  -0.32119245  -0.30278219  -0.3393165    -0.33050814  -0.31630011 
  -0.33622618  -0.34314475  -0.32150783  -0.30082241  -0.3285277    -0.33997618 
  -0.32625729  -0.31988391  -0.32015357]
[0.46808931  0.46546841  0.45856773  0.47565621  0.47810185  0.48090864 
  0.48028001  0.48990956  0.49805108  0.47870263  0.48904174  0.48576889 
  0.48885411  0.4815139    0.46646503]
