inc
quat_01
quat_02
quat_03
quat_04
increment_0
[0.56218737  0.56218737  0.56218737  0.56218737  0.56218737  0.56218737 
  0.56218737  0.56218737  0.56218737  0.56218737  0.56218737  0.56218737 
  0.56218737  0.56218737  0.56218737  0.56218737  0.56218737  0.56218737]
[0.00288419  0.00288419  0.00288419  0.00288419  0.00288419  0.00288419 
  0.00288419  0.00288419  0.00288419  0.00288419  0.00288419  0.00288419 
  0.00288419  0.00288419  0.00288419  0.00288419  0.00288419  0.00288419]
[-0.81702337  -0.81702337  -0.81702337  -0.81702337  -0.81702337  -0.81702337 
  -0.81702337  -0.81702337  -0.81702337  -0.81702337  -0.81702337  -0.81702337 
  -0.81702337  -0.81702337  -0.81702337  -0.81702337  -0.81702337  -0.81702337]
[-0.12810093  -0.12810093  -0.12810093  -0.12810093  -0.12810093  -0.12810093 
  -0.12810093  -0.12810093  -0.12810093  -0.12810093  -0.12810093  -0.12810093 
  -0.12810093  -0.12810093  -0.12810093  -0.12810093  -0.12810093  -0.12810093]
increment_10
[0.56263966  0.56014648  0.56241765  0.562864      0.56171723  0.56030831 
  0.56277107  0.56246226  0.56217447  0.56471307  0.56446717  0.56238963 
  0.56415204  0.56372265  0.56391425  0.56072801  0.56391109  0.56079522]
[-0.00040558  -0.00032209    0.00141458    0.00010581    0.00027367    0.00098578 
    0.00061856    0.0006998      0.0029643      0.00199996    0.00184522    0.00280685 
    0.00183391    0.00139786    0.00235978  -0.00031278  -0.00142785    0.00217741]
[-0.81674194  -0.81873918  -0.81704537  -0.81658611  -0.81750038  -0.81846854 
  -0.81668376  -0.81672537  -0.81690343  -0.81490674  -0.81522917  -0.81670371 
  -0.81548611  -0.81587158  -0.81549584  -0.81808398  -0.81597652  -0.81826802]
[-0.12794164  -0.12610304  -0.12696948  -0.12795015  -0.12714876  -0.12713332 
  -0.12773398  -0.12882307  -0.12891804  -0.13046897  -0.12951757  -0.12924808 
  -0.12927301  -0.12871821  -0.13023705  -0.12775991  -0.12721854  -0.1262594  ]
increment_20
[0.56371907  0.55824697  0.56285295  0.56384416  0.56126342  0.55780104 
  0.56305908  0.56226401  0.56195091  0.56753292  0.5674019    0.56315499 
  0.56694329  0.5659          0.5662868    0.55880414  0.56640365  0.56009878]
[-0.00425819  -0.00406963  -0.00032188  -0.00379082  -0.00314539  -0.0014952 
  -0.00252204  -0.00267469    0.00262902    0.00097049    0.00081894    0.00270208 
    0.00088817  -0.00032024    0.00220651  -0.00437718  -0.00651149    0.00206892]
[-0.81596509  -0.82048578  -0.81697506  -0.81598615  -0.81806684  -0.82041385 
  -0.81665754  -0.81681313  -0.81696771  -0.81248371  -0.81286073  -0.81589736 
  -0.81321282  -0.81413652  -0.81332891  -0.81953162  -0.81438064  -0.81898986]
[-0.12807672  -0.12307248  -0.12549188  -0.12740485  -0.12545967  -0.12560605 
  -0.12660402  -0.12910591  -0.12949139  -0.1333254    -0.13157448  -0.13099869 
  -0.13137516  -0.13014917  -0.13345592  -0.12683333  -0.12620886  -0.12466224]
increment_30
[0.56478735  0.55661126  0.56346915  0.56471047  0.56091425  0.55558342 
  0.56324883  0.56186954  0.56189526  0.57032953  0.57047445  0.56417661 
  0.57002619  0.56814916  0.56866665  0.55688357  0.56861342  0.55959058]
[-7.87887217e-03  -7.67811514e-03  -2.33480466e-03  -7.70061470e-03 
  -6.62391022e-03  -3.76787187e-03  -5.77431653e-03  -6.18655730e-03 
    2.14403154e-03    2.55275726e-05  -1.48706842e-04    2.72975075e-03 
    1.14461647e-05  -1.98180638e-03    2.09643390e-03  -8.53629691e-03 
  -1.12017732e-02    1.59307410e-03]
[-0.81516956  -0.82204974  -0.81678819  -0.81544518  -0.8185156    -0.822152 
  -0.81671477  -0.81704493  -0.81692132  -0.81003515  -0.81031482  -0.8148761 
  -0.81064791  -0.81230324  -0.81111288  -0.82098948  -0.81296159  -0.81963149]
[-0.12826443  -0.11982981  -0.12391174  -0.12685405  -0.12394974  -0.12401192 
  -0.12527729  -0.12923597  -0.13003339  -0.13626182  -0.13397305  -0.13294449 
  -0.133866      -0.1317803    -0.13678358  -0.12563477  -0.12508698  -0.12271944]
increment_40
[0.56581382  0.55514445  0.56420168  0.5654833    0.56065352  0.55359277 
  0.56335599  0.56138083  0.5620257    0.57310072  0.57368811  0.56547658 
  0.57334654  0.57041462  0.57113774  0.55505591  0.5705124    0.55922876]
[-0.01129107  -0.01121274  -0.00455625  -0.01159851  -0.01012716  -0.00588292 
  -0.00912942  -0.00975113    0.00158841  -0.00086885  -0.00105355    0.00288774 
  -0.00079699  -0.00361578    0.00193295  -0.01266564  -0.01550344    0.00076301]
[-0.81438659  -0.82349113  -0.81650807  -0.8149517    -0.81886458  -0.82372538 
  -0.81681819  -0.81734318  -0.81673559  -0.8075593    -0.80758439  -0.81361137 
  -0.80782225  -0.81040896  -0.80878552  -0.82240494  -0.81174088  -0.82021816]
[-0.12845898  -0.11640993  -0.1223531    -0.12628474  -0.1225801    -0.12238029 
  -0.12391416  -0.12925403  -0.13064292  -0.1392939    -0.13670512  -0.13514599 
  -0.13673451  -0.13360914  -0.14022809  -0.12410733  -0.1239031    -0.12043581]
increment_50
[0.56679526  0.55381921  0.56502643  0.56618514  0.5604662    0.55181414 
  0.5633515    0.56087243  0.56233472  0.57587255  0.57708049  0.56708076 
  0.57689869  0.57267295  0.57370167  0.55341567  0.57214328  0.55896556]
[-0.01453855  -0.01467695  -0.00695972  -0.01548776  -0.01364571  -0.00785988 
  -0.012595      -0.01331984    0.00098497  -0.00172699  -0.00187335    0.00316116 
  -0.00153332  -0.00521715    0.00168292  -0.01665667  -0.01945458  -0.00035032]
[-0.81362771  -0.82482392  -0.81614035  -0.81448838  -0.81912922  -0.82514797 
  -0.81698534  -0.81766055  -0.81640567  -0.80502786  -0.80463059  -0.81207512 
  -0.80472971  -0.80847283  -0.80634601  -0.82371457  -0.81069733  -0.82076446]
[-0.1286146    -0.11284663  -0.1208786    -0.12571076  -0.12132085  -0.12070709 
  -0.1225211    -0.12913529  -0.1313791    -0.14247094  -0.13980061  -0.13763508 
  -0.13998441  -0.13561031  -0.1437695    -0.12226182  -0.12265168  -0.11791133]
increment_60
[0.56777321  0.55262043  0.56592396  0.56685485  0.56035275  0.55023922 
  0.56323545  0.5603849    0.56281289  0.57866934  0.58067231  0.56896425 
  0.58066983  0.57489583  0.57633304  0.55200949  0.57358957  0.5587608  ]
[-0.01767598  -0.01808378  -0.009523      -0.01936339  -0.01718253  -0.00972853 
  -0.01617257  -0.01686592    0.00036892  -0.00254029  -0.0025946      0.00351486 
  -0.00221016  -0.00678097    0.0013406    -0.02050146  -0.02314511  -0.00167217]
[-0.81286124  -0.82605205  -0.8156921    -0.81402503  -0.81930896  -0.82642646 
  -0.81722137  -0.81797091  -0.8159286    -0.80241541  -0.80142785  -0.8102809 
  -0.80137451  -0.80651906  -0.80381409  -0.82487801  -0.80977455  -0.82128015]
[-0.12875459  -0.10918629  -0.11952313  -0.12515547  -0.12017645  -0.11900194 
  -0.12105169  -0.12887161  -0.1322953    -0.1458247    -0.14327013  -0.14040007 
  -0.14358469  -0.13775269  -0.14738164  -0.12017269  -0.12134452  -0.11524966]
increment_70
[0.56879461  0.55156294  0.56685826  0.56750611  0.5603403    0.54888422 
  0.56302602  0.55992648  0.56348176  0.58150597  0.58444933  0.57108723 
  0.58463353  0.57707861  0.57900126  0.55083947  0.57492076  0.55860278]
[-0.02074774  -0.0214502    -0.01222439  -0.02322569  -0.02074498  -0.01153323 
  -0.01986252  -0.02039665  -0.00023691  -0.00329443  -0.0032236      0.00388843 
  -0.00284054  -0.00829355    0.00091337  -0.02424155  -0.02669733  -0.00312198]
[-0.81204953  -0.8271609    -0.81518704  -0.81354642  -0.81938208  -0.82755012 
  -0.81751904  -0.81826916  -0.81528378  -0.79970762  -0.79797773  -0.8082586 
  -0.797771      -0.80455255  -0.80121547  -0.82588184  -0.80892436  -0.82175932]
[-0.12890995  -0.10546588  -0.11828934  -0.12465793  -0.11916963  -0.11727702 
  -0.1194563    -0.12845968  -0.13341893  -0.14935754  -0.14710587  -0.14339555 
  -0.14750255  -0.1400239    -0.1510314    -0.11792969  -0.11997813  -0.11253804]
increment_80
[0.56986458  0.55069529  0.56775787  0.56809054  0.56045247  0.54777967 
  0.56271826  0.5594901    0.56438248  0.58439037  0.58838279  0.57341554 
  0.58876206  0.57923535  0.58168503  0.5498935    0.57614721  0.55849135]
[-0.02376379  -0.02477775  -0.01505845  -0.02709201  -0.02432598  -0.01331001 
  -0.02367546  -0.02394126  -0.0008376    -0.00397831  -0.0037825      0.00421807 
  -0.00343462  -0.00974412    0.00041364  -0.02789118  -0.03022303  -0.00462314]
[-0.81118563  -0.82811543  -0.81467851  -0.81308154  -0.81933325  -0.82849965 
  -0.8178809    -0.8185599    -0.8144411    -0.79689666  -0.79429347  -0.80603551 
  -0.79393376  -0.8025599    -0.79857017  -0.82672696  -0.80814518  -0.82219313]
[-0.12910275  -0.10171327  -0.11714595  -0.12424799  -0.11829751  -0.11553619 
  -0.11772196  -0.12789575  -0.13474945  -0.15306137  -0.15129202  -0.14657281 
  -0.1517123    -0.14243971  -0.15468692  -0.11559306  -0.11850033  -0.10983849]
increment_90
[0.57095751  0.55008093  0.56855479  0.56855528  0.56070068  0.5469518 
  0.5622914    0.55908386  0.56555725  0.58732604  0.59244715  0.57592967 
  0.59303698  0.58138265  0.58438184  0.54914511  0.57725156  0.5584385  ]
[-0.02672413  -0.02805535  -0.01804342  -0.03096842  -0.02791209  -0.01508226 
  -0.0276089    -0.02751876  -0.0014589    -0.00459177  -0.00429312    0.00445665 
  -0.00400009  -0.01113397  -0.00014921  -0.03146176  -0.03377248  -0.00613744]
[-0.81028428  -0.82887241  -0.8142204    -0.81266459  -0.8191596    -0.82925927 
  -0.81831808  -0.81883589  -0.81337115  -0.79397989  -0.79038715  -0.80362673 
  -0.7898699    -0.80052517  -0.79588402  -0.82742858  -0.80745593  -0.8225714  ]
[-0.12935503  -0.09795099  -0.1160389    -0.12394397  -0.11752964  -0.11377747 
  -0.11585182  -0.12718389  -0.1362727    -0.15691707  -0.1558079    -0.14989742 
  -0.15619436  -0.14501625  -0.15832391  -0.11318898  -0.11685453  -0.10716836]
increment_100
[0.57204453  0.54974624  0.56924447  0.56887285  0.56108053  0.54641355 
  0.56172523  0.55873391  0.56703407  0.59030579  0.59661468  0.57860689 
  0.5974435    0.58351075  0.58710534  0.54853857  0.57824831  0.55847258]
[-0.02965748  -0.03127137  -0.02119344  -0.03485594  -0.03149464  -0.0168775 
  -0.03163815  -0.0311378    -0.00212537  -0.00515748  -0.00476407    0.00456794 
  -0.00453977  -0.01249362  -0.00076749  -0.03499025  -0.03733442  -0.00766454]
[-0.80936334  -0.82941482  -0.81382509  -0.81231095  -0.81886935  -0.82982324 
  -0.81884142  -0.81907672  -0.81205195  -0.79096578  -0.7862726    -0.80105253 
  -0.78558429  -0.7984574    -0.79314742  -0.82802164  -0.8068488    -0.82287781]
[-0.12967835  -0.0941925    -0.11489252  -0.12377265  -0.11683196  -0.11198561 
  -0.11385309  -0.12633363  -0.13798362  -0.16089003  -0.16063506  -0.15332331 
  -0.16092848  -0.14773249  -0.16193792  -0.11073068  -0.1150219    -0.10450711]
increment_110
[0.57308726  0.54967584  0.56985691  0.5690445    0.56158066  0.54614721 
  0.56101426  0.55847116  0.56881329  0.59331224  0.60085289  0.58140842 
  0.60196902  0.58559533  0.5898712    0.54801613  0.57916729  0.55863755]
[-0.03261006  -0.03442839  -0.02448943  -0.03875296  -0.03508261  -0.01872229 
  -0.03572876  -0.03480438  -0.00283459  -0.00571539  -0.00519292    0.00453188 
  -0.005053      -0.01386377  -0.0014338    -0.03850681  -0.04087078  -0.0092341  ]
[-0.80845218  -0.82975532  -0.8134813    -0.8120166    -0.81847087  -0.83020629 
  -0.81945125  -0.81925892  -0.81047687  -0.78787519  -0.78196657  -0.79834888 
  -0.78107828  -0.79638155  -0.79034451  -0.82854075  -0.80629828  -0.82308921]
[-0.13004866  -0.09042821  -0.113629      -0.12375628  -0.11619732  -0.11013726 
  -0.11174123  -0.12535326  -0.13989514  -0.16492607  -0.16576223  -0.15678897 
  -0.16590504  -0.15054015  -0.16554595  -0.10823945  -0.11303946  -0.10179869]
increment_120
[0.57403955  0.54985075  0.57042175  0.56908934  0.56218014  0.54611444 
  0.56017257  0.55832635  0.57085981  0.59633017  0.60512578  0.58427498 
  0.60659199  0.58762544  0.59269676  0.54753647  0.58003961  0.55897265]
[-0.03562439  -0.03752974  -0.02787997  -0.04265368  -0.03870499  -0.02062905 
  -0.03984766  -0.0385183    -0.00356085  -0.00629324  -0.00558112    0.00434495 
  -0.00554452  -0.01524183  -0.00213282  -0.04199758  -0.04436035  -0.01086783]
[-0.80758722  -0.82991023  -0.81317623  -0.81176609  -0.81797819  -0.8304361 
  -0.82013479  -0.81935753  -0.80866267  -0.7847238    -0.77749486  -0.79556863 
  -0.77635987  -0.79431291  -0.78744997  -0.82901408  -0.80577469  -0.82318428]
[-0.1304315    -0.08662951  -0.112188      -0.12391047  -0.11561618  -0.10820976 
  -0.10953434  -0.12426289  -0.14202495  -0.1689949    -0.17115312  -0.16023244 
  -0.17111625  -0.15339828  -0.1691997    -0.10571504  -0.11096562  -0.09899041]
