inc
quat_01
quat_02
quat_03
quat_04
increment_0
[0.35154049  0.35154049  0.35154049  0.35154049  0.35154049  0.35154049 
  0.35154049  0.35154049  0.35154049  0.35154049  0.35154049  0.35154049 
  0.35154049  0.35154049  0.35154049  0.35154049  0.35154049  0.35154049 
  0.35154049  0.35154049  0.35154049  0.35154049  0.35154049  0.35154049 
  0.35154049  0.35154049  0.35154049  0.35154049  0.35154049]
[0.58161931  0.58161931  0.58161931  0.58161931  0.58161931  0.58161931 
  0.58161931  0.58161931  0.58161931  0.58161931  0.58161931  0.58161931 
  0.58161931  0.58161931  0.58161931  0.58161931  0.58161931  0.58161931 
  0.58161931  0.58161931  0.58161931  0.58161931  0.58161931  0.58161931 
  0.58161931  0.58161931  0.58161931  0.58161931  0.58161931]
[-0.01542739  -0.01542739  -0.01542739  -0.01542739  -0.01542739  -0.01542739 
  -0.01542739  -0.01542739  -0.01542739  -0.01542739  -0.01542739  -0.01542739 
  -0.01542739  -0.01542739  -0.01542739  -0.01542739  -0.01542739  -0.01542739 
  -0.01542739  -0.01542739  -0.01542739  -0.01542739  -0.01542739  -0.01542739 
  -0.01542739  -0.01542739  -0.01542739  -0.01542739  -0.01542739]
[-0.73341684  -0.73341684  -0.73341684  -0.73341684  -0.73341684  -0.73341684 
  -0.73341684  -0.73341684  -0.73341684  -0.73341684  -0.73341684  -0.73341684 
  -0.73341684  -0.73341684  -0.73341684  -0.73341684  -0.73341684  -0.73341684 
  -0.73341684  -0.73341684  -0.73341684  -0.73341684  -0.73341684  -0.73341684 
  -0.73341684  -0.73341684  -0.73341684  -0.73341684  -0.73341684]
increment_10
[0.35128164  0.35135711  0.3511426    0.35104115  0.35138        0.35136889 
  0.35143532  0.35133405  0.35111255  0.35128776  0.35158994  0.35130982 
  0.35148406  0.35131298  0.35113088  0.35114398  0.3513319    0.35148855 
  0.35148814  0.35130941  0.35116022  0.3513517    0.35133814  0.35143983 
  0.35107796  0.35139303  0.35133383  0.35134135  0.35102788]
[0.58504112  0.58370112  0.58289213  0.58437593  0.58326035  0.58299563 
  0.58314795  0.58362115  0.58366383  0.58480838  0.58356118  0.58404798 
  0.5827144    0.583353      0.5835148    0.5832895    0.5847824    0.58385606 
  0.58416403  0.58332545  0.58315329  0.58373909  0.58446689  0.58368101 
  0.58480095  0.58365672  0.58348348  0.58376957  0.58458321]
[-0.0154872    -0.01502085  -0.0145685    -0.01515771  -0.01494025  -0.01470228 
  -0.01493958  -0.01505554  -0.0148743    -0.01533629  -0.01489279  -0.01521966 
  -0.01480165  -0.01490432  -0.01484914  -0.01475194  -0.01544674  -0.01531045 
  -0.01525227  -0.01488467  -0.01463882  -0.01532926  -0.01525802  -0.01510397 
  -0.01519436  -0.01529413  -0.01514957  -0.01508217  -0.01544128]
[-0.73081341  -0.73185761  -0.73261408  -0.73146779  -0.73219959  -0.73242054 
  -0.73226258  -0.73193174  -0.73200769  -0.73099991  -0.73186001  -0.73159943 
  -0.73258705  -0.73215868  -0.73211822  -0.73229341  -0.73099715  -0.73166488 
  -0.73142043  -0.73218274  -0.73239638  -0.73182353  -0.73125041  -0.73183222 
  -0.7311096    -0.73187011  -0.73203966  -0.73180932  -0.73130259]
increment_20
[0.35083112  0.35100542  0.35016136  0.35029518  0.35104832  0.35103393 
  0.3513343    0.3509311    0.35031359  0.35088471  0.35185794  0.35101167 
  0.35142573  0.35091316  0.35009523  0.3505354    0.3510423    0.35166197 
  0.35141921  0.35088649  0.35041878  0.35079366  0.35114927  0.35121614 
  0.35014943  0.35108498  0.35089209  0.35092344  0.35008399]
[0.59027023  0.58642878  0.5843077    0.58858072  0.58491874  0.58497122 
  0.58511074  0.58629554  0.58649        0.5887788    0.5859155    0.58680396 
  0.58381595  0.58597228  0.58595797  0.58523477  0.58823404  0.58632151 
  0.58743476  0.585102      0.58542833  0.5867306    0.58723238  0.58635839 
  0.58894855  0.58563883  0.58602961  0.58657148  0.58855318]
[-0.01555985  -0.01414403  -0.01315629  -0.01492747  -0.01370753  -0.01370745 
  -0.01430011  -0.0144253    -0.01399496  -0.01480213  -0.01425784  -0.01480581 
  -0.01376243  -0.01413567  -0.01379898  -0.01371055  -0.01515707  -0.01491621 
  -0.01489005  -0.01387458  -0.01356363  -0.01501473  -0.01471233  -0.01448949 
  -0.01465403  -0.01472706  -0.0146979    -0.01455104  -0.01546344]
[-0.72681255  -0.72986055  -0.73198254  -0.7284526    -0.73105899  -0.73102391 
  -0.73075655  -0.72999782  -0.73014656  -0.72801122  -0.72986008  -0.72954281 
  -0.73175781  -0.73027161  -0.73068199  -0.73105213  -0.72836824  -0.72961527 
  -0.7288369    -0.73098688  -0.7309558    -0.72970238  -0.72913365  -0.72980896 
  -0.7282309    -0.7304448    -0.73022463  -0.7297773    -0.72856519]
increment_30
[0.35041918  0.35066763  0.34910865  0.34964566  0.35071016  0.35073724 
  0.35127454  0.35046158  0.34952527  0.35048696  0.3522875    0.35077051 
  0.35136721  0.35050957  0.34888129  0.34988557  0.35089922  0.35205702 
  0.35142826  0.35048336  0.34961335  0.35010014  0.35101014  0.35104247 
  0.34928414  0.35076936  0.35044457  0.35051912  0.34920263]
[0.59569143  0.58925455  0.58576339  0.59305311  0.58664766  0.58700454 
  0.5872311    0.58915073  0.58943204  0.59293033  0.5878654    0.58952577 
  0.58494671  0.58880152  0.58856395  0.58705417  0.59159693  0.58833566 
  0.59082854  0.58690924  0.58793179  0.58995595  0.58990532  0.58887656 
  0.59329707  0.58768309  0.58880864  0.58933059  0.59277096]
[-0.01569929  -0.01328056  -0.01174965  -0.01481684  -0.01241971  -0.01275689 
  -0.01372729  -0.01379006  -0.01313867  -0.01429295  -0.01356856  -0.01439821 
  -0.01269634  -0.01339634  -0.01270763  -0.01258417  -0.01488981  -0.01443734 
  -0.0145667    -0.01285368  -0.01252284  -0.01472061  -0.01413441  -0.01381413 
  -0.01421348  -0.01415793  -0.01432589  -0.01400045  -0.01557007]
[-0.72257294  -0.7277602    -0.73134557  -0.72513197  -0.72985797  -0.72955213 
  -0.72909355  -0.72793402  -0.72816848  -0.72483669  -0.72809593  -0.72746966 
  -0.73090166  -0.72820077  -0.72918642  -0.72992405  -0.7257142    -0.7278108 
  -0.72609064  -0.72974909  -0.72934895  -0.7274374    -0.72705145  -0.7278755 
  -0.72511872  -0.72896433  -0.7282086    -0.72775669  -0.72556026]
increment_40
[0.35005373  0.35034539  0.34802615  0.34906499  0.3503725    0.35047501 
  0.35125268  0.34991279  0.34875739  0.35010783  0.35281585  0.35055474 
  0.35130958  0.35010614  0.34760869  0.34923566  0.3509246    0.35263206 
  0.3515208    0.35009443  0.34878128  0.34939545  0.35096045  0.35094693 
  0.34855259  0.35045192  0.34997937  0.35015067  0.34841651]
[0.60124063  0.59217016  0.58731418  0.59777721  0.58841669  0.5890891 
  0.58949299  0.59221189  0.59255707  0.59724503  0.58951809  0.5921751 
  0.58608781  0.59178349  0.59141437  0.58894035  0.59487384  0.59004463 
  0.59419207  0.58875521  0.59059249  0.59348158  0.59249895  0.59131354 
  0.5977041    0.58978576  0.59173097  0.5921742    0.59718472]
[-0.01589593  -0.01243487  -0.01037572  -0.01480831  -0.0111078    -0.01183929 
  -0.01320674  -0.01316511  -0.01234354  -0.01382171  -0.01282352  -0.01395595 
  -0.01161093  -0.01268042  -0.01167085  -0.01145373  -0.01465195  -0.01391113 
  -0.01424796  -0.01183889  -0.0115116    -0.01451761  -0.01355716  -0.01312732 
  -0.01385861  -0.01357263  -0.01398992  -0.01347447  -0.01578871]
[-0.71813607  -0.72556046  -0.73063821  -0.72152391  -0.72861617  -0.72801176 
  -0.72728615  -0.72572226  -0.72601105  -0.72147893  -0.72651562  -0.72542764 
  -0.73003276  -0.72598705  -0.72750329  -0.72873351  -0.72302307  -0.72615732 
  -0.72330209  -0.72846485  -0.72761226  -0.72490804  -0.72497445  -0.72595607 
  -0.72185098  -0.72742835  -0.72606693  -0.72563259  -0.72230676]
increment_50
[0.34975093  0.35004231  0.34695232  0.34854157  0.35004025  0.35025457 
  0.3512773    0.34927567  0.34800312  0.34977565  0.35341261  0.3503573 
  0.35125016  0.34970378  0.34634321  0.3486021    0.35113678  0.35336498 
  0.35170598  0.34972109  0.34795729  0.34872466  0.35104062  0.35094318 
  0.34799894  0.3501343    0.34950111  0.3498182    0.34776455]
[0.60691962  0.59514458  0.58897081  0.60278898  0.59020361  0.59120423 
  0.59186454  0.5954417    0.59589014  0.60162008  0.59091508  0.59471387 
  0.58722004  0.59491698  0.59453046  0.59096881  0.59799899  0.59152256 
  0.59742241  0.59063849  0.59336817  0.59737179  0.59495168  0.59369296 
  0.60202555  0.59194816  0.59473939  0.59509775  0.60168728]
[-0.01616201  -0.01160108  -0.00905849  -0.01491373  -0.00977524  -0.01095181 
  -0.01272892  -0.01253469  -0.0116168    -0.01336972  -0.01202257  -0.01345888 
  -0.01050017  -0.01199611  -0.01073586  -0.01035241  -0.01442871  -0.01334951 
  -0.01390998  -0.01083566  -0.01053416  -0.01443762  -0.01298473  -0.01244321 
  -0.01356674  -0.01297416  -0.01366585  -0.01297297  -0.0161157  ]
[-0.71348556  -0.72328329  -0.72983246  -0.71759445  -0.72734859  -0.72641542 
  -0.72535412  -0.72339379  -0.7236531    -0.71800524  -0.725103      -0.72345285 
  -0.72916781  -0.72362777  -0.72557884  -0.72740998  -0.72034157  -0.72460751 
  -0.72055248  -0.72713405  -0.72576096  -0.72203158  -0.72293456  -0.72402536 
  -0.71852482  -0.72583401  -0.72384203  -0.72340693  -0.71886892]
increment_60
[0.34954031  0.34976192  0.34592742  0.34807168  0.34971888  0.3500957 
  0.3513532    0.34855172  0.34725956  0.34953337  0.35405961  0.35017503 
  0.35118351  0.34930411  0.34513304  0.34797717  0.35154161  0.35422639 
  0.35199791  0.34936385  0.34717824  0.34811576  0.35127603  0.35104147 
  0.34763376  0.34981842  0.34902048  0.34952857  0.34730262]
[0.6127305    0.59813171  0.59073342  0.60814405  0.59196469  0.59329725 
  0.59429581  0.59877314  0.59946721  0.60592642  0.59207871  0.59709109 
  0.58833142  0.59820459  0.59786511  0.59317543  0.60093046  0.59284052 
  0.60039761  0.59252894  0.59622952  0.60164268  0.59722672  0.5960217 
  0.60617241  0.59413121  0.59778825  0.59806104  0.60614235]
[-0.01651993  -0.01077007  -0.00781933  -0.01515384  -0.00841462  -0.01008542 
  -0.01227597  -0.01187631  -0.01097385  -0.01291271  -0.0111643    -0.01288589 
  -0.00935541  -0.01135458  -0.00991823  -0.00928521  -0.01420964  -0.012758 
  -0.01352325  -0.00983697  -0.00959521  -0.01449799  -0.01242079  -0.01176938 
  -0.01331133  -0.0123562    -0.01333766  -0.01248327  -0.01654269]
[-0.7085972    -0.72096398  -0.72890816  -0.71328626  -0.72608795  -0.72479629 
  -0.72333445  -0.72100027  -0.72106133  -0.71450182  -0.72385077  -0.72159104 
  -0.72831913  -0.72111648  -0.72342389  -0.72592602  -0.71770409  -0.72311895 
  -0.71793962  -0.72578067  -0.72379939  -0.7187707    -0.72095154  -0.72207306 
  -0.71521226  -0.72421165  -0.72156498  -0.72110813  -0.71533117]
increment_70
[0.34945915  0.349509      0.34497901  0.3476596    0.34940921  0.35001872 
  0.35147738  0.34775324  0.34652971  0.34941096  0.3547504    0.35000586 
  0.3511112    0.34890857  0.34401468  0.34734934  0.35212173  0.35517908 
  0.3523934    0.34902306  0.34647211  0.34757978  0.35167504  0.35125019 
  0.34744426  0.34950515  0.34854926  0.34929146  0.34708104]
[0.61865691  0.60108506  0.59258994  0.61386564  0.5936768    0.59530067 
  0.59674674  0.60215011  0.60330675  0.61008046  0.59302222  0.59929062 
  0.5893977    0.60164259  0.60135863  0.59558403  0.60367401  0.59406035 
  0.60305708  0.59438619  0.599142      0.60626791  0.5993325    0.5982825 
  0.6101171    0.59628968  0.60085129  0.60101443  0.61041813]
[-0.01698689  -0.00992975  -0.0066673    -0.0155419    -0.00702148  -0.00922523 
  -0.01182969  -0.01117927  -0.01042722  -0.01243399  -0.01024955  -0.01222816 
  -0.00817202  -0.01076133  -0.00922432  -0.00825527  -0.01398881  -0.01213981 
  -0.01306714  -0.00883254  -0.008695      -0.01470729  -0.01187396  -0.01110675 
  -0.01307608  -0.01170777  -0.01300361  -0.01198964  -0.01704981]
[-0.70345816  -0.71863872  -0.72786138  -0.70856208  -0.72485292  -0.72320046 
  -0.72126073  -0.71858051  -0.71821264  -0.71102687  -0.72275289  -0.7198591 
  -0.72750567  -0.71845194  -0.7210663    -0.72426511  -0.71511698  -0.72165972 
  -0.715521      -0.72443767  -0.72174119  -0.7151302    -0.71901616  -0.72010971 
  -0.71194707  -0.72259788  -0.71925103  -0.71877213  -0.7117821  ]
increment_80
[0.34954367  0.34929498  0.34410814  0.34733319  0.34910822  0.35004192 
  0.35164723  0.34689559  0.34583395  0.34941452  0.35548108  0.34984902 
  0.35103374  0.3485257    0.34301509  0.34672122  0.35285124  0.356203 
  0.35287605  0.34869859  0.34586178  0.3471025    0.35224416  0.35157868 
  0.34742031  0.34919378  0.34809184  0.34910493  0.34711264]
[0.624657      0.60396572  0.59452097  0.61988998  0.59534777  0.59714203 
  0.59920015  0.60556436  0.60739865  0.61404016  0.59375829  0.60133978 
  0.59039016  0.6052115    0.60499643  0.59823075  0.60623422  0.59518455 
  0.6054265    0.59618588  0.60206053  0.61121761  0.60127219  0.60042367 
  0.61386939  0.59841007  0.6039143    0.60391855  0.61442058]
[-0.01756616  -0.00906971  -0.0055962    -0.01606907  -0.00559585  -0.00835416 
  -0.01137766  -0.010457      -0.00998742  -0.01192028  -0.00928022  -0.01149358 
  -0.00694809  -0.01021995  -0.00866354  -0.0072804    -0.01375264  -0.01148917 
  -0.01254632  -0.00781603  -0.00782651  -0.01505622  -0.01135382  -0.01044568 
  -0.01285673  -0.01101984  -0.01266665  -0.01147177  -0.01759776]
[-0.698079      -0.71633523  -0.72670702  -0.70344712  -0.72363884  -0.72168016 
  -0.71914808  -0.71613261  -0.7150986    -0.70761718  -0.72180203  -0.71823675 
  -0.72675064  -0.71564266  -0.71850185  -0.72239281  -0.71259171  -0.720238 
  -0.71328805  -0.72312558  -0.71961204  -0.71113023  -0.71712405  -0.71817459 
  -0.70873        -0.72100461  -0.71690944  -0.7164332    -0.70830113]
increment_90
[0.34982577  0.34913623  0.34330633  0.34714143  0.34881353  0.350178 
  0.35185964  0.34599994  0.34520681  0.3495402    0.35624125  0.34970325 
  0.35094121  0.34817972  0.34214923  0.34609608  0.35371512  0.35727996 
  0.35343218  0.34838744  0.3453542    0.34666386  0.35299572  0.3520232 
  0.34755072  0.34888327  0.34763908  0.34895256  0.34737982]
[0.63066243  0.60673967  0.59652905  0.6260812    0.59700102  0.59876248 
  0.60164934  0.60904414  0.61173504  0.61776596  0.59432153  0.60328823 
  0.59130354  0.60885976  0.60878167  0.60116255  0.60856925  0.59621611 
  0.6075527    0.59792845  0.60492651  0.61647014  0.60301363  0.60242883 
  0.61744144  0.60049537  0.60697486  0.60678226  0.61811024]
[-0.01825078  -0.00818359  -0.00460296  -0.01670916  -0.00414467  -0.00745432 
  -0.0109102    -0.00973674  -0.00967665  -0.01135598  -0.00826155  -0.01069694 
  -0.00568362  -0.00972982  -0.00823736  -0.00637592  -0.01347414  -0.01079909 
  -0.01197461  -0.0067843    -0.00696766  -0.0155279    -0.01085995  -0.00978019 
  -0.01264431  -0.01028378  -0.01232623  -0.01091532  -0.01815688]
[-0.69249818  -0.71407555  -0.72544653  -0.6980229    -0.72242766  -0.72028001 
  -0.71700337  -0.71362068  -0.71170138  -0.70431379  -0.72097562  -0.7166844 
  -0.72606342  -0.71271734  -0.71571708  -0.72026415  -0.71017429  -0.71886073 
  -0.71121166  -0.72184606  -0.71745791  -0.70678683  -0.71529759  -0.71628452 
  -0.70555984  -0.71943034  -0.71454646  -0.71409262  -0.70493781]
increment_100
[0.35033008  0.34904624  0.34257459  0.34713363  0.34852594  0.35041521 
  0.35211477  0.34509518  0.34469803  0.34978809  0.35701542  0.34956811 
  0.3508141    0.34790729  0.34141074  0.34547828  0.35471696  0.3583843 
  0.35405629  0.34808231  0.34493829  0.34625063  0.3539397    0.35256553 
  0.34781417  0.34857267  0.34717816  0.34881986  0.34786984]
[0.63659845  0.60938229  0.59863603  0.63231019  0.59867438  0.6001523 
  0.60407088  0.61262001  0.61634243  0.62121047  0.59476252  0.60519011 
  0.59215414  0.61248582  0.61270533  0.60442899  0.61060919  0.59720197 
  0.60947282  0.59963326  0.60765503  0.62200376  0.60451948  0.60434307 
  0.6208522    0.60255667  0.61003705  0.60964194  0.62148601]
[-0.01902714  -0.00726197  -0.0036981    -0.01743929  -0.00267889  -0.00651209 
  -0.01041673  -0.0090466    -0.00954159  -0.01072186  -0.0072005    -0.00985418 
  -0.00437936  -0.00927816  -0.00793407  -0.00555753  -0.01312565  -0.01007079 
  -0.0113677    -0.00573697  -0.00608405  -0.01610563  -0.01038601  -0.0091178 
  -0.01242784  -0.00949714  -0.0119826    -0.0103196    -0.01872197]
[-0.68676722  -0.71187584  -0.72406069  -0.69237124  -0.72118755  -0.71901599 
  -0.71484618  -0.71100225  -0.70796485  -0.70116395  -0.72024002  -0.71515729 
  -0.72544039  -0.7097433    -0.71271869  -0.7178297    -0.70792656  -0.71750197 
  -0.70926568  -0.72058709  -0.71535721  -0.70211283  -0.713565      -0.71441156 
  -0.70243391  -0.71786654  -0.71216468  -0.71172671  -0.70170593]
increment_110
[0.35107749  0.34903212  0.34192994  0.34734872  0.34824937  0.35072359 
  0.35241336  0.34422429  0.34436185  0.35016376  0.35779569  0.34944464 
  0.35063431  0.34773964  0.34078705  0.3448875    0.35586755  0.3594986 
  0.35474538  0.34777421  0.34459786  0.34585351  0.35507397  0.35319308 
  0.34819488  0.34826115  0.34670146  0.34870541  0.34858112]
[0.64238116  0.61187175  0.60085956  0.63847041  0.60039062  0.60135537 
  0.60642559  0.61631001  0.62124852  0.62434467  0.59511724  0.60707403 
  0.59295779  0.61595967  0.61675268  0.60806842  0.61229895  0.59820282 
  0.61121922  0.60132867  0.61014929  0.62778665  0.60575829  0.6062234 
  0.62411593  0.6046186    0.61309459  0.61252574  0.62455829]
[-0.01987681  -0.00629402  -0.00289944  -0.01824178  -0.00120798  -0.00552674 
  -0.00988527  -0.00841979  -0.00962597  -0.01000865  -0.00610489  -0.00897162 
  -0.00303805  -0.00883397  -0.00774116  -0.00485074  -0.0126907    -0.00931421 
  -0.01074031  -0.00467545  -0.00514467  -0.01676789  -0.00991943  -0.00847123 
  -0.01220122  -0.00866474  -0.01163545  -0.0096916    -0.01929771]
[-0.68095224  -0.70975342  -0.72252564  -0.6865651    -0.71989723  -0.71786777 
  -0.7127097    -0.70823776  -0.70382706  -0.6981969    -0.71956962  -0.71363091 
  -0.72487752  -0.70681877  -0.70952124  -0.71503978  -0.70589463  -0.71611968 
  -0.70742591  -0.7193296    -0.7134029    -0.69712847  -0.71195574  -0.71251391 
  -0.69935024  -0.71629285  -0.70977302  -0.70931152  -0.69860271]
increment_120
[0.35207716  0.34909634  0.34139791  0.34782477  0.34798583  0.35107867 
  0.3527472    0.34344508  0.34424307  0.35067053  0.35857886  0.34933559 
  0.35038602  0.3476863    0.34027862  0.3443649    0.35717406  0.3606105 
  0.3554893    0.34745558  0.34430951  0.34546636  0.35638481  0.35390447 
  0.34868085  0.34794842  0.34621196  0.34862053  0.34951016]
[0.64793388  0.61418553  0.6032062    0.64444422  0.60216025  0.60241692 
  0.60868491  0.62010409  0.62641279  0.62714231  0.59540332  0.60894688 
  0.59372399  0.61917008  0.62089379  0.61206854  0.61359736  0.59925972 
  0.61282976  0.60304333  0.61233349  0.63375564  0.60670034  0.60810286 
  0.62722701  0.60672211  0.61612717  0.61543674  0.62733056]
[-0.02078017  -0.00527264  -0.00222352  -0.0190967      0.00025734  -0.00450181 
  -0.00930539  -0.0078901    -0.00993414  -0.00921225  -0.0049816    -0.00804979 
  -0.00166347  -0.0083532    -0.00765179  -0.00427965  -0.01215764  -0.00853461 
  -0.01009945  -0.00360192  -0.004128      -0.01748193  -0.00943774  -0.00784712 
  -0.01195727  -0.00779941  -0.01128783  -0.00903813  -0.01988316]
[-0.67512335  -0.70772882  -0.72082231  -0.68069442  -0.71854633  -0.71681055 
  -0.71062332  -0.70530429  -0.69928895  -0.69544075  -0.71895151  -0.71209799 
  -0.7243747    -0.70404039  -0.70614645  -0.71187541  -0.70411445  -0.71468525 
  -0.70566638  -0.71805319  -0.71167522  -0.69188234  -0.71050369  -0.71056383 
  -0.69632246  -0.71467429  -0.70738757  -0.70683779  -0.69563186]
