inc
quat_01
quat_02
quat_03
quat_04
increment_0
[0.03909373  0.03909373  0.03909373  0.03909373  0.03909373  0.03909373 
  0.03909373  0.03909373  0.03909373  0.03909373  0.03909373  0.03909373 
  0.03909373  0.03909373  0.03909373  0.03909373  0.03909373  0.03909373]
[0.45962268  0.45962268  0.45962268  0.45962268  0.45962268  0.45962268 
  0.45962268  0.45962268  0.45962268  0.45962268  0.45962268  0.45962268 
  0.45962268  0.45962268  0.45962268  0.45962268  0.45962268  0.45962268]
[0.42809626  0.42809626  0.42809626  0.42809626  0.42809626  0.42809626 
  0.42809626  0.42809626  0.42809626  0.42809626  0.42809626  0.42809626 
  0.42809626  0.42809626  0.42809626  0.42809626  0.42809626  0.42809626]
[0.77714366  0.77714366  0.77714366  0.77714366  0.77714366  0.77714366 
  0.77714366  0.77714366  0.77714366  0.77714366  0.77714366  0.77714366 
  0.77714366  0.77714366  0.77714366  0.77714366  0.77714366  0.77714366]
increment_10
[0.03752875  0.03867187  0.03751843  0.03698434  0.03846216  0.03840576 
  0.03791433  0.03701734  0.03951545  0.03915867  0.03803858  0.03778298 
  0.03686347  0.03881084  0.03930704  0.03796344  0.03909487  0.03732003]
[0.46150087  0.46017526  0.46129014  0.46104807  0.46250656  0.46018229 
  0.46163293  0.46185842  0.45976144  0.46066015  0.46133343  0.46124609 
  0.46170894  0.46013621  0.45990283  0.46192741  0.46061601  0.4622325  ]
[0.43077485  0.42992593  0.43102575  0.4319119    0.42838008  0.43038657 
  0.43006821  0.43132427  0.42875493  0.4286787    0.43009693  0.4305228 
  0.43184906  0.42987853  0.42913022  0.42968645  0.42861271  0.43020945]
[0.7746235    0.7758266    0.77460995  0.77428609  0.77530565  0.77558021 
  0.77491863  0.77412911  0.77667699  0.77620448  0.77507494  0.77490297 
  0.77393303  0.77586909  0.77639655  0.77495251  0.77627033  0.77451156]
increment_20
[0.03567356  0.03773863  0.03519809  0.03452051  0.03761396  0.03716313 
  0.0362892    0.03455334  0.04024577  0.03930837  0.03651319  0.03603975 
  0.03427798  0.03831266  0.03973884  0.03624802  0.03931819  0.03569907]
[0.46450784  0.46115593  0.46329921  0.46221693  0.46690492  0.4613094 
  0.46434695  0.46419758  0.45989894  0.46257552  0.46338057  0.4632865 
  0.46395784  0.46082427  0.46090034  0.46498259  0.46203253  0.46519228]
[0.43311909  0.4325559    0.43477294  0.43648894  0.42775232  0.43338922 
  0.43232041  0.43517053  0.42914966  0.42857153  0.43279702  0.43354186 
  0.43591494  0.43202805  0.42938557  0.43180907  0.4288146    0.43214033]
[0.77160075  0.77382582  0.7714191    0.77112985  0.77305429  0.77329576 
  0.77211661  0.77068365  0.77634001  0.77511624  0.77241956  0.77208044 
  0.77041957  0.77428993  0.7756415    0.77202215  0.77530514  0.771736    ]
increment_30
[0.03393073  0.03659404  0.0326398    0.03218653  0.03688071  0.03581414 
  0.03447599  0.03218654  0.04099699  0.03942576  0.03516229  0.03408388 
  0.03173162  0.0377144    0.04018324  0.03470868  0.03959459  0.03414368]
[0.46729856  0.46232787  0.46530968  0.46297716  0.47125384  0.46260684 
  0.46733777  0.46633449  0.4600863    0.4646776    0.46517587  0.46547963 
  0.46604966  0.46153513  0.46192881  0.46766474  0.4634268    0.46806668]
[0.43542547  0.43537156  0.43868535  0.44085043  0.42701249  0.43640489 
  0.43460061  0.4388671    0.42954488  0.42838945  0.43532352  0.43670814 
  0.43978902  0.43433576  0.42962226  0.43392374  0.42899397  0.43393524]
[0.76869072  0.77159926  0.76809941  0.76828841  0.77085665  0.77088458 
  0.76910931  0.76739288  0.77597103  0.77395273  0.76997952  0.76905982 
  0.767057      0.772603      0.77487534  0.76928225  0.77435911  0.76905656]
increment_40
[0.0321984    0.03523633  0.02996239  0.02999052  0.03620923  0.03433626 
  0.03255146  0.02993705  0.04173177  0.03948005  0.0339645    0.03200879 
  0.02921435  0.03704264  0.04057465  0.03330154  0.03992316  0.03268615]
[0.46984652  0.46359413  0.46725566  0.46340826  0.47553066  0.46404437 
  0.47045472  0.46821344  0.46037148  0.46689558  0.46670658  0.4677117 
  0.46802703  0.46224163  0.46298216  0.47005782  0.46487476  0.47083986]
[0.43786835  0.43843337  0.44260003  0.44501269  0.42623605  0.43947251 
  0.43690647  0.44244146  0.42993821  0.42824486  0.43766645  0.43986595 
  0.44350848  0.43676758  0.42996069  0.4360381    0.42906983  0.43544067]
[0.76581905  0.76916517  0.76477422  0.76571343  0.7686887    0.76834091 
  0.76598009  0.76428103  0.77554478  0.77269411  0.76777566  0.765989 
  0.76380459  0.77084019  0.77403813  0.76668601  0.77343176  0.76657215]
increment_50
[0.03046503  0.03363296  0.02722239  0.02792611  0.0356218    0.03273517 
  0.03049641  0.02783357  0.04239452  0.03950269  0.03288389  0.02982226 
  0.02674445  0.03630196  0.0409061    0.03199519  0.04028154  0.03138837]
[0.47221769  0.46493082  0.46908648  0.46358989  0.47971545  0.46560045 
  0.47362309  0.46979207  0.46081273  0.4691201    0.46791613  0.46993304 
  0.46986257  0.46296457  0.46402459  0.47223518  0.46650547  0.47335319]
[0.44039012  0.44179116  0.44647994  0.44900466  0.42534045  0.4425901 
  0.43933037  0.44589621  0.43036665  0.42818178  0.43986495  0.4429236 
  0.44706176  0.43929111  0.43044548  0.43814708  0.42895845  0.43651424]
[0.76298026  0.76650423  0.76149359  0.76334747  0.76660921  0.76567528 
  0.7627188    0.76137854  0.77500895  0.77137944  0.76582763  0.7629497 
  0.76069027  0.76900539  0.77312648  0.76419721  0.77249252  0.76446507]
increment_60
[0.02872287  0.0317581    0.02444762  0.02598023  0.03513833  0.03102251 
  0.02828064  0.02588023  0.0429437    0.039529      0.03187386  0.0275226 
  0.02432546  0.03549001  0.04118268  0.03076026  0.04064106  0.03031848]
[0.47449489  0.46633276  0.47077076  0.463592      0.48376799  0.46726755 
  0.47678097  0.47108747  0.46144004  0.47129093  0.46879179  0.47212007 
  0.47155402  0.46372298  0.46501135  0.4742269    0.46840042  0.47550547]
[0.44292999  0.44546488  0.45033283  0.45285326  0.42427693  0.44573626 
  0.44195989  0.44923414  0.43086537  0.42819235  0.44197773  0.44581055 
  0.45043092  0.44188633  0.4311052    0.4402771    0.42862935  0.43707004]
[0.7601596    0.76360082  0.75827274  0.76113823  0.76467177  0.76290093 
  0.75930993  0.7586801    0.77432807  0.77004781  0.76411648  0.75999875 
  0.75773152  0.76709708  0.77215072  0.76178654  0.77150906  0.76285328]
increment_70
[0.02695322  0.02961818  0.02166812  0.02412923  0.03474897  0.0292042 
  0.02592202  0.02405648  0.04335375  0.03959425  0.03089343  0.02513563 
  0.02196462  0.03458071  0.04142553  0.02956436  0.04098591  0.02951117]
[0.47673463  0.46777251  0.47227739  0.46348549  0.48767899  0.46904119 
  0.47986425  0.47215597  0.46226881  0.47339772  0.46935562  0.47423375 
  0.47309111  0.46454309  0.46590307  0.47603453  0.47055963  0.47734294]
[0.44547897  0.44944143  0.45417621  0.45659347  0.42307888  0.44889982 
  0.44479856  0.45247129  0.43145442  0.42822336  0.44405495  0.44847421 
  0.45359536  0.44456559  0.4319349    0.44248081  0.42810757  0.43709118]
[0.75732827  0.76046962  0.75512153  0.7590266    0.76286694  0.76002396 
  0.75578608  0.75614797  0.77348244  0.76873379  0.76260481  0.75719313 
  0.75495272  0.76509171  0.77113585  0.75942597  0.77046589  0.76172443]
increment_80
[0.02512494  0.02725452  0.01891852  0.02234578  0.03442137  0.02728708 
  0.0234769    0.02232332  0.04361209  0.03973016  0.02990546  0.02270011 
  0.01968297  0.03352993  0.04166841  0.02836805  0.04132239  0.02897179]
[0.47897096  0.46919567  0.47357725  0.46334144  0.49147484  0.47091329 
  0.48281529  0.47307764  0.46330003  0.47544473  0.4696149    0.47622146 
  0.47444504  0.46544647  0.46667816  0.4776507    0.47291858  0.47895958]
[0.44806322  0.453679      0.45802706  0.46024687  0.42181903  0.45207266 
  0.44777974  0.45563515  0.43214805  0.42821606  0.44614167  0.45089822 
  0.45654516  0.44737274  0.43289427  0.44482233  0.42744246  0.43659295]
[0.75445007  0.75715783  0.75204912  0.75695984  0.76114149  0.75705113 
  0.75221775  0.75372132  0.77246303  0.7674665    0.76126548  0.75457844 
  0.75238355  0.76295017  0.77011544  0.75708531  0.76937209  0.76101574]
increment_90
[0.02320555  0.02472551  0.01622767  0.02058611  0.0341192    0.02527411 
  0.02100958  0.02062126  0.04371801  0.03996253  0.02887799  0.02023732 
  0.01749717  0.03228734  0.04194668  0.0271383    0.04166978  0.02867703]
[0.48124338  0.47056529  0.47465581  0.46321345  0.49520151  0.4728794 
  0.48557036  0.47393657  0.46451623  0.47740696  0.46958915  0.47805378 
  0.4755947    0.46645295  0.46731171  0.47908165  0.47539116  0.480445    ]
[0.45069926  0.4580987    0.46188178  0.46383057  0.42055392  0.45524879 
  0.45082648  0.45877068  0.43296072  0.42814892  0.44828018  0.45311027 
  0.45929335  0.45035993  0.43394397  0.44733791  0.42668069  0.43562359]
[0.75148952  0.75372577  0.74906859  0.75489782  0.75943778  0.75398597 
  0.74868919  0.7513244    0.77127066  0.76627286  0.76006379  0.75216096 
  0.75003543  0.7606281    0.76912474  0.7547404    0.76825156  0.76064599]
increment_100
[0.02117432  0.02210389  0.01360305  0.01878999  0.03382417  0.02317505 
  0.01856768  0.01888077  0.04368478  0.04031811  0.02779189  0.01775027 
  0.01541131  0.03080191  0.042293      0.02586903  0.04203957  0.02859179]
[0.48363419  0.47187445  0.47553741  0.46313292  0.49890955  0.47493506 
  0.48806223  0.47480464  0.46589377  0.47923914  0.46933626  0.47973194 
  0.47654169  0.46758462  0.46777373  0.4803317    0.47790079  0.48184946]
[0.45334718  0.46258202  0.46571292  0.46735595  0.41926641  0.45841184 
  0.45388924  0.46193156  0.43388808  0.42801632  0.45050084  0.45514908 
  0.46187317  0.45357314  0.43505291  0.45001737  0.425873      0.43428163]
[0.74841563  0.75024249  0.74618403  0.75281688  0.75773403  0.75083832 
  0.74527516  0.74888137  0.76991933  0.76518385  0.75894669  0.749921 
  0.74789283  0.75808131  0.76819789  0.75239392  0.7671217    0.76052816]
increment_110
[0.01901631  0.0194623    0.01103261  0.01687697  0.03353036  0.02101008 
  0.01618493  0.01702403  0.04353019  0.04082448  0.02663934  0.01525359 
  0.01340106  0.02903138  0.04271724  0.02459186  0.04241862  0.02869655]
[0.48624163  0.47312144  0.47627959  0.46313123  0.50267935  0.47706365 
  0.49024825  0.47574521  0.4674177    0.48090518  0.46892922  0.48126208 
  0.47731708  0.46886838  0.4680547    0.48139165  0.48042083  0.48315439]
[0.45593552  0.4670087    0.4694902    0.47085468  0.41786927  0.46154212 
  0.45693456  0.46517354  0.43490799  0.42780285  0.45282444  0.45702883 
  0.46433372  0.45703214  0.43621193  0.45279212  0.42506962  0.43268112]
[0.74520484  0.74677988  0.74338078  0.75068003  0.75602543  0.74762806 
  0.74202797  0.7463178    0.76842752  0.76423052  0.75785603  0.74784944 
  0.74591086  0.75527561  0.76734555  0.75009107  0.76597148  0.76060857]
increment_120
[0.01672848  0.01685037  0.0085028    0.01476738  0.03325125  0.01879406 
  0.01388289  0.01499305  0.04326211  0.04150905  0.02542143  0.01277199 
  0.01142561  0.02695454  0.0431955    0.02337802  0.04275758  0.02899122]
[0.48911533  0.47429781  0.47694077  0.4632289    0.50656902  0.4792321 
  0.49213865  0.47680684  0.46909185  0.48239139  0.46843102  0.48266759 
  0.47797826  0.47033279  0.46817635  0.48224854  0.48300233  0.48427762]
[0.45839855  0.47128347  0.47317679  0.47437278  0.41626772  0.46463898 
  0.45993705  0.46851665  0.43599997  0.4274731    0.45526862  0.45875449 
  0.46672339  0.46071776  0.4374427    0.45552753  0.42431235  0.43091325]
[0.74186058  0.74340402  0.74064764  0.74844597  0.75432312  0.7443749 
  0.73896193  0.74358765  0.76680197  0.76344109  0.75674078  0.74593109 
  0.74402655  0.75219656  0.7665435    0.74792011  0.76474804  0.76088663]
