inc
quat_01
quat_02
quat_03
quat_04
increment_0
[0.33190826  0.33190826  0.33190826  0.33190826  0.33190826  0.33190826 
  0.33190826  0.33190826  0.33190826  0.33190826  0.33190826  0.33190826 
  0.33190826  0.33190826  0.33190826  0.33190826  0.33190826  0.33190826 
  0.33190826  0.33190826  0.33190826  0.33190826  0.33190826  0.33190826 
  0.33190826  0.33190826  0.33190826  0.33190826  0.33190826  0.33190826 
  0.33190826  0.33190826  0.33190826  0.33190826  0.33190826  0.33190826 
  0.33190826]
[-0.34925011  -0.34925011  -0.34925011  -0.34925011  -0.34925011  -0.34925011 
  -0.34925011  -0.34925011  -0.34925011  -0.34925011  -0.34925011  -0.34925011 
  -0.34925011  -0.34925011  -0.34925011  -0.34925011  -0.34925011  -0.34925011 
  -0.34925011  -0.34925011  -0.34925011  -0.34925011  -0.34925011  -0.34925011 
  -0.34925011  -0.34925011  -0.34925011  -0.34925011  -0.34925011  -0.34925011 
  -0.34925011  -0.34925011  -0.34925011  -0.34925011  -0.34925011  -0.34925011 
  -0.34925011]
[0.55061037  0.55061037  0.55061037  0.55061037  0.55061037  0.55061037 
  0.55061037  0.55061037  0.55061037  0.55061037  0.55061037  0.55061037 
  0.55061037  0.55061037  0.55061037  0.55061037  0.55061037  0.55061037 
  0.55061037  0.55061037  0.55061037  0.55061037  0.55061037  0.55061037 
  0.55061037  0.55061037  0.55061037  0.55061037  0.55061037  0.55061037 
  0.55061037  0.55061037  0.55061037  0.55061037  0.55061037  0.55061037 
  0.55061037]
[0.68168137  0.68168137  0.68168137  0.68168137  0.68168137  0.68168137 
  0.68168137  0.68168137  0.68168137  0.68168137  0.68168137  0.68168137 
  0.68168137  0.68168137  0.68168137  0.68168137  0.68168137  0.68168137 
  0.68168137  0.68168137  0.68168137  0.68168137  0.68168137  0.68168137 
  0.68168137  0.68168137  0.68168137  0.68168137  0.68168137  0.68168137 
  0.68168137  0.68168137  0.68168137  0.68168137  0.68168137  0.68168137 
  0.68168137]
increment_10
[0.33098287  0.33160182  0.33149445  0.33094541  0.33087627  0.3312869 
  0.33042083  0.33070211  0.33071169  0.33046871  0.33082503  0.33089134 
  0.33110261  0.33023037  0.33085563  0.33031624  0.33101977  0.33081256 
  0.33100793  0.33064181  0.33057321  0.32980188  0.33084586  0.3314191 
  0.33108134  0.33089491  0.33005867  0.33129264  0.33119451  0.33119172 
  0.33036395  0.33161716  0.33168145  0.33101236  0.33172277  0.33195307 
  0.33100953]
[-0.3482603    -0.34847646  -0.34767384  -0.34794705  -0.34820457  -0.34754908 
  -0.34920116  -0.34914662  -0.34955971  -0.34745725  -0.34848652  -0.34777603 
  -0.34891262  -0.34989969  -0.34899437  -0.34958668  -0.34836954  -0.34730951 
  -0.34819826  -0.34772916  -0.34894642  -0.35009316  -0.34794651  -0.34764451 
  -0.34831512  -0.34841987  -0.34936874  -0.34759449  -0.34747231  -0.34801447 
  -0.34889818  -0.3478152    -0.34803075  -0.34796038  -0.34784103  -0.34747915 
  -0.3473474  ]
[0.55148883  0.55077282  0.5511353    0.55147229  0.55150184  0.55130171 
  0.55196565  0.55154661  0.55144164  0.55176546  0.55157521  0.55148508 
  0.55140153  0.55149272  0.55180891  0.55114771  0.55144254  0.55163335 
  0.55148553  0.55169934  0.55166641  0.55196813  0.55156538  0.55144907 
  0.55154462  0.55157259  0.55180092  0.55133054  0.55166274  0.55144398 
  0.55184231  0.55129868  0.55141309  0.55147207  0.55107233  0.5509613 
  0.55137223]
[0.68192755  0.68209507  0.68226404  0.68211898  0.68199721  0.68229396 
  0.68133292  0.68156371  0.68143225  0.68236264  0.6818187    0.68222207 
  0.68160648  0.68144984  0.68135483  0.68184788  0.68189127  0.68237805 
  0.68194973  0.68219371  0.68163181  0.68117303  0.68209227  0.68206202 
  0.68180661  0.68182096  0.68155594  0.68224475  0.68208608  0.68198791 
  0.68161557  0.6820003    0.68176654  0.68207987  0.68211869  0.68228077 
  0.68247428]
increment_20
[0.32996546  0.33134721  0.33106649  0.3298253    0.32983314  0.33090632 
  0.32902627  0.3293298    0.32994121  0.32894587  0.33001857  0.32974998 
  0.3306385    0.3284064    0.33024097  0.32908632  0.33005613  0.32962769 
  0.33024225  0.32929103  0.32922243  0.32737989  0.33001767  0.33093942 
  0.3307403    0.32996194  0.32777143  0.3310057    0.33037478  0.33068976 
  0.32837565  0.33159318  0.33178757  0.33023823  0.33165656  0.33194223 
  0.32979894]
[-0.34694879  -0.34754286  -0.34545439  -0.34587528  -0.34670654  -0.34527275 
  -0.34922833  -0.34888411  -0.3496309    -0.34526478  -0.34687804  -0.34607353 
  -0.34821577  -0.35123619  -0.3484574    -0.34998488  -0.34787033  -0.34433138 
  -0.3467157    -0.34541239  -0.34861147  -0.35125967  -0.34620291  -0.34522581 
  -0.34703558  -0.34703119  -0.34982606  -0.34522931  -0.34501331  -0.34593326 
  -0.348303      -0.34539629  -0.34656136  -0.34549804  -0.34553028  -0.34499692 
  -0.34462173]
[0.55224255  0.55050234  0.5513905    0.55241473  0.55220142  0.5518637 
  0.55354273  0.55246381  0.55196329  0.55303296  0.55235329  0.55230479 
  0.55191941  0.55211333  0.55282751  0.55107985  0.55211346  0.55263224 
  0.5522438    0.55274848  0.55262907  0.55369493  0.55242405  0.55228494 
  0.55238015  0.55244753  0.55304707  0.55179646  0.55276422  0.55223502 
  0.5532722    0.55160546  0.55210146  0.55230361  0.55138683  0.55124547 
  0.5518959  ]
[0.68247893  0.682913      0.6833921    0.68295207  0.68269925  0.68317947 
  0.68071414  0.68161976  0.68134688  0.68318474  0.6823996    0.68297693 
  0.68176897  0.68114113  0.68110211  0.68229303  0.68207031  0.68365129 
  0.68246251  0.68317407  0.68167715  0.68033887  0.68268554  0.68284668 
  0.68194818  0.68227282  0.68141512  0.68320759  0.68283969  0.68264994 
  0.68172159  0.68299252  0.6819063    0.68303334  0.68307051  0.68331538 
  0.68401713]
increment_30
[0.32885101  0.33116207  0.3306585    0.32870225  0.32876217  0.33054151 
  0.32766782  0.32805232  0.32918926  0.32738495  0.32937067  0.32851013 
  0.33024736  0.32662845  0.32974182  0.32791759  0.32912021  0.32840299 
  0.32951632  0.32794828  0.32797554  0.32509929  0.3292561    0.33045881 
  0.33040548  0.32911839  0.32554987  0.33084278  0.32948392  0.33030528 
  0.32626789  0.33157475  0.33183783  0.32939037  0.3315195    0.33184602 
  0.32828516]
[-0.34567473  -0.3466722    -0.34325041  -0.34379987  -0.3451942    -0.34316986 
  -0.3492784    -0.34847942  -0.34971368  -0.34302413  -0.34519314  -0.34437777 
  -0.34753516  -0.35256187  -0.34776442  -0.35049164  -0.3474892    -0.34120506 
  -0.34530546  -0.34305079  -0.34827688  -0.35233266  -0.3443639    -0.34275623 
  -0.34576222  -0.34566139  -0.35016157  -0.34271037  -0.34258574  -0.34380851 
  -0.3477494    -0.34292038  -0.34510551  -0.34283953  -0.34318879  -0.342371 
  -0.34202224]
[0.552946      0.55010055  0.55158046  0.55334713  0.55291853  0.55234182 
  0.55503762  0.55327211  0.55239613  0.55433533  0.5530359    0.55317265 
  0.55239868  0.55258304  0.55374426  0.550859      0.55273885  0.55365266 
  0.55297767  0.55375796  0.55357062  0.5553462    0.553259      0.55321437 
  0.55321474  0.55330398  0.55432372  0.55222513  0.55388321  0.5530502 
  0.55470995  0.55188962  0.55283088  0.55319304  0.55177882  0.55157473 
  0.55241612]
[0.68309349  0.68376856  0.68454591  0.6837861    0.68340142  0.68402871 
  0.68012619  0.68178716  0.68131732  0.68400723  0.68301387  0.6837288 
  0.68191766  0.68093022  0.6809534    0.68277377  0.68221031  0.68498125 
  0.68293399  0.68419164  0.68168528  0.67953128  0.68330696  0.68357077 
  0.68208076  0.68268147  0.68127041  0.68420762  0.68358522  0.6832493 
  0.68184785  0.68401874  0.68202923  0.68406177  0.68400029  0.68441627 
  0.68562823]
increment_40
[0.32764913  0.33095372  0.33026817  0.3275417    0.32761056  0.33014987 
  0.32630374  0.32692844  0.32832779  0.32582094  0.3287594    0.32719341 
  0.32989896  0.32489146  0.32934608  0.32677712  0.32816749  0.32708624 
  0.32882137  0.32660283  0.32674252  0.32291945  0.32843587  0.329958 
  0.33000929  0.32833381  0.32337765  0.33063446  0.32849852  0.32995435 
  0.32409711  0.33153005  0.3318572    0.32846546  0.33141802  0.33169751 
  0.32664902]
[-0.34443217  -0.34585297  -0.34110598  -0.34173899  -0.34373434  -0.3411716 
  -0.34941489  -0.34793589  -0.3497251    -0.34072669  -0.34350156  -0.34264876 
  -0.34687702  -0.3538417    -0.34679999  -0.351083      -0.34721189  -0.33802593 
  -0.34395828  -0.34067014  -0.34790609  -0.35327643  -0.34244308  -0.34029273 
  -0.34444346  -0.34425626  -0.3503512    -0.34010409  -0.34014226  -0.34165731 
  -0.34716452  -0.34036271  -0.3435726    -0.34010552  -0.34082513  -0.3396443 
  -0.33945441]
[0.5536768    0.54962535  0.55174385  0.55429781  0.55370614  0.55276768 
  0.55644326  0.55397963  0.55276577  0.55563012  0.55369731  0.55407622 
  0.55286938  0.55289706  0.55460575  0.55057613  0.55332854  0.55472873 
  0.55369568  0.55476059  0.55452328  0.55691225  0.55409604  0.55424789 
  0.55406074  0.55411647  0.55557435  0.55267522  0.55506602  0.55393667 
  0.5561351    0.55219389  0.55360971  0.55406727  0.5521833    0.55193099 
  0.55296087]
[0.68370647  0.68466586  0.68567367  0.68460561  0.68405229  0.68487291 
  0.6795631    0.68203004  0.68142734  0.68485123  0.68362507  0.68449678 
  0.68203993  0.68084244  0.68093567  0.68324473  0.68233242  0.6863156 
  0.68336689  0.68521175  0.68169246  0.6787986    0.68398845  0.684206 
  0.68225308  0.68311015  0.68118872  0.6852446    0.68431987  0.68377962 
  0.68202024  0.6850715    0.68216197  0.68516285  0.68490432  0.68555867 
  0.68724478]
increment_50
[0.32642103  0.33064196  0.32988527  0.32636823  0.32635151  0.32970741 
  0.32493541  0.32595856  0.32735367  0.32425342  0.32816266  0.32580053 
  0.32956004  0.32320926  0.3290497    0.3256786    0.32719984  0.32567933 
  0.32814573  0.32524926  0.32548531  0.32078769  0.32754703  0.32943739 
  0.32955569  0.32756796  0.32122706  0.33034736  0.32745217  0.32958466 
  0.32187233  0.33143854  0.33186771  0.32747717  0.33137515  0.33150283 
  0.32500231]
[-0.34320517  -0.34512938  -0.33901759  -0.33967573  -0.34231029  -0.33931171 
  -0.34959779  -0.34730531  -0.34967787  -0.33837898  -0.34182513  -0.34089164 
  -0.34625332  -0.35504036  -0.34558201  -0.35176504  -0.3470355    -0.33479637 
  -0.34268207  -0.33831828  -0.34752785  -0.35405787  -0.34046129  -0.33779683 
  -0.34308456  -0.34284921  -0.35043427  -0.33744538  -0.33765367  -0.3394735 
  -0.34657046  -0.33771975  -0.34191989  -0.33736831  -0.33844966  -0.33685721 
  -0.33686763]
[0.55446095  0.54912187  0.55190282  0.55525854  0.55457638  0.55316999 
  0.55776787  0.55458132  0.55307441  0.55691022  0.55434564  0.55501085 
  0.55335491  0.55309815  0.55542646  0.55021474  0.55388645  0.55585991 
  0.5544061    0.55575314  0.55550075  0.55840885  0.55494653  0.55538366 
  0.55492598  0.55489042  0.55678769  0.55315953  0.55630146  0.55489173 
  0.55754635  0.55253264  0.55442932  0.5549147    0.55256137  0.5522944 
  0.5535502  ]
[0.68427522  0.68558499  0.68676492  0.68541384  0.68466298  0.68568473 
  0.67903856  0.68232661  0.68166976  0.68571888  0.6842264    0.68528086 
  0.68212694  0.68085575  0.68102923  0.6837094    0.6824342    0.68765117 
  0.68375672  0.68621579  0.681691      0.67817243  0.68471411  0.68477245 
  0.6824538    0.68355708  0.68117286  0.68630589  0.68505019  0.68427104 
  0.68222371  0.6861498    0.68232158  0.68630242  0.68579754  0.68673429 
  0.68882209]
increment_60
[0.32521526  0.33020321  0.32951007  0.32518802  0.32499703  0.32921034 
  0.32358931  0.3251282    0.3263118    0.32268687  0.32756982  0.32433725 
  0.3292023    0.32162729  0.32883288  0.32462179  0.32621516  0.32419258 
  0.32747873  0.32390151  0.32419126  0.3186737    0.32658802  0.32889911 
  0.32905016  0.32681512  0.31905896  0.32998928  0.32640474  0.32915194 
  0.319611      0.33130449  0.33188638  0.32644529  0.33138986  0.33125867 
  0.32341274]
[-0.34197635  -0.34452812  -0.33696737  -0.33759926  -0.34088851  -0.33762063 
  -0.34976583  -0.34665811  -0.34961625  -0.33599934  -0.34017659  -0.33909286 
  -0.34567229  -0.3561122    -0.34415842  -0.35257471  -0.3469256    -0.33153874 
  -0.34146795  -0.33602644  -0.34716092  -0.35465096  -0.33846162  -0.33523337 
  -0.34170422  -0.34145882  -0.35042894  -0.33477252  -0.33509012  -0.33727268 
  -0.34597747  -0.33501023  -0.34010532  -0.33466755  -0.3360911    -0.33406864 
  -0.33423443]
[0.55530645  0.54860932  0.55206813  0.55623181  0.55553017  0.55356538 
  0.55901554  0.55506785  0.55332436  0.55816871  0.5549863    0.55598382 
  0.55386923  0.55321963  0.55622083  0.54974756  0.55443598  0.5570515 
  0.55511408  0.55674628  0.55651717  0.55983505  0.55582359  0.55662442 
  0.55581722  0.55565003  0.55797421  0.55368084  0.55757404  0.55589999 
  0.55894313  0.55290681  0.55527431  0.55574706  0.55285567  0.55265453 
  0.5541872  ]
[0.68477876  0.68650858  0.68782038  0.6862111    0.68524316  0.6864388 
  0.67856867  0.6826562    0.68199798  0.68660419  0.68481246  0.68607826 
  0.68217695  0.68094642  0.68120651  0.68417058  0.68251524  0.68896651 
  0.6841094    0.68717365  0.68166558  0.67768318  0.68545178  0.68528331 
  0.68266495  0.6839962    0.68122369  0.68736596  0.68577383  0.6847491 
  0.68244486  0.68724052  0.68253223  0.68744186  0.68671256  0.68792355 
  0.69033911]
increment_70
[0.32404966  0.32963989  0.32914973  0.32399141  0.32357834  0.32866815 
  0.32228768  0.3244297    0.32527554  0.32112165  0.32698806  0.3228188 
  0.3288175    0.32018302  0.32868098  0.32361211  0.32520989  0.32265831 
  0.32679615  0.32259146  0.32288394  0.31655306  0.32557173  0.32834435 
  0.32849997  0.32609696  0.31685581  0.32957505  0.325421      0.32863579 
  0.31732808  0.33114351  0.33192549  0.3253907    0.33146551  0.33095529 
  0.32189381]
[-0.34073196  -0.34407615  -0.33495616  -0.33549558  -0.33944085  -0.3361137 
  -0.34989126  -0.34603985  -0.34958215  -0.33359546  -0.33857892  -0.33723877 
  -0.34513179  -0.35704856  -0.34258777  -0.35353566  -0.34685528  -0.32829098 
  -0.34030408  -0.33381908  -0.34680624  -0.35505063  -0.33649898  -0.33259657 
  -0.34032628  -0.34010578  -0.35033474  -0.33212187  -0.33246076  -0.33507884 
  -0.3453842    -0.33225921  -0.33813142  -0.33200424  -0.3337945    -0.33133707 
  -0.33154778]
[0.55621838  0.54808149  0.55223619  0.55722367  0.55656345  0.55396712 
  0.56017477  0.55544323  0.55352663  0.5594037    0.55561866  0.55700077 
  0.55441224  0.55328706  0.55698241  0.54914894  0.5550124    0.55832513 
  0.55583139  0.55775895  0.55757796  0.56118329  0.55672952  0.55797311 
  0.55674296  0.55642608  0.55913683  0.55423465  0.55887211  0.55694975 
  0.56032903  0.55330964  0.55612701  0.55657702  0.55301988  0.55301322 
  0.5548677  ]
[0.6852114    0.68742697  0.68883961  0.68700369  0.68579449  0.68711371 
  0.67816737  0.68299678  0.68234626  0.68750452  0.68536926  0.68688294 
  0.68219511  0.68108192  0.68144921  0.68463361  0.68256222  0.69020989 
  0.68443325  0.68804398  0.68159975  0.67735259  0.68616596  0.68573721 
  0.68286387  0.6843821    0.68134717  0.68840345  0.68646411  0.68522089 
  0.68267417  0.68832859  0.68279965  0.68856089  0.68766334  0.68910139 
  0.69179642]
increment_80
[0.3229314    0.32895465  0.32881135  0.32276527  0.32212673  0.32809249 
  0.32102308  0.32385477  0.3243057    0.31956165  0.32642541  0.32126214 
  0.32841308  0.31888166  0.32857413  0.32265882  0.3241902    0.32113139 
  0.32605523  0.32134268  0.32159832  0.31440095  0.32451459  0.32777645 
  0.32789217  0.32543294  0.31461596  0.32911484  0.32452522  0.32805087 
  0.31501505  0.33095826  0.33199494  0.32431062  0.33161494  0.33058926 
  0.32041931]
[-0.3394623    -0.3437852    -0.33299953  -0.33335279  -0.33795818  -0.33479661 
  -0.34998526  -0.34546865  -0.34960944  -0.3311397    -0.33704933  -0.33532959 
  -0.34461455  -0.35788025  -0.34091684  -0.35464868  -0.34681291  -0.32506265 
  -0.3391903    -0.33171349  -0.34646562  -0.35526804  -0.33461625  -0.32988612 
  -0.33895901  -0.33880877  -0.35016086  -0.32950823  -0.32980134  -0.33290135 
  -0.34479169  -0.32946306  -0.33604386  -0.32934609  -0.33161584  -0.32868638 
  -0.32882379]
[0.55719283  0.54752558  0.55240405  0.55823783  0.55766412  0.55438291 
  0.56123052  0.55573345  0.55370524  0.56061971  0.55624195  0.55805528 
  0.55497622  0.5533198    0.55770209  0.54839354  0.55564746  0.55969773 
  0.55658147  0.55880546  0.55867262  0.56245255  0.5576584    0.55942431 
  0.55772261  0.55724065  0.56026404  0.55481232  0.56018985  0.55804009 
  0.56171583  0.55374805  0.55697758  0.55741854  0.55302392  0.55336679 
  0.55559541]
[0.68557772  0.68834316  0.6898146    0.68780014  0.68631579  0.68769625 
  0.6778457    0.68332264  0.68264893  0.68842748  0.68588562  0.68769107 
  0.68219283  0.68122934  0.68175005  0.68511322  0.68255214  0.69133737 
  0.68472987  0.68879714  0.68148441  0.67718815  0.68683284  0.6861357 
  0.68303661  0.68467867  0.68154851  0.68941354  0.68709664  0.68567527 
  0.68290522  0.68940831  0.68310311  0.68966539  0.68864142  0.69026169 
  0.69319559]
increment_90
[0.32186844  0.32814725  0.32849335  0.32149375  0.32066785  0.32749233 
  0.31978286  0.32339819  0.32341281  0.31802737  0.32586658  0.31967988 
  0.32801079  0.317708      0.32848906  0.32176631  0.3231709    0.31964691 
  0.32523683  0.32015353  0.3203641    0.31220775  0.32341937  0.32720821 
  0.32718904  0.32483937  0.31234443  0.32861385  0.32369414  0.32744306 
  0.31263746  0.33075033  0.33210161  0.32318811  0.33185028  0.33016249 
  0.31895369]
[-0.33817699  -0.34364323  -0.33110372  -0.33116126  -0.33644915  -0.33367834 
  -0.35006843  -0.34494571  -0.34970207  -0.32860128  -0.33558154  -0.33336489 
  -0.34411146  -0.35863909  -0.33918713  -0.35586724  -0.34677349  -0.32184578 
  -0.33814775  -0.32970414  -0.34614306  -0.35531872  -0.33282625  -0.32710402 
  -0.33760243  -0.33757912  -0.34992746  -0.32693644  -0.3271375    -0.33075078 
  -0.34420569  -0.32660894  -0.3338907    -0.32666436  -0.32961555  -0.32611612 
  -0.32608546]
[0.55821382  0.54693248  0.55258102  0.5592792    0.55881418  0.55480436 
  0.56217802  0.55596989  0.55388932  0.56181781  0.55686576  0.55913834 
  0.55554806  0.553323      0.55837898  0.54746157  0.55635962  0.56116017 
  0.5573753    0.55989194  0.55977572  0.56364079  0.55861626  0.56097453 
  0.55876863  0.55810367  0.561339      0.55540608  0.56153233  0.55917675 
  0.56311603  0.55424344  0.5578288    0.55828689  0.55286083  0.55370761 
  0.55638211]
[0.68588218  0.68927032  0.69073632  0.68860784  0.68680478  0.68818578 
  0.67760379  0.68361067  0.68287571  0.68937692  0.68636472  0.68850341 
  0.68217489  0.68137602  0.68209965  0.68564625  0.68247541  0.69234414 
  0.68498896  0.68943303  0.68132442  0.6771883    0.68744052  0.6864731 
  0.68319071  0.68486496  0.68182861  0.69039814  0.68766606  0.68608041 
  0.68314025  0.69046725  0.68341243  0.6907645    0.68961865  0.6914108 
  0.69453276]
increment_100
[0.32086281  0.32720996  0.32818652  0.3201566    0.31921177  0.32687297 
  0.31856566  0.32304956  0.32258587  0.31654273  0.32529185  0.31808575 
  0.32763335  0.31664643  0.32841048  0.32092328  0.32214405  0.31823508 
  0.32434782  0.31900215  0.31919632  0.31000019  0.32230841  0.32665741 
  0.32635717  0.32433048  0.31005199  0.32806641  0.3228905    0.32685534 
  0.31015895  0.33053485  0.33224599  0.32199488  0.33217472  0.32967226 
  0.31746196]
[-0.3368854    -0.34363441  -0.32925752  -0.32891199  -0.33491978  -0.33276844 
  -0.3501441    -0.34446309  -0.34984045  -0.32596697  -0.33415069  -0.33135429 
  -0.34362668  -0.35933486  -0.33743136  -0.35713379  -0.34670451  -0.31863825 
  -0.33720103  -0.32776805  -0.34585124  -0.35521644  -0.33112451  -0.32427057 
  -0.33626367  -0.33641418  -0.34965778  -0.32439779  -0.32450322  -0.32863974 
  -0.34363902  -0.32370416  -0.3317115    -0.32394487  -0.32785284  -0.32361961 
  -0.32335396]
[0.55925939  0.54630017  0.55278182  0.56035583  0.55999956  0.55521977 
  0.56303073  0.55617928  0.55409985  0.56299563  0.5574992    0.56024998 
  0.55611407  0.55330022  0.55901404  0.54635899  0.55716158  0.56268253 
  0.55821029  0.56101917  0.56086228  0.56474525  0.559627      0.56262307 
  0.55988341  0.55902126  0.56234989  0.55601938  0.56291122  0.5603771 
  0.56453739  0.55482041  0.55868457  0.55919789  0.55255597  0.5540318 
  0.55723342]
[0.68613717  0.6902211    0.69160346  0.6894331    0.68726492  0.68858567 
  0.67743002  0.6838485    0.68302516  0.6903493    0.68682106  0.68930817 
  0.68213945  0.68152209  0.68248805  0.68626202  0.68234168  0.69324199 
  0.68519722  0.68997335  0.6811271    0.67733593  0.68796183  0.68673052 
  0.68333616  0.684931      0.68218018  0.69136166  0.68816447  0.68639567 
  0.68338216  0.69147425  0.68370435  0.69186468  0.69054643  0.69255709 
  0.69580963]
increment_110
[0.31990913  0.32614302  0.32788657  0.31874018  0.31776971  0.32624076 
  0.31738557  0.32278281  0.32183207  0.31511749  0.32469613  0.31649847 
  0.32728842  0.31569245  0.32833741  0.32012199  0.32108166  0.316931 
  0.3234064    0.31786001  0.31809189  0.30783332  0.32123261  0.32613146 
  0.32539141  0.32390354  0.30775563  0.32746694  0.32208265  0.32630431 
  0.30755601  0.33032783  0.33242367  0.3206907    0.33257248  0.32910843 
  0.31591357]
[-0.3355859    -0.34373926  -0.32745251  -0.32660121  -0.33337408  -0.33205651 
  -0.35020328  -0.34399975  -0.35000168  -0.32324334  -0.33273139  -0.32931927 
  -0.34316887  -0.35995567  -0.33566753  -0.35840363  -0.34659523  -0.31544674 
  -0.33635006  -0.32588674  -0.34560488  -0.354974      -0.32948762  -0.32141672 
  -0.33495332  -0.33530355  -0.34937556  -0.32186541  -0.32193824  -0.32657761 
  -0.34310607  -0.32076664  -0.32953092  -0.32118659  -0.32638477  -0.32118743 
  -0.32064987]
[0.56031223  0.54563116  0.55301331  0.56147242  0.56120904  0.55562456 
  0.56381309  0.55638285  0.55434531  0.56415312  0.5581436    0.56139574 
  0.55666756  0.55325414  0.55960967  0.54511488  0.55804354  0.56423373 
  0.55907841  0.56218974  0.56191924  0.56577242  0.56071698  0.56436645 
  0.56106059  0.55999878  0.56329184  0.55666506  0.56434471  0.56166165 
  0.56598138  0.5554952    0.55955081  0.56017149  0.55214742  0.55433794 
  0.55814761]
[0.6863603    0.69120235  0.69241716  0.69027898  0.687698      0.6889026 
  0.67730263  0.68404207  0.68309898  0.69133636  0.68726848  0.69008141 
  0.68208404  0.68167444  0.68290474  0.68696326  0.68217719  0.69403774 
  0.68535266  0.69043866  0.68089763  0.67759403  0.68836327  0.6868916 
  0.68347475  0.68487911  0.68258735  0.69230924  0.68857359  0.68659213 
  0.68363192  0.69239971  0.68396401  0.69296793  0.69137671  0.69371155 
  0.69703194]
increment_120
[0.31900046  0.32496193  0.32759138  0.31724736  0.3163555    0.32560451 
  0.31625938  0.3225707    0.32117751  0.31373576  0.32408376  0.31493447 
  0.32697129  0.31484898  0.32828873  0.31936867  0.31995573  0.31575682 
  0.32242437  0.31671769  0.31703202  0.30578109  0.32023254  0.32563462 
  0.32431001  0.3235413    0.30548155  0.32682674  0.32126148  0.32578632 
  0.30482383  0.330143      0.3326296    0.31924311  0.33301686  0.32846277 
  0.31429715]
[-0.3342826    -0.34393349  -0.32569561  -0.32423275  -0.33181385  -0.33151027 
  -0.35023383  -0.34353132  -0.35017391  -0.32045412  -0.33131448  -0.32728024 
  -0.34275407  -0.36047761  -0.33392209  -0.3596325    -0.34644428  -0.31227977 
  -0.33557871  -0.32404883  -0.34542333  -0.35460178  -0.32787996  -0.31857811 
  -0.33368462  -0.33424648  -0.34911953  -0.31931805  -0.31947522  -0.32458227 
  -0.34261046  -0.31782884  -0.32736714  -0.31840983  -0.32526635  -0.3188183 
  -0.31799502]
[0.56136672  0.54492811  0.5532741    0.56262471  0.56243422  0.55602521 
  0.56454628  0.55659506  0.55462489  0.56529697  0.5587961    0.56257848 
  0.55720801  0.55318825  0.56016707  0.54376421  0.55898394  0.5657984 
  0.55997443  0.56341024  0.56294863  0.56674071  0.56189404  0.56620026 
  0.56229023  0.56105007  0.56416424  0.55735808  0.56585137  0.56304651 
  0.56744628  0.5562664    0.56043724  0.56122902  0.55167136  0.55462691 
  0.55911739]
[0.68655754  0.6922159    0.69317676  0.69114446  0.68810357  0.68914339 
  0.6772029    0.68420488  0.68309185  0.69232822  0.68771168  0.69080343 
  0.68200342  0.68184219  0.68332672  0.68774167  0.68201294  0.69473098 
  0.68546196  0.69083367  0.68063372  0.6779089    0.68863702  0.68694057 
  0.68359878  0.68470661  0.68301925  0.69323317  0.68886782  0.68665002 
  0.68388977  0.69322299  0.68417717  0.69406124  0.69206956  0.69487848 
  0.69820069]
