inc
quat_01
quat_02
quat_03
quat_04
increment_0
[0.6184434  0.6184434  0.6184434  0.6184434  0.6184434  0.6184434  0.6184434 
  0.6184434  0.6184434  0.6184434  0.6184434  0.6184434  0.6184434  0.6184434 
  0.6184434  0.6184434  0.6184434  0.6184434  0.6184434  0.6184434  0.6184434 
  0.6184434  0.6184434  0.6184434  0.6184434  0.6184434  0.6184434  0.6184434 
  0.6184434  0.6184434  0.6184434]
[0.1276124  0.1276124  0.1276124  0.1276124  0.1276124  0.1276124  0.1276124 
  0.1276124  0.1276124  0.1276124  0.1276124  0.1276124  0.1276124  0.1276124 
  0.1276124  0.1276124  0.1276124  0.1276124  0.1276124  0.1276124  0.1276124 
  0.1276124  0.1276124  0.1276124  0.1276124  0.1276124  0.1276124  0.1276124 
  0.1276124  0.1276124  0.1276124]
[-0.32897026  -0.32897026  -0.32897026  -0.32897026  -0.32897026  -0.32897026 
  -0.32897026  -0.32897026  -0.32897026  -0.32897026  -0.32897026  -0.32897026 
  -0.32897026  -0.32897026  -0.32897026  -0.32897026  -0.32897026  -0.32897026 
  -0.32897026  -0.32897026  -0.32897026  -0.32897026  -0.32897026  -0.32897026 
  -0.32897026  -0.32897026  -0.32897026  -0.32897026  -0.32897026  -0.32897026 
  -0.32897026]
[-0.70215483  -0.70215483  -0.70215483  -0.70215483  -0.70215483  -0.70215483 
  -0.70215483  -0.70215483  -0.70215483  -0.70215483  -0.70215483  -0.70215483 
  -0.70215483  -0.70215483  -0.70215483  -0.70215483  -0.70215483  -0.70215483 
  -0.70215483  -0.70215483  -0.70215483  -0.70215483  -0.70215483  -0.70215483 
  -0.70215483  -0.70215483  -0.70215483  -0.70215483  -0.70215483  -0.70215483 
  -0.70215483]
increment_10
[0.62001574  0.61921097  0.62106375  0.61917557  0.61924973  0.6195513 
  0.61904818  0.61980761  0.61904642  0.61991159  0.61963898  0.61913349 
  0.61889484  0.61938786  0.61957862  0.61903515  0.61896481  0.61908609 
  0.61898203  0.61941531  0.61921654  0.61870301  0.6192592    0.61929096 
  0.61917111  0.61892627  0.61923964  0.61906797  0.61896663  0.61879461 
  0.61865046]
[0.12934346  0.12966035  0.12942508  0.13121114  0.13062839  0.12994381 
  0.12929957  0.12854895  0.13086962  0.13023329  0.13094165  0.12994655 
  0.12921912  0.13019478  0.12932555  0.13097291  0.13077823  0.13095044 
  0.12962757  0.12909102  0.13012756  0.12970195  0.13023275  0.13077374 
  0.13056572  0.12953227  0.12988199  0.12977955  0.13093975  0.13071357 
  0.13000996]
[-0.32624408  -0.3273803    -0.32526627  -0.32774698  -0.32760479  -0.32693377 
  -0.32739122  -0.32612209  -0.32803713  -0.32672861  -0.32718195  -0.32748284 
  -0.32757645  -0.32761073  -0.32672906  -0.32797278  -0.32782728  -0.32798908 
  -0.32753775  -0.32700842  -0.32769545  -0.32781787  -0.32744901  -0.32746402 
  -0.32766763  -0.32761044  -0.32738493  -0.3274357    -0.3281565    -0.32804478 
  -0.32803044]
[-0.70172327  -0.70184621  -0.70123521  -0.70141797  -0.70152769  -0.70170158 
  -0.70205125  -0.70210973  -0.70146012  -0.70142521  -0.70132288  -0.7018138 
  -0.70211485  -0.70148357  -0.70188699  -0.70148089  -0.70164727  -0.70143251 
  -0.70198075  -0.70194421  -0.70160772  -0.70208222  -0.70166561  -0.70152993 
  -0.7015794    -0.70201357  -0.70177777  -0.70192448  -0.70146161  -0.70170778 
  -0.70197225]
increment_20
[0.62164015  0.62022563  0.62401506  0.62032616  0.62048394  0.62105403 
  0.61985356  0.62177817  0.61996634  0.62166958  0.62104057  0.61984552 
  0.61941559  0.6201571    0.62077856  0.61971548  0.61944488  0.62000112 
  0.61986075  0.62042497  0.62016201  0.61884213  0.62019841  0.62040677 
  0.62038144  0.61927158  0.62008819  0.61979675  0.61974778  0.61928131 
  0.6190121  ]
[0.131793      0.1329885    0.13164797  0.13505239  0.13435854  0.13318876 
  0.1321622    0.12891175  0.13462621  0.13313957  0.13500473  0.13285612 
  0.13198094  0.13325581  0.13140649  0.13490131  0.13444061  0.13511877 
  0.13259612  0.13064518  0.13298535  0.13175017  0.1335462    0.13443845 
  0.13407433  0.13161994  0.13303035  0.13223614  0.13470694  0.13425065 
  0.13307579]
[-0.32366728  -0.32576125  -0.32050338  -0.32632736  -0.32589553  -0.32478163 
  -0.32577555  -0.32218251  -0.32673875  -0.32420515  -0.32542205  -0.32598744 
  -0.32630287  -0.32618696  -0.3244945    -0.32691191  -0.32678273  -0.32686132 
  -0.32590927  -0.32463141  -0.32609849  -0.3264754    -0.32582114  -0.32572396 
  -0.32594772  -0.32607765  -0.32576121  -0.32565927  -0.32711608  -0.32709279 
  -0.32688116]
[-0.70102327  -0.70108047  -0.70039389  -0.70033332  -0.70052806  -0.70076354 
  -0.70155898  -0.70211971  -0.70054215  -0.70049397  -0.70013058  -0.70133656 
  -0.70173484  -0.70089238  -0.70147675  -0.7006304    -0.70101841  -0.70035934 
  -0.70140863  -0.70186832  -0.70098056  -0.70220376  -0.70097071  -0.70066087 
  -0.70064901  -0.70203438  -0.70119412  -0.70164922  -0.70054393  -0.70105473 
  -0.70161497]
increment_30
[0.62309816  0.62125528  0.62692314  0.62170981  0.62195659  0.62252552 
  0.62066087  0.62388446  0.62108691  0.62329986  0.62220627  0.62059106 
  0.61989463  0.62081952  0.62192853  0.62049596  0.61998551  0.62091044 
  0.62072649  0.62138763  0.62113905  0.61906404  0.62107891  0.62134328 
  0.62157546  0.61949595  0.62087046  0.62052202  0.62061294  0.61980844 
  0.61936885]
[0.13443296  0.13640545  0.13400094  0.13871213  0.138155      0.13642325 
  0.13508495  0.1293749    0.13825139  0.13604255  0.13915785  0.1358732 
  0.13467478  0.13650557  0.1337617    0.13874698  0.13794044  0.13946472 
  0.13551137  0.13219916  0.13587895  0.13372999  0.13698333  0.1381213 
  0.13754337  0.13372924  0.13644527  0.13480109  0.13852675  0.13764372 
  0.13633122]
[-0.32140569  -0.32414773  -0.31562915  -0.3245785    -0.32404127  -0.32263769 
  -0.32415596  -0.31816162  -0.32512828  -0.32179679  -0.32372769  -0.32445955 
  -0.32499296  -0.32489972  -0.32236304  -0.32574498  -0.3256805    -0.32580509 
  -0.32430536  -0.32223368  -0.32451972  -0.3251021    -0.32431625  -0.32408997 
  -0.32424412  -0.32464229  -0.32432127  -0.32392556  -0.32602961  -0.32607306 
  -0.32579314]
[-0.7002677    -0.70025973  -0.6995637    -0.69920287  -0.69934287  -0.6998254 
  -0.70103855  -0.70199965  -0.69959217  -0.69959741  -0.69906712  -0.70080754 
  -0.70140782  -0.70027818  -0.70099557  -0.69973155  -0.7003732    -0.699193 
  -0.70082903  -0.70183065  -0.7002929    -0.70227105  -0.70022533  -0.69987193 
  -0.69970817  -0.70210302  -0.70051287  -0.70132255  -0.69953885  -0.70040564 
  -0.70118104]
increment_40
[0.62435705  0.6221985    0.6296584    0.62320026  0.62362135  0.62393982 
  0.62143762  0.62597381  0.62233426  0.62488351  0.62320735  0.62137555 
  0.62034411  0.62147826  0.62299651  0.62132765  0.62057079  0.62181443 
  0.62157002  0.62233514  0.62207853  0.6193289    0.62187351  0.6221686 
  0.62275792  0.61973154  0.62160431  0.6212655    0.62152295  0.62034734 
  0.61971553]
[0.13733282  0.13980312  0.13647344  0.14230934  0.14201645  0.13974325 
  0.13802736  0.12987315  0.14169416  0.13900617  0.14344103  0.13902549 
  0.13735581  0.13984767  0.13619387  0.14253459  0.14140427  0.14402309 
  0.13838895  0.1337011    0.13886939  0.13562924  0.14047634  0.14186444 
  0.14108942  0.13585302  0.13999356  0.1373631    0.14239626  0.14101463 
  0.13968513]
[-0.31954333  -0.32259796  -0.31097479  -0.32269334  -0.32205067  -0.32056693 
  -0.32254995  -0.31413921  -0.32331078  -0.31944252  -0.32212023  -0.32293231 
  -0.3237074    -0.32362837  -0.32031875  -0.3244995    -0.32456366  -0.3248306 
  -0.32273943  -0.31977977  -0.32300824  -0.32367018  -0.32292595  -0.32256682 
  -0.32256846  -0.32317006  -0.32298515  -0.32215824  -0.32490784  -0.32504812 
  -0.32474743]
[-0.69943551  -0.69946742  -0.69871309  -0.69802471  -0.69800509  -0.69886177 
  -0.70051785  -0.70185918  -0.69863651  -0.69868045  -0.69805145  -0.7001993 
  -0.70108493  -0.69962281  -0.70051586  -0.69881036  -0.69968219  -0.69791779 
  -0.70024172  -0.70182896  -0.69957077  -0.7023347    -0.6994702    -0.69909324 
  -0.69872451  -0.70216657  -0.69977888  -0.70098119  -0.69847507  -0.69973407 
  -0.70069954]
increment_50
[0.62546338  0.62315626  0.63212404  0.62475581  0.62544803  0.62527886 
  0.62219619  0.62807556  0.62372424  0.62645562  0.62409512  0.62219031 
  0.62076899  0.62213302  0.62398366  0.62216913  0.6211909    0.62270923 
  0.62240067  0.62330117  0.62297283  0.6196297    0.62260556  0.62292442 
  0.62393599  0.62001648  0.62230993  0.62203566  0.62245081  0.62087734 
  0.62005274]
[0.14050175  0.14312452  0.13913815  0.14579484  0.14586967  0.14319097 
  0.14100229  0.13032368  0.14497631  0.14202424  0.14778841  0.14225901 
  0.14011258  0.14325599  0.13860106  0.14630492  0.14483292  0.1487506 
  0.14122816  0.13522516  0.14197824  0.13743553  0.14400924  0.14567874 
  0.14470826  0.13802831  0.14358186  0.13991401  0.14630389  0.14440364 
  0.14313741]
[-0.31800912  -0.32099311  -0.306626      -0.3207211    -0.31993717  -0.31857535 
  -0.32095715  -0.31003508  -0.32129704  -0.31710117  -0.32062877  -0.32139823 
  -0.32246861  -0.32235459  -0.31835724  -0.32322824  -0.32341704  -0.32394361 
  -0.32119103  -0.31728431  -0.32153697  -0.32218814  -0.32161122  -0.32115198 
  -0.32092284  -0.32163764  -0.32169909  -0.32034576  -0.323771      -0.32407046 
  -0.32374331]
[-0.6985163    -0.69868095  -0.69788271  -0.6968228    -0.69654649  -0.6978771 
  -0.6999834    -0.70172294  -0.69765189  -0.69773155  -0.69703735  -0.69953182 
  -0.70073413  -0.69893901  -0.70005915  -0.69787101  -0.69896116  -0.69653931 
  -0.69964872  -0.70181228  -0.69882832  -0.70239968  -0.69870586  -0.69828668 
  -0.69769042  -0.7021944    -0.69901667  -0.70062423  -0.69736827  -0.69902593 
  -0.70016895]
increment_60
[0.6264345    0.62416554  0.63429426  0.62631407  0.62738395  0.62653461 
  0.62294708  0.63021614  0.62523364  0.62801868  0.62492637  0.62302657 
  0.6211749    0.62277264  0.62490734  0.6229939    0.62182611  0.62359398 
  0.6232164    0.62426965  0.62382799  0.61993631  0.62329194  0.62363024 
  0.62510924  0.62034145  0.62299609  0.62281628  0.62338461  0.62138398 
  0.62037628]
[0.14391667  0.14638633  0.14200729  0.14912615  0.14965693  0.14678399 
  0.14400747  0.13075091  0.14815032  0.14506322  0.152137      0.14556219 
  0.14299361  0.14671631  0.14096236  0.15006069  0.14821953  0.15359123 
  0.14403801  0.13676445  0.14520785  0.1391956    0.1475777    0.14954821 
  0.14838703  0.14026022  0.14717701  0.14248772  0.15024489  0.14781482 
  0.14671394]
[-0.31675633  -0.31930591  -0.30255927  -0.31872844  -0.31776841  -0.31663387 
  -0.3193745    -0.30583353  -0.31913309  -0.31474596  -0.31926653  -0.31986886 
  -0.32128055  -0.32110012  -0.31646826  -0.32197553  -0.32224553  -0.32313763 
  -0.31966295  -0.31476542  -0.32008523  -0.32069706  -0.32035486  -0.31984421 
  -0.31931329  -0.32005711  -0.32044157  -0.3185181    -0.32262856  -0.32315967 
  -0.32279939]
[-0.69751934  -0.69787689  -0.69711018  -0.69563227  -0.69499311  -0.69688725 
  -0.69942742  -0.70156801  -0.69662648  -0.69676695  -0.6959815    -0.6988086 
  -0.70033805  -0.69822868  -0.69962009  -0.69691617  -0.69822709  -0.69507004 
  -0.69904934  -0.70178745  -0.69806788  -0.70246492  -0.69792604  -0.69743841 
  -0.69660516  -0.7021873    -0.69823492  -0.7002452    -0.69622476  -0.69828401 
  -0.69957762]
increment_70
[0.62727811  0.62522175  0.63614978  0.62779628  0.62931984  0.62770459 
  0.62370065  0.63237205  0.62680474  0.62953215  0.62574933  0.62388261 
  0.62155926  0.62339124  0.62578107  0.62378863  0.62245406  0.62446554 
  0.62400916  0.62520665  0.62464883  0.62021918  0.62393844  0.62429896 
  0.62627349  0.62068565  0.62366087  0.6235886    0.62431602  0.62186379 
  0.62068007]
[0.14751103  0.14961426  0.14509468  0.1522878    0.15336358  0.15051076 
  0.147031      0.13120035  0.1512806    0.14812999  0.15641807  0.14895109 
  0.14600035  0.15024096  0.14328877  0.15379643  0.15156309  0.15850719 
  0.14681346  0.13827935  0.14853559  0.14097366  0.15118696  0.15345498 
  0.1521083    0.14254673  0.15079115  0.14510341  0.15423394  0.15124938 
  0.15043015]
[-0.31574015  -0.31755021  -0.29873467  -0.31679136  -0.31567059  -0.31471901 
  -0.317791      -0.30158024  -0.31689696  -0.31238107  -0.31803813  -0.31835799 
  -0.32014402  -0.31988338  -0.31465204  -0.32078466  -0.32107375  -0.3224039 
  -0.31816996  -0.31223782  -0.31865009  -0.31922829  -0.31915667  -0.31863904 
  -0.31774192  -0.3184497    -0.31921717  -0.31670461  -0.32149202  -0.32230691 
  -0.32193129]
[-0.69647026  -0.69704749  -0.69643276  -0.69449513  -0.69338895  -0.69590617 
  -0.69884781  -0.70138536  -0.69556187  -0.69581955  -0.6948546    -0.69802024 
  -0.69989699  -0.69748523  -0.69918558  -0.69593937  -0.69748923  -0.69352288 
  -0.69844559  -0.70178559  -0.69728985  -0.70252964  -0.69712434  -0.69654256 
  -0.6954744    -0.7021535    -0.69743068  -0.69984316  -0.69504265  -0.6975151 
  -0.69891864]
increment_80
[0.62800669  0.62631765  0.63768568  0.62914317  0.63115398  0.62879593 
  0.62446026  0.63451882  0.62839695  0.6309571    0.62659872  0.62473857 
  0.62191        0.62398465  0.62661337  0.624542      0.62304879  0.62532589 
  0.6247745    0.62609503  0.62543667  0.62046081  0.62454746  0.62494275 
  0.62741586  0.62103328  0.62429564  0.62434118  0.62522491  0.62232091 
  0.62095945]
[0.15118557  0.15283595  0.14839739  0.15530147  0.15701187  0.15434007 
  0.15006782  0.13170049  0.15442607  0.15124723  0.16057938  0.15242933 
  0.14911649  0.15384804  0.14560753  0.15751928  0.15488069  0.16346962 
  0.14951561  0.13975167  0.15193152  0.14283128  0.15484649  0.15738201 
  0.15585184  0.14489232  0.15445268  0.14776839  0.15830376  0.15471844 
  0.15427878]
[-0.31489877  -0.31574569  -0.29511395  -0.31495285  -0.31374071  -0.31281152 
  -0.31620246  -0.29731532  -0.31464823  -0.31001236  -0.31693476  -0.3168914 
  -0.31907066  -0.31871674  -0.31291417  -0.31968657  -0.31994405  -0.32172722 
  -0.31672216  -0.30971017  -0.3172348    -0.31780209  -0.31801855  -0.31751597 
  -0.31621998  -0.31683748  -0.31804348  -0.31492165  -0.32038961  -0.32149482 
  -0.3211419  ]
[-0.69540584  -0.6961839    -0.69587567  -0.69344432  -0.69177937  -0.69494156 
  -0.69824425  -0.70117362  -0.694454      -0.69491709  -0.69364304  -0.69717061 
  -0.69941843  -0.69670193  -0.69874091  -0.69493559  -0.69674814  -0.69190809 
  -0.69784596  -0.70182199  -0.69649686  -0.70258767  -0.69629537  -0.69560123 
  -0.69430862  -0.70209536  -0.69659721  -0.69941901  -0.69381859  -0.69672087 
  -0.69819431]
increment_90
[0.6286271    0.62744203  0.63894038  0.630324      0.6328276    0.62982146 
  0.62522179  0.63664568  0.62998186  0.63227806  0.6275008    0.6255587 
  0.62221226  0.62454629  0.62741177  0.62524215  0.62358935  0.62618028 
  0.62551184  0.62692897  0.62619424  0.62064993  0.62512439  0.62557705 
  0.62851515  0.62136997  0.62488851  0.62506838  0.62608402  0.62276037 
  0.62120718]
[0.15484306  0.15609542  0.15186928  0.15820521  0.16066016  0.15823024 
  0.15313784  0.13226725  0.15762353  0.15442006  0.16462152  0.15597472 
  0.15232711  0.15754027  0.14795993  0.16123926  0.15821106  0.16845087 
  0.15209295  0.14118564  0.15537934  0.14481688  0.15856234  0.16130422 
  0.15960202  0.14730029  0.15819452  0.15047808  0.16247855  0.15822655 
  0.15822986]
[-0.31417845  -0.31392537  -0.29165746  -0.31322753  -0.3120231    -0.31090261 
  -0.31461973  -0.29306244  -0.31242898  -0.30764905  -0.31592781  -0.31550464 
  -0.31807421  -0.31760958  -0.3112562    -0.31868404  -0.318893      -0.32108779 
  -0.31532284  -0.30719536  -0.31584462  -0.31642432  -0.31693465  -0.31644057 
  -0.3147833    -0.31524051  -0.31694379  -0.31317145  -0.31935623  -0.32070975 
  -0.32042608]
[-0.69436553  -0.69527087  -0.69543284  -0.69249642  -0.69018774  -0.69399401 
  -0.69761088  -0.70092943  -0.69330067  -0.69406841  -0.69233815  -0.69627942 
  -0.69891141  -0.69587869  -0.69827066  -0.69391256  -0.69599773  -0.69023561 
  -0.69726192  -0.70189578  -0.69568686  -0.70263602  -0.69543505  -0.69462196 
  -0.69311426  -0.70201525  -0.69572659  -0.69897747  -0.69255405  -0.69590168 
  -0.69741815]
increment_100
[0.62915049  0.62857864  0.63997772  0.63133949  0.6343353    0.6307961 
  0.62597408  0.63875456  0.63153865  0.633499      0.62845284  0.62630631 
  0.62245334  0.62506649  0.62818924  0.62587116  0.62407003  0.62702676 
  0.62622099  0.62770173  0.62692675  0.62077858  0.62567999  0.62620945 
  0.62954627  0.62168307  0.6254349    0.62576258  0.62687293  0.62318331 
  0.62141652]
[0.15842077  0.15943034  0.15544717  0.16102857  0.16435885  0.16214468 
  0.1562773    0.13289142  0.16087963  0.15763785  0.16857757  0.15953994 
  0.15562312  0.16131217  0.15038373  0.16494961  0.16159261  0.1734231 
  0.15450713  0.14258652  0.15887334  0.14694999  0.16232375  0.16520228 
  0.16333435  0.14977624  0.16203198  0.15322125  0.16675649  0.16175447 
  0.16225477]
[-0.31353861  -0.31212369  -0.28831363  -0.31160847  -0.31049987  -0.30899464 
  -0.31306635  -0.28882944  -0.31026028  -0.30529732  -0.31499106  -0.31422883 
  -0.31716776  -0.31657301  -0.30965783  -0.31777749  -0.31792648  -0.3204723 
  -0.31397373  -0.30472278  -0.31448384  -0.31509578  -0.3158883    -0.31538301 
  -0.31348128  -0.31367833  -0.31592707  -0.3114529    -0.31841373  -0.3199488 
  -0.31977702]
[-0.69337296  -0.69429796  -0.6950827    -0.69165049  -0.68861798  -0.69305678 
  -0.69693853  -0.70064972  -0.69210927  -0.6932697    -0.69094809  -0.69537591 
  -0.69838234  -0.69501928  -0.69776431  -0.69288843  -0.69523175  -0.6885197 
  -0.69670317  -0.70199975  -0.69485396  -0.70267653  -0.69454311  -0.69361624 
  -0.69189802  -0.70191392  -0.6948143    -0.69852812  -0.69125632  -0.69506174 
  -0.69660431]
increment_110
[0.62959467  0.62969578  0.64084812  0.63220702  0.63569503  0.6317345 
  0.62670266  0.64083391  0.63305208  0.63462856  0.62942949  0.62696205 
  0.62263044  0.62553443  0.62896        0.62641652  0.62449854  0.62786004 
  0.62690026  0.62840601  0.62763614  0.62084928  0.62622222  0.62683688 
  0.63049286  0.62196112  0.62593962  0.62641672  0.62758285  0.62358823 
  0.62158706]
[0.16189341  0.1628622    0.15908683  0.16379546  0.1681323    0.16606183 
  0.15951196  0.13354207  0.16418946  0.16089012  0.17248044  0.16308544 
  0.15898512  0.16515517  0.15291058  0.16863668  0.165043      0.17837403 
  0.15675783  0.14394711  0.16240928  0.14922744  0.16611526  0.16906816 
  0.16704548  0.1523405    0.16595659  0.15599749  0.17111828  0.16528083 
  0.1663452  ]
[-0.31295127  -0.31038182  -0.28504683  -0.31008411  -0.30912871  -0.3070942 
  -0.31156853  -0.28464322  -0.30814978  -0.30296172  -0.31410815  -0.3130785 
  -0.316354      -0.31561648  -0.30808906  -0.31696888  -0.31702951  -0.31987692 
  -0.31268003  -0.30234799  -0.3131544    -0.31381582  -0.31486655  -0.31432709 
  -0.31234111  -0.31217611  -0.31498428  -0.30977028  -0.31756871  -0.31921466 
  -0.3191901  ]
[-0.69243237  -0.69326925  -0.69480455  -0.69089303  -0.68706827  -0.69211859 
  -0.69622177  -0.70034038  -0.69089116  -0.69251365  -0.68949625  -0.6944808 
  -0.69783609  -0.69413016  -0.69721503  -0.69187769  -0.69444559  -0.68677014 
  -0.69617113  -0.7021188    -0.69399598  -0.70270688  -0.6936213    -0.69259654 
  -0.6906646    -0.70178544  -0.69386087  -0.69807539  -0.68993363  -0.694206 
  -0.69575605]
increment_120
[0.62997261  0.63074942  0.64158443  0.63294125  0.63691614  0.63264627 
  0.62739608  0.6428603    0.63450621  0.63567089  0.63040666  0.62753124 
  0.62275023  0.625936      0.629734      0.62687726  0.62489415  0.6286707 
  0.62754476  0.62903317  0.62832217  0.62087153  0.62675275  0.62744981 
  0.63134747  0.6221868    0.62641057  0.62702521  0.62821342  0.62396841 
  0.62171768]
[0.16526023  0.16640471  0.16276815  0.16653573  0.17197645  0.16998357 
  0.16284343  0.13418978  0.16755482  0.16417408  0.17634476  0.1666077 
  0.16238074  0.1690605    0.1555588    0.17229929  0.16855196  0.18330942 
  0.15888049  0.14525683  0.16598353  0.15164386  0.16992045  0.17291044 
  0.17075201  0.15501799  0.16994723  0.15881876  0.17554092  0.16879357 
  0.17051429]
[-0.3124103    -0.30874888  -0.28184868  -0.30865417  -0.30788788  -0.30520891 
  -0.31014299  -0.28055103  -0.30611108  -0.30065277  -0.3132663    -0.31205187 
  -0.31562795  -0.31474923  -0.30652627  -0.31625955  -0.31617587  -0.31931275 
  -0.31145259  -0.30012825  -0.31185655  -0.31258507  -0.31386824  -0.31327612 
  -0.3113588    -0.310764      -0.31410063  -0.30813568  -0.31682        -0.31851868 
  -0.31867297]
[-0.69153696  -0.6921985    -0.69457704  -0.69020564  -0.68554138  -0.69116699 
  -0.69546208  -0.70001062  -0.68965445  -0.69179281  -0.68800741  -0.69359213 
  -0.69727587  -0.69322117  -0.69661912  -0.69088187  -0.69363561  -0.68498917 
  -0.69565929  -0.70223982  -0.69311342  -0.70271848  -0.69267219  -0.69156835 
  -0.68941991  -0.70162578  -0.69286978  -0.69761621  -0.68859158  -0.6933383 
  -0.69486656]
