inc
quat_01
quat_02
quat_03
quat_04
increment_0
[0.0187039  0.0187039  0.0187039  0.0187039  0.0187039  0.0187039  0.0187039 
  0.0187039  0.0187039  0.0187039  0.0187039  0.0187039  0.0187039  0.0187039 
  0.0187039  0.0187039  0.0187039  0.0187039  0.0187039  0.0187039  0.0187039 
  0.0187039  0.0187039  0.0187039  0.0187039  0.0187039  0.0187039]
[-0.56140193  -0.56140193  -0.56140193  -0.56140193  -0.56140193  -0.56140193 
  -0.56140193  -0.56140193  -0.56140193  -0.56140193  -0.56140193  -0.56140193 
  -0.56140193  -0.56140193  -0.56140193  -0.56140193  -0.56140193  -0.56140193 
  -0.56140193  -0.56140193  -0.56140193  -0.56140193  -0.56140193  -0.56140193 
  -0.56140193  -0.56140193  -0.56140193]
[-0.55561174  -0.55561174  -0.55561174  -0.55561174  -0.55561174  -0.55561174 
  -0.55561174  -0.55561174  -0.55561174  -0.55561174  -0.55561174  -0.55561174 
  -0.55561174  -0.55561174  -0.55561174  -0.55561174  -0.55561174  -0.55561174 
  -0.55561174  -0.55561174  -0.55561174  -0.55561174  -0.55561174  -0.55561174 
  -0.55561174  -0.55561174  -0.55561174]
[0.61300378  0.61300378  0.61300378  0.61300378  0.61300378  0.61300378 
  0.61300378  0.61300378  0.61300378  0.61300378  0.61300378  0.61300378 
  0.61300378  0.61300378  0.61300378  0.61300378  0.61300378  0.61300378 
  0.61300378  0.61300378  0.61300378  0.61300378  0.61300378  0.61300378 
  0.61300378  0.61300378  0.61300378]
increment_10
[0.01878224  0.01559654  0.01385702  0.01658832  0.01610195  0.01659425 
  0.0143415    0.01322229  0.01362148  0.01546911  0.01633079  0.01616056 
  0.01449326  0.01551339  0.01466112  0.01534088  0.01682171  0.01586383 
  0.01578732  0.01485606  0.01386715  0.0160779    0.01692214  0.01636849 
  0.01431246  0.01804245  0.01930959]
[-0.5586037    -0.5585678    -0.55910964  -0.55944347  -0.5600183    -0.56057468 
  -0.55948316  -0.55987114  -0.56117619  -0.55961443  -0.56002089  -0.56130013 
  -0.55875213  -0.56157149  -0.56104219  -0.55967871  -0.55832106  -0.56152474 
  -0.56045018  -0.559167      -0.55990491  -0.55875354  -0.55946902  -0.55935807 
  -0.5580814    -0.55865657  -0.55881264]
[-0.55470383  -0.55489126  -0.5550075    -0.55484859  -0.5547591    -0.55495078 
  -0.55502649  -0.5549673    -0.55490108  -0.55492392  -0.55491496  -0.5548096 
  -0.55490433  -0.55557469  -0.55497803  -0.55508974  -0.55483212  -0.555102 
  -0.55523939  -0.55508107  -0.55485684  -0.5550033    -0.55487676  -0.55492648 
  -0.55480703  -0.55518029  -0.55434273]
[0.61637067  0.61632334  0.61576869  0.61554112  0.61511184  0.61441866 
  0.6154011    0.61512663  0.6139874    0.61534693  0.61496284  0.61389519 
  0.6161714    0.61297109  0.61401636  0.61514208  0.61656788  0.61343302 
  0.61429275  0.61562697  0.61518134  0.61604165  0.61548342  0.61555441 
  0.6168707    0.61591571  0.61648983]
increment_20
[0.01956784  0.01201856  0.00719497  0.01312268  0.01328858  0.01391858 
  0.00931953  0.00639232  0.00633087  0.01159004  0.01349596  0.01303362 
  0.00964483  0.01163224  0.00962813  0.01107696  0.01412179  0.01252228 
  0.01192046  0.00978037  0.00788885  0.01266247  0.01460477  0.01272411 
  0.00858832  0.01774818  0.0198109  ]
[-0.55568564  -0.5551347    -0.55617006  -0.557425      -0.55825962  -0.55930516 
  -0.55780317  -0.55817712  -0.56050615  -0.55729842  -0.55887451  -0.56090588 
  -0.55542005  -0.56246226  -0.56118525  -0.55743867  -0.5546901    -0.56149442 
  -0.55956998  -0.55652402  -0.55771236  -0.55603864  -0.55712577  -0.55711537 
  -0.55446663  -0.55593533  -0.55599906]
[-0.55386088  -0.55415027  -0.55463135  -0.5540738    -0.55391322  -0.5543538 
  -0.55470599  -0.55429443  -0.55424764  -0.55431925  -0.55424014  -0.55398951 
  -0.55423061  -0.55607524  -0.55444538  -0.55476623  -0.55405338  -0.55497771 
  -0.55513269  -0.55481155  -0.55427194  -0.55477613  -0.55425072  -0.55450975 
  -0.55416476  -0.55505564  -0.55300946]
[0.61973275  0.62016006  0.61887572  0.61814835  0.61753523  0.61617844 
  0.6173087    0.61737762  0.6153067    0.61807307  0.61668064  0.61506938 
  0.61987416  0.61178527  0.61446622  0.61755474  0.62059997  0.61365051 
  0.61527802  0.61836033  0.61780038  0.61877632  0.61822627  0.6180449 
  0.62080144  0.61849345  0.62020409]
increment_30
[0.02066444  0.00872267  0.00058604  0.00905929  0.01055864  0.0113788 
  0.00471686  0.00014234  0.00101619  0.00805834  0.01076443  0.01016455 
  0.0052003    0.00773626  0.00492305  0.00698763  0.01151969  0.00937174 
  0.00805539  0.00501916  0.00231622  0.00943677  0.0122741    0.0091106 
  0.00282746  0.01760542  0.02017406]
[-0.55327005  -0.55161075  -0.55363088  -0.55529795  -0.55671927  -0.5578846 
  -0.55652217    0.55651199    0.55973358  -0.55513687  -0.55785037  -0.56039358 
  -0.55224707  -0.56363216  -0.56137366  -0.55543313  -0.55091422  -0.56130743 
  -0.55881075  -0.55400476  -0.55537224  -0.55347298  -0.55447047  -0.555056 
  -0.55097938  -0.55371027  -0.55350328]
[-0.55314856  -0.55338852  -0.55439673  -0.55331134  -0.55306154  -0.55365519 
  -0.55448918    0.55359861    0.55361076  -0.55377778  -0.55351849  -0.55316042 
  -0.55359568  -0.55659499  -0.55395462  -0.55453246  -0.55328628  -0.55492315 
  -0.55504281  -0.55462434  -0.55379794  -0.55459403  -0.55369606  -0.55418068 
  -0.55362069  -0.55498537  -0.55177813]
[  0.62248848    0.62402776    0.62139904    0.62081292    0.61973792    0.61814337 
    0.61871042  -0.61953447  -0.61661367    0.62055483    0.61830767    0.61633535 
    0.6233201      0.61029579    0.61479237    0.61962808    0.62468801    0.61392706 
    0.6161113      0.62084247    0.62037421    0.62129226    0.62115418    0.62025286 
    0.62443403    0.62055316    0.62351265]
increment_40
[0.02211537  0.00562115  0.00576874  0.0044018    0.0078112    0.00883985 
  0.00031755  0.00637303  0.00823422  0.00474813  0.00806247  0.00736587 
  0.00098005  0.00371437  0.00038003  0.00307007  0.00900605  0.00617679 
  0.00408829  0.00035667  0.00298366  0.00638262  0.00994171  0.005433 
  0.00292019  0.017559      0.02047787]
[-0.55124937  -0.5481192      0.55176268  -0.55302711  -0.55534438  -0.5564542 
  -0.55575451    0.55477468    0.5590236    -0.55328798  -0.55684777  -0.55981097 
  -0.54917804  -0.56506093  -0.5615418    -0.55356968  -0.54696365  -0.56101746 
  -0.55795989  -0.5516075      0.55305609  -0.55103158  -0.55161219  -0.55311858 
    0.54765497  -0.55184485  -0.55130719]
[-0.5525755    -0.55262972    0.55434424  -0.55257294  -0.55220672  -0.55287423 
  -0.55439465    0.55288259    0.55301608  -0.55330311  -0.55274828  -0.55232817 
  -0.55306113  -0.55712291  -0.5534831    -0.55440947  -0.55253615  -0.55489702 
  -0.55496821  -0.55453514    0.55345818  -0.55448185  -0.55321851  -0.55394541 
    0.55319164  -0.55494666  -0.55059315]
[  0.62473623    0.62780104  -0.62307875    0.62354213    0.62177114    0.62016987 
    0.61950254  -0.62169549  -0.61773622    0.62266004    0.61993943    0.61764959 
    0.62651888    0.60852807    0.61508302    0.62143489    0.6288509      0.6142561 
    0.61698811    0.62307288  -0.62273919    0.6235971      0.62415898    0.62223372 
  -0.62772965    0.62224846    0.6264888  ]
increment_50
[2.38873707e-02  2.75065919e-03  1.17902246e-02  6.17773736e-04 
  4.98118728e-03  6.26934745e-03  3.92292706e-03  1.22258042e-02 
  1.52263129e-02  1.47629852e-03  5.32017828e-03  4.52249683e-03 
  3.01748706e-03  4.28344797e-04  4.07771772e-03  7.21243133e-04 
  6.52430956e-03  2.85524761e-03  3.07892249e-05  4.32540703e-03 
  8.08623427e-03  3.42666518e-03  7.59506001e-03  1.62987642e-03 
  8.63516518e-03  1.75478582e-02  2.07354283e-02]
[-0.54955917  -0.54481164    0.55058498    0.55067922  -0.55408116  -0.55511886 
    0.55562383    0.55286833    0.55845674  -0.55189389  -0.55574467  -0.55916184 
    0.54623694    0.56666816    0.56166112    0.55179666  -0.54288938  -0.56067129 
    0.55691938    0.54933323    0.55087873  -0.54862882  -0.54870264  -0.55121892 
    0.54446254  -0.55022225  -0.54936275]
[-0.55211448  -0.55188072    0.55442299    0.55185349  -0.55135764  -0.55204144 
    0.55440173    0.55216368    0.55248403  -0.55285916  -0.55195068  -0.55150651 
    0.55267854    0.55766876    0.5530271      0.55439718  -0.55180965  -0.5548665 
    0.55489616    0.55452416    0.55323412  -0.55443786  -0.55282236  -0.55379856 
    0.55287781  -0.55493692  -0.54942311]
[  0.62656501    0.63134807  -0.623965      -0.62626651    0.62367781    0.62213663 
  -0.61960107  -0.62394104  -0.61859164    0.62430578    0.62166711    0.6189977 
  -0.62941444  -0.60654149  -0.61537077  -0.62302784    0.63303607    0.61462405 
  -0.61800571  -0.6250738    -0.62481937    0.62577418    0.6271006      0.62406906 
  -0.63072347    0.62369269    0.62920971]
increment_60
[0.02595977  0.00016019  0.01746377  0.00580183  0.00197775  0.00364166 
  0.0080047    0.01760687  0.02190888  0.00189725  0.00247886  0.0015636 
  0.0067672    0.00465824  0.00848119  0.00440554  0.00402028  0.00064353 
  0.00434755  0.00911983  0.01302927  0.00056188  0.00520621  0.00237327 
  0.01434047  0.01754282  0.02091006]
[-0.5482344    -0.541905        0.55012653    0.54829232  -0.55291093  -0.55398113 
    0.55615034    0.55078277    0.55808536    0.55103654  -0.55446094  -0.55846913 
    0.54343009    0.56836999    0.56171045    0.55011119  -0.53875149    0.56030673 
    0.55567597    0.54714295    0.54884227  -0.54622474  -0.54582511    0.54928021 
    0.54134714  -0.54877562  -0.54764868]
[-0.55172581  -0.55116117    0.55456883    0.55115599  -0.55052029  -0.55118185 
    0.55448003    0.55149369    0.55203283    0.55241128  -0.55115326  -0.55072104 
    0.55248024    0.558237        0.5525923      0.55448935  -0.55111752    0.55481146 
    0.55481009    0.5545454      0.55308723  -0.55445864  -0.5525018      0.55372521 
    0.55266932  -0.55496423  -0.54825064]
[  0.62798389    0.63447641  -0.62410674  -0.62894272    0.62547022    0.62393126 
  -0.61901908  -0.6262452    -0.61912881  -0.62545735    0.62353589    0.62033549 
  -0.63198381  -0.60440492  -0.61567133  -0.62441959    0.63718141  -0.61501236 
  -0.61918582  -0.62692171  -0.62665534    0.6278645      0.62991237  -0.62583864 
  -0.6334779      0.62494182    0.63171586]
increment_70
[0.02841534  0.00213342  0.02278899  0.01106924  0.00125505  0.00092134 
  0.01194378  0.02244515  0.02825167  0.00542551  0.00048732  0.00153454 
  0.01024373  0.00896147  0.01284052  0.00800543  0.00145351  0.00431865 
  0.00886725  0.01406513  0.01780926  0.00220034  0.00275798  0.0066417 
  0.02004042  0.0175493    0.02094726]
[-0.54734153    0.53958726    0.55042839    0.54588528    0.55185204  -0.55304012 
    0.55727388    0.54861902    0.55790379    0.55073544    0.55302171    0.55773927 
    0.54076193    0.57013305    0.56166414    0.54853381  -0.53458873    0.55993402 
    0.55431649    0.54496782    0.54685312    0.54383322  -0.54299281    0.54726278 
    0.53824093  -0.54744899  -0.54613593]
[-0.55136112    0.5504828      0.55473991    0.55050321    0.54970935  -0.55030512 
    0.55460406    0.55093907    0.55166175    0.55194304    0.5503766      0.54999299 
    0.55246361    0.55881537    0.55217228    0.55465873  -0.55047253    0.55473363 
    0.55470705    0.55456781    0.55298987    0.55453992  -0.55223743    0.55369921 
    0.55254516  -0.55502606  -0.54706153]
[  0.62897594  -0.63703197  -0.62351655  -0.63153222  -0.62711831    0.6255478 
  -0.6178329    -0.62847396  -0.61936622  -0.62611494  -0.62550168  -0.62163676 
  -0.63423621  -0.60215728  -0.61601485  -0.62561991    0.64124315  -0.61540705 
  -0.62044716  -0.62870247  -0.62836033  -0.62986194    0.63260179  -0.62759583 
  -0.63607305    0.62604928    0.63405082]
increment_80
[0.03132139  0.00415576  0.02781023  0.0163902    0.00466822  0.00190494 
  0.01575363  0.02675651  0.03428839  0.00909175  0.00356699  0.00475483 
  0.01346591  0.01331212  0.01713207  0.01153581  0.00118005  0.00811414 
  0.01353993  0.01913288  0.02239364  0.00486649  0.00028631  0.0111642 
  0.02569012  0.01761716  0.0208132  ]
[-0.54695743    0.53792165    0.55150106    0.54341518    0.55099644    0.55226927 
    0.55887344    0.5464499      0.55785883    0.55093243    0.55146622    0.55698732 
    0.5382379      0.5718893      0.56153258    0.54710248    0.53041058    0.55954194 
    0.55298605    0.54276497    0.54481651    0.54144115  -0.54023117    0.54512771 
    0.53515014  -0.5462407    -0.54480496]
[-0.55098751    0.54982473    0.55490791    0.54992218    0.54896112    0.54941392 
    0.55475046    0.5505176      0.55134257    0.55143482    0.54962414    0.54933079 
    0.55259324    0.55938377    0.55175631    0.55486743    0.54988175    0.55465954 
    0.55459673    0.55457904    0.55293656    0.554655      -0.55202075    0.55368503 
    0.55249051  -0.55511055  -0.54585481]
[  0.62949925  -0.63899592  -0.6222141    -0.63404803  -0.62850841  -0.62700827 
  -0.61616899  -0.63056084  -0.61938615  -0.62634689  -0.62752338  -0.62287896 
  -0.63620699  -0.59987934  -0.61640297  -0.62663221  -0.64520793  -0.61579199 
  -0.62164746  -0.6304619    -0.6300275    -0.63180348    0.63515612  -0.62939974 
  -0.63852062    0.62702712    0.63623651]
increment_90
[0.03471178  0.00596673  0.03260375  0.02174807  0.00815691  0.00482862 
  0.01941986  0.03059663  0.04006876  0.01286091  0.00673369  0.00805214 
  0.01646961  0.01766808  0.02132583  0.0150056    0.00385665  0.01194821 
  0.01829837  0.02426108  0.02676783  0.0074514    0.00214319  0.01585117 
  0.03124035  0.0177806    0.02050902]
[-0.54717237    0.53685722    0.55330006    0.54079046    0.55048701    0.55166483 
    0.56079832    0.54428131    0.55790364    0.55150001    0.54979886    0.55624362 
    0.53584661    0.57356234    0.56135439    0.54583539    0.5262411      0.55914277 
    0.55179359    0.54055964    0.54268019    0.53903263    0.53755947    0.54290179 
    0.53211417  -0.54516424  -0.54359777]
[-0.55057636    0.54917094    0.55504136    0.549439        0.54832935    0.54850872 
    0.55490205    0.55022257    0.55104426    0.55086898    0.54889585    0.54873206 
    0.55282198    0.55992982    0.55134176    0.55508856    0.54935041    0.55462173 
    0.55448748    0.55457401    0.55293229    0.55476672    0.55185756    0.55364095 
    0.55249439  -0.55521378  -0.54463437]
[  0.62949437  -0.64043736  -0.62026215  -0.63654496  -0.62946997  -0.62831583 
  -0.61417573  -0.63251626  -0.61926428  -0.62627925  -0.62959449  -0.62403632 
  -0.63795378  -0.59765599  -0.61680525  -0.62746733  -0.64905282  -0.61612607 
  -0.62268181  -0.6321822    -0.63170213  -0.63373669  -0.63755663  -0.63125913 
  -0.64080301    0.62786739    0.63832143]
increment_100
[0.03860964  0.00763856  0.03724094  0.02709132  0.01164971  0.00782289 
  0.02292346  0.03402288  0.04561278  0.0167064    0.00995197  0.01137718 
  0.01928549  0.02200699  0.02540922  0.01841626  0.0065393    0.01574955 
  0.02309321  0.02939996  0.03095025  0.00996295  0.00449877  0.02058565 
  0.03667103  0.01801958  0.02006052]
[-0.54805189    0.53623657    0.55566813    0.53797146    0.55041277    0.55120235 
    0.56289132    0.54210646    0.55802004    0.55222876    0.54803389    0.55553522 
    0.53354196    0.57511136    0.56117917    0.54469166    0.52212646    0.55877232 
    0.55074983    0.53843153    0.54044617    0.53661978    0.53495649    0.54067032 
    0.52911374  -0.54420999  -0.54245337]
[-0.55009846    0.54851645    0.55509472    0.54909107    0.5478456      0.54758849 
    0.55505947    0.55005064    0.55075194    0.55023942    0.54819841    0.54818272 
    0.5531148      0.56045196    0.55093308    0.55531245    0.54888002    0.55463713 
    0.55438045    0.5545498      0.55297965    0.55485827    0.55175162    0.55352401 
    0.55253956  -0.55533368  -0.54340357]
[  0.6289198    -0.64149957  -0.61783161  -0.63902408  -0.629901      -0.62949314 
  -0.61199417  -0.63435583  -0.61903588  -0.62609973  -0.6316948    -0.6250975 
  -0.63955068  -0.5955302    -0.61717506  -0.62817189  -0.65274184  -0.6163628 
  -0.62354121  -0.63379937  -0.6333826    -0.63566678  -0.63982143  -0.63313743 
  -0.64295717    0.62858197    0.64035496]
increment_110
[0.04305945  0.00920268  0.04175128  0.03233343  0.01512283  0.01085342 
  0.02629309  0.03709478  0.05091199  0.02059281  0.01317711  0.01470059 
  0.02194872  0.02632218  0.02937693  0.02175401  0.00919944  0.01949021 
  0.02786874  0.03450392  0.03495232  0.01239702  0.00677592  0.02526857 
  0.04196024  0.01830694  0.01948174]
[-0.5495661      0.53589322    0.55838773    0.53501651    0.55076067    0.55082924 
    0.56504559    0.53994225    0.55819928    0.55295802    0.54621653    0.55487918 
    0.53126619    0.57652074    0.56104352    0.54360953    0.51812032    0.55843754 
    0.5498227      0.53646615    0.53815276    0.53420636    0.53241284    0.5384974 
    0.52610591  -0.54335853  -0.54135028]
[-0.54953513    0.54785119    0.55503607    0.54890581    0.54749848    0.54665144 
    0.55522566    0.55000071    0.55046185    0.54955797    0.5475462      0.54767373 
    0.55345368    0.56095007    0.55053632    0.55553995    0.54846692    0.55470172 
    0.55428119    0.55450688    0.55307824    0.55493251    0.5517096      0.55330853 
    0.55261073  -0.55545989  -0.54217928]
[  0.62780102  -0.6423339    -0.61513814  -0.64141585  -0.62982489  -0.63058826 
  -0.60971848  -0.63607041  -0.61871907  -0.62593881  -0.63377206  -0.62605629 
  -0.64106436  -0.59352001  -0.61747625  -0.62880108  -0.65623985  -0.61650113 
  -0.6242521    -0.63524458  -0.6350389    -0.63758904  -0.64195574  -0.63500528 
  -0.64503743    0.62919844    0.642341    ]
increment_120
[0.04811446  0.01063789  0.04611135  0.03738741  0.01857319  0.01389472 
  0.02961904  0.03987259  0.05593448  0.0244965    0.01636561  0.01802397 
  0.02451411  0.03060466  0.03323316  0.02499217  0.01182149  0.0231973 
  0.03256396  0.03953436  0.03877128  0.01473202  0.00897522  0.02983616 
  0.04708159  0.01862835  0.01877279]
[-0.55152959    0.53569107    0.56124638    0.5320434      0.55146359    0.55049252 
    0.56721743    0.53780527    0.55843329    0.55364684    0.54437847    0.55430597 
    0.5289787      0.57778053    0.56095387    0.54254753    0.51428699    0.55811371 
    0.54897408    0.53473841    0.5358576      0.53178222    0.52996748    0.53638015 
    0.52308271  -0.54257772  -0.5403155  ]
[-0.5488814      0.54715546    0.55487816    0.54887213    0.54724522    0.54569694 
    0.55538661    0.55007263    0.55018081    0.5488483      0.54696096    0.54722012 
    0.55383143    0.56142218    0.55015807    0.55577594    0.54811061    0.55480007 
    0.55419919    0.55445026    0.55322633    0.55500719    0.55173535    0.55299471 
    0.55269917  -0.55559911  -0.54098379]
[  0.62628214  -0.64307294  -0.61236139  -0.64363917  -0.62933744  -0.63164846 
  -0.6073984    -0.63764862  -0.61832409  -0.62581199  -0.63578138  -0.62687333 
  -0.64253509  -0.59164022  -0.61769928  -0.62938913  -0.65950277  -0.61657753 
  -0.62484422  -0.63645642  -0.63662709  -0.63949797  -0.64392703  -0.63686968 
  -0.6470637      0.62973965    0.64423853]
