inc
quat_01
quat_02
quat_03
quat_04
increment_0
[0.57795983  0.57795983  0.57795983  0.57795983  0.57795983  0.57795983 
  0.57795983  0.57795983  0.57795983  0.57795983  0.57795983  0.57795983 
  0.57795983  0.57795983  0.57795983  0.57795983  0.57795983  0.57795983 
  0.57795983  0.57795983  0.57795983  0.57795983  0.57795983  0.57795983 
  0.57795983  0.57795983  0.57795983  0.57795983  0.57795983  0.57795983 
  0.57795983  0.57795983]
[-0.1537611  -0.1537611  -0.1537611  -0.1537611  -0.1537611  -0.1537611 
  -0.1537611  -0.1537611  -0.1537611  -0.1537611  -0.1537611  -0.1537611 
  -0.1537611  -0.1537611  -0.1537611  -0.1537611  -0.1537611  -0.1537611 
  -0.1537611  -0.1537611  -0.1537611  -0.1537611  -0.1537611  -0.1537611 
  -0.1537611  -0.1537611  -0.1537611  -0.1537611  -0.1537611  -0.1537611 
  -0.1537611  -0.1537611]
[0.77859663  0.77859663  0.77859663  0.77859663  0.77859663  0.77859663 
  0.77859663  0.77859663  0.77859663  0.77859663  0.77859663  0.77859663 
  0.77859663  0.77859663  0.77859663  0.77859663  0.77859663  0.77859663 
  0.77859663  0.77859663  0.77859663  0.77859663  0.77859663  0.77859663 
  0.77859663  0.77859663  0.77859663  0.77859663  0.77859663  0.77859663 
  0.77859663  0.77859663]
[-0.19001908  -0.19001908  -0.19001908  -0.19001908  -0.19001908  -0.19001908 
  -0.19001908  -0.19001908  -0.19001908  -0.19001908  -0.19001908  -0.19001908 
  -0.19001908  -0.19001908  -0.19001908  -0.19001908  -0.19001908  -0.19001908 
  -0.19001908  -0.19001908  -0.19001908  -0.19001908  -0.19001908  -0.19001908 
  -0.19001908  -0.19001908  -0.19001908  -0.19001908  -0.19001908  -0.19001908 
  -0.19001908  -0.19001908]
increment_10
[0.5791316    0.57942817  0.57997461  0.57927107  0.57929677  0.57924093 
  0.57885426  0.57944251  0.57964649  0.57849753  0.57917256  0.57872817 
  0.57891088  0.57842591  0.57867845  0.57882132  0.57869232  0.57909513 
  0.57849878  0.57903232  0.57873616  0.57883863  0.57716184  0.57875325 
  0.57876822  0.57877608  0.57891887  0.57670494  0.57776297  0.57871061 
  0.57864943  0.57819162]
[-0.15399783  -0.15398934  -0.15368081  -0.15382977  -0.15398689  -0.15383721 
  -0.15379313  -0.15407563  -0.15391022  -0.15404451  -0.15373354  -0.15356675 
  -0.1540453    -0.15401696  -0.15354139  -0.15390666  -0.1539072    -0.15377494 
  -0.15378806  -0.15372629  -0.15376546  -0.15390096  -0.15252117  -0.15366023 
  -0.1536152    -0.15390829  -0.1540217    -0.15280111  -0.15309447  -0.15363171 
  -0.15404545  -0.15434897]
[0.77746469  0.7774462    0.77687762  0.77743595  0.77755636  0.77746342 
  0.77760232  0.77756348  0.77714296  0.77789879  0.77741339  0.77781004 
  0.77755282  0.77798734  0.7778557    0.77761358  0.77778352  0.77725805 
  0.77790392  0.77757627  0.77776421  0.77764577  0.77943381  0.77791585 
  0.77773022  0.7777089    0.77762515  0.77999921  0.77896279  0.77793248 
  0.77776611  0.77816591]
[-0.19089241  -0.19007285  -0.1909786    -0.19072174  -0.19002474  -0.19069528 
  -0.19133751  -0.18947853  -0.19071025  -0.19100883  -0.19118988  -0.19105628 
  -0.19116447  -0.19088725  -0.19104134  -0.19130014  -0.19099885  -0.19202088 
  -0.19119069  -0.19095798  -0.19105884  -0.19112143  -0.19001167  -0.19047348 
  -0.19122086  -0.19104803  -0.19086481  -0.18885037  -0.18965496  -0.19055808 
  -0.19108823  -0.19060082]
increment_20
[0.58047367  0.58141671  0.58281774  0.58068403  0.58091266  0.58081117 
  0.57977978  0.58110251  0.58161623  0.57859813  0.58052879  0.57945693 
  0.58026162  0.57804324  0.57917174  0.57953557  0.57935588  0.58068942 
  0.57883185  0.5800479    0.57951038  0.57978957  0.57615297  0.5797418 
  0.57979493  0.57945655  0.57977372  0.57544037  0.57778414  0.57980934 
  0.57919655  0.57828808]
[-0.15424765  -0.15431574  -0.15358472  -0.15407853  -0.1543211    -0.15399559 
  -0.15401671  -0.15450286  -0.15396476  -0.15477055  -0.15356487  -0.15335862 
  -0.15435413  -0.15451715  -0.1530447    -0.15431069  -0.1542711    -0.15380762 
  -0.15406543  -0.15375313  -0.15379584  -0.15429642  -0.15091341  -0.15365535 
  -0.15358366  -0.15427261  -0.15443967  -0.15195346  -0.15244768  -0.15348462 
  -0.15459057  -0.15484705]
[0.77634875  0.77611616  0.7745966    0.77640368  0.77652562  0.77622044 
  0.77655949  0.7765861    0.77564226  0.77764051  0.77616804  0.77706573 
  0.77640283  0.77816746  0.77747387  0.77672027  0.77710914  0.7755497 
  0.77748834  0.77663186  0.77699627  0.77670341  0.78067943  0.77719298 
  0.77663811  0.77701037  0.77677229  0.78149725  0.77917538  0.7770221 
  0.77711432  0.77789167]
[-0.19115597  -0.18916916  -0.1916646    -0.19042898  -0.18903292  -0.19085486 
  -0.19258663  -0.1880499    -0.19077866  -0.19116883  -0.1922689    -0.19204077 
  -0.19149384  -0.19090801  -0.19149883  -0.19243791  -0.19143819  -0.19407649 
  -0.19164919  -0.19169598  -0.19181071  -0.1917511    -0.18924195  -0.19042204 
  -0.19256985  -0.19153314  -0.19140438  -0.18719127  -0.18923772  -0.1910504 
  -0.19164145  -0.19102314]
increment_30
[0.58170544  0.58336332  0.58585141  0.58215452  0.58261347  0.58250478 
  0.58079166  0.58268475  0.58361424  0.57870176  0.58197206  0.58038035 
  0.58160039  0.57755895  0.57959522  0.58018777  0.58000458  0.58224903 
  0.57907082  0.58109654  0.58030238  0.58065005  0.57516009  0.58056425 
  0.58084564  0.57999586  0.5806186    0.57413272  0.57798612  0.58091212 
  0.57970197  0.57841616]
[-0.15451976  -0.15471403  -0.15343877  -0.15432685  -0.15467105  -0.15413667 
  -0.15428961  -0.15486438  -0.1539794    -0.15559231  -0.1533773    -0.15337675 
  -0.15466557  -0.15500218  -0.1525341    -0.15481855  -0.15472084  -0.15380059 
  -0.15442522  -0.15382898  -0.15387962  -0.15477699  -0.1492972    -0.15379419 
  -0.15361701  -0.15471684  -0.15490775  -0.15118486  -0.15187652  -0.1533938 
  -0.15521474  -0.15527852]
[0.77532083  0.77482232  0.77217379  0.7753152    0.775446      0.77488112 
  0.77541809  0.77570102  0.77411359  0.77740027  0.77482231  0.77609959 
  0.77530767  0.778448      0.77716648  0.77587834  0.77642634  0.77388092 
  0.77718056  0.77564319  0.7762168    0.77583945  0.78197386  0.77659261 
  0.77551646  0.77643748  0.77591991  0.78302767  0.77921459  0.77608409 
  0.77652089  0.77758885]
[-0.19136362  -0.18815203  -0.19230786  -0.19017273  -0.18794125  -0.19102179 
  -0.1939138    -0.18650319  -0.19087409  -0.19116517  -0.19347951  -0.19314154 
  -0.19161827  -0.19083685  -0.19187233  -0.19345843  -0.19188091  -0.1960606 
  -0.19188592  -0.19246061  -0.19250374  -0.192257      -0.18819695  -0.19025354 
  -0.19389269  -0.19186542  -0.19192166  -0.18542501  -0.18891847  -0.19158531 
  -0.19201382  -0.19151739]
increment_40
[0.5828313    0.58529853  0.58904915  0.58365687  0.58437789  0.58430334 
  0.58191219  0.58412556  0.58566197  0.57885085  0.58350566  0.58142473 
  0.58286808  0.57706356  0.58000879  0.58084664  0.5806023    0.58371006 
  0.57927821  0.58219427  0.58114346  0.58148368  0.57404804  0.58120925 
  0.5819307    0.58044767  0.58153433  0.57265228  0.57824679  0.58198483 
  0.58033068  0.57849113]
[-0.15485081  -0.15516686  -0.15325133  -0.15457512  -0.15504025  -0.15423646 
  -0.15456908  -0.15518899  -0.15401794  -0.15641192  -0.15317896  -0.15353388 
  -0.15504719  -0.1554516    -0.15201787  -0.15536352  -0.15525473  -0.15381315 
  -0.15480288  -0.15392864  -0.15400903  -0.15529212  -0.1474931    -0.15405133 
  -0.15368197  -0.15523445  -0.15538299  -0.15041696  -0.15132447  -0.15338729 
  -0.15581111  -0.15577549]
[0.7743712    0.77352487  0.76960818  0.77420835  0.77433663  0.77344973 
  0.77416707  0.77495485  0.77257582  0.77714489  0.77338402  0.77500399 
  0.77429509  0.77875604  0.77686883  0.77504886  0.7757687    0.77229825 
  0.77691796  0.77461729  0.77539126  0.77501438  0.78346819  0.77612724 
  0.77436594  0.77593701  0.7750176    0.78472121  0.77921828  0.77515476 
  0.77584756  0.7773268  ]
[-0.19151541  -0.18710464  -0.19297246  -0.18987527  -0.1867292    -0.19124912 
  -0.19532524  -0.18482069  -0.19080127  -0.1910833    -0.19476784  -0.19427157 
  -0.19155228  -0.19071307  -0.19223731  -0.19436727  -0.19230151  -0.19793811 
  -0.19201902  -0.19319383  -0.19318873  -0.19264939  -0.18679461  -0.18997498 
  -0.19518171  -0.19210552  -0.19241015  -0.18345771  -0.18854821  -0.19209656 
  -0.19235321  -0.19195066]
increment_50
[0.58388269  0.58722302  0.59241678  0.58516243  0.58620883  0.58619906 
  0.58312159  0.58543028  0.58773747  0.57909699  0.58512912  0.58254369 
  0.58405417  0.57658405  0.58045653  0.58153803  0.58112948  0.58507579 
  0.57951716  0.58332142  0.5820649    0.58228934  0.57275377  0.58169229 
  0.58307476  0.58083354  0.5825385    0.57093921  0.57851236  0.5830086 
  0.58110719  0.57848355]
[-0.15524198  -0.15566667  -0.15301959  -0.1548215    -0.15541469  -0.15430475 
  -0.15484241  -0.15546936  -0.1541032    -0.15718882  -0.15294854  -0.153776 
  -0.15552913  -0.15583469  -0.15148435  -0.15592167  -0.15587384  -0.15386744 
  -0.15514618  -0.15403516  -0.154177      -0.15583617  -0.14543924  -0.15440525 
  -0.1537575    -0.15582303  -0.15585804  -0.14958449  -0.15074623  -0.15347434 
  -0.15636536  -0.15640177]
[0.77346932  0.77221825  0.76688689  0.77310772  0.77318494  0.7719303 
  0.77282576  0.77433884  0.77105092  0.77682732  0.77186346  0.77383497 
  0.77336601  0.77907388  0.77654236  0.77421132  0.7751578    0.77080009 
  0.77665044  0.77357505  0.77449032  0.7742264    0.7852288    0.77578502 
  0.7731697    0.7754859    0.77405287  0.78664327  0.7792469    0.77425061 
  0.77506972  0.77713032]
[-0.19164064  -0.1860537    -0.19367979  -0.1895249    -0.18544685  -0.1915315 
  -0.19680798  -0.18303013  -0.1905186    -0.19099129  -0.19610574  -0.19538485 
  -0.19130194  -0.19055257  -0.19262572  -0.19518909  -0.19267139  -0.19969566 
  -0.19210315  -0.19388384  -0.1938934    -0.19294481  -0.1849764    -0.18960671 
  -0.19644609  -0.19228419  -0.19287124  -0.18123265  -0.18807787  -0.19256842 
  -0.1926947    -0.19225954]
increment_60
[0.58493992  0.58911053  0.59597286  0.58667256  0.58812896  0.58816985 
  0.584416      0.58664154  0.58980065  0.57948909  0.58683841  0.58372994 
  0.58517094  0.57614436  0.58098265  0.58227624  0.58158931  0.58634892 
  0.57984105  0.58448548  0.58306359  0.58304833  0.57123223  0.58207201 
  0.58428474  0.58117146  0.58361662  0.56896736  0.57875482  0.58394698 
  0.58201801  0.57836766]
[-0.15566637  -0.15621914  -0.15273633  -0.15505561  -0.1557773    -0.15435595 
  -0.15510196  -0.15567442  -0.15425914  -0.15789208  -0.15267586  -0.15407407 
  -0.15611168  -0.15610881  -0.1509119    -0.15648166  -0.15657271  -0.15397768 
  -0.15540893  -0.15413844  -0.15438164  -0.15641663  -0.14309933  -0.15481574 
  -0.15383799  -0.15647162  -0.15634212  -0.14863375  -0.15009788  -0.15367095 
  -0.15688383  -0.15719045]
[0.77254564  0.77092393  0.76398679  0.77200967  0.77196111  0.77034025 
  0.77139755  0.77382053  0.76956014  0.77640497  0.77026863  0.77260978 
  0.77250367  0.77938723  0.7761588    0.77335396  0.77459257  0.76938306 
  0.77633764  0.77251397  0.77351587  0.77348595  0.78729065  0.77552424 
  0.77192435  0.77506755  0.77303458  0.78882623  0.77933451  0.77340068 
  0.77419483  0.77701991]
[-0.19179808  -0.18498827  -0.19445348  -0.18914052  -0.18415702  -0.19184986 
  -0.19836114  -0.18116006  -0.19004342  -0.19093925  -0.19747658  -0.19645527 
  -0.19089839  -0.19037663  -0.19303441  -0.19593758  -0.19299019  -0.20133437 
  -0.19217776  -0.19452565  -0.19461849  -0.1931527    -0.18272864  -0.18917298 
  -0.1976816    -0.19242312  -0.19330372  -0.17871015  -0.18748655  -0.19298329 
  -0.1930411    -0.19241121]
increment_70
[0.58609204  0.59094545  0.59973057  0.58821883  0.59015907  0.59019174 
  0.58581334  0.58780424  0.59183393  0.58005422  0.58863542  0.58498734 
  0.58623019  0.5757665    0.58162498  0.58307197  0.58199744  0.58753908 
  0.58027903  0.58570687  0.58411924  0.58376382  0.56943789  0.5824241 
  0.58555956  0.58148388  0.5847436    0.56672883  0.57895474  0.58477543 
  0.5830404    0.57812929]
[-0.15609312  -0.1568302    -0.15239599  -0.15526068  -0.15611699  -0.15439921 
  -0.15533642  -0.15577907  -0.15449721  -0.15850304  -0.15235984  -0.15441274 
  -0.15677914  -0.15622783  -0.15026672  -0.15703975  -0.15733969  -0.15415482 
  -0.15555218  -0.15423985  -0.15462341  -0.15703523  -0.14044658  -0.15523675 
  -0.15392274  -0.15716654  -0.1568507    -0.14752015  -0.14935717  -0.15398753 
  -0.15737973  -0.15814503]
[0.77152685  0.76966024  0.7608873    0.77088732  0.77063806  0.76870278 
  0.76986646  0.77336876  0.76810458  0.77585428  0.76859769  0.77133362 
  0.7716926    0.77968643  0.77569962  0.77246691  0.77406221  0.76804113 
  0.77595749  0.77142109  0.77248523  0.77278793  0.7896778    0.77529191 
  0.77063382  0.77466211  0.77198148  0.79128478  0.77949988  0.77262854 
  0.77323561  0.7770072  ]
[-0.19203486  -0.18387738  -0.19531826  -0.1887471    -0.18291183  -0.19217343 
  -0.19999741  -0.17922        -0.18941638  -0.19095553  -0.19887789  -0.19746132 
  -0.1903812    -0.19019693  -0.19344866  -0.19662265  -0.19326378  -0.20284709 
  -0.19227517  -0.19510777  -0.19535324  -0.19328363  -0.1800673    -0.18869597 
  -0.1988751    -0.19254555  -0.19369401  -0.17585403  -0.186772      -0.19331496 
  -0.19339651  -0.19239668]
increment_80
[0.58738071  0.59275474  0.60366692  0.58985111  0.59231594  0.59225624 
  0.5873306    0.58894661  0.59384268  0.58082063  0.59051363  0.58631322 
  0.58723056  0.57549158  0.58241438  0.58393554  0.58237106  0.58867208 
  0.58085121  0.58701187  0.58521202  0.58446701  0.5673199    0.58280513 
  0.5869001    0.58180957  0.58590957  0.56422156  0.57907417  0.58549908 
  0.58415696  0.57778677]
[-0.15650356  -0.15748891  -0.15200378  -0.15541417  -0.15642696  -0.15442307 
  -0.15553828  -0.15576635  -0.15480707  -0.15901062  -0.15200562  -0.15478616 
  -0.15751918  -0.15614207  -0.14953406  -0.15759502  -0.15816252  -0.15439725 
  -0.15554858  -0.15434016  -0.15490293  -0.15768476  -0.13747655  -0.15563039 
  -0.15401152  -0.1578958    -0.15739279  -0.14619921  -0.14851329  -0.1544148 
  -0.15786917  -0.15925266]
[0.77037359  0.76841285  0.75759538  0.76970383  0.7691904    0.76703066 
  0.76821799  0.77296106  0.76667155  0.77514693  0.76685536  0.77001177 
  0.77092509  0.77994966  0.77514176  0.77153754  0.7735559    0.76675759 
  0.77549396  0.77027368  0.77141646  0.77210483  0.79240854  0.77505021 
  0.76929757  0.77423396  0.77090278  0.79402338  0.77977463  0.7719403 
  0.77219892  0.77707821]
[-0.192393      -0.18270404  -0.19629147  -0.18835636  -0.18176512  -0.19248381 
  -0.20172191  -0.17722846  -0.18868064  -0.19107658  -0.2003018    -0.19839336 
  -0.18979589  -0.19002007  -0.19387707  -0.19726356  -0.19349375  -0.20422896 
  -0.19242044  -0.19563902  -0.19608321  -0.19335967  -0.17702267  -0.18818753 
  -0.20002493  -0.19268708  -0.19402677  -0.17264617  -0.18592589  -0.1935331 
  -0.19376995  -0.19222513]
increment_90
[0.58880665  0.59459973  0.60770844  0.59163081  0.59460159  0.5943662 
  0.58895717  0.5900954    0.59585121  0.58179971  0.59245749  0.587689 
  0.5881811    0.57536593  0.58335645  0.58485394  0.58272981  0.58976897 
  0.58156653  0.58842849  0.58632125  0.58518893  0.56483694  0.58326147 
  0.58829135  0.58219479  0.58711615  0.5614436    0.57908506  0.58612736 
  0.58538072  0.57735792]
[-0.15688993  -0.15816623  -0.15158765  -0.15547767  -0.15670527  -0.15440297 
  -0.15571524  -0.15561323  -0.15516701  -0.15942604  -0.15162534  -0.15519621 
  -0.15831634  -0.15580748  -0.14871509  -0.15815753  -0.15902736  -0.15469407 
  -0.15538386  -0.15443818  -0.1552203    -0.15835593  -0.13421285  -0.15595968 
  -0.15410694  -0.15865213  -0.15797156  -0.14464426  -0.14754974  -0.15493876 
  -0.15835708  -0.16049143]
[0.76907782  0.76713647  0.75416212  0.76841402  0.76760614  0.76532487 
  0.76646304  0.772575      0.76523424  0.77426487  0.76505153  0.76865705 
  0.77018365  0.7801505    0.77447491  0.77057152  0.7730595    0.76551604 
  0.77493938  0.7690416    0.77032775  0.77141067  0.7954829    0.77476761 
  0.76792645  0.7737398    0.76980061  0.79703503  0.78018125  0.77134037 
  0.77106617  0.7772168  ]
[-0.19290305  -0.18148347  -0.19736041  -0.18798824  -0.18075735  -0.19278585 
  -0.20351076  -0.17521359  -0.18788586  -0.19132786  -0.20174248  -0.19925389 
  -0.18919852  -0.18985066  -0.19433912  -0.19786763  -0.19368861  -0.2054933 
  -0.19262703  -0.1961524    -0.19679738  -0.19339826  -0.17364648  -0.18766402 
  -0.20113007  -0.19288713  -0.19428494  -0.16909846  -0.18495077  -0.19360457 
  -0.19418909  -0.19192282]
increment_100
[0.5903536    0.59653726  0.61176054  0.59360706  0.59700623  0.59649377 
  0.59065937  0.59126923  0.59787144  0.58296934  0.59443678  0.58907521 
  0.58909078  0.57539456  0.5844321    0.58578137  0.58309378  0.5908255 
  0.58240252  0.58996797  0.58742548  0.58593913  0.56199041  0.58382848 
  0.58966945  0.58268758  0.58836582  0.55842763  0.57897759  0.58664602 
  0.586755      0.57685358]
[-0.15725167  -0.1588348    -0.15119203  -0.15541784  -0.15695566  -0.15432572 
  -0.15588869  -0.15529098  -0.15556983  -0.15978355  -0.15124177  -0.15565557 
  -0.15915711  -0.1552182    -0.14782266  -0.1587488    -0.15991975  -0.15503957 
  -0.15507558  -0.15454002  -0.15558207  -0.15904125  -0.13072807  -0.15619812 
  -0.15422975  -0.15942247  -0.15859148  -0.14286998  -0.1464498    -0.15556092 
  -0.15883477  -0.1618303  ]
[0.7676498    0.76578941  0.75066234  0.7669864    0.76588831  0.76360909 
  0.76463202  0.7721979    0.76377931  0.77321726  0.76320707  0.7672964 
  0.76945487  0.78028639  0.77370696  0.76960321  0.77255727  0.76431782 
  0.77430843  0.76770568  0.7692357    0.77069924  0.79885412  0.77441565 
  0.76657427  0.77313625  0.76867757  0.8002671    0.78072505  0.77084931 
  0.76979663  0.77741047]
[-0.19356735  -0.1802259    -0.19848443  -0.18763746  -0.17989882  -0.19308007 
  -0.20532437  -0.17319299  -0.1870533    -0.19170557  -0.2031891    -0.20004494 
  -0.18862733  -0.18968804  -0.19484643  -0.19841851  -0.19386228  -0.20665487 
  -0.19288682  -0.19668037  -0.19748915  -0.19340089  -0.1700266    -0.18715461 
  -0.20215589  -0.19318385  -0.19444587  -0.16528559  -0.18386355  -0.19349054 
  -0.19468754  -0.19153033]
increment_110
[0.59199318  0.59860102  0.61574588  0.59580632  0.59951566  0.59857973 
  0.59241704  0.59245368  0.59989751  0.58429694  0.59642126  0.59043109 
  0.58993661  0.57555672  0.58562704  0.58668912  0.58348179  0.59182908 
  0.58331151  0.5916142    0.58853998  0.58673312  0.55882582  0.58452883 
  0.59095474  0.58333919  0.58966639  0.55524523  0.5787731    0.58702529 
  0.58833357  0.57630314]
[-0.15759478  -0.15947924  -0.15085896  -0.15523031  -0.15718662  -0.15419588 
  -0.15607505  -0.15476306  -0.15602478  -0.16011849  -0.15088208  -0.15618082 
  -0.16004058  -0.15440679  -0.14687977  -0.15938389  -0.16082707  -0.1554352 
  -0.15466071  -0.15466252  -0.15598736  -0.15972747  -0.12713096  -0.1563338 
  -0.15440623  -0.16018706  -0.1592554    -0.14092888  -0.14519679  -0.15628593 
  -0.15928702  -0.16322985]
[0.76611363  0.76434817  0.7471609    0.76540368  0.76404667  0.76193227 
  0.76274363  0.77184976  0.76231051  0.77202418  0.76134358  0.76595935 
  0.76875693  0.78036565  0.77284033  0.76865624  0.77203653  0.76317144 
  0.77363779  0.76626858  0.76813032  0.76995877  0.80243877  0.77397058 
  0.76531616  0.77238111  0.76753145  0.80362436  0.78138708  0.77049869 
  0.76834519  0.77763086]
[-0.1943653    -0.17892752  -0.19962258  -0.18728476  -0.17918154  -0.19335241 
  -0.20713471  -0.17115776  -0.18617715  -0.19219215  -0.20462705  -0.20076096 
  -0.18808136  -0.18953222  -0.19541017  -0.19889755  -0.19401866  -0.20772 
  -0.19316396  -0.19724251  -0.19815256  -0.19337757  -0.16626318  -0.18669585 
  -0.20303296  -0.19360508  -0.19449095  -0.16133715  -0.18268503  -0.19315226 
  -0.19528678  -0.19110456]
increment_120
[0.59368978  0.60079814  0.61961796  0.59824233  0.60208802  0.60057409 
  0.59423105  0.59359935  0.60192388  0.5857469    0.59840538  0.59172837 
  0.59064668  0.5758587    0.58693087  0.5875943    0.5839107    0.59276722 
  0.5842223    0.59334643  0.5897089    0.58761729  0.55541757  0.58537332 
  0.59210169  0.58418593  0.59104108  0.55194743  0.57852905  0.58724672 
  0.5901535    0.57575056]
[-0.15792733  -0.16009633  -0.15061847  -0.15493784  -0.15741979  -0.15403545 
  -0.15627834  -0.15400175  -0.15654296  -0.16045493  -0.15056152  -0.15678202 
  -0.16098622  -0.15341788  -0.14591962  -0.16005919  -0.16174462  -0.15588374 
  -0.15416758  -0.15481356  -0.15642026  -0.16038953  -0.1235504    -0.15637982 
  -0.15464511  -0.16092914  -0.15995769  -0.13887408  -0.14374264  -0.15710944 
  -0.15969966  -0.16465134]
[0.76450422  0.76280646  0.74369794  0.76364568  0.76211517  0.76033454 
  0.76079737  0.77158048  0.76082889  0.77071191  0.75946282  0.76466398 
  0.76815157  0.78036904  0.77187011  0.7677172    0.77148663  0.76208538 
  0.77299228  0.76473609  0.76698252  0.76914935  0.8061333    0.77340999 
  0.76420198  0.77144888  0.76634395  0.80703198  0.78212805  0.77030828 
  0.76668331  0.77783814]
[-0.19525547  -0.17758675  -0.20075119  -0.18693758  -0.1785763    -0.19358519 
  -0.20893515  -0.16907642  -0.18526024  -0.19276394  -0.20605451  -0.20140984 
  -0.18751826  -0.189404      -0.19605142  -0.19930954  -0.19415291  -0.20869394 
  -0.19338975  -0.19786734  -0.19878112  -0.19336599  -0.16246761  -0.18633414 
  -0.20370522  -0.19415261  -0.19442464  -0.15737663  -0.18143294  -0.19256962 
  -0.19598867  -0.19070672]
