# inc   q0   q1   q2   q3
     0  8.37260830e-01 -2.60144770e-01  2.26625000e-02  4.80422120e-01
    10  8.36650813e-01 -2.60353819e-01  2.27020734e-02  4.81368800e-01
    20  8.36120123e-01 -2.60461454e-01  2.26250239e-02  4.82235503e-01
    30  8.35611357e-01 -2.60512753e-01  2.25147322e-02  4.83094041e-01
    40  8.35108572e-01 -2.60618534e-01  2.23420106e-02  4.83913719e-01
    50  8.34608993e-01 -2.60805149e-01  2.21171272e-02  4.84684779e-01
    60  8.34112619e-01 -2.61072653e-01  2.18569804e-02  4.85406510e-01
    70  8.33620195e-01 -2.61408480e-01  2.15816455e-02  4.86083542e-01
    80  8.33130736e-01 -2.61779396e-01  2.13122226e-02  4.86734541e-01
    90  8.32643080e-01 -2.62152220e-01  2.10643309e-02  4.87378712e-01
   100  8.32158300e-01 -2.62508315e-01  2.08494625e-02  4.88023819e-01
   110  8.31677667e-01 -2.62840082e-01  2.06717389e-02  4.88671698e-01
   120  8.31201781e-01 -2.63150825e-01  2.05312776e-02  4.89319638e-01
