inc
sigma_11
sigma_12
sigma_13
sigma_21
sigma_22
sigma_23
sigma_31
sigma_32
sigma_33
increment_0
8.681258305190852e-05
7.464496997534909e-07
1.152539372435921e-06
7.464496997534909e-07
8.159613478471739e-05
4.5123269341885805e-06
1.152539372435921e-06
4.5123269341885805e-06
8.424473587732089e-05
increment_10
-4358974.20428248
10121709.260894645
-1099647.9496320437
10121709.260894645
-18927221.42493472
-3750485.7033208497
-1099647.9496320437
-3750485.7033208497
-94818841.56670392
increment_20
-4033530.857614488
10729764.078454293
-1363702.0497526177
10729764.078454293
-18390658.164895713
-4117658.6258992106
-1363702.0497526177
-4117658.6258992106
-95893583.34784213
increment_30
-4165829.643096688
11150691.997347858
-1398633.906091682
11150691.997347858
-18374247.50746515
-4712157.856743278
-1398633.906091682
-4712157.856743278
-97358041.738473
increment_40
-4274489.970157029
11573099.692627946
-1461845.2105736837
11573099.692627946
-18439284.015530344
-5318546.023950376
-1461845.2105736837
-5318546.023950376
-98823973.06241944
increment_50
-4236259.4059937475
12071990.045531595
-1656825.2648455403
12071990.045531595
-18542467.311751947
-5923554.517225137
-1656825.2648455403
-5923554.517225137
-100245856.29454142
increment_60
-4007427.4463506676
12669880.515589003
-2006751.848041697
12669880.515589003
-18662483.418835387
-6509992.34777287
-2006751.848041697
-6509992.34777287
-101609341.0052269
increment_70
-3650078.787497556
13327410.535068471
-2493006.9590597893
13327410.535068471
-18774853.27462653
-7093030.970501599
-2493006.9590597893
-7093030.970501599
-102909142.02777813
increment_80
-3246393.1416775878
13973119.367070349
-3069484.808559045
13973119.367070349
-18882421.158916783
-7649051.576414613
-3069484.808559045
-7649051.576414613
-104159299.71207738
increment_90
-2793000.0626984867
14561953.39605502
-3665603.135795846
14561953.39605502
-18987778.01993583
-8116774.531401353
-3665603.135795846
-8116774.531401353
-105355820.48572609
increment_100
-2366834.280104632
15067836.350435948
-4270875.930682822
15067836.350435948
-19108079.090955872
-8507351.084717972
-4270875.930682822
-8507351.084717972
-106505400.81452775
increment_110
-1982838.5555164684
15484405.302430257
-4882554.873577081
15484405.302430257
-19219844.76928924
-8848890.123368291
-4882554.873577081
-8848890.123368291
-107605426.74100973
increment_120
-1665311.1356164422
15778513.790524818
-5437695.872942
15778513.790524818
-19295941.675153416
-9106325.229596516
-5437695.872942
-9106325.229596516
-108668434.82179305
