inc
sigma_11
sigma_12
sigma_13
sigma_21
sigma_22
sigma_23
sigma_31
sigma_32
sigma_33
increment_0
-3.415504071320133e-05
-4.1228540959979606e-08
-6.492054529180422e-06
-4.1228540959979606e-08
-2.938818385598027e-05
4.6048089379174516e-07
-6.492054529180422e-06
4.6048089379174516e-07
-3.75181569163972e-05
increment_10
14948249.311816612
5549968.192465619
1716813.6936269486
5549968.192465619
-28643410.077669747
-3704595.3848502566
1716813.6936269486
-3704595.3848502566
-94513512.67471914
increment_20
15189311.989786413
5075309.163570902
2901617.2160631004
5075309.163570902
-27989977.83281749
-4161074.318703761
2901617.2160631004
-4161074.318703761
-95136165.28017607
increment_30
14947085.223741053
4922890.225854127
3754027.4722236306
4922890.225854127
-28077800.24579522
-4255225.951026717
3754027.4722236306
-4255225.951026717
-96346547.091072
increment_40
14637105.306608308
4861873.74678473
4534366.7657716535
4861873.74678473
-28361292.01161227
-4342814.633700496
4534366.7657716535
-4342814.633700496
-97662158.11729752
increment_50
14391287.920595733
4777387.4364349125
5299942.849890419
4777387.4364349125
-28791471.126858458
-4423956.028908255
5299942.849890419
-4423956.028908255
-99043996.36829707
increment_60
14230344.725219274
4690999.119392332
6038381.284577049
4690999.119392332
-29301457.82948492
-4468550.805047075
6038381.284577049
-4468550.805047075
-100480133.4018221
increment_70
14115536.812942013
4586667.773145595
6723330.489541547
4586667.773145595
-29811658.803387586
-4507889.112363504
6723330.489541547
-4507889.112363504
-101920402.69330896
increment_80
14053410.199422201
4482099.729762809
7354053.241599754
4482099.729762809
-30252452.34038847
-4553533.585254791
7354053.241599754
-4553533.585254791
-103267698.12718524
increment_90
14060912.985653214
4385909.69222296
7916720.264874137
4385909.69222296
-30589053.677071184
-4551847.80299338
7916720.264874137
-4551847.80299338
-104487812.8564885
increment_100
14103340.37477426
4262030.087078067
8447383.790810952
4262030.087078067
-30851903.49886341
-4497094.157248116
8447383.790810952
-4497094.157248116
-105616932.36869508
increment_110
14172221.934633495
4087822.5347653963
9001258.375293842
4087822.5347653963
-31060156.444487173
-4414754.60898852
9001258.375293842
-4414754.60898852
-106699212.83113602
increment_120
14285267.960917106
3869891.8283452946
9615165.100226136
3869891.8283452946
-31215451.102921646
-4309873.202633936
9615165.100226136
-4309873.202633936
-107782545.89780642
