inc
sigma_11
sigma_12
sigma_13
sigma_21
sigma_22
sigma_23
sigma_31
sigma_32
sigma_33
increment_0
-4.8838294047182215e-05
3.4447727320017913e-06
1.0872983966973298e-05
3.4447727320017913e-06
-3.216266662244722e-05
4.660661267092234e-06
1.0872983966973298e-05
4.660661267092234e-06
-4.532576618734401e-05
increment_10
2151403.664385524
4454889.050416042
8808587.758342305
4454889.050416042
37505240.57073361
8186823.694428585
8808587.758342305
8186823.694428585
-88876919.0341727
increment_20
72625.58563770002
4690155.508577922
9559270.594814373
4690155.508577922
38791266.05606362
8497376.277389007
9559270.594814373
8497376.277389007
-89593202.55621965
increment_30
-505907.63444963883
4886803.656440739
9759138.70988969
4886803.656440739
40064174.88888773
8524716.80586831
9759138.70988969
8524716.80586831
-89977724.50586043
increment_40
-972206.1757166311
5114065.821797602
9825852.02930393
5114065.821797602
41068042.01552668
8494129.060975866
9825852.02930393
8494129.060975866
-90524484.59457348
increment_50
-1399721.2367607008
5303178.278184334
9853948.336979333
5303178.278184334
41933128.76453261
8457103.409275327
9853948.336979333
8457103.409275327
-91198897.43167883
increment_60
-1784129.2638735194
5464236.993273438
9853357.564981673
5464236.993273438
42717728.12732026
8420394.668203928
9853357.564981673
8420394.668203928
-91953153.348276
increment_70
-2183405.05817102
5617118.861917609
9852471.641948545
5617118.861917609
43453327.90397039
8367065.431220244
9852471.641948545
8367065.431220244
-92751562.13242796
increment_80
-2628373.3509740196
5733411.853482454
9888320.920326568
5733411.853482454
44168779.596520185
8267422.76342833
9888320.920326568
8267422.76342833
-93580332.55895728
increment_90
-3144238.1535336566
5815282.2193440385
9977362.165069275
5815282.2193440385
44893686.1991592
8124055.887840231
9977362.165069275
8124055.887840231
-94419873.87916286
increment_100
-3789579.22477523
5913872.287852495
10116371.36005548
5913872.287852495
45611051.50312963
7971193.793099082
10116371.36005548
7971193.793099082
-95286352.90066032
increment_110
-4572746.996307411
6065500.107842695
10289899.39218949
6065500.107842695
46294274.68935429
7822255.182158659
10289899.39218949
7822255.182158659
-96195481.47028606
increment_120
-5444819.135600384
6245124.794887832
10480856.768539177
6245124.794887832
46932762.78913922
7666337.992453062
10480856.768539177
7666337.992453062
-97158668.7391937
