# inc   q0   q1   q2   q3
     0  8.76940410e-01 -2.05987970e-01  1.38798290e-01  4.11435910e-01
    10  8.76947679e-01 -2.08190218e-01  1.36312645e-01  4.11142875e-01
    20  8.76795683e-01 -2.10665330e-01  1.34097536e-01  4.10934667e-01
    30  8.76657668e-01 -2.12976903e-01  1.32151487e-01  4.10667939e-01
    40  8.76526104e-01 -2.15185171e-01  1.30384765e-01  4.10362210e-01
    50  8.76394754e-01 -2.17325999e-01  1.28746094e-01  4.10031813e-01
    60  8.76259979e-01 -2.19422445e-01  1.27199369e-01  4.09685929e-01
    70  8.76119932e-01 -2.21486039e-01  1.25726619e-01  4.09329473e-01
    80  8.75974715e-01 -2.23518009e-01  1.24331086e-01  4.08961832e-01
    90  8.75826198e-01 -2.25517771e-01  1.23027192e-01  4.08576205e-01
   100  8.75676490e-01 -2.27500237e-01  1.21817664e-01  4.08160243e-01
   110  8.75526530e-01 -2.29468340e-01  1.20729498e-01  4.07703279e-01
   120  8.75372879e-01 -2.31373844e-01  1.19827110e-01  4.07222212e-01
