# inc   q0   q1   q2   q3
     0  3.03487610e-01 -4.05535990e-01  8.57241591e-01 -9.25888001e-02
    10  3.04228522e-01 -4.06116365e-01  8.56828767e-01 -9.14273951e-02
    20  3.05116164e-01 -4.06688262e-01  8.56379742e-01 -9.01250356e-02
    30  3.05836617e-01 -4.07278070e-01  8.55981283e-01 -8.87951633e-02
    40  3.06397549e-01 -4.07881332e-01  8.55634549e-01 -8.74235665e-02
    50  3.06832981e-01 -4.08484837e-01  8.55333136e-01 -8.60167763e-02
    60  3.07186558e-01 -4.09078747e-01  8.55065202e-01 -8.45842644e-02
    70  3.07489176e-01 -4.09658928e-01  8.54820919e-01 -8.31334240e-02
    80  3.07783445e-01 -4.10221033e-01  8.54586489e-01 -8.16699948e-02
    90  3.08113150e-01 -4.10760178e-01  8.54348710e-01 -8.01913036e-02
   100  3.08467992e-01 -4.11270730e-01  8.54115270e-01 -7.86828479e-02
   110  3.08820008e-01 -4.11747693e-01  8.53899129e-01 -7.71383012e-02
   120  3.09171283e-01 -4.12202434e-01  8.53690970e-01 -7.55909960e-02
