# inc   q0   q1   q2   q3
     0  6.05407149e-01 -5.45513959e-01  4.67317289e-01  3.42799149e-01
    10  6.05569392e-01 -5.44997360e-01  4.68054526e-01  3.42328132e-01
    20  6.05807783e-01 -5.44434723e-01  4.68877779e-01  3.41674392e-01
    30  6.05988080e-01 -5.43890002e-01  4.69771494e-01  3.40993923e-01
    40  6.06114817e-01 -5.43333152e-01  4.70758058e-01  3.40295115e-01
    50  6.06180793e-01 -5.42759468e-01  4.71844369e-01  3.39587836e-01
    60  6.06185753e-01 -5.42163329e-01  4.73032530e-01  3.38877534e-01
    70  6.06132914e-01 -5.41535820e-01  4.74325455e-01  3.38167427e-01
    80  6.06029875e-01 -5.40862857e-01  4.75727419e-01  3.37459010e-01
    90  6.05882925e-01 -5.40125184e-01  4.77248526e-01  3.36755863e-01
   100  6.05700311e-01 -5.39309080e-01  4.78891012e-01  3.36059889e-01
   110  6.05481447e-01 -5.38419854e-01  4.80646661e-01  3.35373024e-01
   120  6.05231230e-01 -5.37488206e-01  4.82480667e-01  3.34684916e-01
