# inc   q0   q1   q2   q3
     0  7.65335767e-01  2.06847349e-01 -5.99063827e-01 -1.12240230e-01
    10  7.65671527e-01  2.06034926e-01 -5.98954520e-01 -1.12027699e-01
    20  7.65963812e-01  2.05055924e-01 -5.98979770e-01 -1.11690387e-01
    30  7.66255195e-01  2.04066590e-01 -5.99008425e-01 -1.11349489e-01
    40  7.66547009e-01  2.03060487e-01 -5.99040873e-01 -1.11005197e-01
    50  7.66835388e-01  2.02029355e-01 -5.99084681e-01 -1.10657906e-01
    60  7.67109758e-01  2.00974424e-01 -5.99153731e-01 -1.10302796e-01
    70  7.67356443e-01  1.99903334e-01 -5.99264129e-01 -1.09932934e-01
    80  7.67562104e-01  1.98827519e-01 -5.99429873e-01 -1.09543878e-01
    90  7.67715331e-01  1.97757918e-01 -5.99662237e-01 -1.09133762e-01
   100  7.67804192e-01  1.96704567e-01 -5.99973975e-01 -1.08698052e-01
   110  7.67828006e-01  1.95671013e-01 -6.00365228e-01 -1.08234009e-01
   120  7.67808729e-01  1.94654869e-01 -6.00807405e-01 -1.07748317e-01
