inc
quat_01
quat_02
quat_03
quat_04
increment_0
[0.60540715  0.60540715  0.60540715  0.60540715  0.60540715  0.60540715 
  0.60540715  0.60540715  0.60540715  0.60540715  0.60540715  0.60540715 
  0.60540715  0.60540715  0.60540715  0.60540715  0.60540715  0.60540715 
  0.60540715  0.60540715  0.60540715  0.60540715  0.60540715  0.60540715 
  0.60540715  0.60540715]
[-0.54551396  -0.54551396  -0.54551396  -0.54551396  -0.54551396  -0.54551396 
  -0.54551396  -0.54551396  -0.54551396  -0.54551396  -0.54551396  -0.54551396 
  -0.54551396  -0.54551396  -0.54551396  -0.54551396  -0.54551396  -0.54551396 
  -0.54551396  -0.54551396  -0.54551396  -0.54551396  -0.54551396  -0.54551396 
  -0.54551396  -0.54551396]
[0.46731729  0.46731729  0.46731729  0.46731729  0.46731729  0.46731729 
  0.46731729  0.46731729  0.46731729  0.46731729  0.46731729  0.46731729 
  0.46731729  0.46731729  0.46731729  0.46731729  0.46731729  0.46731729 
  0.46731729  0.46731729  0.46731729  0.46731729  0.46731729  0.46731729 
  0.46731729  0.46731729]
[0.34279915  0.34279915  0.34279915  0.34279915  0.34279915  0.34279915 
  0.34279915  0.34279915  0.34279915  0.34279915  0.34279915  0.34279915 
  0.34279915  0.34279915  0.34279915  0.34279915  0.34279915  0.34279915 
  0.34279915  0.34279915  0.34279915  0.34279915  0.34279915  0.34279915 
  0.34279915  0.34279915]
increment_10
[0.60524391  0.60504063  0.60477052  0.60450723  0.60489866  0.6037983 
  0.60538926  0.60488413  0.60417882  0.60446335  0.6037377    0.60445582 
  0.6043219    0.60405847  0.60456826  0.60379208  0.60429671  0.60485398 
  0.60377631  0.6040611    0.60439135  0.60452158  0.60465579  0.60488868 
  0.60434059  0.60570379]
[-0.54519993  -0.54525257  -0.54512882  -0.54555001  -0.54529262  -0.54509474 
  -0.5451432    -0.54521181  -0.5452645    -0.54547521  -0.54501242  -0.54478451 
  -0.54535109  -0.54490727  -0.54517508  -0.54487569  -0.54510935  -0.54528409 
  -0.5452766    -0.54509824  -0.54530811  -0.54584399  -0.54648919  -0.5474713 
  -0.54696863  -0.54697636]
[0.46766277  0.46857193  0.4684737    0.46892588  0.46851378  0.47028216 
  0.46791483  0.46842622  0.46955437  0.46894876  0.46992419  0.46890048 
  0.46907571  0.46932355  0.46868594  0.47014609  0.46911057  0.4682442 
  0.4700516    0.4693679    0.46891804  0.46915495  0.46768419  0.46766684 
  0.46939134  0.46560656]
[0.34311568  0.34214882  0.3429571    0.3421326    0.34241556  0.34224849 
  0.34260539  0.34268959  0.34230581  0.34229799  0.3429774    0.3434754 
  0.34257147  0.34340187  0.34295018  0.34279478  0.3429527    0.34287651 
  0.34231431  0.34303334  0.34273318  0.34132335  0.34207081  0.34010673 
  0.33951368  0.34227228]
increment_20
[0.60537196  0.60529833  0.6039428    0.60349429  0.6046687    0.60242157 
  0.60543929  0.60477774  0.6028989    0.6036945    0.60156879  0.60328799 
  0.60309836  0.60262004  0.60354684  0.6017554    0.60282435  0.60436659 
  0.6018425    0.60241068  0.60285262  0.60365887  0.60363353  0.60389042 
  0.60259166  0.60619068]
[-0.54480494  -0.54489751  -0.54466405  -0.54569138  -0.54496011  -0.54478812 
  -0.54452186  -0.54490505  -0.54490369  -0.54535347  -0.54421222  -0.54363061 
  -0.54512275  -0.54409118  -0.54474816  -0.54385875  -0.54436947  -0.54486363 
  -0.54493867  -0.54463376  -0.54499652  -0.54635344  -0.54823411  -0.54950256 
  -0.5480706    -0.54824889]
[0.46754515  0.46925359  0.46982462  0.47073138  0.46959768  0.47289628 
  0.46856066  0.46907198  0.47210649  0.4702652    0.4734193    0.47089547 
  0.47103142  0.47133281  0.47034506  0.47378302  0.47142767  0.4690746 
  0.47311859  0.47159154  0.47123387  0.47099745  0.4674389    0.46876932 
  0.47277699  0.46386636]
[0.34367703  0.34132346  0.34330597  0.34121479  0.34186585  0.34156006 
  0.34262241  0.3424819    0.34162604  0.34204265  0.34325242  0.34462563 
  0.34240759  0.34446952  0.3431562    0.34298361  0.3435413    0.34326909 
  0.34203252  0.34362313  0.34276252  0.3394927    0.3414188    0.33707361 
  0.33613068  0.34173675]
increment_30
[0.60537117  0.60553354  0.6030056    0.60228703  0.60427256  0.60130645 
  0.60540943  0.60463988  0.601584      0.60296158  0.59951068  0.60212117 
  0.60169124  0.60107086  0.60248103  0.59980454  0.60134537  0.60373945 
  0.59985002  0.6006905    0.60117297  0.60267011  0.60265322  0.60280859 
  0.60083592  0.60660022]
[-0.54442629  -0.54458358  -0.54411859  -0.54563079  -0.54458944  -0.54453127 
  -0.54394983  -0.54460785  -0.54445589  -0.54522128  -0.54330912  -0.54244541 
  -0.54485006  -0.54325026  -0.54431504  -0.54285317  -0.54361024  -0.5444564 
  -0.54458334  -0.54414784  -0.54459596  -0.54676484  -0.54979788  -0.55138563 
  -0.54908993  -0.54954999]
[0.46755397  0.46987795  0.47132799  0.47279144  0.47089397  0.47510643 
  0.46925295  0.46975614  0.47481099  0.47153019  0.4768441    0.47283733 
  0.47326631  0.47349059  0.4720725    0.47721532  0.47378476  0.47008779 
  0.47624813  0.47388844  0.47380022  0.473047      0.46715245  0.47000367 
  0.4763227    0.46226911]
[0.34426593  0.34054746  0.34375736  0.34059599  0.34137352  0.34086674 
  0.34263637  0.34226024  0.34090908  0.34180458  0.34354307  0.34587271 
  0.3422354    0.34554252  0.34334428  0.34323532  0.3440925    0.34363261 
  0.34175526  0.34424379  0.34281139  0.33773285  0.34102784  0.33420388 
  0.33258552  0.34108395]
increment_40
[0.60520104  0.60564098  0.60200808  0.60088445  0.60373801  0.600354 
  0.60534571  0.60443153  0.60010786  0.60222989  0.59758299  0.60100158 
  0.60011271  0.5993448    0.60141324  0.5979876    0.59991706  0.60290895 
  0.59780393  0.59897359  0.59936255  0.6014753    0.60171298  0.60173367 
  0.5990527    0.60689586]
[-0.54409276  -0.54430363  -0.54351485  -0.54535986  -0.54422131  -0.54429384 
  -0.54343981  -0.54427848  -0.54391961  -0.54509252  -0.54241384  -0.54124749 
  -0.54449978  -0.5423981    -0.54388042  -0.54188929  -0.54282183  -0.54406597 
  -0.54420782  -0.54360201  -0.5441153    -0.54702394  -0.55119911  -0.55314039 
  -0.55001412  -0.55092613]
[0.46774057  0.4705962    0.47287352  0.47511309  0.47239883  0.4771193 
  0.46990887  0.47053295  0.47784478  0.47279126  0.4800805    0.47464953 
  0.47580397  0.47592826  0.47380919  0.48039232  0.47610252  0.47138893 
  0.47945827  0.47620718  0.4765927    0.47547479  0.4668506    0.47121841 
  0.48006882  0.46077986]
[0.3448384    0.33981139  0.3443378    0.34027645  0.34082682  0.34011243 
  0.34265932  0.34208509  0.340127      0.3415578    0.34380883  0.34721186 
  0.34204578  0.34652908  0.34351282  0.34349678  0.34463078  0.34392659 
  0.34144997  0.3448974    0.34287386  0.33602975  0.34083948  0.33151999 
  0.32886814  0.34035236]
increment_50
[0.60484319  0.60562046  0.60099384  0.59929619  0.60304523  0.59951111 
  0.6052697    0.60417318  0.59844917  0.60148685  0.59578504  0.59992798 
  0.59842257  0.59740309  0.60039081  0.59633228  0.59855559  0.60186608 
  0.59572563  0.5973228    0.59744003  0.60003183  0.60082321  0.60072301 
  0.59725218  0.6070405  ]
[-0.54378682  -0.54406409  -0.54288922  -0.54488095  -0.54384904  -0.54406317 
  -0.54299081  -0.54392307  -0.54327534  -0.54498492  -0.54156545  -0.54004269 
  -0.544057      -0.54152652  -0.54343335  -0.54098506  -0.54200151  -0.54368258 
  -0.54378237  -0.54299345  -0.54357159  -0.5471172    -0.5524731    -0.55479473 
  -0.55080545  -0.55236479]
[0.46814654  0.47141188  0.47437915  0.47769018  0.47413827  0.47901819 
  0.47052        0.47135331  0.48123387  0.4740683    0.4830891    0.47632749 
  0.47858022  0.47871379  0.47548698  0.48328363  0.4783493    0.4730017 
  0.48276065  0.47844973  0.47956435  0.47835119  0.46649946  0.47230465 
  0.48400812  0.45947342]
[0.34539748  0.33910022  0.34502482  0.34023657  0.34023164  0.33929821 
  0.34266674  0.34197737  0.33929995  0.3412686    0.34405228  0.3486437 
  0.34183825  0.3474071    0.34369055  0.34374396  0.34517751  0.34414513 
  0.34110683  0.34561458  0.34294806  0.33437212  0.34082721  0.32903341 
  0.32502205  0.33952783]
increment_60
[0.60430424  0.60546481  0.60000288  0.59754732  0.60216055  0.59872731 
  0.60518589  0.60387885  0.59664647  0.60071317  0.59412474  0.59889994 
  0.59670549  0.59521155  0.59942221  0.59482937  0.59728893  0.60063029 
  0.59364436  0.59578393  0.5954458    0.59831568  0.59999079  0.59983658 
  0.59547308  0.60701688]
[-0.543484      -0.54386428  -0.54225911  -0.5442028    -0.54345375  -0.5438297 
  -0.54260256  -0.54356398  -0.54251635  -0.54490493  -0.54078006  -0.53884379 
  -0.54352319  -0.54060563  -0.54296779  -0.54014808  -0.54116501  -0.54329585 
  -0.54328129  -0.54233098  -0.54297528  -0.54703243  -0.55362292  -0.55637512 
  -0.55146747  -0.55384357]
[0.46875605  0.47235694  0.47578683  0.48047282  0.4761449    0.48087114 
  0.4710981    0.47215925  0.48491365  0.47539483  0.48584728  0.47787675 
  0.48146777  0.48190232  0.47708855  0.48590304  0.48045937  0.4749092 
  0.48615946  0.48052678  0.48265514  0.48171194  0.46608881  0.47317229 
  0.48805964  0.4584158  ]
[0.3459903    0.33838281  0.34580125  0.34047964  0.33962734  0.33843435 
  0.34263549  0.34195639  0.33844904  0.34091356  0.34427481  0.35014289 
  0.34163414  0.3481938    0.34389752  0.34397137  0.34575303  0.34428785 
  0.34070632  0.34642838  0.343025      0.33275738  0.34098964  0.32672738 
  0.32108135  0.33858937]
increment_70
[0.6035901    0.60515424  0.59906355  0.59569153  0.60108289  0.597949 
  0.6050858    0.60355203  0.59476752  0.59987078  0.59260309  0.5979203 
  0.59502265  0.59277503  0.59848019  0.59344295  0.59612128  0.59922031 
  0.59158223  0.59437679  0.59344675  0.59632148  0.59919896  0.5991044 
  0.59377579  0.60681368]
[-0.54318169  -0.54369822  -0.54162847  -0.5433388    -0.54301842  -0.54359828 
  -0.54227067  -0.54323113  -0.5416517    -0.54483856  -0.54006424  -0.53765961 
  -0.54292062  -0.53961559  -0.54247912  -0.53938178  -0.54032625  -0.54288789 
  -0.54268991  -0.5416356    -0.54235538  -0.54676445  -0.55464571  -0.55788167 
  -0.55202532  -0.55531418]
[0.46953843  0.47348058  0.47705212  0.48336707  0.47841178  0.48274628 
  0.47167032  0.47291553  0.4887596    0.47684008  0.48835396  0.47930614 
  0.48434737  0.48547958  0.47864497  0.48830163  0.48238824  0.47709873 
  0.48965047  0.48240243  0.48575541  0.48556033  0.46564916  0.4737944 
  0.49211173  0.45767126]
[0.34665012  0.33763402  0.34667382  0.34101441  0.3390465    0.33751136 
  0.34255045  0.34201725  0.33760788  0.34048427  0.34447439  0.35168036 
  0.34145698  0.34891597  0.34414656  0.34417187  0.34639364  0.34436109 
  0.34023602  0.34732549  0.3430937    0.33118046  0.34132039  0.32459334 
  0.31705583  0.3375505  ]
increment_80
[0.6027133    0.604676      0.59818808  0.59379553  0.59983427  0.59712423 
  0.60494999  0.60319505  0.59289134  0.59892642  0.59121401  0.59698323 
  0.59339439  0.59013394  0.59753341  0.59212916  0.5950449    0.59764979 
  0.58955905  0.59310035  0.59149486  0.59405924  0.59842543  0.59853266 
  0.59220629  0.60642366]
[-0.5428875    -0.54355687  -0.54100542  -0.54231353  -0.54253016  -0.54337757 
  -0.54198418  -0.54294142  -0.54069931  -0.54476415  -0.53941397  -0.53650333 
  -0.54227389  -0.5385544    -0.5419681    -0.53868405  -0.53949347  -0.542442 
  -0.54201247  -0.54093209  -0.54174709  -0.54632611  -0.5555596    -0.55930688 
  -0.55250926  -0.556732    ]
[0.47045684  0.47481831  0.4781467    0.48627041  0.48090604  0.48470757 
  0.47228177  0.47361224  0.49262404  0.47847041  0.49062646  0.48064033 
  0.48715319  0.48937093  0.48019573  0.49053983  0.48412555  0.47955821 
  0.49320584  0.48408189  0.48876796  0.4898652    0.46520821  0.47419441 
  0.49607365  0.4572842  ]
[0.34739056  0.33683888  0.34764909  0.34182451  0.33851034  0.33651455 
  0.34240122  0.34214294  0.33681696  0.33997829  0.34465089  0.35321392 
  0.34132667  0.34959574  0.34443645  0.34434464  0.34711788  0.34437673 
  0.33969193  0.34826596  0.34314692  0.32962629  0.34179214  0.32260523 
  0.31294752  0.33643867]
increment_90
[0.60169023  0.60403453  0.59736316  0.59192115  0.59843613  0.59621107 
  0.60476066  0.60280964  0.59110043  0.59785537  0.58994142  0.59606834 
  0.59180927  0.58736117  0.59656132  0.59084515  0.59404383  0.59593117 
  0.58758633  0.59192599  0.58961212  0.59155865  0.59765553  0.5980905 
  0.59077405  0.60584611]
[-0.54261999  -0.54342464  -0.54039733  -0.54116905  -0.54198125  -0.54317888 
  -0.54171867  -0.54268892  -0.53968151  -0.54466128  -0.53881586  -0.53538938 
  -0.54160273  -0.53743514  -0.54144233  -0.53804203  -0.5386652    -0.54194529 
  -0.54126417  -0.5402463    -0.54117267  -0.54575545  -0.55639902  -0.56064795 
  -0.55296136  -0.55806522]
[0.4714672    0.47638057  0.47908741  0.48908789  0.48360331  0.48679998 
  0.47298195  0.47426238  0.49635662  0.48032966  0.49270343  0.48192334 
  0.48987296  0.49345382  0.48177058  0.49267919  0.48569502  0.48226427 
  0.49678643  0.48561171  0.49164946  0.49454943  0.46477582  0.47444582 
  0.49988967  0.45727587]
[0.34821127  0.33599628  0.34871655  0.34286797  0.33802123  0.33543232 
  0.34218928  0.34232216  0.33611643  0.33940605  0.34480419  0.35469796 
  0.34125175  0.350248      0.34474904  0.34449964  0.34792539  0.34435814 
  0.33908502  0.3491974    0.34317705  0.32807044  0.34236154  0.32072231 
  0.30875567  0.3352797  ]
increment_100
[0.6005232    0.6032613    0.59655765  0.59010862  0.5968942    0.59519906 
  0.60450608  0.60239933  0.58945365  0.59664232  0.58876897  0.59514389 
  0.59024092  0.58453841  0.59555529  0.58956175  0.59309118  0.59408111 
  0.5856671    0.5908027    0.58780102  0.58886759  0.59688473  0.59771751 
  0.58945928  0.60508723]
[-0.54241154  -0.5432914    -0.53980763  -0.53994773  -0.54137226  -0.5430146 
  -0.54144615  -0.54244931  -0.53861914  -0.54451196  -0.53825555  -0.53432332 
  -0.54092308  -0.53627738  -0.54091377  -0.53743456  -0.53783737  -0.54139051 
  -0.5404661    -0.53959351  -0.54064103  -0.54509558  -0.5572045    -0.56191747 
  -0.55341721  -0.55928984]
[0.47255462  0.47812894  0.47992623  0.49176057  0.48650181  0.48901938 
  0.47380415  0.47489137  0.49985525  0.48243843  0.49462428  0.48321239 
  0.49252998  0.49759708  0.48338359  0.49476914  0.48715105  0.48518047 
  0.50035445  0.48707221  0.49439808  0.4995102    0.46435358  0.47464073 
  0.50355142  0.45763912]
[0.34907555  0.33511637  0.34985355  0.34409274  0.33756387  0.33426527 
  0.34193287  0.34255216  0.33552727  0.33878878  0.34493315  0.35610129 
  0.34122147  0.35088256  0.34506014  0.34465133  0.34879461  0.34433103 
  0.33843149  0.35007383  0.34317309  0.3264894    0.34296868  0.31890236 
  0.30447186  0.33411191]
increment_110
[0.59922024  0.60240044  0.59575665  0.58838827  0.59521504  0.594091 
  0.60418535  0.60196656  0.58799221  0.59527704  0.58768149  0.59418212 
  0.5886603    0.58173504  0.59450633  0.5882691    0.59215269  0.59211242 
  0.58380601  0.58968551  0.58605612  0.58604604  0.59612448  0.59735938 
  0.58824311  0.60415395]
[-0.54226452  -0.54315539  -0.53923491  -0.5386747    -0.5407071    -0.5428855 
  -0.54115027  -0.54219982  -0.53752757  -0.54430654  -0.53772858  -0.53330181 
  -0.54024376  -0.53509325  -0.54039438  -0.53684556  -0.53700857  -0.54077656 
  -0.53963762  -0.53898659  -0.54015254  -0.54436952  -0.55799066  -0.56313219 
  -0.55388214  -0.56036529]
[0.47374899  0.48000584  0.48069632  0.49425844  0.48959898  0.49134674 
  0.47475188  0.47552499  0.5030652    0.48480938  0.49641766  0.48455685 
  0.49516481  0.50169029  0.48505122  0.49683626  0.48856273  0.48828424 
  0.50387968  0.4885295    0.49703331  0.50465056  0.46394912  0.4748586 
  0.50707612  0.4583656  ]
[0.34992312  0.33420103  0.3510424    0.34545247  0.33711678  0.33303093 
  0.34165348  0.34282882  0.3350443    0.33813533  0.34503325  0.35740936 
  0.3412148    0.35152014  0.34534251  0.34480436  0.34969049  0.34429944 
  0.33773814  0.35086092  0.34312001  0.32486872  0.34355967  0.31710127 
  0.30009737  0.33300108]
increment_120
[0.5978213    0.60148242  0.5949499    0.58676882  0.59343858  0.59288855 
  0.60379655  0.60150531  0.58672669  0.59377555  0.58664727  0.59315211 
  0.58705416  0.57900005  0.59340577  0.58694782  0.59117554  0.59004708 
  0.58200231  0.58853992  0.58435346  0.58317676  0.59537942  0.59698123 
  0.58710905  0.60305811]
[-0.54214273  -0.54302141  -0.53867381  -0.53736508  -0.53999432  -0.54278868 
  -0.54081762  -0.54193327  -0.53641956  -0.54405238  -0.53723295  -0.53231041 
  -0.53956521  -0.533886      -0.53989469  -0.53625829  -0.53617496  -0.54010898 
  -0.53879736  -0.53842741  -0.53969891  -0.54358904  -0.55874684  -0.56431042 
  -0.55435063  -0.56128345]
[0.47505257  0.4819781    0.48142169  0.49657775  0.49283672  0.49377014 
  0.47582924  0.47619081  0.50598271  0.48740906  0.49812112  0.48599915 
  0.49780354  0.50565709  0.4867891    0.4989212    0.490024      0.49153515 
  0.50734723  0.49002702  0.49960704  0.50985898  0.46357588  0.47515345 
  0.51048407  0.45942873]
[0.35073638  0.33323229  0.35227588  0.34691736  0.33667308  0.33174489 
  0.34136867  0.34313555  0.3346451    0.33744631  0.34511025  0.35863774 
  0.34121611  0.35218687  0.34557154  0.34495933  0.35057719  0.34426724 
  0.33700073  0.35155399  0.3429999    0.32320217  0.34412602  0.31527187 
  0.29564229  0.33197445]
