inc
quat_01
quat_02
quat_03
quat_04
increment_0
[0.11500406  0.11500406  0.11500406  0.11500406  0.11500406  0.11500406 
  0.11500406  0.11500406  0.11500406  0.11500406  0.11500406  0.11500406 
  0.11500406  0.11500406  0.11500406  0.11500406  0.11500406  0.11500406 
  0.11500406  0.11500406  0.11500406  0.11500406  0.11500406  0.11500406 
  0.11500406  0.11500406  0.11500406  0.11500406  0.11500406  0.11500406 
  0.11500406  0.11500406  0.11500406  0.11500406  0.11500406  0.11500406 
  0.11500406  0.11500406  0.11500406  0.11500406  0.11500406]
[-0.24943454  -0.24943454  -0.24943454  -0.24943454  -0.24943454  -0.24943454 
  -0.24943454  -0.24943454  -0.24943454  -0.24943454  -0.24943454  -0.24943454 
  -0.24943454  -0.24943454  -0.24943454  -0.24943454  -0.24943454  -0.24943454 
  -0.24943454  -0.24943454  -0.24943454  -0.24943454  -0.24943454  -0.24943454 
  -0.24943454  -0.24943454  -0.24943454  -0.24943454  -0.24943454  -0.24943454 
  -0.24943454  -0.24943454  -0.24943454  -0.24943454  -0.24943454  -0.24943454 
  -0.24943454  -0.24943454  -0.24943454  -0.24943454  -0.24943454]
[0.10530306  0.10530306  0.10530306  0.10530306  0.10530306  0.10530306 
  0.10530306  0.10530306  0.10530306  0.10530306  0.10530306  0.10530306 
  0.10530306  0.10530306  0.10530306  0.10530306  0.10530306  0.10530306 
  0.10530306  0.10530306  0.10530306  0.10530306  0.10530306  0.10530306 
  0.10530306  0.10530306  0.10530306  0.10530306  0.10530306  0.10530306 
  0.10530306  0.10530306  0.10530306  0.10530306  0.10530306  0.10530306 
  0.10530306  0.10530306  0.10530306  0.10530306  0.10530306]
[-0.95575506  -0.95575506  -0.95575506  -0.95575506  -0.95575506  -0.95575506 
  -0.95575506  -0.95575506  -0.95575506  -0.95575506  -0.95575506  -0.95575506 
  -0.95575506  -0.95575506  -0.95575506  -0.95575506  -0.95575506  -0.95575506 
  -0.95575506  -0.95575506  -0.95575506  -0.95575506  -0.95575506  -0.95575506 
  -0.95575506  -0.95575506  -0.95575506  -0.95575506  -0.95575506  -0.95575506 
  -0.95575506  -0.95575506  -0.95575506  -0.95575506  -0.95575506  -0.95575506 
  -0.95575506  -0.95575506  -0.95575506  -0.95575506  -0.95575506]
increment_10
[0.11469887  0.11485256  0.11532621  0.11510974  0.1154713    0.11563663 
  0.11570845  0.11643125  0.11472413  0.11274368  0.11360845  0.1147262 
  0.11526486  0.11516928  0.11553295  0.11542799  0.1165804    0.11630514 
  0.11347274  0.11292456  0.11270538  0.11267941  0.11393495  0.11467492 
  0.11493424  0.1154079    0.11537501  0.11614088  0.11521241  0.11424104 
  0.1157402    0.11560091  0.11583941  0.11484484  0.1155147    0.11550779 
  0.11589128  0.11531458  0.11617517  0.11586601  0.11528348]
[-0.25034036  -0.24871255  -0.24914921  -0.24840212  -0.24869809  -0.24808659 
  -0.24778156  -0.24834959  -0.25239219  -0.2517382    -0.25147241  -0.24932118 
  -0.24936782  -0.24826456  -0.24844144  -0.24739283  -0.24821835  -0.24771058 
  -0.25438931  -0.25278174  -0.25329665  -0.2524336    -0.25059043  -0.24933782 
  -0.24852011  -0.24787403  -0.24832119  -0.247623      -0.24783132  -0.2483323 
  -0.24859181  -0.24878157  -0.2488826    -0.24774033  -0.24890006  -0.249022 
  -0.24878812  -0.24848373  -0.24869111  -0.24775273  -0.24799515]
[0.10613097  0.1066094    0.10711718  0.10714351  0.10688343  0.10607377 
  0.10609543  0.10566797  0.10544329  0.10527574  0.1058067    0.10664177 
  0.10656981  0.1069028    0.10625942  0.10585117  0.10534829  0.10611482 
  0.10550172  0.10376383  0.10430476  0.10501497  0.10604162  0.10566698 
  0.10581567  0.10585818  0.10615299  0.10442087  0.10702736  0.10383106 
  0.10662321  0.10610039  0.10634827  0.10481837  0.10646159  0.10685224 
  0.10687898  0.10701001  0.10669986  0.10557341  0.10564957]
[-0.95546329  -0.95581661  -0.95558906  -0.95580668  -0.95571522  -0.95594433 
  -0.95601235  -0.95582453  -0.95499648  -0.95542334  -0.95533224  -0.9556696 
  -0.95560064  -0.9558622    -0.95584409  -0.95617399  -0.95587572  -0.95595619 
  -0.95460956  -0.95529184  -0.95512241  -0.95527613  -0.95549905  -0.95577968 
  -0.95594504  -0.95605101  -0.95590624  -0.95618535  -0.95595548  -0.9562945 
  -0.9557394    -0.95576507  -0.95568234  -0.95626801  -0.95570447  -0.95562995 
  -0.95564144  -0.95577573  -0.95565224  -0.95605853  -0.95605768]
increment_20
[0.11421887  0.11480213  0.11553238  0.11521478  0.11619566  0.11676167 
  0.11680776  0.11837706  0.1140903    0.10971158  0.11136293  0.11428478 
  0.11566987  0.11535013  0.1165217    0.115847      0.11874297  0.11807132 
  0.11172667  0.11080066  0.109871      0.10890207  0.11228291  0.11423612 
  0.11451032  0.11610534  0.11579095  0.11748584  0.11565699  0.11372676 
  0.11668685  0.1162369    0.11703499  0.11519184  0.11626347  0.11584301 
  0.11735959  0.11572912  0.11816172  0.11688695  0.11581262]
[-0.2519286    -0.24795475  -0.24874066  -0.24741211  -0.24770118  -0.24687002 
  -0.24561298  -0.2471159    -0.25690074  -0.2553102    -0.25472331  -0.24933815 
  -0.24928469  -0.24700851  -0.24730448  -0.24497845  -0.24618533  -0.24596741 
  -0.26076958  -0.25684642  -0.25827604  -0.25709849  -0.25279112  -0.24931609 
  -0.24769522  -0.24549768  -0.24709386  -0.24548749  -0.24586333  -0.24828996 
  -0.24805293  -0.24839595  -0.24908576  -0.24624439  -0.24878938  -0.24845593 
  -0.24790623  -0.24710152  -0.24810056  -0.24592903  -0.24656916]
[0.1063475    0.10819636  0.10920545  0.10923236  0.10852366  0.10683867 
  0.10696163  0.10596008  0.10583326  0.10504093  0.10580841  0.1079899 
  0.10774112  0.10891486  0.1070757    0.10645037  0.10525164  0.10732177 
  0.10596708  0.10194129  0.10275034  0.10370148  0.10616789  0.10535368 
  0.10657698  0.10596491  0.10700919  0.10316885  0.10897705  0.10180025 
  0.10775738  0.10686787  0.10666315  0.10437054  0.10753728  0.10860918 
  0.10857245  0.10901008  0.10824603  0.10562218  0.10607443]
[-0.95507918  -0.95584123  -0.95543421  -0.95581436  -0.95570148  -0.95603735 
  -0.95634169  -0.95587293  -0.95382636  -0.95485416  -0.954735      -0.95556667 
  -0.95544203  -0.95593865  -0.95592781  -0.95667829  -0.9561459    -0.95605504 
  -0.95304111  -0.95465235  -0.95428728  -0.95461338  -0.95510082  -0.95587248 
  -0.95612542  -0.95656776  -0.95607851  -0.95670746  -0.95618967  -0.95658509 
  -0.9556371    -0.95570272  -0.95544862  -0.95666155  -0.95552205  -0.95553864 
  -0.95550052  -0.95585795  -0.95538826  -0.95639966  -0.95631548]
increment_30
[0.1137303    0.11466552  0.11563062  0.11523603  0.1167937    0.1179592 
  0.11789807  0.12032047  0.11357693  0.10713348  0.10919853  0.11364777 
  0.11591708  0.1153987    0.11754728  0.11623539  0.12095914  0.11980406 
  0.1103814    0.10908782  0.10734474  0.10523341  0.11062316  0.11370564 
  0.11400537  0.11688189  0.11615743  0.11883373  0.11625239  0.11325743 
  0.11760732  0.11675986  0.11837675  0.11548512  0.11701961  0.11603998 
  0.11875992  0.1160189    0.12023992  0.11781579  0.11647664]
[-0.25375931  -0.24745465  -0.24851906  -0.24658858  -0.24684312  -0.24589009 
  -0.24354733  -0.24597602  -0.26123015  -0.25858914  -0.25779554  -0.24946635 
  -0.24925788  -0.24593911  -0.24625358  -0.24281699  -0.24416187  -0.24441078 
  -0.26648297  -0.26043615  -0.26254617  -0.26126314  -0.25491182  -0.24936313 
  -0.24708357  -0.24304959  -0.24605216  -0.24348782  -0.24408555  -0.24849118 
  -0.24747305  -0.24799331  -0.24935864  -0.24481133  -0.24899827  -0.24783541 
  -0.24723539  -0.24553372  -0.24767325  -0.24431284  -0.24525712]
[0.10651907  0.10977113  0.1112374    0.11124371  0.11007339  0.10757135 
  0.10794777  0.1061819    0.10640774  0.10500268  0.10602308  0.10936546 
  0.10904053  0.11099497  0.10788035  0.10706837  0.10514155  0.10859862 
  0.10682901  0.10052815  0.10169421  0.10308671  0.10651173  0.10518682 
  0.10752635  0.10599269  0.10787898  0.1019389    0.11088199  0.09981139 
  0.10886158  0.10778111  0.10687898  0.1041672    0.10851732  0.1103618 
  0.11028148  0.11108178  0.10975047  0.1057762    0.10650663]
[-0.9546336    -0.95580768  -0.95524556  -0.95579264  -0.95567335  -0.95606072 
  -0.95662533  -0.95589967  -0.95264709  -0.95426857  -0.95413639  -0.95545273 
  -0.95527164  -0.95596925  -0.95598308  -0.95711316  -0.95639904  -0.9560945 
  -0.95152001  -0.9540267    -0.95352237  -0.9539605    -0.95469248  -0.95594183 
  -0.95623772  -0.95709512  -0.95620495  -0.95718373  -0.95635392  -0.95679808 
  -0.95554946  -0.95564098  -0.95518799  -0.95701609  -0.9552645    -0.95547507 
  -0.95530557  -0.95598831  -0.95506814  -0.95668285  -0.95652416]
increment_40
[0.11321655  0.11451392  0.11571964  0.11517138  0.11726184  0.11918361 
  0.11898427  0.12222942  0.11317011  0.10486626  0.10714707  0.11294317 
  0.11611464  0.11533743  0.11854743  0.11659681  0.1232078    0.12146468 
  0.10935719  0.10759799  0.10506683  0.101741      0.10899439  0.11313397 
  0.11350481  0.11769299  0.11651357  0.12017831  0.11692962  0.11272777 
  0.11846679  0.11721117  0.11983127  0.11564051  0.1178234    0.11617454 
  0.12008191  0.11619088  0.12229454  0.11869239  0.11715006]
[-0.25575219  -0.24713001  -0.24845279  -0.24586222  -0.24611738  -0.24507876 
  -0.24163624  -0.24492306  -0.26533886  -0.26148721  -0.26064256  -0.24960224 
  -0.24921698  -0.24494779  -0.24525513  -0.2408893    -0.24217241  -0.24299882 
  -0.27161218  -0.26355117  -0.26623415  -0.26493823  -0.256826      -0.24935712 
  -0.24662456  -0.24055217  -0.24509377  -0.2415863    -0.24242274  -0.24877656 
  -0.24686479  -0.24758847  -0.24964225  -0.24335337  -0.249412      -0.24722452 
  -0.24673413  -0.24385767  -0.24731678  -0.2428763    -0.24407531]
[0.1066592    0.11123497  0.11310571  0.11317127  0.11157559  0.10821778 
  0.10897725  0.10633577  0.1070823    0.10525674  0.10646598  0.11080819 
  0.1104235    0.11304466  0.10871838  0.10773156  0.10501738  0.10991135 
  0.1079305    0.09948058  0.10113304  0.10312625  0.10712617  0.10514927 
  0.10859951  0.10599052  0.10871797  0.10074976  0.11275621  0.09785834 
  0.10999156  0.1087361    0.10708863  0.10416071  0.10936799  0.11204985 
  0.11199443  0.1131766    0.11124439  0.10602881  0.1069944  ]
[-0.95414708  -0.9557406    -0.9550326    -0.95576126  -0.955629      -0.95604424 
  -0.95685873  -0.95591075  -0.95148368  -0.95370253  -0.95354599  -0.95533455 
  -0.95509944  -0.95599098  -0.95602131  -0.95748182  -0.95663144  -0.95609487 
  -0.95006254  -0.95345009  -0.95281291  -0.95332129  -0.95429797  -0.95601536 
  -0.95629448  -0.95762677  -0.95631273  -0.95762347  -0.95647515  -0.9569882 
  -0.95547122  -0.95558252  -0.95490902  -0.95736981  -0.9549607    -0.95542051 
  -0.9550706    -0.95615071  -0.95472674  -0.95691228  -0.95668976]
increment_50
[0.11263415  0.1144195    0.11577648  0.1150703    0.11760673  0.12044718 
  0.12001359  0.12410233  0.1128805    0.10282467  0.10520689  0.11223399 
  0.11628289  0.11520942  0.11948647  0.11692857  0.12549217  0.12305844 
  0.10857588  0.10624687  0.10298409  0.09844163  0.10741524  0.11255163 
  0.11303064  0.11850568  0.11686197  0.12151236  0.1176721    0.11215949 
  0.11928207  0.11760665  0.12131838  0.1156805    0.1187028    0.11628255 
  0.12132599  0.11626762  0.12427815  0.11953801  0.11780752]
[-0.2578891    -0.24695229  -0.2485377    -0.24521301  -0.2454871    -0.24441675 
  -0.23985099  -0.24401589  -0.26928429  -0.26404125  -0.26333252  -0.24971804 
  -0.24917429  -0.24404693  -0.24428137  -0.23916673  -0.24023986  -0.24168658 
  -0.27625726  -0.2662449    -0.26944541  -0.26816407  -0.25855262  -0.24923674 
  -0.24626853  -0.23805391  -0.24423372  -0.23978665  -0.24083909  -0.24904271 
  -0.24623953  -0.24725432  -0.24992572  -0.24200139  -0.24999241  -0.24663888 
  -0.24635267  -0.24218735  -0.24697877  -0.24162185  -0.24295946]
[0.10675242  0.1125639    0.11479731  0.11501        0.11303068  0.10877546 
  0.11003374  0.10646266  0.10779509  0.10578544  0.10710588  0.11231386 
  0.11184964  0.11503101  0.10958323  0.10845153  0.10488124  0.11121669 
  0.10915732  0.0987347    0.10102104  0.10371184  0.10795747  0.10524451 
  0.10973691  0.10600973  0.10956697  0.09960408  0.11460373  0.09597222 
  0.11112842  0.10965298  0.10727472  0.10421103  0.11012086  0.11368326 
  0.11372049  0.11522912  0.11275062  0.10634494  0.10753132]
[-0.95363027  -0.95564225  -0.95480176  -0.95572072  -0.95557774  -0.95599207 
  -0.95705842  -0.95588731  -0.95032846  -0.9531625    -0.95295111  -0.95521203 
  -0.95492414  -0.95599987  -0.95605497  -0.95779186  -0.95683669  -0.95607273 
  -0.94867164  -0.95293059  -0.95214925  -0.95270202  -0.95391703  -0.956105 
  -0.95631255  -0.95814857  -0.95639335  -0.95802721  -0.95656458  -0.95717674 
  -0.95539958  -0.95551567  -0.95462617  -0.95770215  -0.95461345  -0.95536577 
  -0.95480784  -0.95632075  -0.95438133  -0.95708949  -0.95683285]
increment_60
[0.11195593  0.11439166  0.11578562  0.11495228  0.11784087  0.12176314 
  0.1209585    0.12593926  0.11273466  0.10096464  0.10337545  0.11151471 
  0.11641487  0.11502757  0.12036636  0.11722428  0.12783276  0.12459931 
  0.10794534  0.10494459  0.10102949  0.09534386  0.10588509  0.11198701 
  0.11258466  0.11930649  0.11720136  0.12282531  0.11848242  0.11159021 
  0.12008294  0.11796745  0.12277941  0.11564181  0.11967257  0.11636591 
  0.12247205  0.1162635    0.12618867  0.12036359  0.11847525]
[-0.26017327  -0.24694004  -0.2487681    -0.24462707  -0.24493681  -0.24386464 
  -0.23817639  -0.24327899  -0.2731304    -0.26629027  -0.26590938  -0.2498265 
  -0.24915135  -0.24326329  -0.24335104  -0.23761371  -0.23839011  -0.24045682 
  -0.28053499  -0.26863218  -0.27222864  -0.27095711  -0.26009733  -0.248994 
  -0.24597089  -0.23558533  -0.24350144  -0.23811235  -0.2393235    -0.24926169 
  -0.24555476  -0.24703652  -0.25017862  -0.24085256  -0.25069271  -0.24611336 
  -0.246048      -0.24063092  -0.24665039  -0.24054652  -0.24187524]
[0.10677202  0.1137146    0.11635145  0.11674172  0.11444391  0.10923574 
  0.11110683  0.10658947  0.10846637  0.10654741  0.10792644  0.11386058 
  0.11328231  0.11693633  0.1104589    0.10920665  0.10473299  0.11249544 
  0.11046209  0.09823192  0.10132752  0.10479725  0.10896593  0.10547573 
  0.11088649  0.10606281  0.11046843  0.09848831  0.11641791  0.09413852 
  0.11227122  0.11050079  0.10744999  0.10424766  0.1108349    0.11525872 
  0.11545903  0.1171771    0.11427456  0.10668069  0.10806791]
[-0.95308734  -0.95551251  -0.95455249  -0.95567512  -0.95552189  -0.95591387 
  -0.95723368  -0.95582076  -0.94917108  -0.95265066  -0.95234322  -0.95508479 
  -0.95474515  -0.95599034  -0.95608109  -0.95805642  -0.95700572  -0.95603363 
  -0.94733629  -0.95245676  -0.95153421  -0.95210783  -0.95355343  -0.95620906 
  -0.95630916  -0.95865332  -0.95643485  -0.95839267  -0.95662587  -0.95736836 
  -0.95534189  -0.95542986  -0.95435338  -0.9579924    -0.954226      -0.95530237 
  -0.9545314    -0.95647744  -0.95403424  -0.95721952  -0.95696463]
increment_70
[0.11117853  0.11439948  0.11574622  0.11479351  0.11797061  0.12312169 
  0.1218091    0.1277445    0.11275237  0.0992425    0.10162275  0.11076128 
  0.11650385  0.1147864    0.12121534  0.1174878    0.1302273    0.12610823 
  0.10736381  0.10359891  0.09913144  0.09243849  0.1043782    0.11146051 
  0.11214038  0.12008878  0.11755082  0.1241255    0.11935596  0.11101784 
  0.12086526  0.11830154  0.12418        0.11557326  0.12070549  0.11640017 
  0.12349919  0.11618026  0.12804247  0.12119762  0.11916704]
[-0.26260631  -0.24709278  -0.24912468  -0.24409756  -0.24447427  -0.24342728 
  -0.23662229  -0.24265919  -0.2769303    -0.26826572  -0.26837686  -0.24994116 
  -0.24914466  -0.24261598  -0.24248836  -0.23620168  -0.23664679  -0.23932263 
  -0.2845761    -0.27083424  -0.27464074  -0.27334421  -0.26147375  -0.24863172 
  -0.2457376    -0.23316741  -0.24288953  -0.23659535  -0.23788377  -0.24940533 
  -0.24477211  -0.24694588  -0.25038207  -0.23987615  -0.25145971  -0.2457141 
  -0.24578735  -0.23924281  -0.24633337  -0.23967587  -0.24084181]
[0.10669984  0.11466467  0.1178074    0.11834104  0.11581063  0.10960406 
  0.11217413  0.10674269  0.10903312  0.10752676  0.10892459  0.11542935 
  0.1146966    0.11875461  0.11132151  0.10998662  0.10458857  0.11374871 
  0.11180954  0.09793519  0.10202063  0.10632715  0.11012248  0.10584344 
  0.11205719  0.10614252  0.11141586  0.09741011  0.11820108  0.0923594 
  0.11345395  0.11128571  0.10767308  0.10429808  0.11153832  0.11673564 
  0.11719975  0.11897898  0.11579867  0.10700484  0.10853902]
[-0.95251898  -0.95535854  -0.95428566  -0.95563289  -0.95545966  -0.95580916 
  -0.95738676  -0.95572164  -0.94800226  -0.95216723  -0.95172586  -0.95495415 
  -0.95456717  -0.95595968  -0.95609296  -0.95828405  -0.95713133  -0.95597208 
  -0.9460381    -0.95201091  -0.95096646  -0.95154223  -0.95321021  -0.95632421 
  -0.95628487  -0.95913785  -0.95643765  -0.95871099  -0.95665771  -0.95757076 
  -0.95530435  -0.95532087  -0.95409363  -0.95824014  -0.95381204  -0.95522163 
  -0.95425403  -0.95661331  -0.95368531  -0.95729649  -0.95708606]
increment_80
[0.11031816  0.11440839  0.11565867  0.11456662  0.11799488  0.12450086 
  0.12257436  0.12953402  0.11293442  0.09761973  0.09990697  0.1099602 
  0.11655724  0.11448379  0.12206144  0.11772465  0.13264035  0.12760599 
  0.10676633  0.10215767  0.09724535  0.08970705  0.10287035  0.1109783 
  0.11167763  0.12084365  0.11794278  0.1254185    0.12027578  0.11039446 
  0.12159596  0.11861428  0.12550249  0.11553515  0.12174589  0.11636406 
  0.12440009  0.11602477  0.12985311  0.1220639    0.1198826  ]
[-0.26518443  -0.24736073  -0.24959235  -0.24361335  -0.24412275  -0.24311584 
  -0.23522524  -0.24210371  -0.2807048    -0.27000309  -0.27071385  -0.25006195 
  -0.24912966  -0.24211354  -0.24171257  -0.23492285  -0.23502257  -0.23830126 
  -0.28847407  -0.27290754  -0.27673572  -0.27536362  -0.26270242  -0.24815987 
  -0.24557986  -0.23083625  -0.24238953  -0.23524544  -0.23651958  -0.24942266 
  -0.24388247  -0.24698401  -0.25053158  -0.23906201  -0.25226633  -0.24547961 
  -0.24555263  -0.23802237  -0.24604139  -0.23903077  -0.23988484]
[0.10655578  0.11543593  0.11919084  0.11979491  0.11711837  0.10989683 
  0.11322504  0.10694522  0.10947517  0.10872738  0.11010682  0.1170126 
  0.11607373  0.12048551  0.11215531  0.11079814  0.10446245  0.11497583 
  0.11316433  0.09787796  0.10305215  0.1082488    0.11138807  0.10636227 
  0.11326612  0.10626036  0.11237509  0.0963761    0.11995503  0.09064141 
  0.11470258  0.11202199  0.10799562  0.10437601  0.11222595  0.11807534 
  0.11892945  0.12062166  0.11729852  0.1073021    0.10892955]
[-0.95192068  -0.95519523  -0.95400224  -0.95560254  -0.95538714  -0.95567616 
  -0.95750964  -0.955599      -0.94681879  -0.95170745  -0.9511094    -0.95482241 
  -0.95439809  -0.95590676  -0.95608432  -0.95847584  -0.95721394  -0.95588168 
  -0.9447632    -0.95158036  -0.9504425    -0.95100458  -0.9528892    -0.95644528 
  -0.95623712  -0.95959376  -0.95640402  -0.95897937  -0.95666244  -0.95780245 
  -0.95529005  -0.95518617  -0.95384485  -0.95843969  -0.95338606  -0.95512166 
  -0.95398339  -0.9567309    -0.9533325    -0.95731445  -0.95719265]
increment_90
[0.10940972  0.11439455  0.11552303  0.11426322  0.11791679  0.12588825 
  0.12327785  0.13133885  0.11326201  0.09608344  0.09820813  0.10910192 
  0.11659053  0.11412191  0.12291578  0.11794182  0.13501477  0.12909923 
  0.10617851  0.10062987  0.09536229  0.08715827  0.10134631  0.11054228 
  0.11120222  0.12156441  0.11841411  0.12670242  0.12121746  0.10967895 
  0.12223188  0.11893195  0.12673963  0.11558736  0.12274171  0.11625852 
  0.12517306  0.11581462  0.1316128    0.12296789  0.12060635]
[-0.26787949  -0.24771129  -0.25013644  -0.24317951  -0.24389146  -0.24292917 
  -0.23402294  -0.24159337  -0.28446051  -0.27155245  -0.27286803  -0.25019404 
  -0.24908667  -0.24174769  -0.24102805  -0.23376228  -0.23352173  -0.23741269 
  -0.29222045  -0.27481485  -0.27853649  -0.27704795  -0.26379511  -0.24759735 
  -0.24548871  -0.2286427    -0.24199931  -0.23405105  -0.23523992  -0.24928692 
  -0.24292392  -0.24711916  -0.25064759  -0.23838178  -0.25308666  -0.24541593 
  -0.24532248  -0.23694221  -0.24577631  -0.23859555  -0.23902254]
[0.10638555  0.11606577  0.12052139  0.12111724  0.11836104  0.11013511 
  0.11426084  0.10719524  0.10980694  0.11012459  0.11150494  0.11860596 
  0.11742526  0.12211293  0.1129644    0.11163418  0.10436799  0.11618306 
  0.11452145  0.09814436  0.10436952  0.1105202    0.11273399  0.10705552 
  0.11450262  0.1064379    0.11329803  0.09538621  0.12168327  0.08900152 
  0.11602423  0.11272712  0.10844981  0.10449284  0.11289748  0.11927038 
  0.12064913  0.12211867  0.11874942  0.10756937  0.10925745]
[-0.95128976  -0.9550297    -0.95370896  -0.95558268  -0.9553027    -0.95551443 
  -0.95759088  -0.95545378  -0.94561957  -0.95126222  -0.95050768  -0.95468966 
  -0.9542399    -0.95583611  -0.95605242  -0.95863587  -0.9572596    -0.9557563 
  -0.94351374  -0.95116671  -0.9499634    -0.95049101  -0.95259231  -0.9565642 
  -0.95616866  -0.96000812  -0.95633571  -0.95920179  -0.95664084  -0.95807374 
  -0.95529352  -0.95502875  -0.95359923  -0.95859008  -0.95296158  -0.95500238 
  -0.95372552  -0.95683457  -0.95297988  -0.95727733  -0.95728008]
increment_100
[0.1084722    0.11434144  0.11533131  0.11389515  0.11775138  0.12727373 
  0.1239344    0.1331778    0.11366487  0.09465381  0.09651488  0.10816651 
  0.11660495  0.11370736  0.1237778    0.11814413  0.1372982    0.13059469 
  0.1057148    0.09910478  0.09350803  0.0848237    0.09980304  0.11015101 
  0.11072851  0.1222545    0.11898592  0.12798445  0.12215462  0.10885905 
  0.12275469  0.11926622  0.12789732  0.11576533  0.1236672    0.11609037 
  0.12582647  0.11555841  0.13330572  0.12388348  0.12133159]
[-0.27068698  -0.24814535  -0.25072968  -0.24278381  -0.24375831  -0.24284039 
  -0.2330367    -0.2411385    -0.28820873  -0.27295338  -0.27475548  -0.25033483 
  -0.24901898  -0.24149853  -0.24041718  -0.23269467  -0.232129      -0.23668651 
  -0.29563555  -0.27642775  -0.2800034    -0.27841474  -0.26473678  -0.24695812 
  -0.24544411  -0.22661159  -0.24173058  -0.23297941  -0.23406273  -0.24897317 
  -0.2419221    -0.24731945  -0.2507368    -0.23782182  -0.25389129  -0.24547451 
  -0.24508312  -0.23597617  -0.24554468  -0.23833088  -0.23826073]
[0.10620422  0.11657642  0.12179726  0.12235792  0.1195528    0.11034335 
  0.11527852  0.10747813  0.1100888    0.11171945  0.11316561  0.12024774 
  0.11879867  0.12361501  0.11376987  0.11249136  0.10431923  0.11737922 
  0.11594685  0.09880904  0.10594946  0.11309935  0.1141909    0.10794191 
  0.11575323  0.10668261  0.11417178  0.09444461  0.1233861    0.0874612 
  0.11740867  0.11341658  0.10903595  0.10467453  0.11357911  0.12035622 
  0.12236688  0.12347152  0.12013001  0.10781        0.10954514]
[-0.95062243  -0.95486117  -0.95341426  -0.95556918  -0.95520868  -0.95532941 
  -0.95762468  -0.95528234  -0.94440271  -0.95081853  -0.94994097  -0.9545538 
  -0.9540858    -0.95575542  -0.9559995    -0.95877049  -0.95727887  -0.95558706 
  -0.94232708  -0.95079057  -0.9495415    -0.94999932  -0.95232045  -0.95667496 
  -0.9560845    -0.96037485  -0.95622878  -0.95938563  -0.95659226  -0.95839063 
  -0.95531157  -0.95485357  -0.95335434  -0.95868786  -0.95254681  -0.95487155 
  -0.9534822    -0.95693066  -0.95263119  -0.95719814  -0.95734546]
increment_110
[0.1075264    0.11422516  0.11510189  0.11345471  0.11753341  0.12862652 
  0.12455167  0.13503402  0.11406738  0.09331765  0.09481239  0.10712712 
  0.11660641  0.11324618  0.12466611  0.11832001  0.13949404  0.13209687 
  0.10539658  0.09763986  0.09171812  0.08268667  0.09823998  0.10979523 
  0.11026492  0.12291627  0.1196483    0.12927064  0.12306016  0.10793079 
  0.12317213  0.11961642  0.12898085  0.11608058  0.12451298  0.11584808 
  0.12637347  0.11525361  0.134929      0.12478022  0.12206679]
[-0.2735693    -0.24865728  -0.25133378  -0.24240732  -0.24367162  -0.24283242 
  -0.23225498  -0.24077761  -0.29196632  -0.2742535    -0.27635556  -0.2504785 
  -0.24892811  -0.24135984  -0.23984541  -0.2317125    -0.23081451  -0.23615585 
  -0.29861452  -0.27770329  -0.28112435  -0.27952832  -0.26552584  -0.24625904 
  -0.24542928  -0.22474785  -0.2415963    -0.23199435  -0.23301249  -0.2484546 
  -0.24088012  -0.24755091  -0.25078993  -0.23738148  -0.25465955  -0.24559845 
  -0.24483614  -0.23512086  -0.24536302  -0.23819717  -0.23759559]
[0.10605797  0.11700767  0.1230298    0.12356664  0.12073661  0.11053045 
  0.11627836  0.10778223  0.11036798  0.1135167    0.11510259  0.12198937 
  0.12023561  0.12498415  0.11457752  0.11339005  0.10431715  0.1185712 
  0.11745839  0.09988558  0.10774514  0.11592063  0.11579695  0.10900746 
  0.11701377  0.10698952  0.11502304  0.0935477    0.12505457  0.08602629 
  0.11884954  0.11410703  0.10975242  0.10495679  0.11431567  0.12137908 
  0.12409074  0.12466654  0.12143563  0.10802859  0.10981254]
[-0.94992085  -0.95468915  -0.95312463  -0.95556162  -0.95510874  -0.9551286 
  -0.95761362  -0.95507851  -0.94316659  -0.95036351  -0.9494154    -0.95441233 
  -0.95392932  -0.95566715  -0.95593124  -0.9588808    -0.95727948  -0.9553647 
  -0.9412356    -0.9504579    -0.94918274  -0.94952053  -0.95206933  -0.95677524 
  -0.95598844  -0.96069414  -0.95607804  -0.95953976  -0.95651593  -0.95876 
  -0.95534296  -0.9546675    -0.95311214  -0.95872801  -0.95214335  -0.95473962 
  -0.95325049  -0.95702301  -0.95228385  -0.95709029  -0.95738667]
increment_120
[0.10659568  0.11402909  0.11485972  0.11291066  0.11729596  0.12992281 
  0.12515136  0.13689466  0.11443099  0.09204737  0.09310256  0.10598259 
  0.11661302  0.11274495  0.1255966    0.11845766  0.14162684  0.13359229 
  0.10522208  0.09624952  0.09004114  0.0807056    0.09665601  0.10946422 
  0.10981851  0.12354506  0.12039653  0.13056688  0.12390895  0.10689585 
  0.12350351  0.11998964  0.12999914  0.11654152  0.12528177  0.1155211 
  0.1268408    0.11490272  0.13649458  0.12564673  0.12281337]
[-0.27647674  -0.24922303  -0.25191771  -0.2420364    -0.24358776  -0.24290573 
  -0.23163663  -0.24054533  -0.29572276  -0.27545152  -0.27769835  -0.25061003 
  -0.24880679  -0.24132931  -0.23929305  -0.23081132  -0.22955904  -0.23582142 
  -0.30116659  -0.27867762  -0.28191968  -0.28046469  -0.26617512  -0.24551861 
  -0.24542901  -0.22304581  -0.24159075  -0.2310759    -0.23209791  -0.24773216 
  -0.23979714  -0.24778683  -0.25078607  -0.23706274  -0.25538485  -0.24575679 
  -0.24457858  -0.23437943  -0.24523977  -0.23816461  -0.23701868]
[0.10597555  0.11740807  0.12423348  0.12476798  0.12193526  0.11070301 
  0.11725471  0.10810206  0.1106991    0.11551269  0.11730526  0.12385351 
  0.12175253  0.12622805  0.11538659  0.11434286  0.10435891  0.11978095 
  0.11903765  0.10132101  0.10967362  0.11889937  0.1175517    0.1102132 
  0.11829235  0.10735787  0.11587187  0.09268624  0.12668944  0.08469381 
  0.12033266  0.11482474  0.11059625  0.10535998  0.11514497  0.12237004 
  0.12581851  0.12571246  0.12267734  0.10822746  0.11007619]
[-0.9491929    -0.95451589  -0.95284351  -0.95556398  -0.95500704  -0.9549145 
  -0.95756615  -0.95483598  -0.94191258  -0.94990029  -0.94892308  -0.95426548 
  -0.95376774  -0.95557062  -0.95585055  -0.958968      -0.95726365  -0.95508841 
  -0.94024307  -0.95016255  -0.9488865    -0.94904642  -0.95183508  -0.95686532 
  -0.95588253  -0.96096903  -0.95588299  -0.95966946  -0.95641357  -0.95918143 
  -0.95538697  -0.95447339  -0.95287724  -0.95870674  -0.95174823  -0.95461199 
  -0.95302803  -0.95711025  -0.95193327  -0.95696256  -0.95740391]
