inc
quat_01
quat_02
quat_03
quat_04
increment_0
[0.53931571  0.53931571  0.53931571  0.53931571  0.53931571  0.53931571 
  0.53931571  0.53931571  0.53931571  0.53931571  0.53931571  0.53931571 
  0.53931571  0.53931571  0.53931571  0.53931571  0.53931571  0.53931571]
[-0.73680422  -0.73680422  -0.73680422  -0.73680422  -0.73680422  -0.73680422 
  -0.73680422  -0.73680422  -0.73680422  -0.73680422  -0.73680422  -0.73680422 
  -0.73680422  -0.73680422  -0.73680422  -0.73680422  -0.73680422  -0.73680422]
[0.37323305  0.37323305  0.37323305  0.37323305  0.37323305  0.37323305 
  0.37323305  0.37323305  0.37323305  0.37323305  0.37323305  0.37323305 
  0.37323305  0.37323305  0.37323305  0.37323305  0.37323305  0.37323305]
[-0.16418038  -0.16418038  -0.16418038  -0.16418038  -0.16418038  -0.16418038 
  -0.16418038  -0.16418038  -0.16418038  -0.16418038  -0.16418038  -0.16418038 
  -0.16418038  -0.16418038  -0.16418038  -0.16418038  -0.16418038  -0.16418038]
increment_10
[0.54193357  0.54163625  0.54083006  0.54173215  0.54128541  0.54188339 
  0.54132768  0.54156273  0.54210726  0.54123101  0.54121882  0.54061041 
  0.54163532  0.54130975  0.54094836  0.54089409  0.54098729  0.54186697]
[-0.7357693    -0.73597936  -0.73597035  -0.73598836  -0.73606082  -0.73575983 
  -0.73578001  -0.73615412  -0.73583043  -0.73635445  -0.73581603  -0.73668244 
  -0.73658263  -0.73628503  -0.7364252    -0.7366283    -0.73642551  -0.7359079  ]
[0.37034178  0.37083887  0.37158953  0.37049043  0.37097455  0.37047434 
  0.37181324  0.3705411    0.3700237    0.37027091  0.37233998  0.37040201 
  0.36948184  0.37113768  0.36998672  0.37008331  0.37107659  0.37050394]
[-0.16672884  -0.16565952  -0.16664846  -0.16608509  -0.16613988  -0.16663922 
  -0.16536939  -0.16578968  -0.16660058  -0.16658502  -0.16437729  -0.16685836 
  -0.16601317  -0.16469646  -0.16781725  -0.1668852    -0.16526457  -0.16597162]
increment_20
[0.54478001  0.5440823    0.54169879  0.5446285    0.54345704  0.54427577 
  0.542844      0.54449213  0.54523842  0.54318539  0.54285791  0.54219799 
  0.54434585  0.54331361  0.54268406  0.54262264  0.5430845    0.54491474]
[-0.7346992    -0.73512965  -0.73504433  -0.73500601  -0.73517302  -0.73464221 
  -0.73489786  -0.7353107    -0.734766      -0.73620112  -0.7348731    -0.73669724 
  -0.73666637  -0.73583169  -0.73601605  -0.73655053  -0.73587626  -0.73482945]
[0.36661336  0.36822695  0.37128582  0.36696313  0.36832426  0.36823719 
  0.37130286  0.36688955  0.36631815  0.36687345  0.37202861  0.3667143 
  0.36482648  0.36943564  0.36615148  0.36681159  0.36840337  0.36685616]
[-0.17037157  -0.16723567  -0.16857967  -0.1687721    -0.16885592  -0.16871894 
  -0.16546816  -0.16804329  -0.16924835  -0.1684085    -0.1638949    -0.16976201 
  -0.16706854  -0.16394924  -0.17235859  -0.16882905  -0.16680621  -0.16884951]
increment_30
[0.54747555  0.54659188  0.54248454  0.54753633  0.54566363  0.54654163 
  0.54427348  0.54731029  0.54833607  0.54533631  0.54443183  0.5438879 
  0.54710247  0.54518248  0.54444994  0.54448448  0.54521924  0.54793393]
[-0.73368881  -0.73423697  -0.73410524  -0.73398627  -0.73424796  -0.73348425 
  -0.73398208  -0.73446677  -0.7336409    -0.73589212  -0.73394039  -0.73659819 
  -0.73663873  -0.73539473  -0.73554631  -0.73632158  -0.73529076  -0.73374134]
[0.36285147  0.36541579  0.37102921  0.36337574  0.36563045  0.36603272 
  0.37082572  0.36327889  0.3625798    0.36323267  0.3718605    0.3630292 
  0.36005495  0.36782912  0.36229681  0.36353339  0.36570947  0.36320274]
[-0.17409785  -0.16912923  -0.17069661  -0.17154065  -0.17159694  -0.17121083 
  -0.16590652  -0.17040676  -0.17214665  -0.17068431  -0.16323376  -0.17268139 
  -0.16853101  -0.16331684  -0.17688106  -0.17091124  -0.16834508  -0.17168525]
increment_40
[0.55011686  0.54916037  0.5432386    0.55045273  0.54793801  0.54873872 
  0.54562605  0.54996655  0.55136325  0.54764942  0.5459793    0.54558784 
  0.54984047  0.54698744  0.54620368  0.54639771  0.54740071  0.55101523]
[-0.73270593  -0.733302      -0.7331661    -0.73293766  -0.73329802  -0.73230897 
  -0.73300093  -0.73363497  -0.73249184  -0.73537987  -0.73299329  -0.73640541 
  -0.73650596  -0.73497912  -0.73503911  -0.73599374  -0.73465002  -0.73261189]
[0.35892142  0.36243827  0.37084972  0.35969437  0.36279457  0.36378562 
  0.37031882  0.35974117  0.35888935  0.35941254  0.37175028  0.35944085 
  0.35525653  0.3661459    0.35848376  0.36025104  0.36302883  0.35932097]
[-0.17801372  -0.17125873  -0.17271299  -0.17442517  -0.17440769  -0.17398107 
  -0.16693057  -0.17292429  -0.17507915  -0.1735488    -0.16257048  -0.1756225 
  -0.17037381  -0.1629344    -0.18129657  -0.17315297  -0.16985841  -0.17478695]
increment_50
[0.55269595  0.55174046  0.54405563  0.55337156  0.55024487  0.55087681 
  0.54696268  0.55242882  0.55430265  0.5501185    0.54750626  0.54727165 
  0.55259657  0.54878244  0.54794326  0.54833561  0.54962107  0.55411699]
[-0.73175183  -0.73234979  -0.732227      -0.73186796  -0.73233486  -0.73114274 
  -0.73193952  -0.7328236    -0.73134928  -0.73466925  -0.7320256    -0.73613496 
  -0.73625607  -0.73457896  -0.73450794  -0.73559712  -0.73395911  -0.73144597]
[0.35486566  0.35941763  0.37059152  0.35590185  0.35992816  0.36147073 
  0.36964801  0.35636466  0.35527922  0.35534734  0.37166367  0.35598606 
  0.35037617  0.36433256  0.35466469  0.35694879  0.36035691  0.35530198]
[-0.18203522  -0.17339326  -0.17466831  -0.17743472  -0.17711004  -0.17692921 
  -0.16869118  -0.17548845  -0.17791423  -0.17708469  -0.1619924    -0.17853008 
  -0.17262842  -0.16276786  -0.1856589    -0.17553491  -0.17135811  -0.17804959]
increment_60
[0.55513794  0.55433831  0.5450016    0.55622663  0.55252284  0.55304951 
  0.54835481  0.55468384  0.55719948  0.55276555  0.54900919  0.54894323 
  0.55546786  0.55059849  0.54972567  0.55030568  0.5518385    0.55710879]
[-0.7308387    -0.73137491  -0.73127106  -0.73080104  -0.73136592  -0.72997391 
  -0.73078537  -0.73205314  -0.73020709  -0.73376149  -0.73103575  -0.73582094 
  -0.73582226  -0.73419067  -0.73393664  -0.73512048  -0.73324105  -0.73028521]
[0.35094716  0.35635865  0.37003009  0.35213741  0.3571749    0.35888025 
  0.36870792  0.35324767  0.35162503  0.35091559  0.3715725    0.35260483 
  0.34526964  0.36237868  0.35070198  0.3535719    0.3577353    0.35145517]
[-0.18582991  -0.17552292  -0.17690007  -0.18039133  -0.17957867  -0.18022015 
  -0.17121396  -0.17787671  -0.18079323  -0.18139069  -0.16158437  -0.18138001 
  -0.17552756  -0.16274842  -0.19012316  -0.17818093  -0.17279261  -0.18108718]
increment_70
[0.5574199    0.55694384  0.54613656  0.55895611  0.55474443  0.55532521 
  0.54981988  0.55671213  0.56008807  0.55561732  0.55046821  0.55063323 
  0.55850083  0.55243969  0.55159837  0.55229871  0.55400897  0.55994352]
[-0.72997131  -0.73037845  -0.73031295  -0.72975725  -0.7303949    -0.72880931 
  -0.72950678  -0.73135533  -0.72905265  -0.73268694  -0.7300205    -0.73548026 
  -0.73513379  -0.73381495  -0.73330533  -0.7345465    -0.73251272  -0.72915124]
[0.34731004  0.35328058  0.36901874  0.34855159  0.35459526  0.355875 
  0.36746719  0.35042933  0.34782882  0.34600019  0.37148967  0.34922434 
  0.33984633  0.36032686  0.34648479  0.35011539  0.35524349  0.34789615]
[-0.18921068  -0.17763361  -0.17945202  -0.18312349  -0.18178038  -0.18385832 
  -0.17460191  -0.17997296  -0.18384422  -0.18639503  -0.16140091  -0.18415808 
  -0.179331      -0.16275922  -0.1948097    -0.18118161  -0.17407251  -0.18376614]
increment_80
[0.55955523  0.55953419  0.54751218  0.5615231    0.55688679  0.55773126 
  0.55139843  0.55848997  0.56297801  0.55868446  0.55187384  0.55239773 
  0.5617016    0.55432138  0.55358755  0.55429859  0.55610566  0.5626078  ]
[-0.72915042  -0.72936666  -0.72938394  -0.72874927  -0.72943791  -0.72765667 
  -0.72806091  -0.73076755  -0.72787392  -0.73149097  -0.72896407  -0.73510651 
  -0.73414472  -0.73343469  -0.73259505  -0.73388605  -0.73178043  -0.72805553]
[0.34400214  0.35024931  0.36743129  0.34525473  0.35221932  0.35242573 
  0.36583239  0.34791256  0.34386505  0.34050555  0.37141531  0.34578178 
  0.33405688  0.35819977  0.34193247  0.34659211  0.35294748  0.34466711]
[-0.19209408  -0.17964181  -0.18227378  -0.18551411  -0.18368176  -0.18774374 
  -0.17903563  -0.18172671  -0.18711534  -0.19195994  -0.16154665  -0.18684252 
  -0.18419785  -0.16277064  -0.19981867  -0.18449458  -0.17513417  -0.18604351]
increment_90
[0.56156288  0.56208261  0.54913957  0.56391448  0.5589192    0.56024569 
  0.55318435  0.56003158  0.56585786  0.56191256  0.55326537  0.55427963 
  0.5650362    0.55627463  0.55567636  0.55628304  0.55811941  0.56510398]
[-0.72837426  -0.72835164  -0.72850425  -0.72778482  -0.72852461  -0.72652247 
  -0.72643211  -0.73031847  -0.72666512  -0.73019878  -0.72784893  -0.73468625 
  -0.73285766  -0.73301522  -0.73180049  -0.73318415  -0.73104481  -0.72700678]
[0.34101198  0.34734206  0.36520084  0.34230204  0.35004059  0.34859825 
  0.36361255  0.34563914  0.3397673    0.33447111  0.37126581  0.34222766 
  0.32793199  0.35597017  0.33703209  0.34300342  0.35088051  0.34176044]
[-0.19449654  -0.18144016  -0.18535273  -0.18750739  -0.18529114  -0.1917528 
  -0.18457895  -0.18312057  -0.19058034  -0.19797245  -0.16215752  -0.1894477 
  -0.19003775  -0.16288786  -0.20518577  -0.18798626  -0.17595192  -0.18793201]
increment_100
[0.56346238  0.56457283  0.55097657  0.56615811  0.56082268  0.56278564 
  0.55530666  0.56139197  0.56870181  0.56520312  0.55474578  0.5562732 
  0.56843803  0.5583265    0.55781401  0.55822925  0.56005714  0.56745477]
[-0.72763883  -0.72735061  -0.7276968    -0.72685864  -0.72768363  -0.72541929 
  -0.72467254  -0.73001722  -0.72543015  -0.7288274    -0.72666469  -0.73421611 
  -0.73134187  -0.7325303    -0.73093143  -0.73247406  -0.73030823  -0.72600668]
[0.33825833  0.34460163  0.36238674  0.33965076  0.34800008  0.34457785 
  0.36054559  0.34349132  0.33561913  0.32804179  0.3708497    0.33853727 
  0.32155777  0.35358012  0.33185155  0.33936032  0.34902011  0.33910244]
[-0.19655323  -0.18294352  -0.1885684    -0.18915301  -0.18668262  -0.19571736 
  -0.19102643  -0.18419453  -0.19413689  -0.20431503  -0.16335863  -0.19203997 
  -0.19651428  -0.16325433  -0.21084906  -0.19156315  -0.17655271  -0.18952289]
increment_110
[0.56528941  0.56700413  0.55291495  0.56831734  0.56259039  0.56525069 
  0.55783983  0.56263923  0.57149388  0.56846429  0.55641734  0.55833687 
  0.57182658  0.56048603  0.55995331  0.56011694  0.56192392  0.56969689]
[-0.72692854  -0.72638151  -0.72698708  -0.72594882  -0.726927      -0.7243594 
  -0.7228763    -0.72984591  -0.7241753    -0.72739674  -0.7254086    -0.73370211 
  -0.72970081  -0.73197709  -0.72999706  -0.73176889  -0.72957764  -0.72504495]
[0.33561644  0.34201645  0.35921441  0.33718762  0.34602678  0.34061463 
  0.35646722  0.34134163  0.33150798  0.32137113  0.36997307  0.33470252 
  0.31503634  0.35098748  0.32649964  0.33570485  0.34733639  0.33659334]
[-0.198455      -0.18412218  -0.1916764    -0.1905734    -0.18797516  -0.19944118 
  -0.19797902  -0.18506198  -0.19765461  -0.21086234  -0.16523328  -0.19471872 
  -0.20323188  -0.16392906  -0.21669002  -0.19515521  -0.17696161  -0.19094551]
increment_120
[0.56709107  0.56939745  0.55481904  0.5704467    0.56422741  0.56757932 
  0.56078756  0.56383253  0.57424444  0.57161494  0.55833234  0.56043419 
  0.57512536  0.5627449    0.56206168  0.56193273  0.56372305  0.57186938]
[-0.72621798  -0.72544545  -0.72638571  -0.72503452  -0.7262508    -0.72334639 
  -0.72112694  -0.72976083  -0.7228986    -0.72593364  -0.72408839  -0.73313758 
  -0.7280036    -0.7313683    -0.72898755  -0.73107313  -0.72885728  -0.72410481]
[0.33296382  0.33953223  0.35596972  0.33480519  0.34405291  0.3368925 
  0.35136381  0.33909362  0.32746272  0.31461841  0.3685236    0.33070606 
  0.30849366  0.34819485  0.32114004  0.33208867  0.3458144    0.33413874]
[-0.20037529  -0.18502245  -0.194487      -0.19188796  -0.18930082  -0.20279835 
  -0.20502859  -0.18589654  -0.20106991  -0.21746717  -0.16778367  -0.19762671 
  -0.20993628  -0.16486032  -0.22255987  -0.19869773  -0.17718859  -0.19232508]
