inc
quat_01
quat_02
quat_03
quat_04
increment_0
[0.51112858  0.51112858  0.51112858  0.51112858  0.51112858  0.51112858 
  0.51112858  0.51112858  0.51112858  0.51112858  0.51112858  0.51112858 
  0.51112858  0.51112858  0.51112858  0.51112858  0.51112858  0.51112858 
  0.51112858  0.51112858  0.51112858  0.51112858  0.51112858  0.51112858]
[0.04278866  0.04278866  0.04278866  0.04278866  0.04278866  0.04278866 
  0.04278866  0.04278866  0.04278866  0.04278866  0.04278866  0.04278866 
  0.04278866  0.04278866  0.04278866  0.04278866  0.04278866  0.04278866 
  0.04278866  0.04278866  0.04278866  0.04278866  0.04278866  0.04278866]
[0.81814265  0.81814265  0.81814265  0.81814265  0.81814265  0.81814265 
  0.81814265  0.81814265  0.81814265  0.81814265  0.81814265  0.81814265 
  0.81814265  0.81814265  0.81814265  0.81814265  0.81814265  0.81814265 
  0.81814265  0.81814265  0.81814265  0.81814265  0.81814265  0.81814265]
[0.25992174  0.25992174  0.25992174  0.25992174  0.25992174  0.25992174 
  0.25992174  0.25992174  0.25992174  0.25992174  0.25992174  0.25992174 
  0.25992174  0.25992174  0.25992174  0.25992174  0.25992174  0.25992174 
  0.25992174  0.25992174  0.25992174  0.25992174  0.25992174  0.25992174]
increment_10
[0.51172901  0.51096124  0.51328397  0.50988984  0.51154381  0.51103077 
  0.51130222  0.5110787    0.51063816  0.5107425    0.51120222  0.51115117 
  0.51106395  0.51083498  0.51069546  0.51078795  0.51126307  0.51086908 
  0.51053777  0.51083873  0.50938261  0.51060702  0.51160662  0.50994572]
[0.04348138  0.04400151  0.04166266  0.04323567  0.04341601  0.04447671 
  0.04357966  0.04443417  0.044296      0.04451315  0.04338373  0.04235721 
  0.04280173  0.0428051    0.04408127  0.04416088  0.04400791  0.04432853 
  0.04455673  0.04436033  0.04375306  0.0446843    0.04250205  0.04579573]
[0.81761267  0.81786267  0.81662195  0.81845384  0.81754648  0.81775025 
  0.81773424  0.81751221  0.8181667    0.81806058  0.81759766  0.81749797 
  0.81792792  0.81819426  0.81820364  0.8179582    0.81767814  0.81801458 
  0.81824984  0.81788799  0.81909068  0.81789278  0.81804553  0.81872885]
[0.26029275  0.26092743  0.26063841  0.2612974    0.26087492  0.26106303 
  0.26073275  0.26172112  0.26055668  0.26064837  0.261389      0.26196833 
  0.26072123  0.26033342  0.26036474  0.26094036  0.26091347  0.26057611 
  0.26044785  0.26102718  0.26020277  0.26140999  0.25933329  0.25988687]
increment_20
[0.51321001  0.51056241  0.51654383  0.50812548  0.51269362  0.51170318 
  0.5112093    0.51132822  0.51048533  0.51010923  0.51196251  0.51132062 
  0.51187697  0.51079861  0.5106867    0.51034909  0.51156127  0.51099548 
  0.50981066  0.51095946  0.50758332  0.50966616  0.51207528  0.50847828]
[0.04381927  0.04506931  0.04079026  0.0440311    0.04383212  0.04597256 
  0.04462072  0.04622374  0.04603462  0.04685013  0.04437393  0.04191789 
  0.04282045  0.04250565  0.04557446  0.04611924  0.0456625    0.04632982 
  0.0470162    0.04665772  0.04524981  0.04713984  0.04232971  0.04981174]
[0.81664281  0.81766768  0.8143634    0.81896168  0.81651655  0.81684004 
  0.81740446  0.81649575  0.81782789  0.81799581  0.8164216    0.81645713 
  0.81712871  0.8179013    0.81787494  0.81774636  0.81683677  0.81742939 
  0.81831234  0.81711635  0.81979116  0.81762537  0.81791685  0.81917003]
[0.26036491  0.26213423  0.26140177  0.2630048    0.26177229  0.26233325 
  0.26177088  0.26408619  0.26161629  0.26168015  0.26340293  0.26493748 
  0.26162771  0.26137237  0.26115635  0.26212158  0.26267412  0.2618136 
  0.26124217  0.262801      0.26125482  0.26364178  0.25884189  0.2606321  ]
increment_30
[0.51462847  0.51011374  0.51972285  0.50618676  0.51363315  0.51244026 
  0.51091767  0.51153744  0.51036328  0.50938483  0.51266552  0.51126821 
  0.51265764  0.51056459  0.51075186  0.50983347  0.51175639  0.51098901 
  0.50897821  0.51107368  0.50591346  0.50860803  0.51243098  0.50694609]
[0.0441344    0.04611463  0.04003173  0.0448033    0.0442358    0.04736991 
  0.04563041  0.04785455  0.04772828  0.04923532  0.04539827  0.0414408 
  0.04289229  0.04212996  0.04698082  0.04814169  0.04717786  0.04837236 
  0.04938342  0.04904652  0.04673765  0.04968029  0.04209443  0.05342582]
[0.8157191    0.81751794  0.81216727  0.81957006  0.8156172    0.81590658 
  0.81725043  0.81555025  0.81748718  0.8179652    0.81527727  0.81549775 
  0.81637366  0.81772517  0.81750801  0.81760069  0.81609696  0.81696046 
  0.81845215  0.81638765  0.82039993  0.81740061  0.81783745  0.8196924  ]
[0.26040746  0.26329041  0.26204952  0.26471218  0.26266473  0.26354794 
  0.26264564  0.2663028    0.26261388  0.26274685  0.26539787  0.26805016 
  0.26244322  0.26243934  0.26192747  0.26321346  0.26432065  0.26291815 
  0.26198957  0.26440374  0.26231874  0.26590597  0.25842686  0.26125795]
increment_40
[0.51597023  0.50962127  0.52294487  0.50420219  0.51442873  0.51313691 
  0.51049037  0.51174129  0.51021382  0.50869347  0.51333037  0.5110074 
  0.51335668  0.51018759  0.5108945    0.50928416  0.51180992  0.510899 
  0.50808176  0.51107431  0.50437548  0.50754178  0.51274594  0.50539758]
[0.04446894  0.0471097    0.0391712    0.0455921    0.04462396  0.04876494 
  0.0465413    0.04934785  0.04939058  0.05169139  0.04638759  0.04093094 
  0.0429367    0.04175171  0.04834637  0.05007541  0.04855987  0.05042681 
  0.05168186  0.05147269  0.04806285  0.05230864  0.04184755  0.05673447]
[0.81484251  0.81741705  0.80993043  0.82018146  0.81478266  0.81500644 
  0.81721677  0.81465627  0.81717563  0.81788338  0.8141646    0.81462996 
  0.81568859  0.81763644  0.81710223  0.81746984  0.81548434  0.81657751 
  0.81864495  0.81575834  0.82094091  0.81714683  0.81776404  0.82024047]
[0.26043986  0.26437889  0.26269178  0.26646554  0.26363043  0.2647206 
  0.26342027  0.2683669    0.26356483  0.26386687  0.26735022  0.27124552 
  0.26319857  0.26350727  0.26266593  0.26432018  0.26585304  0.26389492 
  0.262683      0.26587956  0.26334645  0.26820928  0.25807432  0.26183976]
increment_50
[0.51722364  0.50906984  0.52624013  0.50222008  0.5150821    0.51380136 
  0.50988578  0.51193654  0.51004866  0.50803333  0.51395906  0.51053307 
  0.51397496  0.50970044  0.51108847  0.50873306  0.51169802  0.51075799 
  0.50712415  0.51091058  0.50298814  0.50644629  0.51301587  0.5038849  ]
[0.0448281    0.04803967  0.03818582  0.0464178    0.0449999    0.05014661 
  0.04735424  0.05071757  0.05103651  0.05423251  0.04733137  0.04038706 
  0.04294842  0.04138691  0.04970999  0.0519147    0.04982657  0.05245741 
  0.05390548  0.05394196  0.0491632    0.05497911  0.04163176  0.05975452]
[0.81403609  0.81736939  0.80761692  0.82076117  0.81400104  0.81413642 
  0.81732611  0.81380808  0.8168761    0.81774688  0.8130894    0.81385401 
  0.8150696    0.81761265  0.81665688  0.81733568  0.81501267  0.81625731 
  0.81888727  0.81524612  0.82140686  0.81688057  0.81771475  0.82076898]
[0.2604139    0.26541925  0.2633782    0.26827501  0.26470314  0.26584839 
  0.26410624  0.27030559  0.26449777  0.26504906  0.26924237  0.27452965 
  0.26390666  0.26457917  0.26341797  0.26543909  0.26727662  0.26476123 
  0.26333047  0.26727217  0.26434198  0.27054682  0.25772875  0.26242653]
increment_60
[0.51837559  0.5084647    0.52958959  0.50023347  0.51555173  0.5144263 
  0.50908948  0.51211331  0.50986338  0.50737068  0.51452403  0.50984362 
  0.51453808  0.50911806  0.51130987  0.50818175  0.51143864  0.51058593 
  0.5060976    0.51058165  0.50173218  0.50530569  0.51322048  0.50243721]
[0.04520771  0.04893584  0.03709946  0.04725963  0.04535702  0.05151075 
  0.04806215  0.05195103  0.05267479  0.05684406  0.04822675  0.03980123 
  0.04296212  0.04105241  0.0510869    0.05370029  0.05101337  0.05444215 
  0.0560534    0.05643941  0.05003045  0.05764728  0.04145301  0.06251744]
[0.81330975  0.81736288  0.80523255  0.82131576  0.81330047  0.81330711 
  0.81758693  0.81300821  0.81659097  0.81758584  0.81206332  0.8131625 
  0.81449204  0.81764511  0.81617936  0.81719141  0.81466636  0.81598701 
  0.81918448  0.8148474    0.82181126  0.81662465  0.8177102    0.82126034]
[0.26032723  0.26643358  0.26411937  0.27013594  0.26587874  0.2669153 
  0.2647065    0.2721373    0.26541268  0.26626516  0.27109475  0.27792462 
  0.26458938  0.26565008  0.2642037    0.26658165  0.26860172  0.26552451 
  0.26393186  0.26859765  0.26530742  0.27288668  0.25736437  0.26302067]
increment_70
[0.51940697  0.50783261  0.53296904  0.49823627  0.51581955  0.5150053 
  0.50810294  0.51223895  0.50964799  0.50668131  0.51498938  0.50894322 
  0.51502583  0.50845187  0.51154135  0.50764609  0.5110661    0.51036553 
  0.50499124  0.51008845  0.50053814  0.50414035  0.51335243  0.50104316]
[0.0456036    0.04984541  0.03593751  0.04810189  0.04568998  0.05286047 
  0.04865308  0.05302993  0.05429705  0.05949433  0.04907336  0.03916966 
  0.04301644  0.04075523  0.05248115  0.05546182  0.05215988  0.05639448 
  0.05811761  0.05894285  0.05070126  0.06026128  0.04128113  0.06507381]
[0.81267226  0.81737503  0.80279373  0.82185495  0.8126928    0.81252437 
  0.81799752  0.81227663  0.81633643  0.81742838  0.81110031  0.81254927 
  0.81396409  0.81772709  0.81567897  0.81701418  0.81441735  0.81577903 
  0.81954572  0.81456216  0.82220066  0.81638023  0.81775432  0.82172603]
[0.26019322  0.26743138  0.26490512  0.27203174  0.26715731  0.26791688 
  0.26522505  0.2738718    0.26628104  0.26747956  0.27293594  0.281436 
  0.26525542  0.26671728  0.26502639  0.26778213  0.26984285  0.266179 
  0.26448254  0.26985922  0.26622738  0.27519885  0.25698838  0.26360477]
increment_80
[0.52029872  0.50719342  0.53633903  0.49623779  0.51587093  0.5155315 
  0.50694054  0.51229381  0.50939619  0.5059581    0.51531333  0.50783754 
  0.51539763  0.50771894  0.51174919  0.50713801  0.51060523  0.51006516 
  0.50379533  0.50942779  0.49934188  0.50297893  0.51341838  0.4996734  ]
[0.04602105  0.05078898  0.03473953  0.04892557  0.04600641  0.05419196 
  0.04912657  0.05394895  0.05588879  0.06213017  0.04985435  0.03848659 
  0.04313089  0.04048847  0.05389102  0.05718369  0.05328761  0.05833756 
  0.06007564  0.06142769  0.05122353  0.06278152  0.04106783  0.06747332]
[0.81212959  0.81739364  0.80032666  0.82238149  0.81218394  0.81179571 
  0.81854109  0.81162673  0.8161262    0.81729263  0.81021963  0.81201223 
  0.81350933  0.81784759  0.81518124  0.8167939    0.81424835  0.81565406 
  0.81998234  0.81439022  0.82262328  0.81613896  0.81784205  0.82219429]
[0.26003236  0.26840818  0.26572703  0.27393984  0.26854766  0.26884611 
  0.2656847    0.27551156  0.26707675  0.26866149  0.27479241  0.28505432 
  0.26590895  0.26778252  0.26587227  0.26905165  0.27100249  0.26671843 
  0.26497197  0.27106924  0.26706699  0.27746688  0.25661134  0.26414084]
increment_90
[0.52105103  0.50653504  0.53966445  0.49423797  0.51569849  0.51597522 
  0.50563237  0.51226424  0.50909532  0.50520748  0.51545073  0.50653577 
  0.51562349  0.50693826  0.51187238  0.50664821  0.51007391  0.50965832 
  0.50249819  0.508607      0.49809946  0.50183632  0.51343469  0.49830499]
[0.04646556  0.05175709  0.03354546  0.04968361  0.04631937  0.05549127 
  0.04949789  0.05471042  0.0574411    0.06466922  0.05052824  0.03774731 
  0.04330619  0.04024401  0.05530299  0.05882189  0.05439728  0.06029097 
  0.06189912  0.06386851  0.05163775  0.06519465  0.04076167  0.06974409]
[0.81167204  0.8174291    0.7978523    0.82289674  0.81177887  0.81115016 
  0.81918301  0.81106708  0.81597452  0.81719023  0.8094488    0.81155139 
  0.81314311  0.81799432  0.81473798  0.81654012  0.81415199  0.81562282 
  0.82050402  0.81431902  0.82311911  0.81589722  0.81796566  0.8226977  ]
[0.25987551  0.26935689  0.26658711  0.27586469  0.27004565  0.26967706 
  0.26612978  0.27706011  0.26778361  0.26978403  0.27667684  0.28875768 
  0.26656193  0.26884813  0.2667026    0.27038826  0.27206998  0.2671569 
  0.2654001    0.27225773  0.26777865  0.27968142  0.25623328  0.26456831]
increment_100
[0.52169522  0.50582264  0.54294047  0.49220253  0.51532886  0.51628733 
  0.5042245    0.51211835  0.50873349  0.50441801  0.51537198  0.50504074 
  0.51572032  0.50608838  0.5118711    0.50614088  0.50950593  0.50911512 
  0.50110029  0.50764806  0.49677801  0.50071838  0.51341838  0.49692787]
[0.04693415  0.05276566  0.032366      0.05034575  0.04663348  0.05674898 
  0.04976518  0.05532314  0.05894563  0.06703419  0.05106174  0.03693145 
  0.04354358  0.04002626  0.05670201  0.06034596  0.0554703    0.06224557 
  0.06356753  0.06623093  0.05196394  0.06751072  0.04033861  0.07188334]
[0.81126341  0.81749753  0.79536678  0.8234071    0.8114737    0.81062764 
  0.81987957  0.81061753  0.81589246  0.81714278  0.80880361  0.81116628 
  0.81284283  0.81818104  0.81438509  0.81627438  0.81411239  0.81569661 
  0.82110324  0.81433077  0.82371585  0.81565363  0.81811037  0.82325865]
[0.25977482  0.27029064  0.26750658  0.27785378  0.27160988  0.2703882 
  0.26660564  0.27851997  0.26839364  0.27082569  0.27860571  0.2925392 
  0.26725089  0.26991153  0.26748793  0.27180122  0.27303437  0.26751884 
  0.26579529  0.27344527  0.26833477  0.28183783  0.25587062  0.26484084]
increment_110
[0.52228095  0.50501239  0.54619831  0.49009607  0.51483057  0.51639214 
  0.50278287  0.51182323  0.50831904  0.50357231  0.51509375  0.50336201 
  0.51573184  0.50511136  0.51175622  0.50555108  0.50893896  0.5083974 
  0.49964158  0.50658628  0.49537867  0.49961743  0.51340563  0.49553043]
[0.04740447  0.05385152  0.03116982  0.05092273  0.04694706  0.05798409 
  0.04990395  0.05582745  0.06039692  0.06919711  0.05146655  0.03602072 
  0.04386143  0.03983003  0.05808591  0.06175547  0.05648534  0.06416365 
  0.06510856  0.06848228  0.05223186  0.06975255  0.03981034  0.07389045]
[0.81085136  0.81760987  0.79284136  0.82390777  0.81124411  0.81027457 
  0.82058106  0.81029694  0.81586964  0.81716636  0.80826182  0.81084767 
  0.81255724  0.81843758  0.81411786  0.81603126  0.81411183  0.81589406 
  0.82172583  0.81440623  0.82440015  0.81541128  0.81824003  0.82387876]
[0.25979897  0.27125007  0.2685115    0.27997981  0.27318208  0.27098362 
  0.2671436    0.27989131  0.26892506  0.27178269  0.28061084  0.29640386 
  0.26804399  0.27099079  0.26822325  0.27330817  0.27388403  0.26782828 
  0.26624391  0.2746325    0.26876793  0.28393917  0.25556418  0.26497844]
increment_120
[0.5227907    0.50409614  0.54950176  0.48791234  0.51424286  0.51623026 
  0.50134554  0.51137241  0.50785799  0.50266272  0.51464689  0.50153022 
  0.51565966  0.50396628  0.51154762  0.50484737  0.50836894  0.50750192 
  0.4981525    0.50545407  0.49391004  0.49852658  0.51342469  0.49409137]
[0.04781988  0.05501084  0.0299049    0.05140054  0.04726168  0.05921814 
  0.04989672  0.05624691  0.06178649  0.07115206  0.05182756  0.03501882 
  0.04425606  0.03962881  0.0594564    0.06306739  0.05742313  0.06600209 
  0.06658965  0.07061596  0.05247417  0.07193201  0.0392007    0.07577708]
[0.81044645  0.81776275  0.79025053  0.82439973  0.81107698  0.81012627 
  0.82126809  0.81011446  0.81589883  0.81727058  0.80780822  0.8105862 
  0.81227124  0.81879122  0.81392548  0.81582527  0.8141566    0.81621721 
  0.82232506  0.81453853  0.82514828  0.81517617  0.81832434  0.82455644]
[0.25996094  0.27225901  0.26955077  0.28224922  0.27472668  0.27146815 
  0.26773437  0.28115671  0.26939153  0.27264698  0.28266296  0.30031837 
  0.26898317  0.27208177  0.26890386  0.27491955  0.2746136    0.26809511 
  0.26681717  0.27578353  0.26912758  0.28598051  0.2553501    0.26502496]
