inc
quat_01
quat_02
quat_03
quat_04
increment_0
[0.14552604  0.14552604  0.14552604  0.14552604  0.14552604  0.14552604 
  0.14552604  0.14552604  0.14552604  0.14552604  0.14552604  0.14552604 
  0.14552604  0.14552604  0.14552604  0.14552604  0.14552604  0.14552604 
  0.14552604  0.14552604  0.14552604]
[-0.77082474  -0.77082474  -0.77082474  -0.77082474  -0.77082474  -0.77082474 
  -0.77082474  -0.77082474  -0.77082474  -0.77082474  -0.77082474  -0.77082474 
  -0.77082474  -0.77082474  -0.77082474  -0.77082474  -0.77082474  -0.77082474 
  -0.77082474  -0.77082474  -0.77082474]
[-0.61083527  -0.61083527  -0.61083527  -0.61083527  -0.61083527  -0.61083527 
  -0.61083527  -0.61083527  -0.61083527  -0.61083527  -0.61083527  -0.61083527 
  -0.61083527  -0.61083527  -0.61083527  -0.61083527  -0.61083527  -0.61083527 
  -0.61083527  -0.61083527  -0.61083527]
[0.10738557  0.10738557  0.10738557  0.10738557  0.10738557  0.10738557 
  0.10738557  0.10738557  0.10738557  0.10738557  0.10738557  0.10738557 
  0.10738557  0.10738557  0.10738557  0.10738557  0.10738557  0.10738557 
  0.10738557  0.10738557  0.10738557]
increment_10
[0.14530074  0.14459679  0.14464655  0.14499998  0.14466322  0.14463407 
  0.14453775  0.14487993  0.14515275  0.1451698    0.1447986    0.1449311 
  0.14491672  0.14518201  0.14522844  0.14516561  0.14510922  0.14516256 
  0.14631229  0.14488025  0.14525332]
[-0.77126204  -0.77098322  -0.77120054  -0.77115561  -0.77100308  -0.77099113 
  -0.77111457  -0.77108328  -0.77120872  -0.77079076  -0.77091947  -0.77099532 
  -0.7710685    -0.7708137    -0.77095056  -0.77093755  -0.77099401  -0.77064469 
  -0.77088832  -0.77111959  -0.77073862]
[-0.61058812  -0.61081427  -0.61074906  -0.61066228  -0.61086814  -0.61085417 
  -0.61082134  -0.61070632  -0.61063192  -0.61094857  -0.61085494  -0.61072754 
  -0.6107116    -0.6108317    -0.61070032  -0.61071685  -0.61066009  -0.61085403 
  -0.61036354  -0.61070689  -0.61075544]
[0.10594671  0.10762239  0.10636111  0.1067034    0.10708369  0.1072886 
  0.10671669  0.10713623  0.10628476  0.10746709  0.10757681  0.10757818 
  0.10716274  0.1079493    0.10765245  0.10773652  0.1077302    0.10905017 
  0.1085369    0.10687088  0.10881751]
increment_20
[0.14492498  0.14370325  0.14348979  0.14437242  0.14362309  0.14370668 
  0.14332401  0.14391703  0.14460277  0.14520531  0.14373057  0.14404154 
  0.14399816  0.14517081  0.14478464  0.14471324  0.14471685  0.14480785 
  0.14755252  0.14428318  0.14491651]
[-0.77168589  -0.77110133  -0.77164845  -0.77135663  -0.77109741  -0.77108882 
  -0.77138247  -0.77133913  -0.77157044  -0.77069059  -0.77100162  -0.77122351 
  -0.77131611  -0.7708192    -0.77105533  -0.77106335  -0.77144996  -0.77044104 
  -0.77103746  -0.77142481  -0.77062655]
[-0.61037113  -0.6107923    -0.61062903  -0.6105541    -0.61098234  -0.61098736 
  -0.61082787  -0.61065006  -0.61044062  -0.6110619    -0.61092025  -0.61062354 
  -0.61060981  -0.61077765  -0.61056669  -0.61057497  -0.61020696  -0.61081495 
  -0.60966663  -0.61053611  -0.6107152  ]
[0.104617      0.10809665  0.10536384  0.10672039  0.10715302  0.10707409 
  0.10637958  0.10691275  0.10550515  0.10749313  0.10804844  0.10772757 
  0.10719911  0.10823061  0.10825616  0.10824786  0.10756138  0.1111593 
  0.1097091    0.10645091  0.11027634]
increment_30
[0.14455674  0.14294748  0.14227975  0.14379566  0.14266016  0.14277401 
  0.14226235  0.14297236  0.14413699  0.14535923  0.14255016  0.14315633 
  0.14306087  0.14510458  0.14443496  0.14428659  0.14448198  0.14437274 
  0.14855702  0.14372305  0.14475183]
[-0.77209248  -0.77114881  -0.7720734    -0.77154386  -0.77120383  -0.77116485 
  -0.77160414  -0.7715539    -0.77193478  -0.77059356  -0.77114209  -0.77144418 
  -0.77155046  -0.77089106  -0.77115098  -0.77121686  -0.77192309  -0.77030599 
  -0.77117322  -0.77168662  -0.77043196]
[-0.61015586  -0.6108458    -0.61052982  -0.61044888  -0.61107736  -0.61113496 
  -0.61084831  -0.61062541  -0.61022244  -0.61115966  -0.61093149  -0.61052635 
  -0.61052815  -0.61065212  -0.61037548  -0.61041938  -0.60966099  -0.61072359 
  -0.60904837  -0.61036208  -0.61074859]
[0.10337498  0.1084571    0.10446279  0.10674757  0.10713163  0.10693183 
  0.10607931  0.10677119  0.10473678  0.10742495  0.10854514  0.10787825 
  0.10723273  0.1085155    0.10911681  0.10860073  0.10757873  0.11314544 
  0.11082763  0.10630888  0.11165871]
increment_40
[0.14421444  0.14228556  0.14101149  0.14328338  0.14172315  0.1417647 
  0.14125923  0.14200199  0.14375578  0.14550684  0.14131193  0.14223312 
  0.1420974    0.14492696  0.14410936  0.14386237  0.14435249  0.14382523 
  0.149378      0.14320237  0.14476491]
[-0.77248323  -0.77115489  -0.77245673  -0.77174507  -0.77133197  -0.77124382 
  -0.77180325  -0.77177437  -0.77230165  -0.77050611  -0.77131239  -0.77166351 
  -0.77177772  -0.77100879  -0.77127415  -0.77139265  -0.77242276  -0.77022656 
  -0.77134774  -0.77192226  -0.77017093]
[-0.60993615  -0.61094605  -0.61047244  -0.61032911  -0.61115832  -0.61127773 
  -0.61088227  -0.61059095  -0.60998957  -0.61125391  -0.61092473  -0.61043903 
  -0.61046303  -0.61049611  -0.61012998  -0.61025734  -0.60902993  -0.61058483 
  -0.608451      -0.61018117  -0.61083152]
[0.10222399  0.10871933  0.10368108  0.10666672  0.10699089  0.10688911 
  0.1057753    0.10666982  0.10390939  0.10731615  0.10899128  0.10802477 
  0.1072491    0.10879399  0.11004582  0.10882549  0.10774036  0.11511521 
  0.11178664  0.10633925  0.11298101]
increment_50
[0.14388027  0.14170254  0.13970257  0.1428328    0.14076757  0.14068357 
  0.140272      0.1410234    0.14341535  0.14564438  0.14002536  0.14126063 
  0.14111504  0.14464518  0.14378919  0.14343435  0.14432354  0.14319185 
  0.15004867  0.14270327  0.14492689]
[-0.77286236  -0.7711282    -0.77280866  -0.77195043  -0.77148314  -0.7713229 
  -0.77199117  -0.77200504  -0.77267652  -0.77042434  -0.77150404  -0.77188744 
  -0.77199881  -0.77116139  -0.77141895  -0.77158656  -0.77295532  -0.77019769 
  -0.77155543  -0.77213894  -0.76985484]
[-0.6097154    -0.61107981  -0.6104452    -0.61020296  -0.61123246  -0.61141724 
  -0.61092412  -0.61053895  -0.60975796  -0.61134699  -0.61089922  -0.61036301 
  -0.61040858  -0.61032177  -0.60984498  -0.61009165  -0.60831465  -0.61039124 
  -0.60787406  -0.60999761  -0.61095468]
[0.10114038  0.10891807  0.10298844  0.10650669  0.10673863  0.10694896 
  0.1054757    0.10659652  0.10294783  0.10718633  0.10943748  0.10813053 
  0.10726482  0.10906518  0.11102509  0.10894466  0.10800032  0.11710741 
  0.11259103  0.10649015  0.11425452]
increment_60
[0.14355628  0.14115643  0.13837189  0.1424288    0.13978177  0.13955184 
  0.13926917  0.14007148  0.14308145  0.14577545  0.13868808  0.14024021 
  0.14011775  0.14429003  0.14347094  0.14299956  0.14439552  0.14250465 
  0.15058465  0.14221894  0.1452007  ]
[-0.77323408  -0.77108169  -0.7731373    -0.77215156  -0.77165374  -0.7713988 
  -0.77217453  -0.77224288  -0.77306544  -0.770339      -0.77171684  -0.77211559 
  -0.77221738  -0.77133876  -0.77157622  -0.77179458  -0.77351749  -0.77022008 
  -0.77179017  -0.7723422    -0.76948931]
[-0.60949258  -0.61123743  -0.61043578  -0.61007913  -0.61130296  -0.61155395 
  -0.61096974  -0.6104671    -0.60953273  -0.61144629  -0.61084999  -0.61029783 
  -0.61035902  -0.61013214  -0.6095317    -0.60992284  -0.60752457  -0.61013158 
  -0.60731875  -0.60981245  -0.61111775]
[0.10009719  0.10907202  0.10237233  0.10629892  0.10639663  0.10710247 
  0.10519774  0.1065403    0.10182033  0.10705508  0.1099137    0.10819778 
  0.1072809    0.10934198  0.11205949  0.10898797  0.10832601  0.11913404 
  0.11326131  0.10672431  0.11549049]
increment_70
[0.14325814  0.14063603  0.13704363  0.14205426  0.13878352  0.13837238 
  0.1382519    0.13916857  0.14275732  0.14588429  0.13730203  0.13917984 
  0.1391125    0.14388413  0.14314765  0.14255134  0.14457702  0.14179345 
  0.151001      0.14176224  0.14554561]
[-0.77359978  -0.77101848  -0.77344797  -0.7723526    -0.77183577  -0.77147502 
  -0.77235273  -0.77248573  -0.77346638  -0.77023387  -0.77194422  -0.77234454 
  -0.77244183  -0.77153539  -0.77172993  -0.77201149  -0.77410599  -0.77029371 
  -0.77204822  -0.77253902  -0.76907244]
[-0.60926427  -0.61141489  -0.61043353  -0.60995751  -0.61136858  -0.61169027 
  -0.61101529  -0.61037797  -0.60931053  -0.61156886  -0.61078418  -0.61024127 
  -0.61030769  -0.60992539  -0.60921331  -0.60975316  -0.606666      -0.60979422 
  -0.60678317  -0.6096222    -0.61133021]
[0.09908347  0.10919634  0.10182428  0.10603713  0.10600537  0.1073051 
  0.10496658  0.10647361  0.10055235  0.106963      0.11042176  0.10825194 
  0.10726535  0.10964269  0.11314064  0.10898835  0.10869118  0.12121566 
  0.11381753  0.10699394  0.11670232]
increment_80
[0.14299941  0.14013787  0.13574012  0.14169921  0.13778979  0.13714979 
  0.13723752  0.13832917  0.14245634  0.1459507    0.1358662    0.13809093 
  0.13811488  0.14343176  0.14280811  0.1420939    0.14486625  0.14108669 
  0.15131877  0.14135727  0.14592223]
[-0.77396227  -0.77093987  -0.77374353  -0.77256475  -0.77202489  -0.77154943 
  -0.77252618  -0.77273298  -0.7738766    -0.77010268  -0.77217559  -0.7725725 
  -0.77267868  -0.77174826  -0.77186363  -0.77222995  -0.77471643  -0.77040722 
  -0.77232418  -0.77273667  -0.76860184]
[-0.60902747  -0.61161058  -0.61043237  -0.60983031  -0.61142694  -0.61183199 
  -0.6110559    -0.61027296  -0.60908755  -0.61172199  -0.61071558  -0.61019051 
  -0.61024805  -0.60970234  -0.60891542  -0.60958263  -0.60574667  -0.60937821 
  -0.60626516  -0.60942099  -0.6116015  ]
[0.09807702  0.10929585  0.10133058  0.10569785  0.10558715  0.10753157 
  0.10478479  0.10637531  0.09916429  0.10694136  0.11095817  0.10830592 
  0.10718789  0.10997733  0.1142558    0.10899198  0.1090834    0.12339148 
  0.11428279  0.10724842  0.11790466]
increment_90
[0.14280174  0.13964956  0.13447694  0.14136618  0.13681228  0.13589363 
  0.13624093  0.13756316  0.142192      0.14596674  0.1343711    0.13699151 
  0.13714167  0.1429277    0.14244269  0.1416375    0.14523945  0.14039964 
  0.15156285  0.14103367  0.14630658]
[-0.77432635  -0.77085012  -0.77402506  -0.77279857  -0.77222014  -0.77161566 
  -0.77269744  -0.77298513  -0.77429493  -0.76995124  -0.77240303  -0.77279913 
  -0.77292997  -0.77197476  -0.77197397  -0.77244431  -0.77534211  -0.7705415 
  -0.77261196  -0.77294129  -0.76808017]
[-0.60877723  -0.6118228    -0.61043126  -0.60968786  -0.61147531  -0.61198464 
  -0.61108908  -0.61015182  -0.60886041  -0.61190039  -0.6106573    -0.61014186 
  -0.6101777    -0.60946778  -0.60864588  -0.60940905  -0.60477824  -0.60889507 
  -0.60576275  -0.60920189  -0.61193031]
[0.09703944  0.10936616  0.10087042  0.10525539  0.10514947  0.10778216 
  0.1046289    0.10623145  0.0976616    0.10698928  0.11151512  0.10835929 
  0.10702613  0.11034339  0.115397      0.10903766  0.10951434  0.12570018 
  0.11467762  0.10744447  0.11911562]
increment_100
[0.14269059  0.13916641  0.13326243  0.14106556  0.135864      0.13461876 
  0.13527187  0.13687299  0.14197604  0.14590597  0.13280389  0.1359002 
  0.13620172  0.14235755  0.14204466  0.14118235  0.1456765    0.13973203 
  0.15172652  0.14081605  0.14668326]
[-0.77469731  -0.7707486    -0.77429345  -0.77306339  -0.77242405  -0.77166957 
  -0.77286819  -0.77324071  -0.7747232    -0.76979495  -0.77262104  -0.77302511 
  -0.77319378  -0.77221228  -0.77207282  -0.77265117  -0.77597924  -0.77067592 
  -0.77291286  -0.77315556  -0.76751652]
[-0.60850767  -0.61205364  -0.61043218  -0.60951751  -0.61150848  -0.6121477 
  -0.6111162    -0.61001504  -0.60862522  -0.61209551  -0.61062129  -0.61009166 
  -0.61009771  -0.60923127  -0.60839386  -0.60923268  -0.60377046  -0.60836304 
  -0.60527634  -0.60896017  -0.61230418]
[0.09592651  0.1094059    0.10041579  0.10469918  0.10468736  0.10806964 
  0.10446659  0.10604827  0.09603177  0.10708065  0.11207804  0.10840429 
  0.10677668  0.11072389  0.11654952  0.10914784  0.10998098  0.12817179 
  0.11500146  0.10755848  0.12035783]
increment_110
[0.14268369  0.13870381  0.13210571  0.14079505  0.13494485  0.13333039 
  0.13433909  0.13625505  0.14181856  0.14572562  0.1311598    0.1348287 
  0.13529572  0.14168831  0.1415987    0.14071937  0.14616835  0.13907453 
  0.15178273  0.14070806  0.1470367  ]
[-0.77507922  -0.77062483  -0.77454892  -0.77337501  -0.77263909  -0.77171098 
  -0.77303533  -0.7734965    -0.77516377  -0.76965046  -0.77282323  -0.7732512 
  -0.77346742  -0.77247026  -0.77217711  -0.77284702  -0.77662809  -0.77078946 
  -0.77323125  -0.77338107  -0.76692429]
[-0.60821473  -0.61231364  -0.61043637  -0.60930082  -0.61152736  -0.61231821 
  -0.61114376  -0.60986402  -0.60837789  -0.61230027  -0.61061852  -0.61003743 
  -0.61000973  -0.60899241  -0.60814778  -0.60905608  -0.60272573  -0.60780645 
  -0.60480704  -0.60869549  -0.61270592]
[0.0947017    0.1094104    0.09994741  0.10402093  0.10417775  0.10840469 
  0.10427225  0.10584712  0.09426008  0.10719421  0.11263391  0.10843499 
  0.10644886  0.11109617  0.11768008  0.10934457  0.11047763  0.13081743 
  0.1152557    0.10757675  0.12165031]
increment_120
[0.14278999  0.13828648  0.13101615  0.14054087  0.13405643  0.13201858 
  0.13344577  0.13570215  0.14171956  0.14538746  0.12944399  0.13378122 
  0.1344208    0.14089182  0.14107906  0.14024387  0.14670557  0.13840693 
  0.15171413  0.14069157  0.14736581]
[-0.77547169  -0.77046102  -0.7747927    -0.77374692  -0.77286606  -0.77174427 
  -0.77319225  -0.77375052  -0.77561744  -0.76953047  -0.77300528  -0.77347876 
  -0.77374748  -0.77276254  -0.77230097  -0.77302974  -0.77729062  -0.77086529 
  -0.77356378  -0.77361708  -0.76632047]
[-0.60789657  -0.61261856  -0.61044279  -0.60902451  -0.61153499  -0.61249129 
  -0.6111835    -0.60970019  -0.60811672  -0.61251132  -0.61065285  -0.6099781 
  -0.60991516  -0.60874101  -0.60790364  -0.6088802    -0.60164247  -0.60725451 
  -0.60436036  -0.60841193  -0.613114    ]
[0.09336185  0.10938537  0.09945165  0.1032139    0.10359475  0.10879472 
  0.10402265  0.10564439  0.0923429    0.10730906  0.11318213  0.10844312 
  0.1060631    0.11145373  0.11874796  0.10964293  0.1110095    0.13361207 
  0.1154576    0.10750544  0.1229938  ]
