inc
quat_01
quat_02
quat_03
quat_04
increment_0
[0.26113827  0.26113827  0.26113827  0.26113827  0.26113827  0.26113827 
  0.26113827  0.26113827  0.26113827  0.26113827  0.26113827  0.26113827 
  0.26113827  0.26113827  0.26113827  0.26113827  0.26113827  0.26113827 
  0.26113827  0.26113827  0.26113827  0.26113827]
[-0.2978683  -0.2978683  -0.2978683  -0.2978683  -0.2978683  -0.2978683 
  -0.2978683  -0.2978683  -0.2978683  -0.2978683  -0.2978683  -0.2978683 
  -0.2978683  -0.2978683  -0.2978683  -0.2978683  -0.2978683  -0.2978683 
  -0.2978683  -0.2978683  -0.2978683  -0.2978683]
[-0.17442675  -0.17442675  -0.17442675  -0.17442675  -0.17442675  -0.17442675 
  -0.17442675  -0.17442675  -0.17442675  -0.17442675  -0.17442675  -0.17442675 
  -0.17442675  -0.17442675  -0.17442675  -0.17442675  -0.17442675  -0.17442675 
  -0.17442675  -0.17442675  -0.17442675  -0.17442675]
[0.90147467  0.90147467  0.90147467  0.90147467  0.90147467  0.90147467 
  0.90147467  0.90147467  0.90147467  0.90147467  0.90147467  0.90147467 
  0.90147467  0.90147467  0.90147467  0.90147467  0.90147467  0.90147467 
  0.90147467  0.90147467  0.90147467  0.90147467]
increment_10
[0.26286356  0.26132168  0.26135846  0.26039619  0.26097981  0.2606521 
  0.26120442  0.260323      0.26107223  0.26131159  0.25961234  0.25771443 
  0.25831117  0.25884088  0.25730443  0.25915042  0.26001943  0.25974509 
  0.25994849  0.25947077  0.25956267  0.25906782]
[-0.29661458  -0.29787283  -0.29815642  -0.29868518  -0.29838139  -0.29911277 
  -0.2991642    -0.30025176  -0.29956146  -0.29950202  -0.30065809  -0.30287868 
  -0.30129241  -0.30159659  -0.30362829  -0.30074667  -0.29904704  -0.29999768 
  -0.29981336  -0.30016697  -0.2995281    -0.30020628]
[-0.17555258  -0.17603094  -0.17497817  -0.17472222  -0.17405756  -0.17369425 
  -0.17458641  -0.17488375  -0.17545298  -0.17472957  -0.17414143  -0.17259776 
  -0.17225185  -0.17301412  -0.1728906    -0.17254135  -0.17257325  -0.17245302 
  -0.17282893  -0.17216212  -0.17235224  -0.17189387]
[0.90116804  0.90110813  0.90120871  0.90136182  0.90142224  0.90134474 
  0.90099535  0.900831      0.9007333    0.90082427  0.90104434  0.90114249 
  0.90156948  0.9011698    0.90095124  0.90145548  0.90176451  0.90155079 
  0.9014815    0.90162903  0.90177871  0.90178299]
increment_20
[0.2652515    0.26132406  0.26148476  0.25968569  0.26079654  0.26011139 
  0.26155058  0.25952737  0.26110798  0.26150314  0.25780727  0.25421995 
  0.25428143  0.2560624    0.25325835  0.2563477    0.25863847  0.25764348 
  0.25864195  0.25696849  0.25721615  0.25650923]
[-0.29632122  -0.29813272  -0.29878813  -0.30067481  -0.2989457    -0.30031076 
  -0.30112063  -0.30320114  -0.30086945  -0.30111        -0.30422898  -0.30871027 
  -0.30562041  -0.30559182  -0.31022329  -0.30441916  -0.3002743    -0.30269406 
  -0.30179034  -0.30296836  -0.30148198  -0.3029795  ]
[-0.17596202  -0.17734438  -0.17562733  -0.17465142  -0.17294262  -0.17283009 
  -0.17482456  -0.17602048  -0.17720049  -0.17524323  -0.1745175    -0.17054673 
  -0.16943226  -0.17144488  -0.17125614  -0.17001827  -0.17061202  -0.16984528 
  -0.17114041  -0.1693478    -0.16993689  -0.16873089]
[0.90048473  0.90076389  0.90083651  0.90091891  0.9015029    0.9012687 
  0.90019666  0.89985077  0.89994454  0.90013259  0.90029094  0.9005465 
  0.90179256  0.9009175    0.90016279  0.90150353  0.90212694  0.9017476 
  0.90151977  0.90194162  0.90225823  0.9021842  ]
increment_30
[0.26753215  0.26134046  0.26131754  0.25892669  0.26063698  0.25936278 
  0.2617496    0.25899718  0.26089282  0.2613873    0.25610233  0.25108328 
  0.25020485  0.25366778  0.24962698  0.25361512  0.2569762    0.25530653 
  0.25703305  0.25444372  0.25481815  0.25419812]
[-0.29612243  -0.29836122  -0.29956428  -0.30253632  -0.29961409  -0.30156759 
  -0.30310308  -0.30590796  -0.30221616  -0.30270402  -0.30757433  -0.31431622 
  -0.30981505  -0.30916905  -0.31641569  -0.3079724    -0.3016575    -0.30547949 
  -0.30404904  -0.30572972  -0.30313163  -0.30548288]
[-0.17621491  -0.17830841  -0.17619161  -0.17444819  -0.17165916  -0.17206112 
  -0.17499124  -0.17699225  -0.1788905    -0.17538749  -0.17490983  -0.16882582 
  -0.16706384  -0.17023388  -0.17022242  -0.16768319  -0.16876613  -0.16711148 
  -0.16940928  -0.16640848  -0.1678367    -0.16559038]
[0.89982574  0.90049312  0.90051702  0.90055348  0.90157246  0.90121191 
  0.89944079  0.89889628  0.89922106  0.89960335  0.89956444  0.89981128 
  0.90194337  0.90060401  0.89921733  0.90150692  0.90248766  0.90198371 
  0.90154794  0.90227266  0.90277891  0.90257596]
increment_40
[0.26971947  0.26135062  0.26107029  0.25813675  0.26054637  0.258502 
  0.26184411  0.25847953  0.26053521  0.26112801  0.25441039  0.24827949 
  0.24627087  0.25160196  0.24630493  0.25099966  0.2549827    0.25283374 
  0.2551026    0.25195561  0.25244503  0.25207896]
[-0.29599521  -0.29853947  -0.30043417  -0.30415528  -0.30045699  -0.30294211 
  -0.30505443  -0.30846375  -0.30363023  -0.30425783  -0.31070754  -0.31950754 
  -0.31368142  -0.3122875    -0.32196433  -0.31130232  -0.30317642  -0.30831259 
  -0.30658374  -0.3083579    -0.30448591  -0.30777996]
[-0.17646233  -0.17913114  -0.17675294  -0.17425136  -0.17037378  -0.17142891 
  -0.17513226  -0.17766413  -0.18038842  -0.17532701  -0.17518641  -0.16757547 
  -0.16523891  -0.16920198  -0.16992144  -0.16567202  -0.16703974  -0.16426664 
  -0.16755624  -0.16338393  -0.16602064  -0.16248311]
[0.89916588  0.90026778  0.90018887  0.90027299  0.90156196  0.9011187 
  0.89872585  0.89803892  0.89854889  0.89916615  0.89891374  0.89899427 
  0.9020259    0.90030198  0.89822021  0.90146704  0.90286522  0.90223883 
  0.90158415  0.9026292    0.90332551  0.90295456]
increment_50
[0.27184925  0.26135409  0.26084202  0.2572754    0.26056475  0.25757416 
  0.2617755    0.25788023  0.26009678  0.26074291  0.25272204  0.24573414 
  0.24254076  0.24983939  0.24326251  0.24851244  0.25274386  0.2502755 
  0.25293766  0.24950798  0.25010722  0.25009838]
[-0.2959039    -0.29865034  -0.30130001  -0.30559406  -0.30152051  -0.30437059 
  -0.30703505  -0.31092851  -0.30506948  -0.30576761  -0.31365633  -0.32419712 
  -0.31720505  -0.31494066  -0.32677481  -0.31438751  -0.30472148  -0.31114667 
  -0.30931321  -0.31083918  -0.3055739    -0.30991699]
[-0.17680583  -0.17993882  -0.17735499  -0.17410515  -0.16917544  -0.17089121 
  -0.17527102  -0.17806068  -0.18168297  -0.17517983  -0.17541436  -0.16678493 
  -0.1639045    -0.16836232  -0.17020588  -0.16400758  -0.16554181  -0.1613664 
  -0.16562262  -0.16028271  -0.1644254    -0.15937854]
[0.89848682  0.90006891  0.89984718  0.90006057  0.90142724  0.90100516 
  0.89804406  0.89728236  0.89792738  0.89879438  0.89832126  0.89816132 
  0.90204781  0.90002599  0.89725778  0.9013898    0.90325039  0.90250252 
  0.90161911  0.90301396  0.90390003  0.9033276  ]
increment_60
[0.27393688  0.26135083  0.26066113  0.25633582  0.26069627  0.25659542 
  0.26153044  0.25720604  0.2596126    0.26023612  0.25106172  0.24339779 
  0.23904285  0.24836191  0.24053904  0.24620399  0.25035276  0.24766428 
  0.25063343  0.24709031  0.24781544  0.24822308]
[-0.29583877  -0.29867208  -0.30211496  -0.30690902  -0.30281551  -0.30578699 
  -0.30909364  -0.31334208  -0.30651347  -0.30725409  -0.31644678  -0.32836173 
  -0.32038715  -0.31716761  -0.33085535  -0.31724327  -0.30617641  -0.3139176 
  -0.3121453    -0.31319941  -0.30641785  -0.31189044]
[-0.17726248  -0.18080559  -0.1779985    -0.17403809  -0.16810262  -0.17039594 
  -0.17543218  -0.17821325  -0.18276188  -0.17499703  -0.17563723  -0.16640774 
  -0.16301667  -0.16775445  -0.1709161    -0.16265978  -0.16432351  -0.15848665 
  -0.16366547  -0.15711593  -0.16298948  -0.15622573]
[0.89778395  0.89988892  0.89949923  0.89989418  0.90115578  0.90089862 
  0.89737757  0.89660573  0.89735661  0.89846988  0.89776445  0.89735419 
  0.90201783  0.89976637  0.8963612    0.90126694  0.90364666  0.90277357 
  0.90164395  0.90341967  0.90450541  0.90371632]
increment_70
[0.27596867  0.26131801  0.26052016  0.25531866  0.26089032  0.25556074 
  0.26113618  0.25650178  0.25910723  0.25962486  0.24945147  0.24123473 
  0.23577288  0.24711157  0.23814526  0.24411209  0.24789579  0.2450242 
  0.24828076  0.24468729  0.24557415  0.24644642]
[-0.29577445  -0.29861453  -0.3028525    -0.30813153  -0.30433844  -0.3071479 
  -0.31124685  -0.31571072  -0.30794653  -0.30872664  -0.31906686  -0.33202166 
  -0.32324784  -0.31906368  -0.33432023  -0.31991451  -0.30747089  -0.31656691 
  -0.31500068  -0.3154876    -0.30702717  -0.31368545]
[-0.17781768  -0.18176602  -0.17866423  -0.17404487  -0.16715548  -0.16987924 
  -0.175611      -0.17814117  -0.18362937  -0.17482335  -0.17585799  -0.16638698 
  -0.16250654  -0.16736178  -0.17189327  -0.16157817  -0.1634065    -0.15571807 
  -0.16171916  -0.15389376  -0.16167971  -0.15296896]
[0.89707282  0.89972405  0.89916        0.89976426  0.90076268  0.90082735 
  0.89671292  0.89599068  0.89683479  0.8981757    0.89724259  0.89659511 
  0.90194989  0.89951335  0.89552751  0.90108628  0.90405069  0.90305062 
  0.90165301  0.90383207  0.90514492  0.90413832]
increment_80
[0.27793056  0.2612132    0.2604098    0.25422813  0.26105853  0.25446513 
  0.26064248  0.25578891  0.2586073    0.25893266  0.24788332  0.23921397 
  0.23271819  0.24598201  0.23604091  0.24225223  0.24544497  0.24239073 
  0.24595158  0.24228822  0.24337251  0.24477862]
[-0.29568917  -0.29851614  -0.30348755  -0.30928739  -0.30605739  -0.30841355 
  -0.31348875  -0.31805164  -0.30935174  -0.31017685  -0.32151728  -0.33522194 
  -0.32583135  -0.32078067  -0.33735845  -0.32245805  -0.30859739  -0.31906086 
  -0.31783503  -0.31776311  -0.30740741  -0.3152817  ]
[-0.17844801  -0.18282387  -0.17933967  -0.174107      -0.16631854  -0.16929035 
  -0.175788      -0.17788419  -0.18431929  -0.17470438  -0.17607461  -0.16664918 
  -0.16229846  -0.16711999  -0.17296983  -0.16069885  -0.16276647  -0.15315634 
  -0.15978218  -0.1506311    -0.16046523  -0.14956302]
[0.8963698    0.89957279  0.89884333  0.89966445  0.90028632  0.90081594 
  0.89604067  0.89541744  0.89635382  0.89789898  0.89675985  0.89589675 
  0.90185109  0.8992572    0.89473762  0.9008388    0.90445094  0.90332167 
  0.90164204  0.90423077  0.90582637  0.90460587]
increment_90
[0.27979203  0.26100716  0.26032004  0.25308223  0.26111899  0.25330096 
  0.26008227  0.25504209  0.25812977  0.25817979  0.24633274  0.23732458 
  0.22987248  0.24487153  0.23415048  0.24058602  0.24303334  0.23977737 
  0.24369256  0.2399137    0.24118716  0.24321587]
[-0.29557033  -0.29841697  -0.30400229  -0.31038841  -0.30791982  -0.30956737 
  -0.3158154    -0.32039834  -0.31072232  -0.31159384  -0.3238051    -0.33799755 
  -0.32819786  -0.32246344  -0.34014471  -0.32496045  -0.30960999  -0.32140994 
  -0.32062862  -0.32004783  -0.30756699  -0.31666901]
[-0.1791249    -0.1839667    -0.18001687  -0.17420625  -0.16556743  -0.1686032 
  -0.17594049  -0.17749        -0.18487596  -0.17467677  -0.17630557  -0.16712075 
  -0.16234164  -0.16693543  -0.17399941  -0.15994692  -0.16232687  -0.15088321 
  -0.15784477  -0.14735425  -0.1593345    -0.14599228]
[0.89569463  0.8994325    0.89855997  0.89958913  0.89977202  0.90087714 
  0.89535624  0.89487191  0.89590264  0.89763049  0.89631846  0.89526831 
  0.90171503  0.89899267  0.89397949  0.90051988  0.90483503  0.90356888 
  0.90160759  0.90459799  0.90655602  0.90512598]
increment_100
[0.2815411    0.26069816  0.26024811  0.25190846  0.26103338  0.25207639 
  0.25948083  0.25423066  0.25768615  0.25739339  0.2447721    0.23554502 
  0.22722569  0.24373632  0.23239306  0.23905454  0.24067512  0.23715504 
  0.24149843  0.23758251  0.23900203  0.24174248]
[-0.29541842  -0.29836159  -0.30439082  -0.31144161  -0.30986797  -0.31059618 
  -0.31823283  -0.32278464  -0.31203188  -0.31298709  -0.3259396    -0.34039119 
  -0.3303961    -0.32418121  -0.34278861  -0.3274989    -0.31058401  -0.32365949 
  -0.32336592  -0.32232791  -0.30748091  -0.31781402]
[-0.17981094  -0.1851778    -0.18068012  -0.174342      -0.16489017  -0.16782635 
  -0.17608977  -0.17701698  -0.18533642  -0.17476052  -0.17657688  -0.1677282 
  -0.16261991  -0.16673457  -0.17491151  -0.15927809  -0.16196208  -0.14893844 
  -0.15589043  -0.14409123  -0.15833285  -0.14227613]
[0.89505899  0.89929195  0.89831612  0.89952827  0.89925227  0.90101156 
  0.89464516  0.89433877  0.89547996  0.89735527  0.89591886  0.89471763 
  0.90153295  0.89872061  0.89324991  0.9001266    0.90519685  0.9037806 
  0.90156041  0.90492927  0.90733909  0.90571095]
increment_110
[0.28318462  0.26029114  0.26020489  0.25073519  0.26082983  0.25082624 
  0.25886443  0.25334549  0.25728518  0.25659528  0.24318251  0.2338302 
  0.22475742  0.24258308  0.23069893  0.23761105  0.23839594  0.23448796 
  0.23933481  0.23527416  0.23680327  0.24033852]
[-0.29524278  -0.29840513  -0.30466122  -0.31244631  -0.31183647  -0.31146323 
  -0.32073034  -0.32522486  -0.31323503  -0.31437962  -0.32793374  -0.34246966 
  -0.33245766  -0.32592023  -0.34535323  -0.33008779  -0.31156493  -0.32583916 
  -0.32603277  -0.32459113  -0.30711383  -0.31868203]
[-0.18046401  -0.18643794  -0.18130389  -0.1745224    -0.16431018  -0.16701167 
  -0.17629133  -0.17654301  -0.18573079  -0.17494053  -0.17691636  -0.16839333 
  -0.16310587  -0.16650353  -0.17569094  -0.15871128  -0.16158006  -0.1473568 
  -0.15391225  -0.1408616    -0.15754529  -0.13847799]
[0.89446683  0.89913503  0.89811127  0.89947268  0.89873688  0.90121249 
  0.89389184  0.89379943  0.89509342  0.89706194  0.895557      0.89424921 
  0.90130599  0.89844645  0.89254795  0.89966314  0.90553109  0.90395255 
  0.90151678  0.90523184  0.90817663  0.90636803]
increment_120
[0.28473811  0.2598024    0.260204      0.24958409  0.26058032  0.24957969 
  0.258244      0.25240793  0.25692545  0.25578418  0.24157971  0.23213916 
  0.22244656  0.24145518  0.22903048  0.23623686  0.23622219  0.23175513 
  0.23716965  0.23295324  0.23458232  0.23898721]
[-0.29504935  -0.29859859  -0.30484111  -0.31340438  -0.31376182  -0.3121203 
  -0.32326119  -0.32770609  -0.3143126    -0.31579161  -0.32980513  -0.3443053 
  -0.33438935  -0.32760322  -0.34785484  -0.33268268  -0.31256528  -0.32795176 
  -0.32864602  -0.32682277  -0.30644737  -0.31928196]
[-0.18104598  -0.18772939  -0.18184415  -0.17473506  -0.16387527  -0.1662346 
  -0.17659461  -0.17614888  -0.1860715    -0.17515059  -0.1773362    -0.16903869 
  -0.16376187  -0.16628733  -0.17637051  -0.1583139    -0.16116908  -0.14616635 
  -0.15190515  -0.13766583  -0.15703054  -0.13466673]
[0.89391971  0.89894342  0.89794125  0.89941822  0.89821841  0.90147488 
  0.89309943  0.89323599  0.89474818  0.89675659  0.89522047  0.89386307 
  0.90104569  0.89817818  0.89187191  0.89913908  0.90582921  0.90408661 
  0.90148055  0.90552073  0.90906686  0.90708821]
