inc
quat_01
quat_02
quat_03
quat_04
increment_0
[0.28681441  0.28681441  0.28681441  0.28681441  0.28681441  0.28681441 
  0.28681441  0.28681441  0.28681441  0.28681441  0.28681441  0.28681441 
  0.28681441  0.28681441  0.28681441  0.28681441  0.28681441  0.28681441 
  0.28681441  0.28681441  0.28681441  0.28681441  0.28681441  0.28681441 
  0.28681441  0.28681441  0.28681441  0.28681441  0.28681441  0.28681441 
  0.28681441]
[-0.42365294  -0.42365294  -0.42365294  -0.42365294  -0.42365294  -0.42365294 
  -0.42365294  -0.42365294  -0.42365294  -0.42365294  -0.42365294  -0.42365294 
  -0.42365294  -0.42365294  -0.42365294  -0.42365294  -0.42365294  -0.42365294 
  -0.42365294  -0.42365294  -0.42365294  -0.42365294  -0.42365294  -0.42365294 
  -0.42365294  -0.42365294  -0.42365294  -0.42365294  -0.42365294  -0.42365294 
  -0.42365294]
[0.85692357  0.85692357  0.85692357  0.85692357  0.85692357  0.85692357 
  0.85692357  0.85692357  0.85692357  0.85692357  0.85692357  0.85692357 
  0.85692357  0.85692357  0.85692357  0.85692357  0.85692357  0.85692357 
  0.85692357  0.85692357  0.85692357  0.85692357  0.85692357  0.85692357 
  0.85692357  0.85692357  0.85692357  0.85692357  0.85692357  0.85692357 
  0.85692357]
[0.06275093  0.06275093  0.06275093  0.06275093  0.06275093  0.06275093 
  0.06275093  0.06275093  0.06275093  0.06275093  0.06275093  0.06275093 
  0.06275093  0.06275093  0.06275093  0.06275093  0.06275093  0.06275093 
  0.06275093  0.06275093  0.06275093  0.06275093  0.06275093  0.06275093 
  0.06275093  0.06275093  0.06275093  0.06275093  0.06275093  0.06275093 
  0.06275093]
increment_10
[0.28199965  0.28492551  0.28452003  0.28370759  0.28385924  0.28613559 
  0.28497591  0.2848162    0.28398236  0.28398563  0.28478485  0.28607721 
  0.2847149    0.28507172  0.28352353  0.28404116  0.28677514  0.28537945 
  0.28442413  0.28481206  0.28511577  0.28644284  0.28652738  0.28507423 
  0.28421965  0.28562166  0.28636193  0.28588577  0.28455499  0.28543937 
  0.28667624]
[-0.42473516  -0.42415658  -0.42425605  -0.42428547  -0.42489927  -0.4242681 
  -0.42425869  -0.42423353  -0.42442873  -0.42424324  -0.42446572  -0.42441659 
  -0.42445721  -0.42436909  -0.42447112  -0.42417418  -0.42438879  -0.42441652 
  -0.42454035  -0.42439338  -0.42342873  -0.42453554  -0.42448075  -0.42432439 
  -0.42445103  -0.42441976  -0.42431983  -0.4244546    -0.42454157  -0.42480053 
  -0.4257902  ]
[0.85789247  0.85730969  0.85740593  0.85760077  0.85727798  0.85690219 
  0.85725638  0.85730848  0.85745708  0.8575234    0.8572018    0.85686774 
  0.85722749  0.8571562    0.8575267    0.85754129  0.85667434  0.85704275 
  0.85725576  0.85721551  0.85756861  0.85668602  0.85669691  0.85718003 
  0.85737004  0.85699763  0.85682183  0.85689274  0.85720852  0.85687076 
  0.85600826]
[0.06400597  0.06267968  0.06253175  0.06334638  0.0629206    0.06198095 
  0.0624883    0.06267236  0.06310017  0.06343072  0.06270184  0.06170959 
  0.06272581  0.06267569  0.06392689  0.06340201  0.06134529  0.06250527 
  0.06309486  0.06288019  0.0631917    0.06171819  0.0615513    0.0626409 
  0.06306443  0.06199351  0.06169187  0.06198749  0.06313841  0.06197881 
  0.06139465]
increment_20
[0.27614016  0.28286289  0.28145703  0.28028052  0.28003312  0.28508553 
  0.28336476  0.28210115  0.28045915  0.28022867  0.28181563  0.28546474 
  0.28242136  0.28275257  0.27954796  0.28064413  0.28764949  0.28383845 
  0.2813727    0.28225836  0.28332488  0.28660243  0.2868845    0.28308651 
  0.28081984  0.28425289  0.28682178  0.28506541  0.28154838  0.28379784 
  0.28716139]
[-0.42583514  -0.42477569  -0.42516957  -0.42529957  -0.4263674    -0.42516742 
  -0.42516926  -0.42513103  -0.42549452  -0.42509525  -0.42522365  -0.42535524 
  -0.4255921    -0.42549791  -0.42564986  -0.42443931  -0.42547113  -0.42560165 
  -0.42581976  -0.42554442  -0.42267329  -0.42577291  -0.42546593  -0.4249746 
  -0.42542848  -0.42559327  -0.42526151  -0.42555067  -0.42586784  -0.42639909 
  -0.42841697]
[0.85909521  0.85769556  0.85793583  0.85816219  0.85775402  0.85681513 
  0.8573816    0.85773978  0.85803171  0.85824305  0.85773407  0.85670536 
  0.85741274  0.85733853  0.85810606  0.8584346    0.85597996  0.85697397 
  0.85756568  0.85743127  0.85846838  0.85611582  0.85618876  0.85750067 
  0.85792003  0.85691793  0.85631313  0.8566808    0.85749098  0.85668982 
  0.85466405]
[0.06607925  0.06255013  0.06291976  0.0641932    0.06364224  0.06186056 
  0.06190561  0.06296846  0.06386441  0.06468996  0.06369506  0.06032178 
  0.06287231  0.06303292  0.06579607  0.06465435  0.05941704  0.06240657 
  0.06393774  0.06366938  0.06408078  0.06035051  0.06014013  0.0628587 
  0.06421884  0.06133781  0.0601144    0.06117469  0.06384606  0.0610341 
  0.05955339]
increment_30
[0.27013036  0.28076117  0.2784595    0.27667432  0.27593026  0.2838995 
  0.28194599  0.27926156  0.27700058  0.27611867  0.27844867  0.28493111 
  0.28021939  0.28029884  0.27557598  0.2771369    0.28852696  0.28242736 
  0.27820793  0.27975854  0.2815922    0.28668996  0.287439      0.28107557 
  0.27731244  0.28285457  0.28730805  0.2844521    0.27844018  0.28216754 
  0.28766071]
[-0.42684284  -0.4255394    -0.42604753  -0.42628786  -0.4276623    -0.42608174 
  -0.42601627  -0.42597975  -0.4265314    -0.42597274  -0.42595882  -0.42631017 
  -0.42673586  -0.42662131  -0.42683316  -0.42483848  -0.42655848  -0.42677192 
  -0.42707925  -0.42668249  -0.42215438  -0.42701558  -0.42648169  -0.42565096 
  -0.42640836  -0.42679314  -0.42621436  -0.42665027  -0.42714939  -0.42793792 
  -0.43107397]
[0.86033487  0.85801511  0.85844056  0.85875977  0.85836647  0.85675558 
  0.85748014  0.85821735  0.85857756  0.85902801  0.85836956  0.85650638 
  0.85755636  0.85754841  0.85865899  0.8592756    0.85527845  0.85687831 
  0.85790363  0.85762444  0.85922917  0.85556274  0.85560421  0.85780736 
  0.85846869  0.85682453  0.85578475  0.85640946  0.85781176  0.85652694 
  0.85329789]
[0.06825456  0.06244561  0.06343198  0.06528126  0.06461004  0.06184901 
  0.06119161  0.06338153  0.06470092  0.06615572  0.06501627  0.05891285 
  0.06301332  0.06354162  0.0676467    0.06597612  0.05743543  0.06212945 
  0.0648461    0.06447891  0.06493647  0.05898271  0.05859714  0.06312146 
  0.06561432  0.06076694  0.05854796  0.06016143  0.06460231  0.06010174 
  0.05752619]
increment_40
[0.26406008  0.27866018  0.27554251  0.27288751  0.27168484  0.28270156 
  0.28062931  0.276397      0.27366371  0.27178942  0.27473279  0.28445482 
  0.27805959  0.27781667  0.27159529  0.27342323  0.28933729  0.2811278 
  0.27505482  0.2773815    0.27973694  0.28673058  0.28809385  0.27902822 
  0.27386402  0.28148105  0.28771232  0.28406031  0.27529276  0.28059011 
  0.28813007]
[-0.42779619  -0.42631446  -0.42689646  -0.42725029  -0.42884622  -0.42698285 
  -0.42682483  -0.42679511  -0.4275271    -0.42682423  -0.4266968    -0.42727411 
  -0.4278606    -0.42773474  -0.42798791  -0.42523741  -0.42764355  -0.42793602 
  -0.42829549  -0.42780864  -0.42189833  -0.42823587  -0.42751923  -0.4263568 
  -0.42735951  -0.42799448  -0.42713817  -0.42773035  -0.42839174  -0.42942279 
  -0.43377914]
[0.86156677  0.85831507  0.85892072  0.85939181  0.85904648  0.8567034 
  0.8575631    0.8587061    0.8590865    0.8598582    0.85908196  0.85628201 
  0.85768919  0.85775878  0.85920338  0.86015258  0.85459371  0.85675421 
  0.85824327  0.85778025  0.85989734  0.85503343  0.85497738  0.85810554 
  0.85899151  0.8567172    0.85528974  0.85608387  0.85815156  0.85636974 
  0.85191058]
[0.07046559  0.06244785  0.06396041  0.06659811  0.06570709  0.06184471 
  0.06044237  0.06383158  0.06556782  0.06778981  0.06655763  0.05747538 
  0.06314602  0.0641153    0.06951194  0.06745675  0.05544834  0.06172633 
  0.06577465  0.0652098    0.06576941  0.05759732  0.05694673  0.06338782 
  0.0670518    0.06020621  0.05704439  0.05896518  0.06534765  0.05912807 
  0.05536328]
increment_50
[0.25793414  0.27659329  0.27272879  0.26893261  0.26730036  0.28155283 
  0.27936441  0.27357422  0.27045902  0.26733625  0.27075849  0.28399465 
  0.27593671  0.27537706  0.26751081  0.2694654    0.29008075  0.27986144 
  0.27200594  0.27512323  0.27770857  0.28673323  0.28880814  0.27693882 
  0.27056753  0.28015014  0.28798679  0.28388516  0.27212265  0.27905513 
  0.28851761]
[-0.42871369  -0.42706546  -0.42775394  -0.42818473  -0.4299322    -0.42786904 
  -0.42761453  -0.42759082  -0.42848325  -0.42765438  -0.42750276  -0.42824895 
  -0.42896192  -0.42883115  -0.42909339  -0.42558135  -0.42872621  -0.42909411 
  -0.42947047  -0.42892222  -0.42187596  -0.4294285    -0.42856974  -0.42705483 
  -0.4282846    -0.42919836  -0.4280359    -0.42878572  -0.42959339  -0.43087015 
  -0.43647153]
[0.86277816  0.8586003    0.85935531  0.86005338  0.85978505  0.85664268 
  0.85763421  0.85918162  0.85955728  0.86069706  0.85981206  0.85604412 
  0.85781567  0.85795566  0.85977193  0.86109626  0.85392507  0.85662301 
  0.85855936  0.8579012    0.86050312  0.85452797  0.85432481  0.85841431 
  0.85946756  0.85659142  0.85484201  0.85570667  0.85850553  0.85621353 
  0.85054505]
[0.07272137  0.06258416  0.06445178  0.06812698  0.0669215    0.06180129 
  0.05970685  0.06426651  0.06644782  0.0695962    0.06822348  0.0560209 
  0.06326834  0.06467924  0.07147771  0.06915306  0.0534694    0.06126038 
  0.06666113  0.06586709  0.0665808    0.05618864  0.05519927  0.06367053 
  0.06841802  0.05963054  0.05562379  0.0576031    0.06608358  0.05811657 
  0.05313482]
increment_60
[0.25174222  0.27455201  0.27005396  0.26487907  0.26278214  0.28050258 
  0.27810295  0.27086028  0.26740872  0.26292904  0.26670614  0.28353598 
  0.2738384    0.27306276  0.26322521  0.26526354  0.29078891  0.27854538 
  0.26914662  0.27295745  0.27550139  0.28670013  0.28956715  0.27481142 
  0.26749284  0.27883783  0.28810876  0.28389039  0.26896597  0.27754082 
  0.28879143]
[-0.4295965    -0.42777557  -0.42864864  -0.42908986  -0.43093818  -0.42875036 
  -0.42838645  -0.42836017  -0.42940623  -0.42843836  -0.42845261  -0.42923709 
  -0.43003965  -0.42991033  -0.43013878  -0.42586214  -0.4298081    -0.43023915 
  -0.43061598  -0.43002024  -0.42201727  -0.43059144  -0.42963242  -0.42772129 
  -0.42919595  -0.43040593  -0.42891413  -0.42981725  -0.43075455  -0.43229572 
  -0.43910606]
[0.86396811  0.85888187  0.85972483  0.86072546  0.8605698    0.85655534 
  0.8577053    0.85962917  0.85998345  0.86150567  0.86047462  0.85579573 
  0.8579399    0.85812091  0.86038961  0.86210361  0.85326231  0.85651128 
  0.85882692  0.85799715  0.86108096  0.85404668  0.85365072  0.85874353 
  0.85987922  0.85645412  0.85444654  0.85528736  0.85886313  0.85605673 
  0.84923194]
[0.07504534  0.06285841  0.06484147  0.06980437  0.06824547  0.06167967 
  0.05903748  0.06465269  0.06731518  0.07153229  0.06985426  0.05455756 
  0.06338421  0.06513323  0.07363989  0.07109185  0.05148038  0.06078788 
  0.0674262    0.06646589  0.0673795    0.0547569    0.05336003  0.06397447 
  0.06961431  0.05904687  0.05428735  0.05609732  0.06679783  0.05708231 
  0.05089689]
increment_70
[0.24550671  0.27248496  0.26751887  0.26082974  0.25818078  0.27959181 
  0.27680826  0.26828656  0.26452895  0.2587786    0.26275505  0.28307904 
  0.27173575  0.27091842  0.25872379  0.26087633  0.29149783  0.27711143 
  0.2665035    0.27086434  0.27314972  0.28664278  0.29037118  0.27263955 
  0.26466821  0.27748433  0.28807205  0.28400694  0.26585977  0.27603353 
  0.28894259]
[-0.4304449    -0.42844419  -0.42957339  -0.42996923  -0.43186618  -0.4296246 
  -0.42912128  -0.42906722  -0.43030167  -0.42910588  -0.4295475    -0.43023663 
  -0.43109649  -0.43097909  -0.43112524  -0.42609553  -0.4308885    -0.43136415 
  -0.43174425  -0.43110096  -0.42222172  -0.43172907  -0.43070601  -0.4283595 
  -0.43010453  -0.43161658  -0.42977778  -0.43083265  -0.43187321  -0.43371253 
  -0.4416677  ]
[0.86512947  0.85917721  0.86003571  0.86138082  0.86138446  0.85643087 
  0.85779427  0.86005727  0.86036114  0.86226426  0.86102349  0.85553747 
  0.85806818  0.8582431    0.8610535    0.86314533  0.85259461  0.85643988 
  0.8590368    0.8580759    0.86166654  0.85358332  0.85295443  0.85909323 
  0.86021992  0.85632308  0.85410372  0.85484194  0.85921469  0.85589643 
  0.84798094]
[0.07742512  0.06326173  0.06510707  0.07153593  0.06964992  0.06145976 
  0.05849013  0.06500101  0.06814411  0.07349913  0.07132516  0.05308795 
  0.06351769  0.06541421  0.07602561  0.07325487  0.04946261  0.06037346 
  0.06803348  0.06700908  0.06818229  0.05330511  0.05143582  0.06430109 
  0.07058702  0.05848378  0.05303193  0.05448428  0.06748499  0.05603782 
  0.04868407]
increment_80
[0.23929061  0.27032825  0.26510934  0.25688489  0.25358487  0.27885192 
  0.27547445  0.26585771  0.26181284  0.2550471    0.25904377  0.28262041 
  0.26960692  0.26893441  0.25405345  0.25639248  0.29221353  0.27551589 
  0.26405581  0.26882214  0.27070574  0.28658182  0.29120623  0.27042106 
  0.26206371  0.27602713  0.28787744  0.28416185  0.26282792  0.27451894 
  0.28899107]
[-0.43126722  -0.4290784    -0.43050838  -0.43081686  -0.43270919  -0.43047206 
  -0.42980512  -0.42968211  -0.43117154  -0.42961601  -0.43071992  -0.43124257 
  -0.432133      -0.43204267  -0.4320582    -0.42632584  -0.43196628  -0.43246459 
  -0.43286398  -0.43216067  -0.42239492  -0.4328473    -0.43178566  -0.42897253 
  -0.43101354  -0.43282908  -0.4306333    -0.43184284  -0.43294215  -0.43511728 
  -0.44417462]
[0.86624456  0.85950411  0.86030261  0.8619999    0.86220884  0.85627024 
  0.85790822  0.86047768  0.86069446  0.86295725  0.86145845  0.85527252 
  0.85820577  0.85832447  0.86174467  0.86417403  0.85192014  0.85642055 
  0.85919275  0.85814593  0.86228704  0.85312813  0.85224124  0.85946281 
  0.86050005  0.85621705  0.85381128  0.85438586  0.85955685  0.85573794 
  0.84677705]
[0.07980577  0.06377333  0.06526094  0.07323354  0.07108723  0.06112851 
  0.05809358  0.0653538    0.06892152  0.07540463  0.07256725  0.0516185 
  0.06368697  0.06551729  0.07860463  0.07558061  0.04741802  0.06007671 
  0.06849178  0.06750839  0.06900719  0.05183116  0.04944639  0.06464286 
  0.07134144  0.05796873  0.05184439  0.05280735  0.06815127  0.05499896 
  0.04649402]
increment_90
[0.23318544  0.26804153  0.26280988  0.25308285  0.2491256    0.27833268 
  0.2741137    0.26356392  0.25916717  0.25176077  0.25564999  0.28213112 
  0.26744609  0.26704772  0.24925068  0.25188811  0.29290869  0.27374897 
  0.26173534  0.26676851  0.26819979  0.28652346  0.29203207  0.26817863 
  0.25957123  0.27440815  0.28752795  0.28429481  0.25987757  0.27296029 
  0.28896654]
[-0.43201317  -0.42969694  -0.43143379  -0.43157449  -0.43352481  -0.43126957 
  -0.43044677  -0.43018862  -0.43200364  -0.42998301  -0.43190529  -0.43224335 
  -0.43314261  -0.43309871  -0.432942      -0.42661222  -0.43303928  -0.43353734 
  -0.4339772    -0.43319063  -0.42248478  -0.4339489    -0.43286183  -0.42956518 
  -0.43191582  -0.43404212  -0.4314863    -0.43285444  -0.43393215  -0.43648091 
  -0.44667783]
[0.86731538  0.85986794  0.86053936  0.86260212  0.86298512  0.85607198 
  0.85803992  0.86090031  0.86101424  0.86358009  0.86179544  0.85501478 
  0.85835723  0.85838253  0.86244902  0.86514279  0.85124784  0.85645513 
  0.85931264  0.85822706  0.86295574  0.85267724  0.85152724  0.85984442 
  0.86075182  0.85615314  0.85356647  0.85393285  0.85990189  0.85560568 
  0.84558559]
[0.0821779    0.06435382  0.06532888  0.07490072  0.07245244  0.06064853 
  0.05783386  0.06574553  0.06971162  0.07720462  0.07354947  0.05017409 
  0.06389778  0.06550155  0.08134504  0.07798941  0.04537172  0.05992904 
  0.06884894  0.06802024  0.06987757  0.05034068  0.04742637  0.06497349 
  0.07195704  0.05752741  0.05071029  0.05110956  0.06881332  0.0540002 
  0.0442974  ]
increment_100
[0.22727868  0.26564914  0.2606269    0.24936837  0.24492301  0.27807773 
  0.27274962  0.26139184  0.25645964  0.24879739  0.25254441  0.28157792 
  0.26529359  0.26514952  0.2443241    0.24739092  0.29354039  0.27185695 
  0.25946741  0.26460224  0.26562277  0.28645503  0.29280389  0.26597169 
  0.25703794  0.27259235  0.28704634  0.28437278  0.25703513  0.27131958 
  0.28888894]
[-0.43253836  -0.43032208  -0.43233058  -0.43215869  -0.43442017  -0.43201296 
  -0.43106623  -0.4305825    -0.43276921  -0.43025759  -0.43307421  -0.43322869 
  -0.43411522  -0.43413686  -0.43377371  -0.42702376  -0.4340997    -0.43458365 
  -0.43507802  -0.43417875  -0.42250104  -0.43503621  -0.43392761  -0.4301546 
  -0.43279485  -0.43525083  -0.43233928  -0.43386477  -0.43478555  -0.43776936 
  -0.44922627]
[0.86838726  0.8602517    0.86075467  0.86323536  0.86363787  0.8558275 
  0.85817594  0.8613328    0.86136432  0.86414543  0.86206007  0.85477904 
  0.85851745  0.85844806  0.8631624    0.86601435  0.85059479  0.85652938 
  0.85941798  0.85834817  0.86366737  0.8522325    0.85082952  0.86021443 
  0.8610189    0.85614317  0.85336133  0.85349325  0.86027149  0.85552678 
  0.84437515]
[0.08460814  0.06496509  0.06530919  0.07667459  0.07363058  0.05997382 
  0.05765065  0.0661727    0.07064539  0.07893631  0.07429998  0.04878095 
  0.0641177    0.06548167  0.08424234  0.08042135  0.04335881  0.05990221 
  0.06917025  0.06865053  0.0708244    0.04885457  0.04540744  0.06524731 
  0.07257115  0.05717514  0.04961433  0.04942427  0.06947968  0.05308115 
  0.04206603]
increment_110
[0.22161269  0.26317736  0.2585236    0.2457822    0.24105        0.27806252 
  0.27142604  0.25926757  0.25366002  0.2460887    0.24968859  0.28095571 
  0.26319883  0.2631352    0.23933876  0.24296421  0.29407991  0.2699065 
  0.25720407  0.26226568  0.26299229  0.28635706  0.293512      0.2638518 
  0.25434692  0.27057231  0.28647671  0.2843993    0.25433326  0.26957588 
  0.28877456]
[-0.43284821  -0.43094775  -0.43317766  -0.43256706  -0.43539608  -0.4327058 
  -0.43167328  -0.4308977    -0.43346256  -0.43047935  -0.43422269  -0.43419825 
  -0.43505279  -0.43514992  -0.43454999  -0.42759506  -0.43514281  -0.43561064 
  -0.43616353  -0.43511825  -0.42248674  -0.43611501  -0.43499062  -0.4307586 
  -0.43363874  -0.43644711  -0.43319446  -0.43486951  -0.43547514  -0.43897178 
  -0.45184662]
[0.86945549  0.86064908  0.86096912  0.86388906  0.86415381  0.85554199 
  0.85830152  0.86178058  0.8617528    0.86465629  0.86226643  0.85456728 
  0.85867482  0.85854847  0.8638696    0.86676136  0.84997292  0.85662223 
  0.85952151  0.85852324  0.86439468  0.85179636  0.85014748  0.86055055 
  0.8613317    0.85619197  0.8531811    0.85306765  0.86067184  0.85551215 
  0.84312612]
[0.08704823  0.06561156  0.06522908  0.07856558  0.07458786  0.05911705 
  0.05748557  0.06664637  0.07175593  0.08060633  0.07485233  0.04743976 
  0.06428839  0.06556631  0.08725008  0.08279853  0.04139765  0.05993501 
  0.06949978  0.06947417  0.07184604  0.04739505  0.04339514  0.06543706 
  0.07329936  0.05691965  0.04853517  0.04776119  0.07014256  0.05226457 
  0.03977731]
increment_120
[0.21622293  0.26061896  0.25643283  0.24237273  0.23752912  0.27822522 
  0.27017036  0.2570991    0.25079462  0.24359388  0.2470588    0.28027923 
  0.26115717  0.26093179  0.23438568  0.2386861    0.29449978  0.26795344 
  0.25487265  0.25974536  0.26035095  0.28621232  0.29416681  0.26183112 
  0.25142044  0.26835581  0.28585646  0.28437803  0.25174912  0.26771241 
  0.28863942]
[-0.43298797  -0.43157282  -0.43393929  -0.43283573  -0.43641634  -0.43334489 
  -0.43226415  -0.43116786  -0.43408539  -0.43067729  -0.43535626  -0.43515403 
  -0.43596024  -0.43613681  -0.43527277  -0.42829758  -0.43616978  -0.43662654 
  -0.43723028  -0.43600789  -0.42247807  -0.43718762  -0.43606515  -0.43138732 
  -0.43444223  -0.43762157  -0.43405612  -0.4358657    -0.4360226    -0.44010564 
  -0.45454521]
[0.8705          0.86106169  0.8612168    0.86453763  0.86454967  0.85523339 
  0.85841213  0.86225217  0.86217151  0.86511412  0.86241963  0.85437439 
  0.85882987  0.85870035  0.86455049  0.86738459  0.84939123  0.85671562 
  0.85964212  0.85875305  0.86510854  0.85137283  0.84947079  0.86084442 
  0.86170659  0.85630041  0.85301216  0.85265642  0.86109995  0.85555774 
  0.84182921]
[0.08943612  0.06629803  0.06514998  0.08051944  0.07532979  0.05812728 
  0.05730882  0.06719767  0.07302209  0.08219891  0.07522808  0.04614034 
  0.06439604  0.06582552  0.09029628  0.08505353  0.03950122  0.05997138 
  0.06989313  0.07051715  0.07291693  0.04597604  0.04138177  0.06554646 
  0.07422579  0.0567638    0.0474512    0.04612214  0.07080641  0.05155624 
  0.03741033]
