inc
quat_01
quat_02
quat_03
quat_04
increment_0
[0.03909373  0.03909373  0.03909373  0.03909373  0.03909373  0.03909373 
  0.03909373  0.03909373  0.03909373  0.03909373  0.03909373  0.03909373 
  0.03909373  0.03909373  0.03909373  0.03909373  0.03909373  0.03909373]
[0.45962268  0.45962268  0.45962268  0.45962268  0.45962268  0.45962268 
  0.45962268  0.45962268  0.45962268  0.45962268  0.45962268  0.45962268 
  0.45962268  0.45962268  0.45962268  0.45962268  0.45962268  0.45962268]
[0.42809626  0.42809626  0.42809626  0.42809626  0.42809626  0.42809626 
  0.42809626  0.42809626  0.42809626  0.42809626  0.42809626  0.42809626 
  0.42809626  0.42809626  0.42809626  0.42809626  0.42809626  0.42809626]
[0.77714366  0.77714366  0.77714366  0.77714366  0.77714366  0.77714366 
  0.77714366  0.77714366  0.77714366  0.77714366  0.77714366  0.77714366 
  0.77714366  0.77714366  0.77714366  0.77714366  0.77714366  0.77714366]
increment_10
[0.04063446  0.03946031  0.04057845  0.04125134  0.03971473  0.03972968 
  0.04021356  0.04119888  0.03869759  0.03898325  0.04020596  0.04039406 
  0.04129545  0.03935298  0.03883994  0.04028501  0.03912675  0.04089879]
[0.45776548  0.45911101  0.4579862    0.4579757    0.45683982  0.45916315 
  0.45766772  0.45729046  0.45946754  0.45863871  0.45783737  0.45798838 
  0.45755338  0.45910422  0.45935591  0.4572478    0.45872333  0.45693727]
[0.42540911  0.4263151    0.42521417  0.42421624  0.42774774  0.42578266 
  0.42614837  0.42477539  0.42741108  0.4275405    0.42606108  0.42563789 
  0.42426167  0.42634467  0.42712171  0.4264628    0.42745086  0.42594782]
[0.77963241  0.77840568  0.77961204  0.78012638  0.77894287  0.77865261 
  0.77930783  0.78022686  0.7776322    0.77803596  0.7792563    0.77938909 
  0.78034712  0.77839892  0.77785002  0.77937863  0.77802813  0.77981028]
increment_20
[0.04252957  0.04017718  0.04243679  0.04391855  0.04067939  0.04079377 
  0.04155222  0.04374459  0.03806393  0.03873577  0.04190802  0.04199919 
  0.04378834  0.03969229  0.03836742  0.04222738  0.03895372  0.04271168]
[0.45466385  0.45827365  0.45617103  0.45590626  0.45264559  0.45837441 
  0.45531157  0.45461726  0.45924807  0.45714822  0.45557951  0.45606803 
  0.4553542    0.45845883  0.45849192  0.45390528  0.45748505  0.45371201]
[0.4229603    0.42388        0.42166732  0.4193339    0.42804127  0.42267957 
  0.4239477    0.42063169  0.42694984  0.42744674  0.42314124  0.42253517 
  0.4197415    0.42439827  0.42683905  0.42412283  0.42705085  0.42372896]
[0.78267273  0.78019023  0.78249842  0.78382378  0.78117721  0.78075012 
  0.781814      0.78388681  0.77804639  0.77897646  0.78207578  0.78211384 
  0.7839338    0.77982442  0.77853807  0.78250027  0.77898498  0.7827994  ]
increment_30
[0.04430161  0.04089798  0.04419713  0.04652911  0.0415768    0.04178333 
  0.04291742  0.04616837  0.03743007  0.03850921  0.04352484  0.04371192 
  0.04610731  0.03991293  0.03793842  0.04412803  0.03875827  0.04454019]
[0.45166293  0.45737897  0.45446091  0.45366764  0.44862726  0.45756734 
  0.4528534    0.45198172  0.45897538  0.45583482  0.45338822  0.45414678 
  0.45343633  0.45794335  0.45766154  0.45067193  0.45625587  0.45046293]
[0.42056264  0.42143135  0.41807851  0.41446983  0.42827007  0.41964145 
  0.42174688  0.4165237    0.42650402  0.42714854  0.42023573  0.41912591 
  0.41511935  0.42251608  0.42644742  0.42168269  0.42666968  0.42143204]
[0.78559852  0.7820022    0.78531666  0.7875503    0.78331967  0.78280734 
  0.78435417  0.78745731  0.77848244  0.77992037  0.78482268  0.78496716 
  0.7873662    0.781137      0.77926195  0.78557701  0.77992395  0.78580809]
increment_40
[0.04589328  0.04156921  0.045935      0.0489553    0.04235738  0.04264615 
  0.04440841  0.04834658  0.03679933  0.03835771  0.04501018  0.04559099 
  0.04816367  0.03998399  0.03765492  0.04591298  0.03856629  0.04636611]
[0.44891469  0.45650789  0.45269243  0.45142033  0.44497982  0.45672732 
  0.45025573  0.44951574  0.45872987  0.45461496  0.45130842  0.45211757 
  0.4518408    0.45762251  0.45682286  0.44754459  0.45509857  0.44723414]
[0.41819694  0.41901603  0.41445101  0.40975991  0.42835667  0.41681342 
  0.41939641  0.41257494  0.42604341  0.42663495  0.41739788  0.41540065 
  0.41052401  0.42071149  0.42581294  0.41928716  0.4262206    0.41905543]
[0.78834049  0.78377172  0.78815601  0.79115099  0.78530846  0.78475986 
  0.78702244  0.79080979  0.77890932  0.78092031  0.78744765  0.788006 
  0.79056321  0.78229455  0.7801143    0.78853923  0.78085462  0.78881199]
increment_50
[0.04723337  0.04218003  0.04771653  0.05115474  0.04293822  0.04339709 
  0.04607935  0.05023214  0.03618677  0.03826321  0.04634587  0.04766402 
  0.04990111  0.03994337  0.0375101    0.04754341  0.03840702  0.04816894]
[0.44648209  0.4556687    0.45077158  0.44924567  0.44181706  0.45581305 
  0.447527      0.44728115  0.4585482    0.45345918  0.44936348  0.44991358 
  0.45059237  0.45743733  0.45597995  0.44454849  0.45405589  0.44407414]
[0.41594778  0.41665933  0.4107526    0.40525194  0.42834733  0.41422705 
  0.41677515  0.40884715  0.42552607  0.42596587  0.41464878  0.41135038 
  0.40607075  0.41897885  0.42494367  0.4169953    0.4256146    0.41659508]
[0.7908288    0.78548194  0.7910818    0.79456428  0.78706579  0.78661751 
  0.78987009  0.79388936  0.77932768  0.78196149  0.78993095  0.79126278 
  0.79346263  0.78333411  0.7810878    0.7913477    0.78179944  0.79178687]
increment_60
[0.04828741  0.04272684  0.04953928  0.05314962  0.0432692    0.04408819 
  0.04788655  0.05185441  0.03560718  0.03820604  0.0475141    0.04987064 
  0.05132222  0.03984419  0.03746436  0.04901042  0.03828222  0.04995082]
[0.44439701  0.45483982  0.44869182  0.44715123  0.43922912  0.45477737 
  0.44476668  0.44526152  0.4584448    0.45234922  0.44758492  0.44754943 
  0.44964401  0.45731216  0.45517723  0.4417182    0.45316544  0.44099264]
[0.41385521  0.41439323  0.40699401  0.40092745  0.42825039  0.41184088 
  0.41384952  0.40533017  0.42491557  0.42519076  0.41200477  0.40705108 
  0.4018376    0.41729543  0.42386421  0.41480319  0.42481131  0.4140318  ]
[0.79303435  0.78712985  0.79408903  0.79780202  0.7885475    0.78842937 
  0.79285437  0.79671874  0.7797482    0.78302829  0.79225136  0.79468349 
  0.79606082  0.78431024  0.78214401  0.79399076  0.78275852  0.79473774]
increment_70
[0.04906052  0.04321681  0.05136616  0.05499658  0.04333488  0.04477072 
  0.04974484  0.05327243  0.03506466  0.03818071  0.04851771  0.05212768 
  0.05246095  0.03973889  0.03748409  0.05033505  0.03816742  0.05169713]
[0.44266465  0.453992      0.44649882  0.44510056  0.43726564  0.45358346 
  0.4420734    0.44339984  0.45841885  0.45126612  0.44598475  0.44505964 
  0.44890671  0.45719268  0.45445302  0.43906919  0.45246765  0.43802395]
[0.41191523  0.41223193  0.40320746  0.39672618  0.42805125  0.4095965 
  0.41066626  0.40198626  0.42419598  0.42433611  0.409461      0.40261187 
  0.3978826    0.41561717  0.42259436  0.41266377  0.42381612  0.41133984]
[0.79496347  0.78872581  0.79713491  0.80091773  0.78974235  0.79024574 
  0.79589558  0.79935328  0.78017972  0.78411733  0.79440879  0.79819064 
  0.7983859    0.78527577  0.78325054  0.79648807  0.78370669  0.7976603  ]
increment_80
[0.04960245  0.04366843  0.05316363  0.05674897  0.04316319  0.04547632 
  0.05157961  0.05453742  0.034553      0.03819909  0.04937546  0.05437798 
  0.05335962  0.03966225  0.03755783  0.05154703  0.03803591  0.0533274  ]
[0.44124747  0.4530938    0.44424623  0.44304794  0.4359012    0.45221645 
  0.43950188  0.44164421  0.45846524  0.45018295  0.44455497  0.44244072 
  0.44831571  0.4570459    0.4538177    0.43659029  0.45199414  0.4352389  ]
[0.41008782  0.41016717  0.39941497  0.39258844  0.42772654  0.4074455 
  0.40730462  0.3987786    0.42336742  0.4234053    0.40699696  0.39814094 
  0.39421795  0.41390908  0.42114051  0.41053329  0.4226481    0.40855459]
[0.79666069  0.79029233  0.8001791    0.80396666  0.79068141  0.7920987 
  0.79892464  0.80184269  0.78062523  0.78524142  0.79642101  0.80173127 
  0.8004736    0.78626664  0.78439759  0.7988706    0.78461657  0.80050386]
increment_90
[0.04999736  0.04410636  0.05490832  0.05843942  0.0428206    0.04621424 
  0.05333725  0.05568863  0.03405325  0.03828256  0.05010712  0.05659724 
  0.05405915  0.03961753  0.03769555  0.05267366  0.03786734  0.05472365]
[0.44006801  0.45211388  0.44198608  0.44096129  0.43503723  0.45069199 
  0.43708317  0.43995338  0.45859102  0.44905572  0.4432752    0.43967031 
  0.44783642  0.45689031  0.45324828  0.43426322  0.45176173  0.43271532]
[0.40829898  0.40817849  0.39561787  0.38847722  0.42725017  0.40534984 
  0.40384093  0.39567628  0.42244135  0.42239905  0.40460328  0.39371191 
  0.39081859  0.41214606  0.41950215  0.40837684  0.42132364  0.40575461]
[0.79820571  0.7918573    0.80319355  0.80698415  0.79143306  0.79399778 
  0.80188898  0.80422639  0.78107487  0.78642383  0.79830606  0.80528113 
  0.80235963  0.78728478  0.78559722  0.80116746  0.78547043  0.80319735]
increment_100
[0.05032481  0.04454943  0.0565853    0.06005715  0.04238768  0.04699998 
  0.05497795  0.05673115  0.03354884  0.03844735  0.05071059  0.05874501 
  0.05457267  0.03959761  0.03790007  0.05371233  0.03764378  0.05579239]
[0.43905575  0.45103518  0.43976555  0.43885978  0.43454125  0.44901768 
  0.43484149  0.43832832  0.45880584  0.44784714  0.44213524  0.43679714 
  0.44748282  0.45676927  0.45272558  0.43210539  0.4517817    0.4305128  ]
[0.40646428  0.40624798  0.39179917  0.38440274  0.42659854  0.40326764 
  0.40033734  0.39267853  0.42143262  0.42132087  0.40230632  0.38936887 
  0.38766191  0.4102974    0.41768822  0.40618606  0.41986108  0.40302765]
[0.79967759  0.79343884  0.80616238  0.80995665  0.7920801    0.79595812 
  0.8047486    0.80650693  0.78151534  0.78768234  0.80005906  0.80879488 
  0.80405174  0.78832094  0.7868543    0.80337588  0.78625245  0.80567652]
increment_110
[0.05064943  0.04501223  0.05817971  0.06157633  0.04194412  0.04784949 
  0.05646407  0.05764772  0.03303815  0.03871042  0.05117124  0.06075854 
  0.05490593  0.03960968  0.03817475  0.05463276  0.03735485  0.05648892]
[0.43812604  0.4498477    0.43761126  0.43678213  0.43426462  0.44720916 
  0.43281201  0.43680911  0.45909515  0.44654306  0.44113938  0.43392328 
  0.44726647  0.4566911    0.4522311    0.43016726  0.45204774  0.42867299]
[0.40453544  0.40435968  0.38796126  0.3803915    0.42576417  0.40114709 
  0.39684285  0.38979285  0.42035563  0.42014754  0.40013988  0.38515845 
  0.38473966  0.40833657  0.41570311  0.40397572  0.41828487  0.40043789]
[0.80114374  0.79504981  0.80907204  0.81285425  0.7927041    0.79799461 
  0.80746599  0.80866314  0.7819471    0.78903539  0.80166429  0.81220192 
  0.80555163  0.78938302  0.78817551  0.80546571  0.78695312  0.80789725]
increment_120
[0.0510213    0.04549969  0.05966396  0.06296309  0.04155407  0.04876103 
  0.05775316  0.05841497  0.03252923  0.03908171  0.05147796  0.06255754 
  0.05507036  0.03966626  0.03852393  0.05539706  0.03700193  0.05682093]
[0.43719864  0.44855769  0.4355518    0.43478889  0.43405911  0.44529267 
  0.43103838  0.4354464    0.459414      0.44515015  0.44029544  0.43117927 
  0.44718175  0.45664433  0.45173531  0.42851144  0.45252458  0.42722121]
[0.40248459  0.40249963  0.38413946  0.37646308  0.4247679    0.39895808 
  0.39341556  0.38703144  0.41923335  0.4188436    0.3981289    0.38115668 
  0.38204488  0.40624293  0.41355736  0.40176777  0.41662773  0.3980239  ]
[0.80265829  0.79669306  0.81189391  0.81564074  0.7933714    0.80010578 
  0.80999672  0.81066688  0.78238355  0.79049605  0.80310854  0.81540823 
  0.80686892  0.7904867    0.7895704    0.80739815  0.78757457  0.80983356]
