inc
sigma_11
sigma_12
sigma_13
sigma_21
sigma_22
sigma_23
sigma_31
sigma_32
sigma_33
increment_0
[-4.01325933e-05  -4.01325933e-05  -4.01325933e-05  -4.01325933e-05 
  -4.01325933e-05  -4.01325933e-05  -4.01325933e-05  -4.01325933e-05 
  -4.01325933e-05  -4.01325933e-05  -4.01325933e-05  -4.01325933e-05 
  -4.01325933e-05  -4.01325933e-05  -4.01325933e-05  -4.01325933e-05 
  -4.01325933e-05  -4.01325933e-05  -4.01325933e-05  -4.01325933e-05 
  -4.01325933e-05  -4.01325933e-05  -4.01325933e-05  -4.01325933e-05 
  -4.01325933e-05  -4.01325933e-05  -4.01325933e-05  -4.01325933e-05 
  -4.01325933e-05  -4.01325933e-05  -4.01325933e-05  -4.01325933e-05 
  -4.01325933e-05  -4.01325933e-05  -4.01325933e-05  -4.01325933e-05]
[-3.9371726e-06  -3.9371726e-06  -3.9371726e-06  -3.9371726e-06 
  -3.9371726e-06  -3.9371726e-06  -3.9371726e-06  -3.9371726e-06 
  -3.9371726e-06  -3.9371726e-06  -3.9371726e-06  -3.9371726e-06 
  -3.9371726e-06  -3.9371726e-06  -3.9371726e-06  -3.9371726e-06 
  -3.9371726e-06  -3.9371726e-06  -3.9371726e-06  -3.9371726e-06 
  -3.9371726e-06  -3.9371726e-06  -3.9371726e-06  -3.9371726e-06 
  -3.9371726e-06  -3.9371726e-06  -3.9371726e-06  -3.9371726e-06 
  -3.9371726e-06  -3.9371726e-06  -3.9371726e-06  -3.9371726e-06 
  -3.9371726e-06  -3.9371726e-06  -3.9371726e-06  -3.9371726e-06]
[-3.7900477e-06  -3.7900477e-06  -3.7900477e-06  -3.7900477e-06 
  -3.7900477e-06  -3.7900477e-06  -3.7900477e-06  -3.7900477e-06 
  -3.7900477e-06  -3.7900477e-06  -3.7900477e-06  -3.7900477e-06 
  -3.7900477e-06  -3.7900477e-06  -3.7900477e-06  -3.7900477e-06 
  -3.7900477e-06  -3.7900477e-06  -3.7900477e-06  -3.7900477e-06 
  -3.7900477e-06  -3.7900477e-06  -3.7900477e-06  -3.7900477e-06 
  -3.7900477e-06  -3.7900477e-06  -3.7900477e-06  -3.7900477e-06 
  -3.7900477e-06  -3.7900477e-06  -3.7900477e-06  -3.7900477e-06 
  -3.7900477e-06  -3.7900477e-06  -3.7900477e-06  -3.7900477e-06]
[-3.9371726e-06  -3.9371726e-06  -3.9371726e-06  -3.9371726e-06 
  -3.9371726e-06  -3.9371726e-06  -3.9371726e-06  -3.9371726e-06 
  -3.9371726e-06  -3.9371726e-06  -3.9371726e-06  -3.9371726e-06 
  -3.9371726e-06  -3.9371726e-06  -3.9371726e-06  -3.9371726e-06 
  -3.9371726e-06  -3.9371726e-06  -3.9371726e-06  -3.9371726e-06 
  -3.9371726e-06  -3.9371726e-06  -3.9371726e-06  -3.9371726e-06 
  -3.9371726e-06  -3.9371726e-06  -3.9371726e-06  -3.9371726e-06 
  -3.9371726e-06  -3.9371726e-06  -3.9371726e-06  -3.9371726e-06 
  -3.9371726e-06  -3.9371726e-06  -3.9371726e-06  -3.9371726e-06]
[-5.29511216e-05  -5.29511216e-05  -5.29511216e-05  -5.29511216e-05 
  -5.29511216e-05  -5.29511216e-05  -5.29511216e-05  -5.29511216e-05 
  -5.29511216e-05  -5.29511216e-05  -5.29511216e-05  -5.29511216e-05 
  -5.29511216e-05  -5.29511216e-05  -5.29511216e-05  -5.29511216e-05 
  -5.29511216e-05  -5.29511216e-05  -5.29511216e-05  -5.29511216e-05 
  -5.29511216e-05  -5.29511216e-05  -5.29511216e-05  -5.29511216e-05 
  -5.29511216e-05  -5.29511216e-05  -5.29511216e-05  -5.29511216e-05 
  -5.29511216e-05  -5.29511216e-05  -5.29511216e-05  -5.29511216e-05 
  -5.29511216e-05  -5.29511216e-05  -5.29511216e-05  -5.29511216e-05]
[6.25868576e-06  6.25868576e-06  6.25868576e-06  6.25868576e-06 
  6.25868576e-06  6.25868576e-06  6.25868576e-06  6.25868576e-06 
  6.25868576e-06  6.25868576e-06  6.25868576e-06  6.25868576e-06 
  6.25868576e-06  6.25868576e-06  6.25868576e-06  6.25868576e-06 
  6.25868576e-06  6.25868576e-06  6.25868576e-06  6.25868576e-06 
  6.25868576e-06  6.25868576e-06  6.25868576e-06  6.25868576e-06 
  6.25868576e-06  6.25868576e-06  6.25868576e-06  6.25868576e-06 
  6.25868576e-06  6.25868576e-06  6.25868576e-06  6.25868576e-06 
  6.25868576e-06  6.25868576e-06  6.25868576e-06  6.25868576e-06]
[-3.7900477e-06  -3.7900477e-06  -3.7900477e-06  -3.7900477e-06 
  -3.7900477e-06  -3.7900477e-06  -3.7900477e-06  -3.7900477e-06 
  -3.7900477e-06  -3.7900477e-06  -3.7900477e-06  -3.7900477e-06 
  -3.7900477e-06  -3.7900477e-06  -3.7900477e-06  -3.7900477e-06 
  -3.7900477e-06  -3.7900477e-06  -3.7900477e-06  -3.7900477e-06 
  -3.7900477e-06  -3.7900477e-06  -3.7900477e-06  -3.7900477e-06 
  -3.7900477e-06  -3.7900477e-06  -3.7900477e-06  -3.7900477e-06 
  -3.7900477e-06  -3.7900477e-06  -3.7900477e-06  -3.7900477e-06 
  -3.7900477e-06  -3.7900477e-06  -3.7900477e-06  -3.7900477e-06]
[6.25868576e-06  6.25868576e-06  6.25868576e-06  6.25868576e-06 
  6.25868576e-06  6.25868576e-06  6.25868576e-06  6.25868576e-06 
  6.25868576e-06  6.25868576e-06  6.25868576e-06  6.25868576e-06 
  6.25868576e-06  6.25868576e-06  6.25868576e-06  6.25868576e-06 
  6.25868576e-06  6.25868576e-06  6.25868576e-06  6.25868576e-06 
  6.25868576e-06  6.25868576e-06  6.25868576e-06  6.25868576e-06 
  6.25868576e-06  6.25868576e-06  6.25868576e-06  6.25868576e-06 
  6.25868576e-06  6.25868576e-06  6.25868576e-06  6.25868576e-06 
  6.25868576e-06  6.25868576e-06  6.25868576e-06  6.25868576e-06]
[-5.85083573e-05  -5.85083573e-05  -5.85083573e-05  -5.85083573e-05 
  -5.85083573e-05  -5.85083573e-05  -5.85083573e-05  -5.85083573e-05 
  -5.85083573e-05  -5.85083573e-05  -5.85083573e-05  -5.85083573e-05 
  -5.85083573e-05  -5.85083573e-05  -5.85083573e-05  -5.85083573e-05 
  -5.85083573e-05  -5.85083573e-05  -5.85083573e-05  -5.85083573e-05 
  -5.85083573e-05  -5.85083573e-05  -5.85083573e-05  -5.85083573e-05 
  -5.85083573e-05  -5.85083573e-05  -5.85083573e-05  -5.85083573e-05 
  -5.85083573e-05  -5.85083573e-05  -5.85083573e-05  -5.85083573e-05 
  -5.85083573e-05  -5.85083573e-05  -5.85083573e-05  -5.85083573e-05]
increment_10
[-9.62855508e+07  -9.82982579e+07  -1.08041173e+08  -1.17620962e+08 
  -1.13486545e+08  -1.02680222e+08  -1.02784509e+08  -9.91626643e+07 
  -9.86556020e+07  -9.81943342e+07  -1.15626300e+08  -1.20917086e+08 
  -1.04446169e+08  -8.61899402e+07  -8.40403025e+07  -1.05232499e+08 
  -1.14419866e+08  -1.06496955e+08  -1.09678133e+08  -1.00262342e+08 
  -1.08728058e+08  -1.17874532e+08  -1.12705152e+08  -9.37910177e+07 
  -1.01193035e+08  -1.07005377e+08  -1.14236755e+08  -1.13700000e+08 
  -1.08639984e+08  -1.00560569e+08  -1.19634746e+08  -1.14207255e+08 
  -1.09493416e+08  -1.15332104e+08  -9.86404667e+07  -1.06791119e+08]
[  7069726.76968432    2667594.11453249    4701882.79895029        10779.51283634 
  -4311992.95828631    1962026.99304625    1857701.30468458    3156040.58579869 
    4217213.07437048  -2562062.09047198    3694873.19749888    1197140.21575995 
    3230401.1297423    -2196508.03846267  -2423383.91762512      698716.64106363 
    5903200.23783353  -2783531.91999735    3530056.12092576  -1121222.04773533 
    2442836.48866418  -4889549.24374827  -4455222.04565109    4062319.20981193 
      229753.87682677    2960147.74741102    1684488.48490569    3003134.5660604 
    2031587.45528167  -3313314.14233564    3768952.21582658    2729178.84271927 
  -4475130.41757626    -336373.44071673    4773011.57407191    8796807.25346167]
[    2375790.57138183    -7083535.40451363      -397929.59778172 
  -12521102.12938474    -7752075.81875536      5658187.92066686 
    -8048888.02647093      1263005.70068989      1624370.1565068 
    -1571985.64763048    -3311040.21471078    -5050000.69859216 
      6540063.35676126    17720589.11379104    18802480.4111752 
    -4758221.52747014    -2417616.18217725    -3640421.80354274 
      1136410.54113129      6016242.1247628        1454374.75375187 
    -5172642.05924005      -768047.50840342    16908106.91858943 
      1598742.76194226        -64388.28723854      1239799.48735176 
    -2561343.73109872      4412195.89215308      2868421.37613535 
      3221759.681495        -9997740.76651493    -1775548.12149092 
      1180213.87612963      8765531.93160804    -8107164.35486523]
[  7069726.76968432    2667594.11453249    4701882.79895029        10779.51283634 
  -4311992.95828631    1962026.99304625    1857701.30468458    3156040.58579869 
    4217213.07437048  -2562062.09047198    3694873.19749888    1197140.21575995 
    3230401.1297423    -2196508.03846267  -2423383.91762512      698716.64106363 
    5903200.23783353  -2783531.91999735    3530056.12092576  -1121222.04773533 
    2442836.48866418  -4889549.24374827  -4455222.04565109    4062319.20981193 
      229753.87682677    2960147.74741102    1684488.48490569    3003134.5660604 
    2031587.45528167  -3313314.14233564    3768952.21582658    2729178.84271927 
  -4475130.41757626    -336373.44071673    4773011.57407191    8796807.25346167]
[-21098641.99219047  -21863747.23250616  -31741345.03711858 
  -41388707.93290141  -36804480.93336685  -26520325.24770861 
  -26402668.74911807  -23005939.91669983  -22781519.44975045 
  -21799780.30981289  -39252403.12663767  -44576816.07524491 
  -28443104.66064348    -9902457.56645884    -7884502.41734305 
  -28916424.07044625  -38446244.1487129    -29933775.39807065 
  -33448470.85442157  -23921713.80199118  -32475913.43446068 
  -41183647.01641528  -36164311.91656349  -18638806.85828213 
  -25171053.89506533  -30818348.81867469  -38040131.35047963 
  -37447120.87192529  -32434447.05065926  -24241662.86519643 
  -43413445.07247145  -39538441.95132928  -32792730.6365757 
  -38909628.63917863  -23100652.19050365  -32705520.50410847]
[-12614583.23507161  -12390518.29065847  -14507923.50324899 
  -13267107.16823241    -4109087.10723635    -9852156.45714604 
  -11253937.24788319  -11932020.54756645  -16630478.64135392 
    -6700846.67029608  -13484277.31731578  -11575767.3772315 
  -11983358.95671383      -838190.92416192      2052753.13325375 
    -8957340.54432936  -17868841.70563525    -5374913.50907893 
  -13072799.7562884      -7161770.98962886  -12223991.19353434 
    -1300612.21466002        -17946.15325374    -5841527.90299025 
  -10181757.82637073  -11227938.41256883  -11492555.68407509 
  -11343029.77003287  -10727588.23999494      -190102.32510669 
  -11745463.299329        -5765657.24045281    -1537694.78888224 
    -5358123.76541428    -8153474.44074918  -13101251.87647218]
[    2375790.57138183    -7083535.40451363      -397929.59778172 
  -12521102.12938474    -7752075.81875536      5658187.92066686 
    -8048888.02647093      1263005.70068989      1624370.1565068 
    -1571985.64763048    -3311040.21471078    -5050000.69859216 
      6540063.35676126    17720589.11379104    18802480.4111752 
    -4758221.52747014    -2417616.18217725    -3640421.80354274 
      1136410.54113129      6016242.1247628        1454374.75375187 
    -5172642.05924005      -768047.50840342    16908106.91858943 
      1598742.76194226        -64388.28723854      1239799.48735176 
    -2561343.73109872      4412195.89215308      2868421.37613535 
      3221759.681495        -9997740.76651493    -1775548.12149092 
      1180213.87612963      8765531.93160804    -8107164.35486523]
[-12614583.23507161  -12390518.29065847  -14507923.50324899 
  -13267107.16823241    -4109087.10723635    -9852156.45714604 
  -11253937.24788319  -11932020.54756645  -16630478.64135392 
    -6700846.67029608  -13484277.31731578  -11575767.3772315 
  -11983358.95671383      -838190.92416192      2052753.13325375 
    -8957340.54432936  -17868841.70563525    -5374913.50907893 
  -13072799.7562884      -7161770.98962886  -12223991.19353434 
    -1300612.21466002        -17946.15325374    -5841527.90299025 
  -10181757.82637073  -11227938.41256883  -11492555.68407509 
  -11343029.77003287  -10727588.23999494      -190102.32510669 
  -11745463.299329        -5765657.24045281    -1537694.78888224 
    -5358123.76541428    -8153474.44074918  -13101251.87647218]
[  -6175960.02275779    -5423735.68675501  -19036725.61889056 
  -22882670.05125518  -16882964.34591714  -15580062.10250599 
    -1802531.363127        -7664904.56191384  -13983845.11344655 
  -11962364.69537123  -23347460.03056484  -26264962.26895519 
  -17101719.97792538  -10765625.98604908  -13064034.03172352 
    -7401136.72869759  -16532395.45273992  -12857878.03572908 
  -20114509.82793236  -18928852.27152672  -21673783.54180149 
  -25332300.78476779  -23780572.006721      -18380253.21529901 
  -10772116.43455949  -11912336.95556805  -21293231.6048379 
  -20721643.36108207  -22549475.758304      -15463131.84013697 
  -31707892.96174679  -18752524.60212766  -19590927.0159909 
  -29408521.31141973  -17545831.04036805  -10469663.79510924]
increment_20
[-9.63787364e+07  -9.55212690e+07  -1.07357448e+08  -1.22115207e+08 
  -1.18423921e+08  -1.00990426e+08  -1.07302878e+08  -1.01226119e+08 
  -9.61810265e+07  -9.36939215e+07  -1.19053735e+08  -1.26082289e+08 
  -1.02987084e+08  -8.47953799e+07  -8.28935645e+07  -1.08148324e+08 
  -1.18170522e+08  -1.09341136e+08  -1.10888160e+08  -9.49826805e+07 
  -1.07436902e+08  -1.23543101e+08  -1.15013388e+08  -9.21576672e+07 
  -1.02691298e+08  -1.11091680e+08  -1.19050047e+08  -1.16550144e+08 
  -1.05587604e+08  -9.73323125e+07  -1.24441571e+08  -1.16295904e+08 
  -1.14045865e+08  -1.17659154e+08  -9.23547776e+07  -1.05192028e+08]
[  8271421.16090443    3476896.23636796    7641756.57765062    -136287.51212776 
  -3896551.3947681      3435681.67472467    2464270.01811507    4659006.1657464 
    5764109.84073156  -2280384.53008837    5722203.7326869          32164.53740902 
    4728368.74838554  -2778403.64534658  -3874493.16582531    1096683.39158001 
    7831779.26415959  -3563812.62147847    5469370.58036946  -1574315.92924281 
    4028739.71395699  -5474381.15385631  -5784272.40668418    3800886.53773064 
      660335.86360869    4196681.06162137    1861728.96544755    3285490.97703053 
    3273726.73241253  -5055084.69956258    4926952.90325838    4954795.19300347 
  -5739686.59815679      451382.43735629    8958215.96835933  13960726.24376363]
[    4557924.51210412    -4108789.01442509        973383.01583411 
  -15662004.147959      -10170366.50465869      9991903.26229956 
    -9631797.29224103      1566810.76541271      3153735.542153 
      1632570.14141231    -3798223.50855381    -8272554.42194853 
      6995221.1937655      22084782.98187892    20963048.09395055 
    -3446300.86635127    -5506645.09316606    -6013326.52914768 
      2001753.97996139    10725334.1758904        1402078.95385982 
    -7284166.2831762        -879458.8790885      20987963.78320124 
        409072.02985704      -141892.45809763    -1137516.70913087 
    -4944129.84942589      7653229.01728748      6873349.29661599 
      3051955.02215119  -14054427.81392258    -3623632.76626508 
      4223484.8913251      10639750.19276221  -10570392.73543625]
[  8271421.16090443    3476896.23636796    7641756.57765062    -136287.51212776 
  -3896551.3947681      3435681.67472467    2464270.01811507    4659006.1657464 
    5764109.84073156  -2280384.53008837    5722203.7326869          32164.53740902 
    4728368.74838554  -2778403.64534658  -3874493.16582531    1096683.39158001 
    7831779.26415959  -3563812.62147847    5469370.58036946  -1574315.92924281 
    4028739.71395699  -5474381.15385631  -5784272.40668418    3800886.53773064 
      660335.86360869    4196681.06162137    1861728.96544755    3285490.97703053 
    3273726.73241253  -5055084.69956258    4926952.90325838    4954795.19300347 
  -5739686.59815679      451382.43735629    8958215.96835933  13960726.24376363]
[-20649700.79369323  -18425858.70586568  -30688457.6245162 
  -45308891.53708433  -40650712.00473738  -24122904.15550714 
  -29679511.68968609  -24166007.38137011  -20624121.25524755 
  -16511359.61801919  -42093679.43599582  -48787917.55072373 
  -26137953.26784148    -7720929.14728049    -6071504.36955816 
  -30599851.88792131  -40962419.97355022  -31528181.08782786 
  -33998844.15496744  -17808929.85817145  -30512116.90994397 
  -45812189.58717762  -37341286.57059115  -16935247.44125368 
  -25596891.99409131  -33773192.63678912  -41776888.52309345 
  -39406543.49538963  -28661154.99293271  -19941750.58422531 
  -47571011.66477882  -42523210.99011671  -36268068.91551326 
  -40635669.60451566  -17263558.83366497  -32900657.78945474]
[-13091327.10393384  -12614490.92637549  -17497094.44451249 
  -13882350.48719201    -5612240.36304055  -11012882.6345731 
  -12026430.55354333  -14013283.51174822  -19476660.74904344 
    -6491887.65887354  -16226357.52034093  -11007968.19616557 
  -13855504.30396058        284698.49664776      3842040.47628832 
    -9284760.09222445  -21487162.69581404    -4470450.07675132 
  -16184024.19255479    -5937639.60353188  -14532909.93935764 
      -739398.27843562      1449816.36137539    -2983815.96045894 
  -10611536.50080629  -13510072.01853782  -12526066.87736864 
  -12276801.53643309  -11663906.68824218      2792287.71498324 
  -12958919.89988413    -5008279.88035032        259028.20268331 
    -6093721.31493181  -10717753.34390184  -13648525.47195376]
[    4557924.51210412    -4108789.01442509        973383.01583411 
  -15662004.147959      -10170366.50465869      9991903.26229956 
    -9631797.29224103      1566810.76541271      3153735.542153 
      1632570.14141231    -3798223.50855381    -8272554.42194853 
      6995221.1937655      22084782.98187892    20963048.09395055 
    -3446300.86635127    -5506645.09316606    -6013326.52914768 
      2001753.97996139    10725334.1758904        1402078.95385982 
    -7284166.2831762        -879458.8790885      20987963.78320124 
        409072.02985704      -141892.45809763    -1137516.70913087 
    -4944129.84942589      7653229.01728748      6873349.29661599 
      3051955.02215119  -14054427.81392258    -3623632.76626508 
      4223484.8913251      10639750.19276221  -10570392.73543625]
[-13091327.10393384  -12614490.92637549  -17497094.44451249 
  -13882350.48719201    -5612240.36304055  -11012882.6345731 
  -12026430.55354333  -14013283.51174822  -19476660.74904344 
    -6491887.65887354  -16226357.52034093  -11007968.19616557 
  -13855504.30396058        284698.49664776      3842040.47628832 
    -9284760.09222445  -21487162.69581404    -4470450.07675132 
  -16184024.19255479    -5937639.60353188  -14532909.93935764 
      -739398.27843562      1449816.36137539    -2983815.96045894 
  -10611536.50080629  -13510072.01853782  -12526066.87736864 
  -12276801.53643309  -11663906.68824218      2792287.71498324 
  -12958919.89988413    -5008279.88035032        259028.20268331 
    -6093721.31493181  -10717753.34390184  -13648525.47195376]
[  -7614703.39993329    -4282638.41574121  -16669382.20478034 
  -25206904.36281578  -19002505.60019213  -14743045.48032431 
    -3254818.70371159    -8856079.37889167  -11635623.62761686 
    -9522226.91324605  -24456757.63233351  -29990764.44795909 
  -13943188.56974317  -12321504.07089774  -12267855.80962972 
    -9765528.05227138  -15381904.94705116  -13241144.39050717 
  -21554791.65082708  -17686664.46934211  -19576715.33400051 
  -29376327.60842555  -25231934.83970396  -19706262.40244197 
    -9491937.75971719  -13870776.71759019  -22975848.07833498 
  -21355831.4524262    -20717643.41768714  -15313523.83026754 
  -35247368.5167186    -20045160.332127      -22810213.08268818 
  -31874714.08761494  -12001287.8199336    -10797563.2685679  ]
increment_30
[-9.80313958e+07  -9.46315171e+07  -1.06242705e+08  -1.24193870e+08 
  -1.21225965e+08  -1.03890529e+08  -1.09750478e+08  -1.03712995e+08 
  -9.72809926e+07  -9.26420914e+07  -1.19763034e+08  -1.28482930e+08 
  -1.05581482e+08  -8.58992640e+07  -8.33580163e+07  -1.09946781e+08 
  -1.20631903e+08  -1.11879500e+08  -1.12324953e+08  -9.39597927e+07 
  -1.07482603e+08  -1.24142204e+08  -1.17777542e+08  -9.37447222e+07 
  -1.04561969e+08  -1.13324964e+08  -1.22514499e+08  -1.19449547e+08 
  -1.05328396e+08  -9.70468185e+07  -1.25064428e+08  -1.18517149e+08 
  -1.16647875e+08  -1.19483110e+08  -9.17531832e+07  -1.03598965e+08]
[  8479971.72232986    4333942.51905503    8248860.05073345        55311.36600134 
  -3055025.8788899      3385099.05616807    3261174.02535281    5267162.57326851 
    6344051.53258486  -1721969.7831412      6497213.87320864        54173.67417665 
    5993038.57089416  -3553680.24416887  -4425728.47262136    1689085.77901972 
    8446910.68774345  -4045362.83517786    6681834.59884536  -1437577.41956853 
    5255433.51092514  -5970240.40835229  -6602199.49693753    3195373.75730748 
      193764.78076856    5144398.48150944    1978797.70509421    3511509.66369031 
    3953030.20371664  -6159397.51980153    5684446.32548316    5470435.79910557 
  -7019381.49051189    1140311.95664168  10247565.14877163  16300818.08549435]
[    4414188.47892349    -3226939.26028972      1697913.63762774 
  -15295085.52182177  -11737547.88637009      9318960.03569896 
  -11248255.90546283        603972.25946695      4223759.03842948 
      3388596.40602154    -4073948.57749261    -8392062.99860446 
      5565389.51482391    22971023.59513374    20982222.17667322 
    -3506667.0470774      -6475295.30249639    -7067889.28957917 
      1510930.19302621    12858612.66676851      1818827.49613287 
    -7458323.50143144    -2372675.0744867      21948656.31424669 
        209470.20643507      -109132.42327441    -2597505.24817871 
    -5811016.82720174      8127946.91567645      7912248.69943652 
      4360733.22996223  -15438329.26351465    -4583283.27894141 
      4611600.58491534    11021603.50882311  -10193729.20513086]
[  8479971.72232986    4333942.51905503    8248860.05073345        55311.36600134 
  -3055025.8788899      3385099.05616807    3261174.02535281    5267162.57326851 
    6344051.53258486  -1721969.7831412      6497213.87320864        54173.67417665 
    5993038.57089416  -3553680.24416887  -4425728.47262136    1689085.77901972 
    8446910.68774345  -4045362.83517786    6681834.59884536  -1437577.41956853 
    5255433.51092514  -5970240.40835229  -6602199.49693753    3195373.75730748 
      193764.78076856    5144398.48150944    1978797.70509421    3511509.66369031 
    3953030.20371664  -6159397.51980153    5684446.32548316    5470435.79910557 
  -7019381.49051189    1140311.95664168  10247565.14877163  16300818.08549435]
[-21510779.96273191  -16989179.56088428  -28992883.86332525 
  -46905635.18775175  -42460406.02388811  -26004622.59490336 
  -30916861.7511247    -25816320.09282949  -21482386.4849928 
  -14812636.48215396  -42115596.58889166  -50376131.96181417 
  -27878538.84274961    -7924823.38527737    -5614263.97170933 
  -31225581.51992729  -42013502.35680662  -32910245.35695846 
  -34850315.67982525  -16012829.62632672  -30041947.92127194 
  -45468639.23795589  -38995210.03715219  -17781690.55096592 
  -26325954.69091155  -34948980.22466158  -44140854.79214201 
  -41493719.75433177  -27647829.93870797  -18701766.0705971 
  -47587739.41145906  -44841913.84344894  -37831053.88489237 
  -41785558.38302561  -16427364.34143394  -31627164.51423232]
[-13860469.04439485  -13195354.78799731  -17944197.56798934 
  -13794673.90390486    -7220330.78403081  -11163283.83246806 
  -13214384.48220005  -15156184.47000398  -19704265.1942201 
    -6923889.14480542  -17321415.39048409  -11072257.6519734 
  -16117795.81312729      1351435.55754312      4238888.38002535 
  -10420701.97051059  -22328047.50176644    -3816504.95091861 
  -18079498.7442175      -5263255.11282899  -16491458.2382382 
        103729.87425141      2059284.35403679    -1927731.01402821 
    -9675994.66659481  -15233550.54603138  -12935730.14766249 
  -13171641.54057846  -12318999.26010014      4308037.01666133 
  -13566215.51845135    -3537022.24663493      1992791.83277122 
    -6914766.32702209  -11253309.02832435  -13917255.02419886]
[    4414188.47892349    -3226939.26028972      1697913.63762774 
  -15295085.52182177  -11737547.88637009      9318960.03569896 
  -11248255.90546283        603972.25946695      4223759.03842948 
      3388596.40602154    -4073948.57749261    -8392062.99860446 
      5565389.51482391    22971023.59513374    20982222.17667322 
    -3506667.0470774      -6475295.30249639    -7067889.28957917 
      1510930.19302621    12858612.66676851      1818827.49613287 
    -7458323.50143144    -2372675.0744867      21948656.31424669 
        209470.20643507      -109132.42327441    -2597505.24817871 
    -5811016.82720174      8127946.91567645      7912248.69943652 
      4360733.22996223  -15438329.26351465    -4583283.27894141 
      4611600.58491534    11021603.50882311  -10193729.20513086]
[-13860469.04439485  -13195354.78799731  -17944197.56798934 
  -13794673.90390486    -7220330.78403081  -11163283.83246806 
  -13214384.48220005  -15156184.47000398  -19704265.1942201 
    -6923889.14480542  -17321415.39048409  -11072257.6519734 
  -16117795.81312729      1351435.55754312      4238888.38002535 
  -10420701.97051059  -22328047.50176644    -3816504.95091861 
  -18079498.7442175      -5263255.11282899  -16491458.2382382 
        103729.87425141      2059284.35403679    -1927731.01402821 
    -9675994.66659481  -15233550.54603138  -12935730.14766249 
  -13171641.54057846  -12318999.26010014      4308037.01666133 
  -13566215.51845135    -3537022.24663493      1992791.83277122 
    -6914766.32702209  -11253309.02832435  -13917255.02419886]
[  -7422938.02826723    -2776256.54896271  -14331585.85003531 
  -26920443.25915055  -19448028.58854367  -15367006.60502876 
    -2152918.00849721    -9107288.28678731  -11270390.81600136 
    -8852049.96102846  -23846896.7451519    -32341373.87409733 
  -13584405.2911941    -13365474.31444075  -11596819.46997383 
    -9651598.36007607  -15302655.32141409  -14054429.88684355 
  -21483654.12943344  -17004309.062186      -19309670.85484681 
  -29704011.59361908  -26163433.17748351  -20936744.13670374 
  -10074552.07921696  -14051792.87272999  -23880369.29229257 
  -22682796.05307691  -19697612.82345156  -15375130.0535142 
  -35730157.35754009  -22724251.81662871  -24540999.01055449 
  -32632729.44516508  -11120983.73894154  -10624704.78554234]
increment_40
[-1.00117284e+08  -9.44346741e+07  -1.05277487e+08  -1.25569973e+08 
  -1.23211584e+08  -1.07690659e+08  -1.11682723e+08  -1.06162569e+08 
  -9.88940935e+07  -9.22140100e+07  -1.19375779e+08  -1.29918162e+08 
  -1.09043825e+08  -8.80112234e+07  -8.44330745e+07  -1.11804173e+08 
  -1.23133860e+08  -1.14739044e+08  -1.13935162e+08  -9.35648189e+07 
  -1.07196635e+08  -1.23390170e+08  -1.20742557e+08  -9.66497388e+07 
  -1.06626694e+08  -1.15312883e+08  -1.25639025e+08  -1.22703400e+08 
  -1.05727446e+08  -9.71773941e+07  -1.24173355e+08  -1.20226178e+08 
  -1.19215985e+08  -1.21641143e+08  -9.23456248e+07  -1.02134427e+08]
[  8695319.65505586    4862101.71949533    8343878.87417276      463321.58440924 
  -1863966.86051925    2955871.07335941    3547498.27770105    5605675.60165287 
    6778921.02050421    -868488.81501608    6922480.92509768      581536.89068604 
    6945586.40795224  -4058332.98598664  -4776076.23214042    2136711.15858428 
    8949119.38563346  -4367200.23671976    7588802.98847939  -1084843.22069862 
    6236080.81381785  -6390179.2272909    -7313797.75110922    2556962.94897612 
    -282652.6623981      5797481.97500649    2263832.31401414    3605732.26580878 
    4568082.5154408    -6912888.66311673    6441891.17101073    5579322.06202924 
  -8093291.97231903    1315463.19394254  10535454.96196688  17313017.15092777]
[    3983113.30680477    -2983494.57067138      2598626.63147272 
  -13908955.94024774  -12832941.91041199      7285445.87726375 
  -12560614.66000439      -732208.54527993      5236379.51472464 
      4893920.56905777    -3872503.64985532    -8109515.56191734 
      3759672.75893403    22655323.83791718    20782976.12824278 
    -4313433.12112728    -6858673.68128841    -7853656.42235188 
        581179.82949129    14113384.73616412      2741550.47615557 
    -6914774.22487423    -3767800.53832471    21766713.8898492 
        319062.09666549      -282971.35689744    -4068316.97259268 
    -6805616.95077027      7926717.1071861        8791839.06052517 
      6443459.88810915  -16009852.26100319    -5666862.89022413 
      4517107.83219997    11191122.19426366    -8880541.78041709]
[  8695319.65505586    4862101.71949533    8343878.87417276      463321.58440924 
  -1863966.86051925    2955871.07335941    3547498.27770105    5605675.60165287 
    6778921.02050421    -868488.81501608    6922480.92509768      581536.89068604 
    6945586.40795224  -4058332.98598664  -4776076.23214042    2136711.15858428 
    8949119.38563346  -4367200.23671976    7588802.98847939  -1084843.22069862 
    6236080.81381785  -6390179.2272909    -7313797.75110922    2556962.94897612 
    -282652.6623981      5797481.97500649    2263832.31401414    3605732.26580878 
    4568082.5154408    -6912888.66311673    6441891.17101073    5579322.06202924 
  -8093291.97231903    1315463.19394254  10535454.96196688  17313017.15092777]
[-22791482.83870413  -16284294.79091668  -27360315.52917009 
  -47838330.45682584  -43541257.87539403  -28696113.46473705 
  -31600155.93495278  -27415902.78053774  -22502477.51921385 
  -13787174.66752144  -41025928.97522774  -51098031.75615998 
  -30480532.84550159    -9028718.73013416    -5724427.48031412 
  -31946322.3822044    -43168223.27614379  -34668369.29301244 
  -35854619.60141825  -14892326.16836596  -29364778.39504137 
  -43840806.91852999  -40916448.1948852    -19707458.8104438 
  -27322513.02338966  -35902625.43839351  -46236730.69920642 
  -43966988.87967762  -27310866.47418618  -17953274.16674767 
  -46144703.64023969  -46416401.37065517  -39403152.52389274 
  -43229597.57581365  -16354882.98680451  -29968855.39054342]
[-14725149.05375864  -13538722.31999137  -17722189.34149458 
  -13635216.47038453    -9092357.41390364  -11176486.20528683 
  -13665975.50015436  -16020625.5000304    -19481599.00142272 
    -7758183.04196138  -18021758.38025764  -11556310.33188869 
  -18169672.22932118      1981624.70158408      4334234.20471112 
  -11404458.74356854  -22820731.12825859    -3325568.81180766 
  -19612269.04810424    -5142992.76982076  -17972236.30763056 
        804984.78895619      2707056.5155478      -1757487.10304135 
    -8886608.32912875  -16523771.93153226  -13659586.62378664 
  -13897712.14346889  -13129090.20847846      5429332.50805112 
  -14261257.66447785    -2058943.16739804      3337537.12397717 
    -7233315.41929948  -11481480.87972921  -13567804.14300563]
[    3983113.30680477    -2983494.57067138      2598626.63147272 
  -13908955.94024774  -12832941.91041199      7285445.87726375 
  -12560614.66000439      -732208.54527993      5236379.51472464 
      4893920.56905777    -3872503.64985532    -8109515.56191734 
      3759672.75893403    22655323.83791718    20782976.12824278 
    -4313433.12112728    -6858673.68128841    -7853656.42235188 
        581179.82949129    14113384.73616412      2741550.47615557 
    -6914774.22487423    -3767800.53832471    21766713.8898492 
        319062.09666549      -282971.35689744    -4068316.97259268 
    -6805616.95077027      7926717.1071861        8791839.06052517 
      6443459.88810915  -16009852.26100319    -5666862.89022413 
      4517107.83219997    11191122.19426366    -8880541.78041709]
[-14725149.05375864  -13538722.31999137  -17722189.34149458 
  -13635216.47038453    -9092357.41390364  -11176486.20528683 
  -13665975.50015436  -16020625.5000304    -19481599.00142272 
    -7758183.04196138  -18021758.38025764  -11556310.33188869 
  -18169672.22932118      1981624.70158408      4334234.20471112 
  -11404458.74356854  -22820731.12825859    -3325568.81180766 
  -19612269.04810424    -5142992.76982076  -17972236.30763056 
        804984.78895619      2707056.5155478      -1757487.10304135 
    -8886608.32912875  -16523771.93153226  -13659586.62378664 
  -13897712.14346889  -13129090.20847846      5429332.50805112 
  -14261257.66447785    -2058943.16739804      3337537.12397717 
    -7233315.41929948  -11481480.87972921  -13567804.14300563]
[  -7328809.43568906    -1118070.42481515  -12450799.84795029 
  -28303577.92786634  -19562853.5730101    -16145256.45985127 
      -994727.04356652    -8991244.06777143  -11864045.54623027 
    -8378786.24406149  -22663694.71291824  -33294887.55950279 
  -14088229.14960499  -14225008.81335651  -11322459.27416162 
    -8914275.59533405  -15758603.79963366  -15310757.64855168 
  -21352600.07809717  -16088821.56141372  -18955337.46108553 
  -28969192.47719392  -27428714.90465677  -22168021.97791089 
  -11229702.38616539  -13957506.76229588  -24361368.85827879 
  -24104880.84745233  -18670273.57162035  -15512401.31875914 
  -35196294.90328252  -25066488.4630178    -25988057.68097158 
  -33705639.14654313  -10846458.78519822  -10404318.63461977]
increment_50
[-1.02311142e+08  -9.46882166e+07  -1.04616387e+08  -1.26364577e+08 
  -1.24535014e+08  -1.11609108e+08  -1.13327741e+08  -1.08660296e+08 
  -1.00467396e+08  -9.24072718e+07  -1.18673669e+08  -1.30839796e+08 
  -1.12182387e+08  -9.09343811e+07  -8.60541515e+07  -1.13833904e+08 
  -1.25288628e+08  -1.17727371e+08  -1.15522196e+08  -9.37903629e+07 
  -1.06951693e+08  -1.22370707e+08  -1.23235801e+08  -1.00139868e+08 
  -1.08790975e+08  -1.17092596e+08  -1.28470207e+08  -1.25752533e+08 
  -1.06348578e+08  -9.78030357e+07  -1.23035389e+08  -1.21363376e+08 
  -1.21610121e+08  -1.23618085e+08  -9.34540544e+07  -1.01042026e+08]
[  9113118.09879239    5293985.06549796    8350077.39745722      898610.97481003 
    -578651.46844701    2312495.73763037    3743555.06459196    5784517.71383205 
    7179915.23650274      -23535.57921753    7216015.79156877    1371391.94654726 
    7692992.73055332  -4451392.90464399  -5041064.44974603    2479097.54888635 
    9431939.56468261  -4551196.87400798    8262560.93855537    -569331.13173256 
    6913180.81740084  -6596225.59233411  -7868252.97949282    1848324.48754184 
    -608852.61002728    6212940.22963773    2676624.43102417    3577979.47161809 
    5261316.71168601  -7476298.27932093    6953778.88159235    5417391.12254482 
  -8984335.28304877    1206703.9888579    10695604.12307058  18092310.28142239]
[    3195992.88950617    -2694859.3537903        3419767.88882758 
  -12301112.90103918  -13409222.02453548      4808710.61956701 
  -13430201.78887013    -2105155.63805938      5995651.42174964 
      6260125.59907299    -3513807.78963522    -7379509.14301424 
      1896046.59714907    21656542.64788691    20401872.74062582 
    -5236395.43003064    -7084998.32419332    -8406731.94852277 
      -444563.42483439    15018929.95425491      3540922.33131596 
    -6064699.99770429    -4605749.38058445    20870515.92485669 
        430380.46541042      -453351.36919167    -5351293.60383526 
    -7745900.95826944      7517107.599589          9576742.39412149 
      8330623.42297759  -15516094.66827384    -6694155.86776758 
      4405489.90101206    11339043.42749275    -7873745.50633331]
[  9113118.09879239    5293985.06549796    8350077.39745722      898610.97481003 
    -578651.46844701    2312495.73763037    3743555.06459196    5784517.71383205 
    7179915.23650274      -23535.57921753    7216015.79156877    1371391.94654726 
    7692992.73055332  -4451392.90464399  -5041064.44974603    2479097.54888635 
    9431939.56468261  -4551196.87400798    8262560.93855537    -569331.13173256 
    6913180.81740084  -6596225.59233411  -7868252.97949282    1848324.48754184 
    -608852.61002728    6212940.22963773    2676624.43102417    3577979.47161809 
    5261316.71168601  -7476298.27932093    6953778.88159235    5417391.12254482 
  -8984335.28304877    1206703.9888579    10695604.12307058  18092310.28142239]
[-24189714.12815906  -16027772.07784519  -25969729.64042971 
  -48116832.30199789  -44033384.12117908  -31464718.79944728 
  -32021867.03384389  -29045496.68124146  -23348821.52769952 
  -13409940.81093683  -39625715.68298312  -51359094.96958769 
  -32769752.01702648  -10901835.6904976      -6372398.07282877 
  -32851992.6547766    -44004978.42070854  -36610651.8049258 
  -36806642.77679063  -14419153.25713688  -28768427.45450801 
  -41993835.76537575  -42435074.89151666  -22169919.32130635 
  -28477345.79255745  -36663456.16519496  -48095324.1086127 
  -46235458.16820275  -27204724.40954651  -17732905.18155712 
  -44494769.760147      -47225388.26566488  -40835981.7511102 
  -44490428.05078808  -16740610.28020326  -28744125.14073377]
[-15859969.43819286  -13854438.72662365  -17475692.48392225 
  -13359683.08670328  -10902648.93690543  -10954924.8725675 
  -13922410.79093583  -16714064.61076019  -19284718.48757884 
    -8548436.82671249  -18563751.78141858  -12212099.88361014 
  -19969724.15690063      2420111.45818068      4275826.56279647 
  -12287606.40194634  -23243545.09340584    -3009216.10388985 
  -20792795.85326688    -5345130.6148852    -18978812.00912404 
      1239207.45507661      3338931.45768704    -1733463.91686465 
    -8360939.72292218  -17490836.31297893  -14506924.38344051 
  -14448464.1971677    -14024309.3599825        6262295.73498263 
  -14615651.15292408      -679980.61528435      4397880.46284555 
    -7155173.70068422  -11708149.21395504  -12639716.46878591]
[    3195992.88950617    -2694859.3537903        3419767.88882758 
  -12301112.90103918  -13409222.02453548      4808710.61956701 
  -13430201.78887013    -2105155.63805938      5995651.42174964 
      6260125.59907299    -3513807.78963522    -7379509.14301424 
      1896046.59714907    21656542.64788691    20401872.74062582 
    -5236395.43003064    -7084998.32419332    -8406731.94852277 
      -444563.42483439    15018929.95425491      3540922.33131596 
    -6064699.99770429    -4605749.38058445    20870515.92485669 
        430380.46541042      -453351.36919167    -5351293.60383526 
    -7745900.95826944      7517107.599589          9576742.39412149 
      8330623.42297759  -15516094.66827384    -6694155.86776758 
      4405489.90101206    11339043.42749275    -7873745.50633331]
[-15859969.43819286  -13854438.72662365  -17475692.48392225 
  -13359683.08670328  -10902648.93690543  -10954924.8725675 
  -13922410.79093583  -16714064.61076019  -19284718.48757884 
    -8548436.82671249  -18563751.78141858  -12212099.88361014 
  -19969724.15690063      2420111.45818068      4275826.56279647 
  -12287606.40194634  -23243545.09340584    -3009216.10388985 
  -20792795.85326688    -5345130.6148852    -18978812.00912404 
      1239207.45507661      3338931.45768704    -1733463.91686465 
    -8360939.72292218  -17490836.31297893  -14506924.38344051 
  -14448464.1971677    -14024309.3599825        6262295.73498263 
  -14615651.15292408      -679980.61528435      4397880.46284555 
    -7155173.70068422  -11708149.21395504  -12639716.46878591]
[  -7019298.98507494        324724.72533745  -10995429.13084261 
  -29254057.48712379  -19698961.18943795  -16927160.93121672 
          41907.28697151    -8983633.88650913  -12388228.83116155 
    -8291167.60308683  -21283184.62175658  -33800580.6011165 
  -14540016.42419261  -15259741.0106052    -11378483.6620636 
    -8251051.0003459    -16076944.92380947  -16820949.69161823 
  -21237539.51194869  -15388281.33587614  -18521277.28441765 
  -28006495.12774972  -28721238.57135954  -23419707.08037536 
  -12500740.34495887  -13784112.08571011  -24753646.77637864 
  -25461319.52442814  -17568757.35520273  -15880204.30236567 
  -34319679.0788193    -27125437.54163515  -27330042.89650486 
  -34860505.83625166  -10868151.49290425  -10734177.34391598]
increment_60
[-1.04302473e+08  -9.52839695e+07  -1.04448007e+08  -1.26728666e+08 
  -1.25216726e+08  -1.15706271e+08  -1.14650746e+08  -1.11070084e+08 
  -1.01794699e+08  -9.31414562e+07  -1.17985720e+08  -1.31367974e+08 
  -1.14940634e+08  -9.46989122e+07  -8.84010177e+07  -1.16059859e+08 
  -1.27035037e+08  -1.20593752e+08  -1.16916029e+08  -9.46426201e+07 
  -1.06997088e+08  -1.21157686e+08  -1.25138579e+08  -1.04047061e+08 
  -1.10996783e+08  -1.18724355e+08  -1.30977855e+08  -1.28384345e+08 
  -1.06930864e+08  -9.88793075e+07  -1.21853726e+08  -1.22016117e+08 
  -1.23708662e+08  -1.25220110e+08  -9.48522262e+07  -1.00070220e+08]
[  9.87020690e+06    5.64568270e+06    8.38886982e+06    1.30438784e+06 
    7.85371800e+05    1.53262177e+06    4.01784201e+06    5.87518116e+06 
    7.58284194e+06    7.39193104e+05    7.49964721e+06    2.33356956e+06 
    8.41127930e+06  -4.88949912e+06  -5.21443449e+06    2.75574583e+06 
    9.90927077e+06  -4.61052469e+06    8.84379736e+06    6.91816980e+03 
    7.40991022e+06  -6.60008743e+06  -8.17551330e+06    1.14869345e+06 
  -7.95698910e+05    6.51891003e+06    3.12533425e+06    3.54715959e+06 
    6.00392492e+06  -7.88521696e+06    7.07611094e+06    4.97534223e+06 
  -9.71095548e+06    1.04124872e+06    1.10594853e+07    1.90764368e+07]
[    2116295.18070898    -2252190.08987871      4093800.36492334 
  -10671900.53667983  -13523682.11849017      2139978.40784698 
  -13960840.31275583    -3191923.17654429      6524971.96407475 
      7389767.52825159    -3131941.70360772    -5978253.65152777 
        113449.7667592      19917072.10401085    19693103.56290083 
    -6004947.22564015    -7238620.87103237    -8706733.82578194 
    -1320388.9222136      15788511.39850948      4160766.3403975 
    -5098098.66634067    -4805360.86027674    19327908.94634282 
        422792.48102437      -555513.48455516    -6383420.20382128 
    -8297676.30632988      6964603.64162144    10230851.94499022 
      9896081.62102028  -14054262.61865239    -7564041.17504024 
      4347055.16703498    11450609.55774413    -7191446.32176237]
[  9.87020690e+06    5.64568270e+06    8.38886982e+06    1.30438784e+06 
    7.85371800e+05    1.53262177e+06    4.01784201e+06    5.87518116e+06 
    7.58284194e+06    7.39193104e+05    7.49964721e+06    2.33356956e+06 
    8.41127930e+06  -4.88949912e+06  -5.21443449e+06    2.75574583e+06 
    9.90927077e+06  -4.61052469e+06    8.84379736e+06    6.91816980e+03 
    7.40991022e+06  -6.60008743e+06  -8.17551330e+06    1.14869345e+06 
  -7.95698910e+05    6.51891003e+06    3.12533425e+06    3.54715959e+06 
    6.00392492e+06  -7.88521696e+06    7.07611094e+06    4.97534223e+06 
  -9.71095548e+06    1.04124872e+06    1.10594853e+07    1.90764368e+07]
[-25397968.88720018  -16065600.76128647  -25036725.42156778 
  -47848393.71347924  -43944455.47728511  -34373214.36406753 
  -32167000.51686478  -30582375.17162429  -23848356.73626232 
  -13546861.27441326  -38250648.59414482  -51276815.23751959 
  -34705604.79173993  -13580178.87708683    -7750365.05708484 
  -33971866.2083202    -44457827.0211689    -38479997.28127948 
  -37546755.58239601  -14580974.40172432  -28457709.47542627 
  -39991088.49427346  -43437340.73178799  -25109774.84100383 
  -29703616.77184776  -37298566.72764564  -49654245.90282409 
  -48091946.79943614  -27056515.8098621    -17978467.81765983 
  -42757077.12242223  -47308882.80908885  -42014480.04022536 
  -45392148.07882125  -17493098.40161966  -27754523.31901712]
[-17471062.74283299  -14174586.04201081  -17360988.16837269 
  -12922188.83544292  -12589964.13821237  -10516972.03429608 
  -14242534.07892695  -17217157.09772565  -19157285.8511856 
    -9147236.47456034  -19064009.59879133  -12927037.70822356 
  -21631862.12458923      2757442.19701195      4082940.35734176 
  -13070076.76515943  -23655126.03670362    -2832308.04366018 
  -21712987.57850216    -5682764.02038153  -19742416.0560729 
      1374962.99604961      3736286.8494944      -1642725.94365892 
    -7998867.14329137  -18274799.75350931  -15237068.8936018 
  -14936131.69895646  -14981025.38904944      6835176.32556808 
  -14515979.71123359        406728.95106175      5239670.63825953 
    -6981383.74517293  -11943625.36628406  -11589862.29701032]
[    2116295.18070898    -2252190.08987871      4093800.36492334 
  -10671900.53667983  -13523682.11849017      2139978.40784698 
  -13960840.31275583    -3191923.17654429      6524971.96407475 
      7389767.52825159    -3131941.70360772    -5978253.65152777 
        113449.7667592      19917072.10401085    19693103.56290083 
    -6004947.22564015    -7238620.87103237    -8706733.82578194 
    -1320388.9222136      15788511.39850948      4160766.3403975 
    -5098098.66634067    -4805360.86027674    19327908.94634282 
        422792.48102437      -555513.48455516    -6383420.20382128 
    -8297676.30632988      6964603.64162144    10230851.94499022 
      9896081.62102028  -14054262.61865239    -7564041.17504024 
      4347055.16703498    11450609.55774413    -7191446.32176237]
[-17471062.74283299  -14174586.04201081  -17360988.16837269 
  -12922188.83544292  -12589964.13821237  -10516972.03429608 
  -14242534.07892695  -17217157.09772565  -19157285.8511856 
    -9147236.47456034  -19064009.59879133  -12927037.70822356 
  -21631862.12458923      2757442.19701195      4082940.35734176 
  -13070076.76515943  -23655126.03670362    -2832308.04366018 
  -21712987.57850216    -5682764.02038153  -19742416.0560729 
      1374962.99604961      3736286.8494944      -1642725.94365892 
    -7998867.14329137  -18274799.75350931  -15237068.8936018 
  -14936131.69895646  -14981025.38904944      6835176.32556808 
  -14515979.71123359        406728.95106175      5239670.63825953 
    -6981383.74517293  -11943625.36628406  -11589862.29701032]
[  -6108024.70654213      1391592.9109803    -10044867.94027267 
  -29908910.01154229  -19719446.50499593  -17959684.65703342 
      1108137.82334088    -9239332.69624485  -12592748.55098535 
    -8573682.17734605  -19876264.5031728    -34178210.53029808 
  -14896580.51663163  -16469719.54306372  -11832851.476607 
    -7955213.24523154  -16185201.94631682  -18433933.71060515 
  -21085057.88616695  -15196517.75927241  -18312660.10421594 
  -26748309.33850711  -29862310.11332582  -24743451.68718525 
  -13726859.39844016  -13603290.81932511  -25174442.65803004 
  -26839624.76211234  -16302370.84764842  -16477260.19179485 
  -33260386.67466364  -28670123.82488381  -28546044.58271819 
  -35861667.68048717  -11248320.62645086  -11325109.44772199]
increment_70
[-1.05960411e+08  -9.61324166e+07  -1.04736873e+08  -1.26761238e+08 
  -1.25202567e+08  -1.19868451e+08  -1.15633346e+08  -1.13290336e+08 
  -1.02859208e+08  -9.43298934e+07  -1.17430313e+08  -1.31464125e+08 
  -1.17544619e+08  -9.95339979e+07  -9.16756945e+07  -1.18345115e+08 
  -1.28459865e+08  -1.23144504e+08  -1.18088311e+08  -9.58866733e+07 
  -1.07471865e+08  -1.19760856e+08  -1.26454287e+08  -1.08440727e+08 
  -1.13059959e+08  -1.20360735e+08  -1.33065836e+08  -1.30706240e+08 
  -1.07395042e+08  -1.00327046e+08  -1.20583157e+08  -1.22301921e+08 
  -1.25574786e+08  -1.26441538e+08  -9.64844002e+07  -9.89697552e+07]
[  10921081.96938524      5896488.12368973      8484137.65110864 
      1634316.29739932      2281976.21206479        702265.38983426 
      4335491.20501322      5965606.58398983      7952427.95909197 
      1483647.0666707        7814066.11023465      3395445.63051173 
      9227540.25230153    -5455535.77392258    -5231204.5259484 
      3070660.45240816    10322038.00580034    -4510156.75457843 
      9371211.92305106        611743.05057944      7840479.37584349 
    -6466905.1725499      -8193857.65777868        444374.67296998 
      -867454.1430754        6812427.34575191      3585394.89908642 
      3629094.95999004      6670775.86585272    -8115277.82377834 
      6740659.83458632      4370483.8882961    -10237638.50005829 
        859736.2869436      11732852.41232943    20275586.48654345]
[      883797.0704041      -1739099.89587866      4619153.28833653 
    -9026705.8080042    -13164307.80635751      -538535.14267687 
  -14249225.52465115    -3928751.02238841      6926591.83845422 
      8220680.00716107    -2733934.95334562    -4049635.98273036 
    -1357458.81380456    17290067.42451514    18499169.87478252 
    -6592881.29378224    -7322732.84298071    -8807456.4783681 
    -1888263.41684557    16374606.06818407      4805850.63620104 
    -3962386.13302658    -4425678.5068489      17174479.9974012 
        295648.38360297      -535430.38487397    -7230271.80585018 
    -8343893.57614771      6389295.8847621      10747405.4716587 
    11293428.73094629  -11776372.79903758    -8217080.86822418 
      4386691.12449401    11513099.39161387    -6575767.66427449]
[  10921081.96938524      5896488.12368973      8484137.65110864 
      1634316.29739932      2281976.21206479        702265.38983426 
      4335491.20501322      5965606.58398983      7952427.95909197 
      1483647.0666707        7814066.11023465      3395445.63051173 
      9227540.25230153    -5455535.77392258    -5231204.5259484 
      3070660.45240816    10322038.00580034    -4510156.75457843 
      9371211.92305106        611743.05057944      7840479.37584349 
    -6466905.1725499      -8193857.65777868        444374.67296998 
      -867454.1430754        6812427.34575191      3585394.89908642 
      3629094.95999004      6670775.86585272    -8115277.82377834 
      6740659.83458632      4370483.8882961    -10237638.50005829 
        859736.2869436      11732852.41232943    20275586.48654345]
[-26272068.27274024  -16296580.2945947    -24544513.88031399 
  -47125345.81994855  -43250862.05611851  -37333576.59080929 
  -32028301.34537976  -31944850.52805356  -23994490.11631202 
  -14091353.37330804  -37018267.73026065  -50797353.78948823 
  -36512388.51976882  -17255757.66069573  -10076417.93875863 
  -35179930.5427246    -44631187.49751548  -40084598.49715804 
  -38074068.97799618  -15125624.53946784  -28615621.0667225 
  -37824307.4559228    -43919402.28874183  -28607745.07467204 
  -30795084.95700451  -37973495.96383893  -50797517.87925775 
  -49672712.77369748  -26780125.11788556  -18612983.65959742 
  -40826834.54372334  -46807902.21501436  -43019264.86278763 
  -45933026.38557521  -18582403.27005521  -26663872.88997919]
[-19507320.697694      -14454475.44042699  -17462009.03706103 
  -12265730.3759073    -14265108.2954923      -9927544.98192604 
  -14595206.16835747  -17644481.00271129  -19013071.49479481 
    -9620575.98137364  -19564120.82029943  -13597094.17481554 
  -23210253.22850204      2999217.28624409      3618547.49873627 
  -13867904.84780939  -24028415.3874216      -2807746.06762822 
  -22459341.31861991    -6093950.93674684  -20416711.80541294 
      1261393.84540277      3744525.58825964    -1373273.09704712 
    -7714236.89497016  -19010428.84508538  -15770321.26468617 
  -15479345.61847536  -15875988.16297081      7155722.37170311 
  -13999658.6337935        1023397.32079384      5868059.71952883 
    -6827242.2250246    -12209495.00016814  -10679947.73645365]
[      883797.0704041      -1739099.89587866      4619153.28833653 
    -9026705.8080042    -13164307.80635751      -538535.14267687 
  -14249225.52465115    -3928751.02238841      6926591.83845422 
      8220680.00716107    -2733934.95334562    -4049635.98273036 
    -1357458.81380456    17290067.42451514    18499169.87478252 
    -6592881.29378224    -7322732.84298071    -8807456.4783681 
    -1888263.41684557    16374606.06818407      4805850.63620104 
    -3962386.13302658    -4425678.5068489      17174479.9974012 
        295648.38360297      -535430.38487397    -7230271.80585018 
    -8343893.57614771      6389295.8847621      10747405.4716587 
    11293428.73094629  -11776372.79903758    -8217080.86822418 
      4386691.12449401    11513099.39161387    -6575767.66427449]
[-19507320.697694      -14454475.44042699  -17462009.03706103 
  -12265730.3759073    -14265108.2954923      -9927544.98192604 
  -14595206.16835747  -17644481.00271129  -19013071.49479481 
    -9620575.98137364  -19564120.82029943  -13597094.17481554 
  -23210253.22850204      2999217.28624409      3618547.49873627 
  -13867904.84780939  -24028415.3874216      -2807746.06762822 
  -22459341.31861991    -6093950.93674684  -20416711.80541294 
      1261393.84540277      3744525.58825964    -1373273.09704712 
    -7714236.89497016  -19010428.84508538  -15770321.26468617 
  -15479345.61847536  -15875988.16297081      7155722.37170311 
  -13999658.6337935        1023397.32079384      5868059.71952883 
    -6827242.2250246    -12209495.00016814  -10679947.73645365]
[  -4580026.03260704      2101685.6877849      -9437635.8053386 
  -30380827.99303035  -19357239.18372915  -19298953.80085401 
      2256522.00003404    -9645766.10196486  -12550487.81499729 
    -9098559.96086826  -18557977.92553316  -34218141.53531575 
  -15456238.45310424  -17933217.50414503  -12633978.20569744 
    -7894629.36416343  -16169036.18564859  -19945637.47164003 
  -20914395.20218026  -15309968.50087199  -18518376.34611476 
  -25277470.85468972  -30693815.01646349  -26281793.61737973 
  -14752633.76705241  -13567357.94898914  -25478899.18821814 
  -28290033.88376084  -14993586.80047808  -17282613.59993282 
  -32008824.81097194  -29622606.45939544  -29688187.32316202 
  -36627824.34977764  -12080161.15287089  -11781488.12175366]
increment_80
[-1.07244496e+08  -9.71108293e+07  -1.05338698e+08  -1.26531767e+08 
  -1.24344718e+08  -1.23518454e+08  -1.16505928e+08  -1.15187539e+08 
  -1.03811358e+08  -9.57582708e+07  -1.17184884e+08  -1.30828047e+08 
  -1.19923278e+08  -1.05394026e+08  -9.59843291e+07  -1.20484292e+08 
  -1.29676651e+08  -1.25276657e+08  -1.19067413e+08  -9.72891543e+07 
  -1.08506166e+08  -1.18564195e+08  -1.26825810e+08  -1.12891183e+08 
  -1.14783793e+08  -1.22131817e+08  -1.34709699e+08  -1.32836522e+08 
  -1.07854992e+08  -1.02071832e+08  -1.19453639e+08  -1.22522534e+08 
  -1.27331672e+08  -1.27323903e+08  -9.82583926e+07  -9.77198907e+07]
[  11981723.45876646      6156017.85649739      8575111.23653229 
      1973300.99970163      3764569.00533119        -55214.24978989 
      4644410.97990694      6171319.09595893      8268081.75508657 
      2262230.44188592      8025581.59219257      4461823.01446471 
    10133869.73575972    -6003130.51105445    -5096892.48289333 
      3506264.13726446    10653582.1291315      -4252558.15801422 
      9761673.86212186      1240114.02953208      8319328.80837581 
    -6194865.78853299    -7951294.45104266      -206730.01978544 
      -770225.87460879      7047980.12847934      4112038.00088488 
      3863042.82838289      7195721.83104998    -8229570.61480227 
      6056355.4704554        3582766.57514701  -10548561.19191219 
        716561.49920223    12745818.35459731    21549042.11412124]
[    -404293.20424985    -1294642.96901586      4965476.39997954 
    -7392910.76306849  -12191019.36690952    -2803323.42301629 
  -14445449.97128636    -4411659.19304792      7277937.89336433 
      8723631.2117395      -2360876.87763746    -2017069.85734053 
    -2097980.68055918    14223487.51387022    16421040.15407662 
    -7103087.08235041    -7404970.50705912    -8836669.59404525 
    -2099874.7480411      16693310.13044901      5494607.22002405 
    -2411228.53928464    -3647318.66983537    14784558.91925335 
          92048.16787971      -420188.21918226    -7911385.39030716 
    -8033152.26286919      6071048.95495793    11086546.86079869 
    12393128.79302321    -8776963.41330249    -8567478.51991815 
      4507257.86637625    11577085.55583324    -6007332.97354043]
[  11981723.45876646      6156017.85649739      8575111.23653229 
      1973300.99970163      3764569.00533119        -55214.24978989 
      4644410.97990694      6171319.09595893      8268081.75508657 
      2262230.44188592      8025581.59219257      4461823.01446471 
    10133869.73575972    -6003130.51105445    -5096892.48289333 
      3506264.13726446    10653582.1291315      -4252558.15801422 
      9761673.86212186      1240114.02953208      8319328.80837581 
    -6194865.78853299    -7951294.45104266      -206730.01978544 
      -770225.87460879      7047980.12847934      4112038.00088488 
      3863042.82838289      7195721.83104998    -8229570.61480227 
      6056355.4704554        3582766.57514701  -10548561.19191219 
        716561.49920223    12745818.35459731    21549042.11412124]
[-26745180.55830194  -16607144.64125063  -24341813.61168478 
  -46091831.44887506  -41863596.83372052  -39833937.84707668 
  -31844378.47372726  -33015558.84366511  -23983661.83282513 
  -14870641.66098452  -36086178.58413308  -49585391.99840286 
  -38143947.32318824  -21898300.70294807  -13437376.83812625 
  -36266661.26776968  -44633326.09505558  -41328942.333944 
  -38428085.06419516  -15812028.08530913  -29366015.29734413 
  -35865363.16049338  -43495675.28021156  -32220169.27132623 
  -31550580.29223295  -38813098.97079886  -51503845.45253957 
  -51111521.79273073  -26503305.74873491  -19559762.47588268 
  -38923104.27205419  -45988513.55947062  -43977252.4249685 
  -46158237.42379896  -19914583.70113241  -25400412.50759132]
[-21569844.77085376  -14846674.21798689  -17714097.5932607 
  -11617343.20775463  -15884741.87828316    -9286741.30452238 
  -14894364.4943964    -18189388.08675638  -18845959.73140553 
  -10140923.89795504  -19896710.35223004  -14137272.36287613 
  -24585641.62574227      2993484.88579225      2719450.62395872 
  -14845494.22626147  -24342364.36346974    -2983158.82948824 
  -22973479.33542037    -6571911.88390767  -21060214.2557981 
        899375.36470538      3337844.56216141      -964959.33159899 
    -7545884.56714639  -19673148.62893083  -16175152.35949672 
  -16090486.5511761    -16586601.00243287      7302790.80136424 
  -13287865.34144227      1039652.17636851      6264006.94256864 
    -6796289.77620357  -12525021.45079617    -9876595.40907207]
[    -404293.20424985    -1294642.96901586      4965476.39997954 
    -7392910.76306849  -12191019.36690952    -2803323.42301629 
  -14445449.97128636    -4411659.19304792      7277937.89336433 
      8723631.2117395      -2360876.87763746    -2017069.85734053 
    -2097980.68055918    14223487.51387022    16421040.15407662 
    -7103087.08235041    -7404970.50705912    -8836669.59404525 
    -2099874.7480411      16693310.13044901      5494607.22002405 
    -2411228.53928464    -3647318.66983537    14784558.91925335 
          92048.16787971      -420188.21918226    -7911385.39030716 
    -8033152.26286919      6071048.95495793    11086546.86079869 
    12393128.79302321    -8776963.41330249    -8567478.51991815 
      4507257.86637625    11577085.55583324    -6007332.97354043]
[-21569844.77085376  -14846674.21798689  -17714097.5932607 
  -11617343.20775463  -15884741.87828316    -9286741.30452238 
  -14894364.4943964    -18189388.08675638  -18845959.73140553 
  -10140923.89795504  -19896710.35223004  -14137272.36287613 
  -24585641.62574227      2993484.88579225      2719450.62395872 
  -14845494.22626147  -24342364.36346974    -2983158.82948824 
  -22973479.33542037    -6571911.88390767  -21060214.2557981 
        899375.36470538      3337844.56216141      -964959.33159899 
    -7545884.56714639  -19673148.62893083  -16175152.35949672 
  -16090486.5511761    -16586601.00243287      7302790.80136424 
  -13287865.34144227      1039652.17636851      6264006.94256864 
    -6796289.77620357  -12525021.45079617    -9876595.40907207]
[  -2635866.23133471      2717279.60809236    -8983551.79244338 
  -30672579.42823903  -18536016.05164367  -20708226.19074042 
      3356483.81177195    -9886983.36374907  -12464509.02843587 
    -9590314.23505677  -17657562.03520514  -33425956.16863181 
  -16411437.22124152  -19968514.08849086  -13423263.31516192 
    -7793248.43800651  -16070432.78221116  -21134986.74930994 
  -20755549.8587052    -15420933.62759011  -19040468.52986817 
  -24271642.89103919  -30788918.18439955  -27872474.53182977 
  -15412682.69335594  -13823628.53928483  -25573242.86008555 
  -29655504.38822732  -13991882.05383843  -18276456.84713909 
  -30528343.43876789  -30145402.77385795  -30956138.92347841 
  -37030623.30613892  -13355767.91676419  -11965836.15566468]
increment_90
[-1.08212740e+08  -9.82729152e+07  -1.06155845e+08  -1.26005852e+08 
  -1.22931546e+08  -1.26163309e+08  -1.17507688e+08  -1.16820136e+08 
  -1.04741692e+08  -9.71651603e+07  -1.17360450e+08  -1.29637571e+08 
  -1.21969625e+08  -1.11409244e+08  -1.01099782e+08  -1.22335744e+08 
  -1.30827030e+08  -1.26989622e+08  -1.20063241e+08  -9.86702859e+07 
  -1.09941579e+08  -1.18056317e+08  -1.26303058e+08  -1.16391576e+08 
  -1.16170326e+08  -1.23942023e+08  -1.36103702e+08  -1.34786560e+08 
  -1.08703752e+08  -1.03890804e+08  -1.18713664e+08  -1.23043473e+08 
  -1.29001074e+08  -1.27918694e+08  -1.00025127e+08  -9.64805822e+07]
[  12847755.10929069      6459384.47346764      8585279.59954334 
      2397686.84958864      4825522.53429307      -559743.0635527 
      5012944.34686136      6413451.82645199      8620783.35572971 
      2973738.82373822      8086121.4277402        5372656.01255382 
    10992809.07398507    -6270053.73167676    -4856995.58000947 
      4025874.39486697    10894968.8389828      -3826128.88043971 
      9866647.55982817      1851994.3022243        8918973.5019673 
    -5670980.31581265    -7624432.38603332      -606926.79955858 
      -476391.54169302      7163226.21820559      4686570.25178166 
      4296060.3620375        7574176.07501534    -8350728.6351416 
      5331250.22049872      2736031.98601643  -10741623.65038997 
        771871.19749333    13902688.27651919    22641665.77958794]
[  -1607387.55124728      -915668.05604063      5317847.58322603 
    -6068406.03566326  -10889382.8919086      -4193955.09315515 
  -14532806.90539846    -4597865.07002477      7540500.20477037 
      8937077.97441948    -1892397.29008089      -508414.99469502 
    -1925445.7546809      11838234.72251883    13250888.29547476 
    -7497584.86527872    -7498493.24359884    -8989012.39758623 
    -1990150.58957018    16700976.4636766        6198218.78133609 
      -308228.29455706    -2867821.1638588      12774608.46916267 
      -134315.46754189      -269290.84043209    -8383286.00156282 
    -7741296.40436746      6235001.806446        11269083.20173901 
    13008014.57378535    -5665210.83482609    -8563885.30401794 
      4462932.18670313    11605416.20956664    -5473133.03825475]
[  12847755.10929069      6459384.47346764      8585279.59954334 
      2397686.84958864      4825522.53429307      -559743.0635527 
      5012944.34686136      6413451.82645199      8620783.35572971 
      2973738.82373822      8086121.4277402        5372656.01255382 
    10992809.07398507    -6270053.73167676    -4856995.58000947 
      4025874.39486697    10894968.8389828      -3826128.88043971 
      9866647.55982817      1851994.3022243        8918973.5019673 
    -5670980.31581265    -7624432.38603332      -606926.79955858 
      -476391.54169302      7163226.21820559      4686570.25178166 
      4296060.3620375        7574176.07501534    -8350728.6351416 
      5331250.22049872      2736031.98601643  -10741623.65038997 
        771871.19749333    13902688.27651919    22641665.77958794]
[-26887330.60467667  -17038547.02503932  -24339602.02238492 
  -44775463.36701257  -40057880.49968281  -41445027.10279436 
  -31867488.9368278    -33849086.72439779  -23965716.29792033 
  -15671979.3771143    -35555016.50929204  -47773789.36068837 
  -39554420.25697317  -26766812.31007951  -17544441.0781358 
  -37090784.1715365    -44598421.11292259  -42207356.74495537 
  -38782149.43258689  -16449498.13523784  -30453107.14540946 
  -34609172.65149643  -42172592.26684611  -34924409.85258012 
  -31992773.60074935  -39709908.39912608  -51994297.18030244 
  -52395051.63649462  -26627181.08158229  -20583365.8732813 
  -37337491.3049105    -45279750.75453165  -44882651.99699143 
  -46125833.09608387  -21225912.44458483  -24013817.59702602]
[-23247533.07726012  -15465251.99093254  -17868977.92193278 
  -11223716.10290786  -17116964.99226473    -8744745.37739687 
  -15216941.57813241  -18739374.77915189  -18815768.18383149 
  -10747470.63750469  -19904797.86313199  -14436561.53443875 
  -25599727.80087832      2634042.1838689        1327566.66179603 
  -15942723.09895068  -24601241.79923836    -3449575.16394579 
  -23045222.43120286    -7093631.23176264  -21648142.48447171 
        219359.64195989      2676171.31598872      -734259.014043 
    -7564203.46586541  -20154671.97925054  -16517985.45075909 
  -16790127.84389682  -16999311.83851944      7415543.71763345 
  -12722710.36699719        428315.28355214      6520833.8898378 
    -7061311.58457792  -12938027.79355447    -9191480.78269916]
[  -1607387.55124728      -915668.05604063      5317847.58322603 
    -6068406.03566326  -10889382.8919086      -4193955.09315515 
  -14532806.90539846    -4597865.07002477      7540500.20477037 
      8937077.97441948    -1892397.29008089      -508414.99469502 
    -1925445.7546809      11838234.72251883    13250888.29547476 
    -7497584.86527872    -7498493.24359884    -8989012.39758623 
    -1990150.58957018    16700976.4636766        6198218.78133609 
      -308228.29455706    -2867821.1638588      12774608.46916267 
      -134315.46754189      -269290.84043209    -8383286.00156282 
    -7741296.40436746      6235001.806446        11269083.20173901 
    13008014.57378535    -5665210.83482609    -8563885.30401794 
      4462932.18670313    11605416.20956664    -5473133.03825475]
[-23247533.07726012  -15465251.99093254  -17868977.92193278 
  -11223716.10290786  -17116964.99226473    -8744745.37739687 
  -15216941.57813241  -18739374.77915189  -18815768.18383149 
  -10747470.63750469  -19904797.86313199  -14436561.53443875 
  -25599727.80087832      2634042.1838689        1327566.66179603 
  -15942723.09895068  -24601241.79923836    -3449575.16394579 
  -23045222.43120286    -7093631.23176264  -21648142.48447171 
        219359.64195989      2676171.31598872      -734259.014043 
    -7564203.46586541  -20154671.97925054  -16517985.45075909 
  -16790127.84389682  -16999311.83851944      7415543.71763345 
  -12722710.36699719        428315.28355214      6520833.8898378 
    -7061311.58457792  -12938027.79355447    -9191480.78269916]
[    -683303.23050068      3344431.46164242    -8812733.90992392 
  -30666409.16002442  -17585409.34643539  -22070909.57444351 
      4188823.62978595  -10113685.34765753  -12418733.62227258 
    -9841641.42057553  -17538188.5256351    -31674859.35652451 
  -17638354.52415885  -22853152.25754971  -13701992.13278714 
    -7639702.91106106  -16076963.35684584  -21816864.74213457 
  -20909549.01696856  -15305095.82912755  -19586371.39611099 
  -24449019.0225827    -30097794.5802771    -28856303.07191499 
  -15763893.94673324  -14325926.53749804  -25731724.09442483 
  -30614946.20537045  -13862003.07960078  -19352992.99161321 
  -28812672.89933815  -30370955.73573048  -32630726.24610111 
  -36896915.42039776  -14731807.37544431  -11751346.23042311]
increment_100
[-1.08894574e+08  -9.93296995e+07  -1.06995058e+08  -1.25136087e+08 
  -1.21689263e+08  -1.28003164e+08  -1.18592242e+08  -1.18296192e+08 
  -1.05572399e+08  -9.82965093e+07  -1.17703193e+08  -1.28294377e+08 
  -1.23985272e+08  -1.16729165e+08  -1.06416967e+08  -1.23871365e+08 
  -1.31841267e+08  -1.28171327e+08  -1.21175772e+08  -9.98897317e+07 
  -1.11337685e+08  -1.18079535e+08  -1.25442630e+08  -1.18352654e+08 
  -1.17361608e+08  -1.25751638e+08  -1.37126353e+08  -1.36329563e+08 
  -1.10084973e+08  -1.05680764e+08  -1.18043528e+08  -1.23938428e+08 
  -1.30363795e+08  -1.28184578e+08  -1.01584962e+08  -9.51862316e+07]
[  1.35291559e+07    6.82577863e+06    8.44640824e+06    3.01499282e+06 
    5.39368590e+06  -6.10126181e+05    5.42350096e+06    6.53205241e+06 
    8.99372521e+06    3.54139135e+06    8.18382035e+06    6.12008393e+06 
    1.15472209e+07  -6.03760879e+06  -4.50274560e+06    4.49252470e+06 
    1.10272944e+07  -3.23320160e+06    9.77283462e+06    2.46697055e+06 
    9.50317531e+06  -4.87835510e+06  -7.26959834e+06  -8.11979279e+05 
  -6.50482505e+03    7.11402537e+06    5.23754172e+06    4.92558574e+06 
    7.81841035e+06  -8.47188475e+06    4.89181778e+06    2.26480237e+06 
  -1.08821979e+07    1.18702319e+06    1.50635018e+07    2.34289833e+07]
[  -2626039.14518481      -504489.43157393      6071790.79056621 
    -5082969.41590753    -9743420.55812984    -4841514.48275316 
  -14513930.78796522    -4461528.33040102      7727919.62953522 
      8938809.05736477    -1091808.67520808        224721.09463767 
    -1112784.03523618    10652111.5319689        9370702.28601833 
    -7725567.74325968    -7489388.24280635    -9188879.9972648 
    -1524356.47710419    16405871.68539704      6903927.85774279 
      2362834.79938596    -2455600.03455355    11376211.29571231 
      -429176.29810803        -98340.25870261    -8573705.78583259 
    -7515415.91519467      6921009.07910302    11371115.1170157 
    13131628.11343153    -3187801.55851737    -8065852.57112559 
      4201548.65910377    11429706.77713412    -5020970.42453197]
[  1.35291559e+07    6.82577863e+06    8.44640824e+06    3.01499282e+06 
    5.39368590e+06  -6.10126181e+05    5.42350096e+06    6.53205241e+06 
    8.99372521e+06    3.54139135e+06    8.18382035e+06    6.12008393e+06 
    1.15472209e+07  -6.03760879e+06  -4.50274560e+06    4.49252470e+06 
    1.10272944e+07  -3.23320160e+06    9.77283462e+06    2.46697055e+06 
    9.50317531e+06  -4.87835510e+06  -7.26959834e+06  -8.11979279e+05 
  -6.50482505e+03    7.11402537e+06    5.23754172e+06    4.92558574e+06 
    7.81841035e+06  -8.47188475e+06    4.89181778e+06    2.26480237e+06 
  -1.08821979e+07    1.18702319e+06    1.50635018e+07    2.34289833e+07]
[-26773906.97149461  -17295121.98081055  -24374054.3949461 
  -43128950.42366838  -38460476.5634322    -42397595.67926754 
  -32020697.57902931  -34557087.9013142    -23861005.49126988 
  -16210758.68804188  -35204404.89691551  -45784270.68818566 
  -41026415.40273859  -31123027.70477441  -21758896.83404648 
  -37637368.27062828  -44506087.83838411  -42620402.9043918 
  -39226314.21930924  -16921858.53791852  -31334324.60779978 
  -33928114.61129583  -40520352.70669669  -36090478.4396446 
  -32294688.02223648  -40628263.10579174  -52198838.45307339 
  -53291139.24778735  -27312059.50559236  -21589438.4111594 
  -35817480.91367062  -45006145.27379817  -45512443.83108787 
  -45817592.45667551  -22222706.963112      -22422961.86362844]
[-24409429.33044904  -16386432.83257509  -17749279.4531972 
  -11174444.95135036  -17738133.8092775      -8629768.80267167 
  -15616858.16749718  -19055867.99840425  -18866498.34333109 
  -11292680.5587288    -19717463.27698838  -14753782.40947859 
  -26023226.75352269      1843784.91025374      -428517.41521234 
  -16902385.27653423  -24785584.71293091    -4185664.46607263 
  -22657198.97356325    -7756293.09529643  -22028142.77819069 
      -671694.16964114      1848407.65342024      -818173.96919662 
    -7826718.65075926  -20305045.15557405  -16820833.78478449 
  -17578142.35495386  -17121507.11701127      7461310.42575373 
  -12614871.24270244      -609503.84373763      6708872.33917637 
    -7743610.10644603  -13603171.06282587    -8572558.80050052]
[  -2626039.14518481      -504489.43157393      6071790.79056621 
    -5082969.41590753    -9743420.55812984    -4841514.48275316 
  -14513930.78796522    -4461528.33040102      7727919.62953522 
      8938809.05736477    -1091808.67520808        224721.09463767 
    -1112784.03523618    10652111.5319689        9370702.28601833 
    -7725567.74325968    -7489388.24280635    -9188879.9972648 
    -1524356.47710419    16405871.68539704      6903927.85774279 
      2362834.79938596    -2455600.03455355    11376211.29571231 
      -429176.29810803        -98340.25870261    -8573705.78583259 
    -7515415.91519467      6921009.07910302    11371115.1170157 
    13131628.11343153    -3187801.55851737    -8065852.57112559 
      4201548.65910377    11429706.77713412    -5020970.42453197]
[-24409429.33044904  -16386432.83257509  -17749279.4531972 
  -11174444.95135036  -17738133.8092775      -8629768.80267167 
  -15616858.16749718  -19055867.99840425  -18866498.34333109 
  -11292680.5587288    -19717463.27698838  -14753782.40947859 
  -26023226.75352269      1843784.91025374      -428517.41521234 
  -16902385.27653423  -24785584.71293091    -4185664.46607263 
  -22657198.97356325    -7756293.09529643  -22028142.77819069 
      -671694.16964114      1848407.65342024      -818173.96919662 
    -7826718.65075926  -20305045.15557405  -16820833.78478449 
  -17578142.35495386  -17121507.11701127      7461310.42575373 
  -12614871.24270244      -609503.84373763      6708872.33917637 
    -7743610.10644603  -13603171.06282587    -8572558.80050052]
[    1005779.38829349      4225058.61099177    -9127836.24431743 
  -30381222.32395883  -16910437.09417868  -23221728.76688394 
      4801307.6380992    -10511567.07046829  -12410791.80806993 
    -9793413.94317265  -18055644.36431471  -29344485.63205628 
  -19170885.50765818  -26231697.57853224  -13247306.97140907 
    -7429510.12463605  -16193213.29081353  -21884323.87475917 
  -21502343.30022839  -14912240.04606682  -19974529.4403537 
  -25820538.06695081  -28928876.86698162  -28640869.50286233 
  -15825978.13258234  -15051628.58720341  -25920518.37280259 
  -30922368.4730734    -14820479.29893966  -20467637.22575855 
  -26634832.03361972  -30603476.28641676  -34661051.46427529 
  -36155034.81756473  -15711599.51940588  -10956222.28674594]
increment_110
[-1.09281607e+08  -1.00065683e+08  -1.07669994e+08  -1.23789046e+08 
  -1.21268981e+08  -1.29530697e+08  -1.19584671e+08  -1.19497390e+08 
  -1.06312377e+08  -9.91756122e+07  -1.18035545e+08  -1.27120560e+08 
  -1.26381676e+08  -1.20997984e+08  -1.11831959e+08  -1.25104424e+08 
  -1.32710436e+08  -1.28776713e+08  -1.22408875e+08  -1.00999914e+08 
  -1.12488487e+08  -1.18312715e+08  -1.24667578e+08  -1.19035075e+08 
  -1.18454489e+08  -1.27661595e+08  -1.37739824e+08  -1.37451864e+08 
  -1.11984761e+08  -1.07539810e+08  -1.17352563e+08  -1.25195135e+08 
  -1.31189388e+08  -1.28111661e+08  -1.02939080e+08  -9.39985083e+07]
[  14151797.90473364      7291909.01835258      8135123.75069564 
      3842411.9490395        5590443.45214132      -179916.11484549 
      5872280.49200096      6439988.03112642      9406805.30587588 
      3974996.75692775      8412216.8620431        6826648.44650006 
    11613520.21703278    -5438661.99442945    -3964031.36028445 
      4843399.71174095    11147720.45493878    -2465188.79888262 
      9548904.84831614      3121705.36273237      9922479.49806927 
    -4024349.74304398    -6751722.75580089      -976017.061405 
        620601.74835439      6849826.96321845      5773145.30005372 
      5614175.47508558      7877751.8916551      -8514638.63413796 
      4838632.5321008        2282627.35618912  -10908543.19985744 
      1963844.89312325    16133603.06866429    23912349.24403042]
[  -3411649.93020959      -204725.15970073      7117970.00391636 
    -4479249.55877113    -9025660.50125628    -5129363.57986379 
  -14450022.04828811    -4205704.22055804      7748652.97813058 
      8727049.63283983        201040.67477341        184467.84917258 
          55604.231678        10295496.80021153      5272914.32689919 
    -8019029.69718702    -7374611.01060828    -9453898.59812574 
      -660902.15173972    15807471.32011922      7725957.20234493 
      5418088.74021367    -2529630.3498232      10576609.16562879 
    -1062686.57958584          80937.54324375    -8555501.98305971 
    -7252815.37474005      8005465.15773722    11339457.42129577 
    12843776.71289703    -1463812.84540161    -7130420.9059881 
      3854691.76196702    10997671.11389399    -4687832.36410673]
[  14151797.90473364      7291909.01835258      8135123.75069564 
      3842411.9490395        5590443.45214132      -179916.11484549 
      5872280.49200096      6439988.03112642      9406805.30587588 
      3974996.75692775      8412216.8620431        6826648.44650006 
    11613520.21703278    -5438661.99442945    -3964031.36028445 
      4843399.71174095    11147720.45493878    -2465188.79888262 
      9548904.84831614      3121705.36273237      9922479.49806927 
    -4024349.74304398    -6751722.75580089      -976017.061405 
        620601.74835439      6849826.96321845      5773145.30005372 
      5614175.47508558      7877751.8916551      -8514638.63413796 
      4838632.5321008        2282627.35618912  -10908543.19985744 
      1963844.89312325    16133603.06866429    23912349.24403042]
[-26448498.07369953  -17169979.91847553  -24241771.69569265 
  -41011929.83786762  -37600567.53261694  -43173037.91936029 
  -32109819.8401074    -34990373.78548336  -23652061.57178637 
  -16452961.07513176  -34890835.95070675  -43937384.78537918 
  -42867908.77365794  -34577931.1572739    -25971233.26720658 
  -37882512.75826771  -44351848.84233501  -42513605.40201659 
  -39761644.10207312  -17284631.51035217  -31825088.89525622 
  -33493056.68999504  -38990252.64186822  -35975474.38114383 
  -32511000.00446216  -41663771.27864879  -52067288.20901918 
  -53775660.97109421  -28522302.46505518  -22695721.89154164 
  -34277394.53985023  -45320717.86023468  -45638762.05873333 
  -45232966.23797701  -22862503.28281585  -20809822.49650999]
[-25101992.16445237  -17581307.85940583  -17336912.01444326 
  -11368050.21121094  -17718012.15938541    -9118369.45394014 
  -16080593.10253712  -18992994.7122091    -18983582.40100117 
  -11656759.33437089  -19428962.14425204  -15315063.72859381 
  -25684248.35632883        831366.56918122    -2505170.16687944 
  -17605261.77199909  -24954946.53439819    -5153516.61484556 
  -21868752.8169615      -8615383.32987114  -22134671.36259785 
    -1445264.63510632        714690.83270619    -1036034.30013971 
    -8317963.20193034  -20018135.25135671  -17127730.54425329 
  -18361702.83016638  -16874243.5773743        7374909.45235321 
  -13061404.41514946    -1614180.06459733      6783770.3164171 
    -8762303.61336147  -14603075.55213583    -7891303.77980374]
[  -3411649.93020959      -204725.15970073      7117970.00391636 
    -4479249.55877113    -9025660.50125628    -5129363.57986379 
  -14450022.04828811    -4205704.22055804      7748652.97813058 
      8727049.63283983        201040.67477341        184467.84917258 
          55604.231678        10295496.80021153      5272914.32689919 
    -8019029.69718702    -7374611.01060828    -9453898.59812574 
      -660902.15173972    15807471.32011922      7725957.20234493 
      5418088.74021367    -2529630.3498232      10576609.16562879 
    -1062686.57958584          80937.54324375    -8555501.98305971 
    -7252815.37474005      8005465.15773722    11339457.42129577 
    12843776.71289703    -1463812.84540161    -7130420.9059881 
      3854691.76196702    10997671.11389399    -4687832.36410673]
[-25101992.16445237  -17581307.85940583  -17336912.01444326 
  -11368050.21121094  -17718012.15938541    -9118369.45394014 
  -16080593.10253712  -18992994.7122091    -18983582.40100117 
  -11656759.33437089  -19428962.14425204  -15315063.72859381 
  -25684248.35632883        831366.56918122    -2505170.16687944 
  -17605261.77199909  -24954946.53439819    -5153516.61484556 
  -21868752.8169615      -8615383.32987114  -22134671.36259785 
    -1445264.63510632        714690.83270619    -1036034.30013971 
    -8317963.20193034  -20018135.25135671  -17127730.54425329 
  -18361702.83016638  -16874243.5773743        7374909.45235321 
  -13061404.41514946    -1614180.06459733      6783770.3164171 
    -8762303.61336147  -14603075.55213583    -7891303.77980374]
[    2256122.62228699      5624475.74922384    -9728101.62212697 
  -29410736.43967447  -16946688.14128872  -24159702.0006884 
      5404638.40569489  -10893413.13647199  -12219560.89681346 
    -9420654.76970715  -19059784.16357782  -26783304.49531585 
  -21402935.62344301  -29510588.50500161  -12398852.69577093 
    -6992997.81920265  -16331996.08797101  -21215897.03166419 
  -22517893.69833813  -14288110.64786555  -20253454.86175366 
  -28164633.99359064  -27481031.84827778  -27509284.85685615 
  -15405024.21738624  -16091963.06336769  -26040816.65340667 
  -30693276.58148011  -16838167.49908807  -21618296.03823115 
  -23930265.4073679    -31356386.87762556  -36725720.44502125 
  -34954625.24877506  -16089628.15583646    -9957168.09903342]
increment_120
[-1.09623211e+08  -1.00837170e+08  -1.08232035e+08  -1.21824616e+08 
  -1.21227701e+08  -1.30781543e+08  -1.20599952e+08  -1.20324135e+08 
  -1.07468596e+08  -9.99522620e+07  -1.18310732e+08  -1.25668132e+08 
  -1.28697593e+08  -1.24038118e+08  -1.17137075e+08  -1.26212114e+08 
  -1.33550564e+08  -1.28930695e+08  -1.23895277e+08  -1.02312701e+08 
  -1.13446233e+08  -1.18397458e+08  -1.23566920e+08  -1.18804767e+08 
  -1.19471330e+08  -1.29795498e+08  -1.38092774e+08  -1.38398653e+08 
  -1.14301012e+08  -1.09594755e+08  -1.16851784e+08  -1.26420100e+08 
  -1.31527818e+08  -1.28006034e+08  -1.04187338e+08  -9.32360897e+07]
[  15042418.18995492      7688978.59977672      7791097.06291064 
      5040560.98063962      5650422.57091589        379804.97469265 
      6160501.27204681      6206034.26375797      9945491.70345694 
      4404224.19379032      8547407.92021362      7661434.77520078 
    11209466.0769708      -4760287.33790562    -3173072.17954535 
      5177183.08019728    11411506.76982136    -1463050.40943012 
      9133431.60860432      3819110.84024156    10032719.5842218 
    -3355786.45026241    -5862888.95670417    -1140041.68363395 
      1422228.87064322      6375864.47367893      6257230.84146711 
      6187202.73517308      7754010.56847785    -8336021.53005474 
      5050296.35595093      2605313.57390209  -10817215.27369813 
      2938742.89880323    17051074.21752619    24214698.56729846]
[  -4059848.12993012      -503974.96275262      8061578.26243315 
    -3842118.13366682    -8396978.87489475    -5201966.80112125 
  -14501194.18118725    -4161652.97408864      7347876.84050874 
      8072832.88907997      2122090.31304941        -85794.19266528 
      1708603.10519628    10115658.6206271        1607742.48946224 
    -8702549.39562361    -7257833.22611251  -10055704.95871732 
        399220.39674797    14778636.45547511      8659264.71820582 
      8524047.65332521    -2613912.74688469    10469935.0016619 
    -2318702.37662308        202833.84306555    -8494089.93970912 
    -6981363.72703421      9173823.84016905    11021288.69049329 
    12315610.36008753          37810.82076702    -6061196.68771166 
      3413365.90206522    10485116.68855144    -4724872.13712141]
[  15042418.18995492      7688978.59977672      7791097.06291064 
      5040560.98063962      5650422.57091589        379804.97469265 
      6160501.27204681      6206034.26375797      9945491.70345694 
      4404224.19379032      8547407.92021362      7661434.77520078 
    11209466.0769708      -4760287.33790562    -3173072.17954535 
      5177183.08019728    11411506.76982136    -1463050.40943012 
      9133431.60860432      3819110.84024156    10032719.5842218 
    -3355786.45026241    -5862888.95670417    -1140041.68363395 
      1422228.87064322      6375864.47367893      6257230.84146711 
      6187202.73517308      7754010.56847785    -8336021.53005474 
      5050296.35595093      2605313.57390209  -10817215.27369813 
      2938742.89880323    17051074.21752619    24214698.56729846]
[-26183342.88904623  -16998740.64865088  -23997827.4881035 
  -38422972.91302158  -37039825.14303346  -43762021.22242365 
  -32179585.68229829  -35014516.30161675  -23889091.35773518 
  -16578152.46342621  -34587449.00087196  -41804222.08267147 
  -44566036.58718287  -36850021.01279763  -30031584.28659461 
  -37952463.24383919  -44207874.87561033  -41999652.31870535 
  -40504390.66869279  -17836019.08990355  -31949624.85299843 
  -32946059.90095207  -37209001.32025235  -34988755.59825347 
  -32642837.06979005  -42921154.40459821  -51717812.86719653 
  -54060949.0672389    -30127794.61432585  -24064650.60135859 
  -32913598.9305617    -45825545.3738007    -45328549.94950385 
  -44659319.20996239  -23284526.75771632  -19524602.6782315  ]
[-25715250.26966537  -18842172.37569243  -16874016.2630821 
  -12036324.67888143  -17321956.92412352    -9820194.38646523 
  -16409392.50460903  -18588438.62485099  -19430685.12075154 
  -12073987.28195308  -18881250.30557541  -16337859.17437663 
  -24568400.29262524        -90056.81122017    -4783240.03988514 
  -18143208.15999603  -25230013.48638702    -6604147.91804301 
  -20722170.88972097    -9693324.87124501  -21895914.35502221 
    -1781976.76235699      -794459.81160124    -1174512.16411402 
    -9146427.90341815  -19395353.64216634  -17407459.73417187 
  -19069452.64709732  -16339004.16030425      7034039.15815878 
  -13874569.73023787    -2292563.28176467      6819563.54153361 
    -9972991.19573445  -15712527.50531257    -7126112.86882996]
[  -4059848.12993012      -503974.96275262      8061578.26243315 
    -3842118.13366682    -8396978.87489475    -5201966.80112125 
  -14501194.18118725    -4161652.97408864      7347876.84050874 
      8072832.88907997      2122090.31304941        -85794.19266528 
      1708603.10519628    10115658.6206271        1607742.48946224 
    -8702549.39562361    -7257833.22611251  -10055704.95871732 
        399220.39674797    14778636.45547511      8659264.71820582 
      8524047.65332521    -2613912.74688469    10469935.0016619 
    -2318702.37662308        202833.84306555    -8494089.93970912 
    -6981363.72703421      9173823.84016905    11021288.69049329 
    12315610.36008753          37810.82076702    -6061196.68771166 
      3413365.90206522    10485116.68855144    -4724872.13712141]
[-25715250.26966537  -18842172.37569243  -16874016.2630821 
  -12036324.67888143  -17321956.92412352    -9820194.38646523 
  -16409392.50460903  -18588438.62485099  -19430685.12075154 
  -12073987.28195308  -18881250.30557541  -16337859.17437663 
  -24568400.29262524        -90056.81122017    -4783240.03988514 
  -18143208.15999603  -25230013.48638702    -6604147.91804301 
  -20722170.88972097    -9693324.87124501  -21895914.35502221 
    -1781976.76235699      -794459.81160124    -1174512.16411402 
    -9146427.90341815  -19395353.64216634  -17407459.73417187 
  -19069452.64709732  -16339004.16030425      7034039.15815878 
  -13874569.73023787    -2292563.28176467      6819563.54153361 
    -9972991.19573445  -15712527.50531257    -7126112.86882996]
[    2897408.85913503      7405607.89457447  -10084755.37388284 
  -27247528.65244076  -17461599.05142439  -24759668.82850112 
      5967722.74518375  -10819989.1995567    -11949919.23594389 
    -8500059.47160438  -20418670.77867625  -23922580.04713308 
  -24253106.6841402    -31845012.03067236  -11628071.84674028 
    -6201776.68572562  -16382562.62580657  -19562914.89654648 
  -24032669.558104      -13579932.28894683  -20525381.04609489 
  -30832276.4658915    -25444877.66923627  -26105095.77152535 
  -14204765.25570478  -17411380.21646089  -26045425.51505166 
  -30332902.81957871  -19504294.6602666    -22589708.84692987 
  -21087123.00731436  -32695016.84624941  -38553163.30601019 
  -33520642.86245469  -16193290.34916007    -9039187.48156087]
