inc
sigma_11
sigma_12
sigma_13
sigma_21
sigma_22
sigma_23
sigma_31
sigma_32
sigma_33
increment_0
[-4.81423168e-06  -4.81423168e-06  -4.81423168e-06  -4.81423168e-06 
  -4.81423168e-06  -4.81423168e-06  -4.81423168e-06  -4.81423168e-06 
  -4.81423168e-06  -4.81423168e-06  -4.81423168e-06  -4.81423168e-06 
  -4.81423168e-06  -4.81423168e-06  -4.81423168e-06  -4.81423168e-06 
  -4.81423168e-06]
[-4.52896775e-07  -4.52896775e-07  -4.52896775e-07  -4.52896775e-07 
  -4.52896775e-07  -4.52896775e-07  -4.52896775e-07  -4.52896775e-07 
  -4.52896775e-07  -4.52896775e-07  -4.52896775e-07  -4.52896775e-07 
  -4.52896775e-07  -4.52896775e-07  -4.52896775e-07  -4.52896775e-07 
  -4.52896775e-07]
[-1.37417203e-06  -1.37417203e-06  -1.37417203e-06  -1.37417203e-06 
  -1.37417203e-06  -1.37417203e-06  -1.37417203e-06  -1.37417203e-06 
  -1.37417203e-06  -1.37417203e-06  -1.37417203e-06  -1.37417203e-06 
  -1.37417203e-06  -1.37417203e-06  -1.37417203e-06  -1.37417203e-06 
  -1.37417203e-06]
[-4.52896775e-07  -4.52896775e-07  -4.52896775e-07  -4.52896775e-07 
  -4.52896775e-07  -4.52896775e-07  -4.52896775e-07  -4.52896775e-07 
  -4.52896775e-07  -4.52896775e-07  -4.52896775e-07  -4.52896775e-07 
  -4.52896775e-07  -4.52896775e-07  -4.52896775e-07  -4.52896775e-07 
  -4.52896775e-07]
[5.42757781e-06  5.42757781e-06  5.42757781e-06  5.42757781e-06 
  5.42757781e-06  5.42757781e-06  5.42757781e-06  5.42757781e-06 
  5.42757781e-06  5.42757781e-06  5.42757781e-06  5.42757781e-06 
  5.42757781e-06  5.42757781e-06  5.42757781e-06  5.42757781e-06 
  5.42757781e-06]
[-6.56766726e-07  -6.56766726e-07  -6.56766726e-07  -6.56766726e-07 
  -6.56766726e-07  -6.56766726e-07  -6.56766726e-07  -6.56766726e-07 
  -6.56766726e-07  -6.56766726e-07  -6.56766726e-07  -6.56766726e-07 
  -6.56766726e-07  -6.56766726e-07  -6.56766726e-07  -6.56766726e-07 
  -6.56766726e-07]
[-1.37417203e-06  -1.37417203e-06  -1.37417203e-06  -1.37417203e-06 
  -1.37417203e-06  -1.37417203e-06  -1.37417203e-06  -1.37417203e-06 
  -1.37417203e-06  -1.37417203e-06  -1.37417203e-06  -1.37417203e-06 
  -1.37417203e-06  -1.37417203e-06  -1.37417203e-06  -1.37417203e-06 
  -1.37417203e-06]
[-6.56766726e-07  -6.56766726e-07  -6.56766726e-07  -6.56766726e-07 
  -6.56766726e-07  -6.56766726e-07  -6.56766726e-07  -6.56766726e-07 
  -6.56766726e-07  -6.56766726e-07  -6.56766726e-07  -6.56766726e-07 
  -6.56766726e-07  -6.56766726e-07  -6.56766726e-07  -6.56766726e-07 
  -6.56766726e-07]
[-6.13346133e-07  -6.13346133e-07  -6.13346133e-07  -6.13346133e-07 
  -6.13346133e-07  -6.13346133e-07  -6.13346133e-07  -6.13346133e-07 
  -6.13346133e-07  -6.13346133e-07  -6.13346133e-07  -6.13346133e-07 
  -6.13346133e-07  -6.13346133e-07  -6.13346133e-07  -6.13346133e-07 
  -6.13346133e-07]
increment_10
[-9.79068294e+07  -1.02288205e+08  -7.40629808e+07  -7.22930759e+07 
  -1.06463318e+08  -9.22670617e+07  -7.61914782e+07  -8.82966928e+07 
  -9.50378026e+07  -1.02413300e+08  -9.10160529e+07  -8.52268849e+07 
  -9.64902216e+07  -1.00838590e+08  -1.03760695e+08  -8.39338798e+07 
  -9.61053683e+07]
[  -9000824.37828878    -9861704.59261709        723858.7505679 
    -2050026.37751797      8387064.70041022  -12736411.69038647 
    -4487963.49534738    -9591960.36967156      3059667.23447771 
    -2003469.89445226    -1469950.55200267    -3968401.64305629 
      3030178.9581862      -7186841.76968787    -7439721.61893704 
        787069.89614292    -4612788.29236644]
[  -1813891.31724629        554711.1923094        7008230.47032297 
    -4201441.72081445      3454375.13102229      -998596.56977212 
  -14576709.58658513    -2494109.17423797    11241036.50041106 
    -1263882.91043628      3897337.8641925        8736628.09217595 
    14369097.3361001      15196399.757119          1921649.83998251 
      8766584.66648185    11885603.1367245  ]
[  -9000824.37828878    -9861704.59261709        723858.7505679 
    -2050026.37751797      8387064.70041022  -12736411.69038647 
    -4487963.49534738    -9591960.36967156      3059667.23447771 
    -2003469.89445226    -1469950.55200267    -3968401.64305629 
      3030178.9581862      -7186841.76968787    -7439721.61893704 
        787069.89614292    -4612788.29236644]
[-35116087.39272345  -40241436.63205302    -4077215.36070142 
      -385946.96144593  -26906075.96151563  -30667001.33730548 
  -17370655.40089913  -25254889.29732032  -23791071.84616063 
  -36035939.94475726  -24608081.43436385  -22195620.76666257 
  -24710931.87356593  -38602861.44819874  -40790881.39067751 
  -14517029.05138697  -31696558.05758123]
[-2787576.7220084    -1386956.76108516    5431428.78621056    5224702.15683191 
    9864320.38845579  -4210669.7429382    -4927038.44333323  -1778472.66501085 
    4363673.75111685      491417.33777378  -1532435.60212413  -6018942.2796307 
    2297971.68190573    1113106.55421611    1831118.98023518    3200093.32611406 
    3399912.48117869]
[  -1813891.31724629        554711.1923094        7008230.47032297 
    -4201441.72081445      3454375.13102229      -998596.56977212 
  -14576709.58658513    -2494109.17423797    11241036.50041106 
    -1263882.91043628      3897337.8641925        8736628.09217595 
    14369097.3361001      15196399.757119          1921649.83998251 
      8766584.66648185    11885603.1367245  ]
[-2787576.7220084    -1386956.76108516    5431428.78621056    5224702.15683191 
    9864320.38845579  -4210669.7429382    -4927038.44333323  -1778472.66501085 
    4363673.75111685      491417.33777378  -1532435.60212413  -6018942.2796307 
    2297971.68190573    1113106.55421611    1831118.98023518    3200093.32611406 
    3399912.48117869]
[    9865915.99814907      9158828.27565651    36187918.60223342 
    22366895.21064795  -10082595.37886252    18492757.0862255 
    13125410.35368892    19645414.09823          17230019.37353562 
      1805132.10174989    13645091.38353759    15422761.23263973 
    20926159.96955479    17856444.47924605      8963325.24809792 
    27024271.91247704    18806079.66526467]
increment_20
[-9.84606053e+07  -1.03215465e+08  -7.66973826e+07  -7.40723916e+07 
  -1.10903214e+08  -9.54290628e+07  -8.02065459e+07  -9.05672426e+07 
  -9.65361939e+07  -1.03575456e+08  -8.99889210e+07  -8.70641036e+07 
  -9.77461065e+07  -1.01461560e+08  -1.06616322e+08  -8.34591408e+07 
  -9.32476755e+07]
[  -9372844.72232073  -10489092.56209704      2156342.63901224 
    -1045523.19179138      9783047.9918455    -12555968.74486236 
    -2219916.72166492    -9921712.59993752      4981605.98104413 
      -459441.85786819      -997258.03237277    -1884072.41773843 
      4919265.4519281      -6101383.11832638    -7818624.27608432 
      2267072.28243455    -3362372.91801632]
[  -4518473.27557225      -686139.05309513      7703053.08882033 
    -1943492.60832782      5230471.51781975    -2595819.65125588 
  -15473485.61759242    -2983667.44447001    12794963.92354647 
    -3025260.16735447      3322341.91020592      9571868.61973158 
    15945153.08389451    17303506.22010488        727194.31982846 
      9010525.88431917    12003155.14213376]
[  -9372844.72232073  -10489092.56209704      2156342.63901224 
    -1045523.19179138      9783047.9918455    -12555968.74486236 
    -2219916.72166492    -9921712.59993752      4981605.98104413 
      -459441.85786819      -997258.03237277    -1884072.41773843 
      4919265.4519281      -6101383.11832638    -7818624.27608432 
      2267072.28243455    -3362372.91801632]
[-32402735.84648271  -39436615.40815454    -3825384.46512307 
    -1383765.46639861  -29338507.80411492  -31371523.059359 
  -31302416.76775711  -26513066.08267181  -21715386.22458724 
  -32040597.74841768  -20683660.08251362  -22936014.05202511 
  -21789459.082089      -37208985.66142145  -41642337.97663655 
  -11060065.76291298  -26637873.73102018]
[-2941310.59815821  -1540319.52205716    6420146.54139243    6210130.93196885 
  10461332.6232074    -4842047.08294814  -5984224.21702846  -2034261.66592158 
    5726321.09184093    1112002.62567132    -897221.07043806  -6620586.62220144 
    4069193.65785143    2080316.31484796    1946335.13467929    4230748.62908502 
    4448216.78213002]
[  -4518473.27557225      -686139.05309513      7703053.08882033 
    -1943492.60832782      5230471.51781975    -2595819.65125588 
  -15473485.61759242    -2983667.44447001    12794963.92354647 
    -3025260.16735447      3322341.91020592      9571868.61973158 
    15945153.08389451    17303506.22010488        727194.31982846 
      9010525.88431917    12003155.14213376]
[-2941310.59815821  -1540319.52205716    6420146.54139243    6210130.93196885 
  10461332.6232074    -4842047.08294814  -5984224.21702846  -2034261.66592158 
    5726321.09184093    1112002.62567132    -897221.07043806  -6620586.62220144 
    4069193.65785143    2080316.31484796    1946335.13467929    4230748.62908502 
    4448216.78213002]
[  6584179.34944884    8808551.2501472    36746838.76235443  27075840.63828752 
  -8607616.24167832  16723310.3866153    10026290.62231449  20496445.01946205 
  18319687.44040272  -2784993.54344798  13200795.06639099  12607802.73033065 
  20837129.60226152  18723690.64692872    6894167.59251726  27617558.57093285 
  22598963.10962776]
increment_30
[-9.93672281e+07  -1.03352698e+08  -7.88856974e+07  -7.62299480e+07 
  -1.14947611e+08  -9.74866908e+07  -8.50385209e+07  -9.22924942e+07 
  -9.79596828e+07  -1.03103728e+08  -9.01229275e+07  -8.83722328e+07 
  -9.90656316e+07  -1.02139576e+08  -1.08685524e+08  -8.31929195e+07 
  -9.09322270e+07]
[  -9775271.19863746  -10961727.89061042      3867706.10606231 
        493479.40260602    11422566.48508924  -12215612.34647786 
      -351441.35827894  -10207711.31548882      6312896.29238491 
        -37577.29366841      -826013.82331847      -372175.14202003 
      6552720.69873754    -4816194.15192404    -7693503.60575871 
      3840591.02696532    -2046053.10669354]
[  -7138331.45151224    -2293829.46202237      8397450.59991719 
      -146104.36657471      7025360.29151413    -3804446.55914329 
  -16525115.84468323    -3543925.44357923    13569232.86258811 
    -4839455.70147122      2153035.80857779      9965152.71618014 
    17407006.78544943    18457416.86619605      -518936.11237089 
      9522110.713809        11398195.91174749]
[  -9775271.19863746  -10961727.89061042      3867706.10606231 
        493479.40260602    11422566.48508924  -12215612.34647786 
      -351441.35827894  -10207711.31548882      6312896.29238491 
        -37577.29366841      -826013.82331847      -372175.14202003 
      6552720.69873754    -4816194.15192404    -7693503.60575871 
      3840591.02696532    -2046053.10669354]
[-30185999.94145993  -37718271.19040965    -2467986.01499277 
    -1593323.66981362  -30794430.78719712  -31339017.00993073 
  -44543890.79087301  -27295811.5024826    -20134353.59134121 
  -27246296.00590469  -17764728.56572137  -23440822.48292227 
  -19267598.64974401  -35725636.03402689  -41207255.97117355 
    -7791168.48651575  -22041126.42654893]
[-3135688.10179774  -1825775.57733051    7398515.73762649    7425066.18301708 
  11379402.80738357  -5367180.38256561  -7156314.8850672    -2334874.64995483 
    6667291.30819051    1126428.41418589    -434211.44640357  -7123494.11945564 
    5612246.05689532    2801001.64451744    2178257.05476863    5248181.96170963 
    5597828.08660118]
[  -7138331.45151224    -2293829.46202237      8397450.59991719 
      -146104.36657471      7025360.29151413    -3804446.55914329 
  -16525115.84468323    -3543925.44357923    13569232.86258811 
    -4839455.70147122      2153035.80857779      9965152.71618014 
    17407006.78544943    18457416.86619605      -518936.11237089 
      9522110.713809        11398195.91174749]
[-3135688.10179774  -1825775.57733051    7398515.73762649    7425066.18301708 
  11379402.80738357  -5367180.38256561  -7156314.8850672    -2334874.64995483 
    6667291.30819051    1126428.41418589    -434211.44640357  -7123494.11945564 
    5612246.05689532    2801001.64451744    2178257.05476863    5248181.96170963 
    5597828.08660118]
[  3103579.83055293    8620219.74396974  37382951.01689991  30448118.02462054 
  -7100717.08375238  16247656.73927396    6027172.69975073  21569977.50540117 
  19056725.1127764    -5274256.56519627  10970182.36575719  11651682.70092139 
  20647379.28039538  19167783.19797528    4848245.72839343  28456334.82549717 
  25141698.65880309]
increment_40
[-1.00408256e+08  -1.03284868e+08  -8.08038547e+07  -7.85352989e+07 
  -1.18194804e+08  -9.93774223e+07  -8.97521521e+07  -9.38796897e+07 
  -9.83437577e+07  -1.01542482e+08  -9.04045568e+07  -8.92058593e+07 
  -1.00603704e+08  -1.02843759e+08  -1.10302446e+08  -8.31622591e+07 
  -8.90974929e+07]
[-10294150.15261656  -11461938.21536933      5419728.47862426 
      1972014.4608795      12940705.88265461  -11917341.7430948 
        895273.5558805    -10572068.46984667      7009418.05801094 
        201356.94310622      -677049.08199177        763495.01396311 
      8328973.80379835    -3360742.99516383    -7572346.92762988 
      5310788.00633065      -800614.48773483]
[  -9719877.85129623    -4125747.74885234      9300981.00803442 
        922664.67143427      8460242.99164251    -4291277.0616696 
  -18039748.71708784    -4283853.30993458    13807366.91941328 
    -6541473.93277567        -40176.61116208    10491468.65471987 
    18774451.8917288      19069732.17392855    -2064362.94220328 
    10004632.2288167      10527322.27529072]
[-10294150.15261656  -11461938.21536933      5419728.47862426 
      1972014.4608795      12940705.88265461  -11917341.7430948 
        895273.5558805    -10572068.46984667      7009418.05801094 
        201356.94310622      -677049.08199177        763495.01396311 
      8328973.80379835    -3360742.99516383    -7572346.92762988 
      5310788.00633065      -800614.48773483]
[-28286776.72669296  -35762813.66277982      -748384.74913834 
    -1466278.08962223  -31011068.32581887  -31744016.86062225 
  -54197890.64248195  -27970019.06924594  -18075658.21791299 
  -22239672.2433987    -14245791.54353194  -23971098.36108525 
  -16830992.28785048  -34095150.06980639  -40212894.69548966 
    -4742597.67762102  -17967817.82275685]
[-3369416.1474757    -2243861.0756443      8348508.02339442    8363230.07083403 
  12274473.23349357  -6036698.88455581  -8241711.21584988  -2675837.61367779 
    7292975.30930592      914738.07128613      -17615.62437196  -7839225.29767969 
    7282662.07876699    3434843.64028779    2365637.99162983    6382052.00480566 
    6667167.80232325]
[  -9719877.85129623    -4125747.74885234      9300981.00803442 
        922664.67143427      8460242.99164251    -4291277.0616696 
  -18039748.71708784    -4283853.30993458    13807366.91941328 
    -6541473.93277567        -40176.61116208    10491468.65471987 
    18774451.8917288      19069732.17392855    -2064362.94220328 
    10004632.2288167      10527322.27529072]
[-3369416.1474757    -2243861.0756443      8348508.02339442    8363230.07083403 
  12274473.23349357  -6036698.88455581  -8241711.21584988  -2675837.61367779 
    7292975.30930592      914738.07128613      -17615.62437196  -7839225.29767969 
    7282662.07876699    3434843.64028779    2365637.99162983    6382052.00480566 
    6667167.80232325]
[  -307993.93645609    8027401.88508382  38418305.66578294  32805940.32874903 
  -5474105.41274616  16692939.37001008    1408798.90451076  22286379.29421394 
  21006748.00753846  -6295861.05865723    7479633.53113591  11853080.22883211 
  19904632.91646938  19640304.77956038    2582901.60986024  29187631.90437298 
  27280804.23833489]
increment_50
[-1.01679730e+08  -1.02982627e+08  -8.23099098e+07  -8.05587284e+07 
  -1.20842152e+08  -1.00767995e+08  -9.38617235e+07  -9.56604388e+07 
  -9.87774119e+07  -9.98221486e+07  -9.08715506e+07  -8.95563306e+07 
  -1.02313994e+08  -1.03625597e+08  -1.11611629e+08  -8.36855315e+07 
  -8.79076538e+07]
[-10930029.55834844  -11943583.06728905      6494058.16414569 
      3408337.03388855    14234519.50963057  -11689786.74517298 
      1570483.61570319  -10961541.8819377        6907005.17146133 
        744412.67934895        -23534.88665706      1780461.54489144 
    10011563.11427624    -1691698.82053642    -7457246.52232045 
      6454108.83465075        462808.025813    ]
[-12095494.24162931    -6021645.1957302      10004693.43549651 
      1445334.9410155        9533297.79717416    -4194271.97499818 
  -19760615.90634675    -4951475.04321014    13803611.73621434 
    -7832706.67277917    -2477020.24538093    11130673.29819458 
    19987816.67603455    19250794.24244725    -3598598.53022122 
    10515014.82792853      9570310.04978058]
[-10930029.55834844  -11943583.06728905      6494058.16414569 
      3408337.03388855    14234519.50963057  -11689786.74517298 
      1570483.61570319  -10961541.8819377        6907005.17146133 
        744412.67934895        -23534.88665706      1780461.54489144 
    10011563.11427624    -1691698.82053642    -7457246.52232045 
      6454108.83465075        462808.025813    ]
[-26825660.37626712  -33614446.4616342        1003277.979843 
      -720229.301041      -30432652.8016963    -32138390.9503196 
  -60493383.8656399    -28940387.01975279  -16725165.85835725 
  -18404710.60426155  -10229523.8346899    -24213369.75242686 
  -14599026.9466212    -32339833.31916761  -38922522.46782276 
    -2536799.26966656  -14501244.53357699]
[-3529885.14500903  -2691723.67213879    9033212.72907026    9151033.62792413 
  13058921.67918449  -6880209.4927072    -9240466.66568522  -3018367.86383346 
    7511825.80810942      570558.37615114      528752.8359351    -8753737.40234382 
    8950784.42859172    4077726.97719587    2508541.68110661    7410660.44855647 
    7688974.09081037]
[-12095494.24162931    -6021645.1957302      10004693.43549651 
      1445334.9410155        9533297.79717416    -4194271.97499818 
  -19760615.90634675    -4951475.04321014    13803611.73621434 
    -7832706.67277917    -2477020.24538093    11130673.29819458 
    19987816.67603455    19250794.24244725    -3598598.53022122 
    10515014.82792853      9570310.04978058]
[-3529885.14500903  -2691723.67213879    9033212.72907026    9151033.62792413 
  13058921.67918449  -6880209.4927072    -9240466.66568522  -3018367.86383346 
    7511825.80810942      570558.37615114      528752.8359351    -8753737.40234382 
    8950784.42859172    4077726.97719587    2508541.68110661    7410660.44855647 
    7688974.09081037]
[-3466793.68765753    7352529.96798508  39708332.18734902  34326818.41131685 
  -4010241.70853634  18272197.37158898  -3073130.98038336  22738395.85598075 
  23485072.76558613  -6526950.45708355    3484298.1550116    12493879.96921209 
  18846525.95655325  20071698.45285416      448057.10421524  29896031.58405894 
  29134125.03939549]
increment_60
[-1.03514330e+08  -1.02674244e+08  -8.39572085e+07  -8.22393544e+07 
  -1.23250282e+08  -1.01784038e+08  -9.77614000e+07  -9.71350035e+07 
  -9.93883937e+07  -9.75138298e+07  -9.15993303e+07  -8.92843550e+07 
  -1.04039130e+08  -1.04365245e+08  -1.12634007e+08  -8.47994134e+07 
  -8.70809188e+07]
[-11644196.3585429    -12358579.80346796      6965058.74824354 
      4747747.91068074    15205869.02399257  -11513407.73506718 
      1818701.2726328    -11314058.64482175      6196773.88349374 
      1696614.34996794        964709.73134176      2811064.51395838 
    11390994.7354285          136062.61258003    -7181795.09372826 
      7240048.2137394        1871591.24868665]
[-14148979.25963421    -7617337.91104843    10504379.57711973 
      1776184.29466935    10192913.58674265    -3536168.32122076 
  -21602181.74999386    -5534869.47848707    13516063.66741687 
    -8860606.15659528    -5067960.8090723      11950273.47150929 
    21114056.57446644    19358853.62515254    -4937787.26061256 
    11123864.99678276      8792388.43129472]
[-11644196.3585429    -12358579.80346796      6965058.74824354 
      4747747.91068074    15205869.02399257  -11513407.73506718 
      1818701.2726328    -11314058.64482175      6196773.88349374 
      1696614.34996794        964709.73134176      2811064.51395838 
    11390994.7354285          136062.61258003    -7181795.09372826 
      7240048.2137394        1871591.24868665]
[-26197254.99489354  -31656942.96775728      2002886.74631706 
        359504.59506065  -29902218.61548702  -32461687.27071818 
  -64831444.50758396  -29701725.40975489  -16098108.74861054 
  -15680366.22504234    -5892132.07262878  -23777160.3651676 
  -12605088.16905577  -30413625.33752        -37232936.49039249 
    -1293917.60070949  -11203849.49154096]
[  -3702973.0049594      -3050678.58925441      9404211.74716072 
      9947847.92770313    13627649.01306313    -7562042.78264091 
  -10128303.10032219    -3290609.82117198      7343147.2450699 
        154062.70893997      1152862.87015164    -9658538.9971586 
    10437293.03418249      4760251.03210463      2777914.59112378 
      8205032.59355389      8740882.93466044]
[-14148979.25963421    -7617337.91104843    10504379.57711973 
      1776184.29466935    10192913.58674265    -3536168.32122076 
  -21602181.74999386    -5534869.47848707    13516063.66741687 
    -8860606.15659528    -5067960.8090723      11950273.47150929 
    21114056.57446644    19358853.62515254    -4937787.26061256 
    11123864.99678276      8792388.43129472]
[  -3702973.0049594      -3050678.58925441      9404211.74716072 
      9947847.92770313    13627649.01306313    -7562042.78264091 
  -10128303.10032219    -3290609.82117198      7343147.2450699 
        154062.70893997      1152862.87015164    -9658538.9971586 
    10437293.03418249      4760251.03210463      2777914.59112378 
      8205032.59355389      8740882.93466044]
[-6667394.95566461    7014085.32992555  40950938.88256291  35784083.73180114 
  -2938144.26919755  21392359.00949089  -7589638.59112923  23598468.87354108 
  26035080.78234646  -5699492.10453565    -866455.93528673  13573220.54699561 
  17852094.2349312    20579390.10753314  -1448315.83078073  30639545.35055668 
  30988785.88153991]
increment_70
[-1.05720946e+08  -1.02464554e+08  -8.59858099e+07  -8.38444986e+07 
  -1.25662830e+08  -1.02792855e+08  -1.01701550e+08  -9.81762607e+07 
  -1.00127457e+08  -9.45166639e+07  -9.22807245e+07  -8.82272126e+07 
  -1.05611414e+08  -1.05171708e+08  -1.13359284e+08  -8.62580501e+07 
  -8.64923664e+07]
[-12337240.80538124  -12661254.59539481      6934818.73449904 
      5886300.80520737    15907550.23760121  -11433542.68446694 
      1607789.9479836    -11661927.31839691      5035397.62034958 
      3135605.53542922      2125966.07379462      3825109.03468998 
    12388177.201848          1886954.08975059    -6590634.62256433 
      7828016.99941619      3372349.00379187]
[-15888253.52146904    -8704617.79620849    10914297.20142985 
      2110573.40514244    10581321.45172635    -2429330.17756518 
  -23274190.26395396    -6004732.05829238    12966568.02088992 
    -9860864.28472928    -7807494.64647443    12755115.85083514 
    22205533.26539263    19574285.93572324    -5854994.92236497 
    11827199.09146168      8258676.90000512]
[-12337240.80538124  -12661254.59539481      6934818.73449904 
      5886300.80520737    15907550.23760121  -11433542.68446694 
      1607789.9479836    -11661927.31839691      5035397.62034958 
      3135605.53542922      2125966.07379462      3825109.03468998 
    12388177.201848          1886954.08975059    -6590634.62256433 
      7828016.99941619      3372349.00379187]
[-26121862.55895215  -30086192.90510638      2138919.09522557 
      1347639.36433745  -29817808.51556893  -32863521.51627425 
  -67135660.74517316  -30133338.70078235  -16040181.45141444 
  -14141887.0800138        -920710.38971783  -22279363.90245784 
  -10805385.38341844  -28646455.48329335  -35004397.39667417 
      -585695.79785797    -7948299.02806963]
[  -3844031.10853188    -3232587.08489105      9586514.21526399 
    10721728.66875573    14016264.94147471    -7956983.02461497 
  -10694502.31578026    -3460077.66769535      6885539.5497341 
      -267965.03137229      1841318.28318532  -10332333.54866935 
    11672543.02326021      5387655.71323588      3280067.62508559 
      8814816.18868772      9775455.4929047  ]
[-15888253.52146904    -8704617.79620849    10914297.20142985 
      2110573.40514244    10581321.45172635    -2429330.17756518 
  -23274190.26395396    -6004732.05829238    12966568.02088992 
    -9860864.28472928    -7807494.64647443    12755115.85083514 
    22205533.26539263    19574285.93572324    -5854994.92236497 
    11827199.09146168      8258676.90000512]
[  -3844031.10853188    -3232587.08489105      9586514.21526399 
    10721728.66875573    14016264.94147471    -7956983.02461497 
  -10694502.31578026    -3460077.66769535      6885539.5497341 
      -267965.03137229      1841318.28318532  -10332333.54866935 
    11672543.02326021      5387655.71323588      3280067.62508559 
      8814816.18868772      9775455.4929047  ]
[  -9907148.14042375      7321107.24786511    42048744.72538798 
    37527482.28017485    -2209679.90486605    25772888.16106394 
  -12131509.10634515    25222899.65440072    28561589.05825846 
    -3745818.65589873    -5183476.31984855    15173587.71695621 
    17208049.31427202    21134582.07781584    -2823757.68345877 
    31435028.99245882    32925652.46786099]
increment_80
[-1.07686345e+08  -1.02202910e+08  -8.81336990e+07  -8.55728585e+07 
  -1.28221763e+08  -1.04156055e+08  -1.05458773e+08  -9.94707373e+07 
  -1.01284184e+08  -9.18408276e+07  -9.23930970e+07  -8.65918947e+07 
  -1.06742974e+08  -1.06023969e+08  -1.14016652e+08  -8.76972953e+07 
  -8.62476498e+07]
[-12773480.25038652  -12838181.65373592      6648578.20260719 
      6792983.93968651    16571275.82960459  -11493775.2528821 
        959868.96472233  -12042936.89976595      3489659.5871175 
      5152319.51627803      3643760.32185798      4709631.21244057 
    13170471.00104063      3313663.36562383    -5830265.62799804 
      8373138.77961919      4787064.66595262]
[-17413520.00859013    -9306211.05904207    11260897.01806337 
      2606430.15833411    11032338.12962694    -1313739.56193157 
  -24233008.09380563    -6143349.52117657    12338181.79367203 
  -10961815.17449344  -10181377.56110466    13242742.18197552 
    23258657.96568391    19824644.26416046    -6198776.46517067 
    12611209.5005225        7878609.40521616]
[-12773480.25038652  -12838181.65373592      6648578.20260719 
      6792983.93968651    16571275.82960459  -11493775.2528821 
        959868.96472233  -12042936.89976595      3489659.5871175 
      5152319.51627803      3643760.32185798      4709631.21244057 
    13170471.00104063      3313663.36562383    -5830265.62799804 
      8373138.77961919      4787064.66595262]
[-25649045.44852537  -28744657.61054062      1934069.98752606 
      2089324.357419      -30084620.1422171    -33397640.95751188 
  -66643342.01925983  -30990063.27746155  -16742467.28208482 
  -15156922.89521108      5101429.41415603  -19812934.0627478 
    -8792495.24675258  -27258044.52806679  -32724689.049581 
        179910.45971904    -5026979.43722436]
[  -3797284.51087093    -3268527.71420135      9709996.28084742 
    11394561.29039006    14395157.53036769    -8241644.24373517 
  -10655567.475928        -3564831.57103592      6189945.73567897 
      -886024.87091724      2758777.95332258  -10612402.11471355 
    12777402.90418233      5879304.11096032      3915207.33009457 
      9389246.98808516    10718396.23767076]
[-17413520.00859013    -9306211.05904207    11260897.01806337 
      2606430.15833411    11032338.12962694    -1313739.56193157 
  -24233008.09380563    -6143349.52117657    12338181.79367203 
  -10961815.17449344  -10181377.56110466    13242742.18197552 
    23258657.96568391    19824644.26416046    -6198776.46517067 
    12611209.5005225        7878609.40521616]
[  -3797284.51087093    -3268527.71420135      9709996.28084742 
    11394561.29039006    14395157.53036769    -8241644.24373517 
  -10655567.475928        -3564831.57103592      6189945.73567897 
      -886024.87091724      2758777.95332258  -10612402.11471355 
    12777402.90418233      5879304.11096032      3915207.33009457 
      9389246.98808516    10718396.23767076]
[-12930738.67212186      8456609.20490102    43074029.43441738 
    39471308.56086157    -1680290.79388902    29898482.36297567 
  -16095738.91809016    27470963.75817113    30936963.88757977 
    -1589228.73481726    -8478656.580241        17086797.25634065 
    17085456.00615947    21737451.56283443    -3423921.55526517 
    32413804.82498689    34860179.04551864]
increment_90
[-1.09338249e+08  -1.02096099e+08  -9.06077472e+07  -8.72812514e+07 
  -1.31262603e+08  -1.06281496e+08  -1.09052245e+08  -1.01638058e+08 
  -1.03486757e+08  -9.03940235e+07  -9.16603829e+07  -8.47007104e+07 
  -1.07320670e+08  -1.06803102e+08  -1.14995173e+08  -8.94285427e+07 
  -8.62881622e+07]
[-12667337.87185721  -12869771.73162247      6203739.97839616 
      7484613.39730437    17378028.70275627  -11604744.8903454 
        219683.40873559  -12436421.16864606      1718210.41210974 
      7671615.12255437      5872569.57020524      5683883.54936592 
    13868904.34399536      4545730.1125452      -5048090.16865654 
      8819156.13825496      6127323.5291844  ]
[-18333494.32316098    -9527631.71662354    11468327.62911047 
      3499517.6086428      11832731.89671284      -535728.56569428 
  -23765777.22491588    -5968647.45347592    11775602.80773472 
  -12269576.75615587  -11479810.47912594    13317606.70618132 
    24247977.28382942    20004008.69889829    -5846797.76059797 
    13458707.63823569      7722783.20719071]
[-12667337.87185721  -12869771.73162247      6203739.97839616 
      7484613.39730437    17378028.70275627  -11604744.8903454 
        219683.40873559  -12436421.16864606      1718210.41210974 
      7671615.12255437      5872569.57020524      5683883.54936592 
    13868904.34399536      4545730.1125452      -5048090.16865654 
      8819156.13825496      6127323.5291844  ]
[-24512115.62143841  -27782824.44491753      1243425.31832948 
      2800827.64505703  -30905002.47615032  -34347257.55973681 
  -62863853.0801839    -32769287.34929156  -18640586.51011893 
  -19444919.63369159    11959362.47869422  -16617388.23367323 
    -6344047.0327743    -26038597.1216314    -31098746.66422744 
        715344.53111139    -2380949.26303447]
[  -3405647.86455495    -3197444.64490926      9784770.95630772 
    11961900.17800352    14770328.05978798    -8479384.97410714 
    -9576015.46383878    -3657752.71697793      5327993.88771039 
    -1921776.20191081      4108385.2934003    -10588811.93524858 
    13827857.52182051      6300775.4541772        4602455.88714675 
      9918750.04038654    11618319.43177851]
[-18333494.32316098    -9527631.71662354    11468327.62911047 
      3499517.6086428      11832731.89671284      -535728.56569428 
  -23765777.22491588    -5968647.45347592    11775602.80773472 
  -12269576.75615587  -11479810.47912594    13317606.70618132 
    24247977.28382942    20004008.69889829    -5846797.76059797 
    13458707.63823569      7722783.20719071]
[  -3405647.86455495    -3197444.64490926      9784770.95630772 
    11961900.17800352    14770328.05978798    -8479384.97410714 
    -9576015.46383878    -3657752.71697793      5327993.88771039 
    -1921776.20191081      4108385.2934003    -10588811.93524858 
    13827857.52182051      6300775.4541772        4602455.88714675 
      9918750.04038654    11618319.43177851]
[-15390998.75499917    10164747.23059549    43660134.65249775 
    41824737.88666253    -1578585.8017572      32475397.15941244 
  -18985085.84990231    29760240.8455968      32565941.12079294 
      -248028.93284096    -9861808.08909815    18560544.4613812 
    17452899.94162872    22362831.43771056    -3205692.3951792 
    33208460.12536601    36889360.71762598]
increment_100
[-1.10575059e+08  -1.02135203e+08  -9.35244587e+07  -8.89707400e+07 
  -1.34764276e+08  -1.09051955e+08  -1.12353523e+08  -1.04801733e+08 
  -1.06722137e+08  -8.99194665e+07  -9.03422298e+07  -8.27463476e+07 
  -1.07374901e+08  -1.07201662e+08  -1.16419141e+08  -9.13302804e+07 
  -8.64831015e+07]
[-11910412.3064399    -12882372.69540979      5582797.01422141 
      7964840.45104964    18310575.41114237  -11695245.4792758 
      -230651.24923347  -12827930.12145365          37043.39443785 
    10377616.63329023      8951443.57626586      6978008.18583336 
    14671935.13881199      5849165.07126216    -4413991.93316376 
      9125468.48621614      7606634.06619856]
[-18500067.08727889    -9608988.18701129    11533634.72032442 
      5077165.53041642    13131204.42929627        -72414.19014503 
  -21802506.13198567    -5521474.98102376    11306899.94585055 
  -13843711.70201121  -11562679.71014913    13186381.52602753 
    25077052.5842507      20402318.22757556    -5053831.97655752 
    14309558.91234044      8089257.13964534]
[-11910412.3064399    -12882372.69540979      5582797.01422141 
      7964840.45104964    18310575.41114237  -11695245.4792758 
      -230651.24923347  -12827930.12145365          37043.39443785 
    10377616.63329023      8951443.57626586      6978008.18583336 
    14671935.13881199      5849165.07126216    -4413991.93316376 
      9125468.48621614      7606634.06619856]
[-22537884.69004418  -27163154.49596475      -112544.5733992 
      3540315.15143174  -32436644.23571456  -35804426.9805763 
  -55709427.13972867  -35234628.09639124  -21455409.65646199 
  -25772933.99097114    19550743.87496921  -12935357.49828299 
    -3297661.06728281  -24472254.23378244  -30512312.80598014 
      1150956.86987161        367252.85107198]
[  -2610146.88144578    -3079746.12194401      9816925.74966539 
    12608709.02684041    15009112.94821133    -8750251.76526928 
    -7269454.71313181    -3760215.81278625      4455995.27191422 
    -3370308.55576796      5991553.86905833  -10429294.01947287 
    14925399.22113517      6863738.89133874      5312505.71521845 
    10472415.02104642    12743969.80073946]
[-18500067.08727889    -9608988.18701129    11533634.72032442 
      5077165.53041642    13131204.42929627        -72414.19014503 
  -21802506.13198567    -5521474.98102376    11306899.94585055 
  -13843711.70201121  -11562679.71014913    13186381.52602753 
    25077052.5842507      20402318.22757556    -5053831.97655752 
    14309558.91234044      8089257.13964534]
[  -2610146.88144578    -3079746.12194401      9816925.74966539 
    12608709.02684041    15009112.94821133    -8750251.76526928 
    -7269454.71313181    -3760215.81278625      4455995.27191422 
    -3370308.55576796      5991553.86905833  -10429294.01947287 
    14925399.22113517      6863738.89133874      5312505.71521845 
    10472415.02104642    12743969.80073946]
[-17010724.15631475    12173949.98913825    43576252.05878934 
    44632121.06855244    -1891586.11288736    33552379.60286619 
  -20652138.29050405    31749013.05259345    33179249.73122405 
        382989.03844444    -9627171.2481644      19180236.7504574 
    17979310.99986748    23169559.63952021    -2338451.60182408 
    33642588.58856043    39037105.15970628]
increment_110
[-1.11376819e+08  -1.02303040e+08  -9.65600512e+07  -9.06773358e+07 
  -1.38275323e+08  -1.12092275e+08  -1.15643738e+08  -1.08871691e+08 
  -1.10544455e+08  -9.00757126e+07  -8.86692914e+07  -8.07511630e+07 
  -1.06997693e+08  -1.06940459e+08  -1.18150573e+08  -9.31535757e+07 
  -8.62902128e+07]
[-10531038.52961486  -12957401.29474191      4787772.69110093 
      8323393.71159125    19079924.23606517  -11680989.07426786 
      -170062.42629834  -13223462.75116879    -1153038.81439015 
    12791177.41654722    12563347.05086203      8317134.26348369 
    15771370.98481736      7356339.87743346    -4100749.29888756 
      9322412.65266282      9354599.6538972  ]
[-18138705.34590866  -10116680.80599764    11518918.25751627 
      7735265.20057251    15148307.41978541          48310.72759488 
  -18802587.70791615    -5078800.64795794    10922755.40706226 
  -15614878.69067588  -10991825.42761319    12653241.58886438 
    25701795.12857682    21036915.91091582    -4563401.82224098 
    15119252.46985176      8988510.65278349]
[-10531038.52961486  -12957401.29474191      4787772.69110093 
      8323393.71159125    19079924.23606517  -11680989.07426786 
      -170062.42629834  -13223462.75116879    -1153038.81439015 
    12791177.41654722    12563347.05086203      8317134.26348369 
    15771370.98481736      7356339.87743346    -4100749.29888756 
      9322412.65266282      9354599.6538972  ]
[-19514340.00441395  -26627275.53927094    -1788551.55142729 
      4467937.97705078  -34717451.99050607  -37534233.78475006 
  -45390864.85901144  -38086250.70837831  -24411285.62451904 
  -31850655.95809865    28389630.22376695    -9056470.20456809 
        567760.87150739  -22135009.64796821  -30754494.5512335 
      1771567.32996215      3912330.57313322]
[  -1471867.61690763    -2995500.15464541      9866849.24566464 
    13649404.67945745    14794487.30816972    -9038312.27043778 
    -3739724.33128276    -3969967.87158246      3802942.55973813 
    -4980360.10293709      8296022.14089614  -10397992.43160856 
    16224337.84635028      7696584.30787746      5899141.34475531 
    11124650.06293662    14244710.0472896  ]
[-18138705.34590866  -10116680.80599764    11518918.25751627 
      7735265.20057251    15148307.41978541          48310.72759488 
  -18802587.70791615    -5078800.64795794    10922755.40706226 
  -15614878.69067588  -10991825.42761319    12653241.58886438 
    25701795.12857682    21036915.91091582    -4563401.82224098 
    15119252.46985176      8988510.65278349]
[  -1471867.61690763    -2995500.15464541      9866849.24566464 
    13649404.67945745    14794487.30816972    -9038312.27043778 
    -3739724.33128276    -3969967.87158246      3802942.55973813 
    -4980360.10293709      8296022.14089614  -10397992.43160856 
    16224337.84635028      7696584.30787746      5899141.34475531 
    11124650.06293662    14244710.0472896  ]
[-17981413.86329263    13524346.97271872    43219534.80238912 
    47802815.90416808    -2155777.55026282    33515634.97812164 
  -21911188.84501057    32719179.37457239    32850738.33683742 
        342052.93314877    -8676632.13537174    19011293.46296338 
    18380233.27156663    24487946.7109912      -1766541.5876599 
    33800022.11394563    41587742.37269288]
increment_120
[-1.11790819e+08  -1.02583188e+08  -9.92755967e+07  -9.27950775e+07 
  -1.41331555e+08  -1.15175987e+08  -1.18951086e+08  -1.13524911e+08 
  -1.14165951e+08  -9.04353510e+07  -8.66294556e+07  -7.84670486e+07 
  -1.06416722e+08  -1.06268643e+08  -1.20042050e+08  -9.46891408e+07 
  -8.56195139e+07]
[  -8874724.20540278  -13062329.87121659      3900818.13600938 
      8518744.28778579    19223699.92443898  -11433140.08961947 
        161672.43716486  -13585436.49615908    -1631428.54163212 
    14962037.82958234    16375470.36071128      9189682.81876256 
    17209999.80267186      8823705.76026321    -4059230.99805633 
      9523217.55120472    11169848.42054839]
[-17777342.37366499  -11229214.00261101    11384212.61511941 
    11451863.98556606    17827974.74472416      -179650.28539045 
  -15545878.84568122    -4700674.86865528    10541871.98348323 
  -17573098.90577727  -10600378.81834613    11373745.15626534 
    26219861.66341263    21827510.95704257    -4603737.63958762 
    15883737.8687503      10244688.39315528]
[  -8874724.20540278  -13062329.87121659      3900818.13600938 
      8518744.28778579    19223699.92443898  -11433140.08961947 
        161672.43716486  -13585436.49615908    -1631428.54163212 
    14962037.82958234    16375470.36071128      9189682.81876256 
    17209999.80267186      8823705.76026321    -4059230.99805633 
      9523217.55120472    11169848.42054839]
[-15670132.11517136  -25993025.33275199    -3221299.10055529 
      5266472.54358932  -37754526.76184442  -39321888.39697615 
  -32660059.6715803    -41173135.83215076  -26607366.84892529 
  -35319660.95335691    38374639.70724259    -4916414.09865644 
      5253164.52411434  -19434873.53243044  -31419738.03165524 
      2869783.97064171      8119087.78290197]
[    -210209.30483969    -2916118.38229247    10020807.36610584 
    15213786.02461233    13780878.36591579    -9300802.3499734 
        616046.31049197    -4373339.7003795        3474473.02217828 
    -6364963.56251527    10661843.70333738  -10551433.62263615 
    17797205.70795283      8622720.88811963      6320060.25033613 
    11948331.19448725    15952807.77253435]
[-17777342.37366499  -11229214.00261101    11384212.61511941 
    11451863.98556606    17827974.74472416      -179650.28539045 
  -15545878.84568122    -4700674.86865528    10541871.98348323 
  -17573098.90577727  -10600378.81834613    11373745.15626534 
    26219861.66341263    21827510.95704257    -4603737.63958762 
    15883737.8687503      10244688.39315528]
[    -210209.30483969    -2916118.38229247    10020807.36610584 
    15213786.02461233    13780878.36591579    -9300802.3499734 
        616046.31049197    -4373339.7003795        3474473.02217828 
    -6364963.56251527    10661843.70333738  -10551433.62263615 
    17797205.70795283      8622720.88811963      6320060.25033613 
    11948331.19448725    15952807.77253435]
[-18666905.14717049    13804528.78893199    43153463.52334064 
    51032800.18085034    -1924299.92274558    32817309.45051786 
  -23434391.13862387    32660966.99247012    32038304.04530245 
      -555804.62404126    -7683871.93790237    18682396.49055818 
    18484328.05813684    26305072.84658743    -1914223.50358033 
    33895902.58410608    44719782.58006655]
