inc
sigma_11
sigma_12
sigma_13
sigma_21
sigma_22
sigma_23
sigma_31
sigma_32
sigma_33
increment_0
[5.165087e-05  5.165087e-05  5.165087e-05  5.165087e-05  5.165087e-05 
  5.165087e-05  5.165087e-05  5.165087e-05  5.165087e-05  5.165087e-05 
  5.165087e-05  5.165087e-05  5.165087e-05  5.165087e-05  5.165087e-05 
  5.165087e-05  5.165087e-05  5.165087e-05  5.165087e-05  5.165087e-05 
  5.165087e-05  5.165087e-05  5.165087e-05]
[-2.04454334e-06  -2.04454334e-06  -2.04454334e-06  -2.04454334e-06 
  -2.04454334e-06  -2.04454334e-06  -2.04454334e-06  -2.04454334e-06 
  -2.04454334e-06  -2.04454334e-06  -2.04454334e-06  -2.04454334e-06 
  -2.04454334e-06  -2.04454334e-06  -2.04454334e-06  -2.04454334e-06 
  -2.04454334e-06  -2.04454334e-06  -2.04454334e-06  -2.04454334e-06 
  -2.04454334e-06  -2.04454334e-06  -2.04454334e-06]
[-9.78996593e-06  -9.78996593e-06  -9.78996593e-06  -9.78996593e-06 
  -9.78996593e-06  -9.78996593e-06  -9.78996593e-06  -9.78996593e-06 
  -9.78996593e-06  -9.78996593e-06  -9.78996593e-06  -9.78996593e-06 
  -9.78996593e-06  -9.78996593e-06  -9.78996593e-06  -9.78996593e-06 
  -9.78996593e-06  -9.78996593e-06  -9.78996593e-06  -9.78996593e-06 
  -9.78996593e-06  -9.78996593e-06  -9.78996593e-06]
[-2.04454334e-06  -2.04454334e-06  -2.04454334e-06  -2.04454334e-06 
  -2.04454334e-06  -2.04454334e-06  -2.04454334e-06  -2.04454334e-06 
  -2.04454334e-06  -2.04454334e-06  -2.04454334e-06  -2.04454334e-06 
  -2.04454334e-06  -2.04454334e-06  -2.04454334e-06  -2.04454334e-06 
  -2.04454334e-06  -2.04454334e-06  -2.04454334e-06  -2.04454334e-06 
  -2.04454334e-06  -2.04454334e-06  -2.04454334e-06]
[4.15690783e-05  4.15690783e-05  4.15690783e-05  4.15690783e-05 
  4.15690783e-05  4.15690783e-05  4.15690783e-05  4.15690783e-05 
  4.15690783e-05  4.15690783e-05  4.15690783e-05  4.15690783e-05 
  4.15690783e-05  4.15690783e-05  4.15690783e-05  4.15690783e-05 
  4.15690783e-05  4.15690783e-05  4.15690783e-05  4.15690783e-05 
  4.15690783e-05  4.15690783e-05  4.15690783e-05]
[4.90307485e-06  4.90307485e-06  4.90307485e-06  4.90307485e-06 
  4.90307485e-06  4.90307485e-06  4.90307485e-06  4.90307485e-06 
  4.90307485e-06  4.90307485e-06  4.90307485e-06  4.90307485e-06 
  4.90307485e-06  4.90307485e-06  4.90307485e-06  4.90307485e-06 
  4.90307485e-06  4.90307485e-06  4.90307485e-06  4.90307485e-06 
  4.90307485e-06  4.90307485e-06  4.90307485e-06]
[-9.78996593e-06  -9.78996593e-06  -9.78996593e-06  -9.78996593e-06 
  -9.78996593e-06  -9.78996593e-06  -9.78996593e-06  -9.78996593e-06 
  -9.78996593e-06  -9.78996593e-06  -9.78996593e-06  -9.78996593e-06 
  -9.78996593e-06  -9.78996593e-06  -9.78996593e-06  -9.78996593e-06 
  -9.78996593e-06  -9.78996593e-06  -9.78996593e-06  -9.78996593e-06 
  -9.78996593e-06  -9.78996593e-06  -9.78996593e-06]
[4.90307485e-06  4.90307485e-06  4.90307485e-06  4.90307485e-06 
  4.90307485e-06  4.90307485e-06  4.90307485e-06  4.90307485e-06 
  4.90307485e-06  4.90307485e-06  4.90307485e-06  4.90307485e-06 
  4.90307485e-06  4.90307485e-06  4.90307485e-06  4.90307485e-06 
  4.90307485e-06  4.90307485e-06  4.90307485e-06  4.90307485e-06 
  4.90307485e-06  4.90307485e-06  4.90307485e-06]
[5.83721239e-05  5.83721239e-05  5.83721239e-05  5.83721239e-05 
  5.83721239e-05  5.83721239e-05  5.83721239e-05  5.83721239e-05 
  5.83721239e-05  5.83721239e-05  5.83721239e-05  5.83721239e-05 
  5.83721239e-05  5.83721239e-05  5.83721239e-05  5.83721239e-05 
  5.83721239e-05  5.83721239e-05  5.83721239e-05  5.83721239e-05 
  5.83721239e-05  5.83721239e-05  5.83721239e-05]
increment_10
[-9.53477760e+07  -9.49488223e+07  -9.85078880e+07  -9.23034271e+07 
  -8.43754328e+07  -9.08607787e+07  -8.10212873e+07  -7.97969281e+07 
  -8.62513392e+07  -8.73107045e+07  -9.38779579e+07  -8.36158574e+07 
  -7.97327909e+07  -9.14110921e+07  -8.65000068e+07  -9.72394546e+07 
  -9.47954615e+07  -9.32299188e+07  -9.76963600e+07  -9.13750786e+07 
  -9.57523738e+07  -9.41302945e+07  -1.02985206e+08]
[  14658515.50995637    12711409.83036081    17800980.99360503 
      8314143.84258604      2728110.22526661    -2756608.28247612 
    -7256362.09365381  -14530065.95443256    -3750392.04605622 
    -3137410.42201527    -8753982.78301465    -5656276.64435049 
    -7745783.4711684    -16425776.45501484  -18066806.10876501 
    -9914799.03944248  -10627115.07776683    -9678289.09713367 
  -18271206.34408062  -20341412.76839128  -21524830.01934859 
  -32685972.7182988    -24393270.7108717  ]
[-11053647.23500417  -11169088.11021064    -5583427.20468099 
  -14907708.36865321  -12115297.29405905  -15017338.41258537 
  -21926491.23833599  -19276276.45495153  -23259144.03562019 
  -17128188.92533979  -25681377.89278428  -19443577.91385644 
  -13349991.08224969  -17164876.27192556  -18384152.94978122 
  -20291913.32343098  -10530999.45237816  -15540249.11189416 
  -14449102.40221286  -24246873.28962718    -8349946.81316832 
  -11505383.25895354  -13805504.76614851]
[  14658515.50995637    12711409.83036081    17800980.99360503 
      8314143.84258604      2728110.22526661    -2756608.28247612 
    -7256362.09365381  -14530065.95443256    -3750392.04605622 
    -3137410.42201527    -8753982.78301465    -5656276.64435049 
    -7745783.4711684    -16425776.45501484  -18066806.10876501 
    -9914799.03944248  -10627115.07776683    -9678289.09713367 
  -18271206.34408062  -20341412.76839128  -21524830.01934859 
  -32685972.7182988    -24393270.7108717  ]
[-18565565.44377811  -19913618.398794      -18335585.4338479 
  -17075333.96224735    -9065778.80746711  -17859332.62743807 
    -8539851.43345871    -9766150.09757485  -12959699.26136612 
  -13216837.41449412  -22489268.45915904  -10713174.63309642 
    -8777074.64133383  -23057084.18532386  -20188390.21605349 
  -26740509.26689023  -25957135.78767013  -23856775.71930026 
  -32849462.01349406  -24008194.48225727  -32834344.82535898 
  -34859929.31928902  -40476509.90927434]
[-15950639.81630414  -16370084.47725876  -16780848.80157316 
  -12506250.91305441    -9917493.45272225    -6093205.52955002 
    -3806880.23756359      -592176.04368264      2521833.28206674 
    -4811759.40678061      1016682.48848562      1323912.24833529 
      3756535.31817677      2265278.93582525      8748486.40133203 
      5340091.3360844        7119855.41581741      4796855.6494133 
      9023599.9135014        1347911.85709264    16440329.23096277 
    17831646.47166472    14157401.08869507]
[-11053647.23500417  -11169088.11021064    -5583427.20468099 
  -14907708.36865321  -12115297.29405905  -15017338.41258537 
  -21926491.23833599  -19276276.45495153  -23259144.03562019 
  -17128188.92533979  -25681377.89278428  -19443577.91385644 
  -13349991.08224969  -17164876.27192556  -18384152.94978122 
  -20291913.32343098  -10530999.45237816  -15540249.11189416 
  -14449102.40221286  -24246873.28962718    -8349946.81316832 
  -11505383.25895354  -13805504.76614851]
[-15950639.81630414  -16370084.47725876  -16780848.80157316 
  -12506250.91305441    -9917493.45272225    -6093205.52955002 
    -3806880.23756359      -592176.04368264      2521833.28206674 
    -4811759.40678061      1016682.48848562      1323912.24833529 
      3756535.31817677      2265278.93582525      8748486.40133203 
      5340091.3360844        7119855.41581741      4796855.6494133 
      9023599.9135014        1347911.85709264    16440329.23096277 
    17831646.47166472    14157401.08869507]
[    3034919.03780982      3320615.57674444  -12210030.567133 
      6535745.52753269      4260967.19218216      1693262.59741478 
      5093636.38424313      5315536.85272722    19465562.84485456 
    -1159257.4569332      13861285.66085211      4637330.1404489 
    17793245.90736051    -1084580.49808757    20389744.20379314 
      9825238.5428784        7547516.18517404    14132944.15595024 
      8761873.09169616      1117380.58284555    12966438.4771651 
      7030939.75455116      3015121.31328451]
increment_20
[-9.64880254e+07  -9.60521121e+07  -9.96975010e+07  -9.46715068e+07 
  -8.74392571e+07  -8.88832579e+07  -7.70577914e+07  -7.19091938e+07 
  -9.19287337e+07  -8.91888305e+07  -9.57995022e+07  -8.58837931e+07 
  -7.79061437e+07  -8.82386942e+07  -8.19087917e+07  -9.92363768e+07 
  -9.91398544e+07  -9.99092679e+07  -1.02153495e+08  -9.02141001e+07 
  -9.30756231e+07  -9.98969342e+07  -1.06165253e+08]
[  19221578.519732        15570082.50376906    21954906.41433292 
    13915636.0522834        6160593.65963437    -4325031.04419296 
  -10167351.56734309  -21018708.26699868    -6350282.70224638 
    -4002410.02715134  -12362399.96616337  -10072638.1651263 
  -13195010.57885672  -23588277.56217732  -22428157.82120921 
  -13708068.05309527  -13628880.66966249  -12340333.94838715 
  -20664442.63992751  -23036272.19166123  -25833469.99390825 
  -34328543.75247626  -24724429.93814411]
[-10583402.83814622  -11066056.9471697      -3709909.99644369 
  -12466595.90523487  -12344349.2923149    -14595985.21813625 
  -21194594.30723134  -19304675.16967924  -25269465.48581026 
  -18706020.10381043  -29231806.00879933  -19342332.56649364 
  -18813314.16659822  -21093506.64621176  -18478929.25175706 
  -26806951.91390871  -11898440.30728201  -22502350.12389675 
  -15903727.13812704  -28958063.2505253      -9451829.51732173 
  -14663549.23231098  -14555486.78234105]
[  19221578.519732        15570082.50376906    21954906.41433292 
    13915636.0522834        6160593.65963437    -4325031.04419296 
  -10167351.56734309  -21018708.26699868    -6350282.70224638 
    -4002410.02715134  -12362399.96616337  -10072638.1651263 
  -13195010.57885672  -23588277.56217732  -22428157.82120921 
  -13708068.05309527  -13628880.66966249  -12340333.94838715 
  -20664442.63992751  -23036272.19166123  -25833469.99390825 
  -34328543.75247626  -24724429.93814411]
[-18101852.65261701  -22490972.14825573  -18233809.84084533 
  -16891654.74402142  -10519983.51807409  -15326489.3690644 
    -4865449.11852421    -3630928.91091627  -19135198.03016286 
  -15075314.80974613  -25324687.81360561  -14231066.07465558 
    -7339664.4314361    -20997820.27803703  -16955924.87958445 
  -28952573.07066149  -31437295.57411059  -30233439.14867392 
  -38560160.13541219  -23068003.18920115  -30236686.01715377 
  -39487286.14058593  -42949294.79602069]
[-17765963.47930731  -19419813.3773056    -19870650.89401168 
  -13889138.60538263  -10240038.43481967    -6574779.56982433 
    -4595177.84509692      2240391.45040178      3441097.77837483 
    -3905390.3597903        6201285.36510844      4325012.40836525 
      4495162.20550654      2662777.11943063    14424238.53782324 
      6185591.99635988    10454188.08570642      4231581.74382609 
    12324480.44205996      1438138.2407162      17846508.53277146 
    18223712.04685819    14341962.68988054]
[-10583402.83814622  -11066056.9471697      -3709909.99644369 
  -12466595.90523487  -12344349.2923149    -14595985.21813625 
  -21194594.30723134  -19304675.16967924  -25269465.48581026 
  -18706020.10381043  -29231806.00879933  -19342332.56649364 
  -18813314.16659822  -21093506.64621176  -18478929.25175706 
  -26806951.91390871  -11898440.30728201  -22502350.12389675 
  -15903727.13812704  -28958063.2505253      -9451829.51732173 
  -14663549.23231098  -14555486.78234105]
[-17765963.47930731  -19419813.3773056    -19870650.89401168 
  -13889138.60538263  -10240038.43481967    -6574779.56982433 
    -4595177.84509692      2240391.45040178      3441097.77837483 
    -3905390.3597903        6201285.36510844      4325012.40836525 
      4495162.20550654      2662777.11943063    14424238.53782324 
      6185591.99635988    10454188.08570642      4231581.74382609 
    12324480.44205996      1438138.2407162      17846508.53277146 
    18223712.04685819    14341962.68988054]
[    3817003.13138539      4024639.64294107  -13184935.35242572 
      8939497.43511829      6125656.62368103      -939355.29019186 
      6144879.8521992      12247509.92536835    18034764.56361848 
      1448422.40792153    22272688.42291347      7290832.88369842 
    19289689.21497731    -3609350.93433071    31763192.58869759 
    13583897.24477041    10592026.34868711    12401498.62997812 
    12649417.01016847      2276101.84388764    13661606.17165175 
      4088627.76922775        903398.5819177  ]
increment_30
[-9.73561515e+07  -9.62957209e+07  -9.95051466e+07  -9.48215779e+07 
  -8.98597127e+07  -9.00942121e+07  -7.71997487e+07  -6.91179228e+07 
  -9.19623109e+07  -8.87906864e+07  -9.45552405e+07  -8.72837362e+07 
  -7.86639415e+07  -8.81623701e+07  -8.22160856e+07  -1.00135753e+08 
  -1.01937131e+08  -1.02131858e+08  -1.04090041e+08  -9.09532892e+07 
  -9.50295247e+07  -1.03522062e+08  -1.06676228e+08]
[  20181725.17596432    15576091.76768285    22541079.02532149 
    15887372.44046693      7701492.6465231      -3037271.62679436 
    -9576096.75755358  -23300212.17001624    -8801710.2049806 
    -7434859.02990134  -15296070.84772522  -13427120.38577306 
  -16126188.33053154  -24377997.04226607  -21901680.4091212 
  -15632982.84234203  -13961044.05506992  -12609055.49614288 
  -21860199.99910808  -22790602.58581978  -26690350.68861899 
  -33995370.13205251  -25025516.70567773]
[-10686198.11835218  -11147570.66177449    -3364986.33655188 
  -11009397.29763685  -11777601.53803347  -13945319.73415618 
  -20433200.83541774  -19087285.9304576    -25831242.8364453 
  -19837181.91303924  -30768674.54949789  -20926457.739494 
  -20658538.76234794  -22188966.98160708  -18708885.9869428 
  -28684407.61710747  -13423926.88278691  -24860354.61437989 
  -16403847.58002029  -29323771.73202069  -10747974.02000338 
  -15243976.73899057  -14991686.11182449]
[  20181725.17596432    15576091.76768285    22541079.02532149 
    15887372.44046693      7701492.6465231      -3037271.62679436 
    -9576096.75755358  -23300212.17001624    -8801710.2049806 
    -7434859.02990134  -15296070.84772522  -13427120.38577306 
  -16126188.33053154  -24377997.04226607  -21901680.4091212 
  -15632982.84234203  -13961044.05506992  -12609055.49614288 
  -21860199.99910808  -22790602.58581978  -26690350.68861899 
  -33995370.13205251  -25025516.70567773]
[-18416196.14303109  -22854106.06378305  -17206039.76727426 
  -15517235.17782358  -12024146.01815794  -15487915.11828629 
    -4176648.4360105        -904468.02439241  -19316607.25770882 
  -15086279.04475015  -24318016.22989082  -16195555.83332557 
    -7989963.86742639  -20417545.78464505  -16155401.17671213 
  -29508410.59632631  -33457922.14357542  -31361769.24148121 
  -40184133.88678221  -22979456.1983886    -31405332.68926166 
  -41961763.31081226  -42662795.54529596]
[-18459060.50426869  -20175569.37144316  -20325481.24873147 
  -14895654.3581735    -10603905.18833836    -7053600.18609939 
    -5209331.19840651      3995322.19322294      4417531.49329005 
    -2442529.00112097      8029480.51015894      6963922.29282878 
      5835622.40127118      2599872.8636662      14697039.41683445 
      7171304.3555143        9968408.29123515      3497807.73199853 
    13288978.00907242      1346477.24907875    17993157.4231378 
    18292723.79443026    14156248.6822129  ]
[-10686198.11835218  -11147570.66177449    -3364986.33655188 
  -11009397.29763685  -11777601.53803347  -13945319.73415618 
  -20433200.83541774  -19087285.9304576    -25831242.8364453 
  -19837181.91303924  -30768674.54949789  -20926457.739494 
  -20658538.76234794  -22188966.98160708  -18708885.9869428 
  -28684407.61710747  -13423926.88278691  -24860354.61437989 
  -16403847.58002029  -29323771.73202069  -10747974.02000338 
  -15243976.73899057  -14991686.11182449]
[-18459060.50426869  -20175569.37144316  -20325481.24873147 
  -14895654.3581735    -10603905.18833836    -7053600.18609939 
    -5209331.19840651      3995322.19322294      4417531.49329005 
    -2442529.00112097      8029480.51015894      6963922.29282878 
      5835622.40127118      2599872.8636662      14697039.41683445 
      7171304.3555143        9968408.29123515      3497807.73199853 
    13288978.00907242      1346477.24907875    17993157.4231378 
    18292723.79443026    14156248.6822129  ]
[    3805212.99410099      4435334.26681115  -12585236.76507547 
      9086367.77975008      6026429.45444802    -1549892.14481264 
      5697683.83593405    15423021.52306531    18013359.15374491 
      1477726.75652851    25625047.70182044      8997290.6564826 
    18291801.77942134    -2828814.44817859    34130967.48220566 
    15017327.99778868      9627733.92029821    12323420.18650281 
    13215311.36356997      3147997.03204096    13048315.10695837 
      3268745.66745129        543526.00090891]
increment_40
[-9.83957022e+07  -9.66018372e+07  -9.93720553e+07  -9.44817000e+07 
  -9.12723792e+07  -9.13332633e+07  -7.75696040e+07  -6.79265976e+07 
  -9.16263473e+07  -8.89722846e+07  -9.30546005e+07  -8.87508239e+07 
  -7.99992817e+07  -8.87322762e+07  -8.35270146e+07  -1.01315420e+08 
  -1.03613406e+08  -1.03120444e+08  -1.06022185e+08  -9.23727003e+07 
  -9.72298195e+07  -1.05263710e+08  -1.07326337e+08]
[  20836901.96759483    15913194.32217499    22617400.56003216 
    16883739.46621069      7820070.73168463    -1821660.7110663 
    -8993877.19089005  -24619923.39009716  -10874825.93410122 
  -10156453.7025384    -17180267.45460597  -15831650.13669961 
  -17851135.57141702  -23927216.30158103  -21583738.88054358 
  -16717311.4262215    -14108943.6962446    -12906301.57338482 
  -22532417.5640021    -22702949.21295767  -26715212.2938792 
  -33546915.16450313  -25645584.52051288]
[-10795578.52926641  -10873339.93347218    -3049381.09817935 
    -9900759.93580264  -11800176.15120652  -13564702.05509363 
  -20009921.66736946  -18839178.24890289  -26279661.11806497 
  -20593428.884714      -31664954.91329118  -22353207.44916961 
  -21167017.17183777  -23339207.38022514  -19179522.09557966 
  -29591325.2360234    -15307711.4246294    -25399713.39128257 
  -17063290.56032735  -29359942.58382794  -11853503.59296974 
  -15086666.67287861  -15945462.07859505]
[  20836901.96759483    15913194.32217499    22617400.56003216 
    16883739.46621069      7820070.73168463    -1821660.7110663 
    -8993877.19089005  -24619923.39009716  -10874825.93410122 
  -10156453.7025384    -17180267.45460597  -15831650.13669961 
  -17851135.57141702  -23927216.30158103  -21583738.88054358 
  -16717311.4262215    -14108943.6962446    -12906301.57338482 
  -22532417.5640021    -22702949.21295767  -26715212.2938792 
  -33546915.16450313  -25645584.52051288]
[-19024256.63238195  -22375356.48577185  -16336067.60253428 
  -14194177.80354371  -12939499.41775719  -15791143.13045549 
    -3678716.72112045        536024.80589434  -18918129.82042291 
  -15378946.87265974  -22641803.0793864    -17675922.19374421 
    -8995106.54573158  -19963146.28071252  -16388982.40235436 
  -30087676.64299785  -33947534.43947287  -31498173.98774612 
  -41471375.68558551  -23644512.89856036  -32596882.29743385 
  -42542760.15131275  -42643017.5298973  ]
[-19102719.34928755  -20653887.98438556  -20563253.9390555 
  -15937056.0261519    -10577602.35568809    -7733973.70677418 
    -5316948.87420377      5587888.97094485      5305639.16667573 
    -1462086.63087577      9223472.13661115      8414712.14618765 
      7062269.76003233      2382202.73029688    14822040.601906 
      8044522.07815118      8726172.39690831      3711665.98637282 
    13560908.44247264      1130725.68586866    18033309.77962877 
    18506033.56550096    14017135.86174164]
[-10795578.52926641  -10873339.93347218    -3049381.09817935 
    -9900759.93580264  -11800176.15120652  -13564702.05509363 
  -20009921.66736946  -18839178.24890289  -26279661.11806497 
  -20593428.884714      -31664954.91329118  -22353207.44916961 
  -21167017.17183777  -23339207.38022514  -19179522.09557966 
  -29591325.2360234    -15307711.4246294    -25399713.39128257 
  -17063290.56032735  -29359942.58382794  -11853503.59296974 
  -15086666.67287861  -15945462.07859505]
[-19102719.34928755  -20653887.98438556  -20563253.9390555 
  -15937056.0261519    -10577602.35568809    -7733973.70677418 
    -5316948.87420377      5587888.97094485      5305639.16667573 
    -1462086.63087577      9223472.13661115      8414712.14618765 
      7062269.76003233      2382202.73029688    14822040.601906 
      8044522.07815118      8726172.39690831      3711665.98637282 
    13560908.44247264      1130725.68586866    18033309.77962877 
    18506033.56550096    14017135.86174164]
[    3525742.55188038      4990553.30182759  -12203771.58228688 
      8989261.31741126      6305988.69067583    -2018651.4041955 
      5580187.47167224    17973753.22617621    18211664.22640954 
        889340.23765805    28690484.77863365      9705282.06385552 
    17303021.80271154    -1425832.44997331    35128458.2476657 
    15770065.02579404      8277118.66088001    13331884.10880648 
    13164380.33567334      2569207.22969132    12941845.21935393 
      3685604.08477658        447420.3075354  ]
increment_50
[-9.94753807e+07  -9.71734350e+07  -9.92478963e+07  -9.40888072e+07 
  -9.20587242e+07  -9.24282240e+07  -7.78901457e+07  -6.72356122e+07 
  -9.13117796e+07  -8.93022019e+07  -9.17132448e+07  -9.03692365e+07 
  -8.17740908e+07  -8.91424758e+07  -8.48206426e+07  -1.02267473e+08 
  -1.04415105e+08  -1.03816497e+08  -1.07842146e+08  -9.41630449e+07 
  -9.91195527e+07  -1.06175255e+08  -1.08269644e+08]
[  21354270.58351628    16771386.22079073    22644752.39670657 
    17557153.33253776      7275879.94224324      -882407.75760795 
    -8699975.72441956  -25542859.98569018  -12583196.43454483 
  -12069250.93755602  -18381210.59377152  -17467133.40031034 
  -18996475.06249896  -23079338.51397899  -21584155.89296157 
  -17437770.13537828  -14277114.27030717  -13396378.74605208 
  -22891840.38187546  -22701204.44534552  -26444502.1244706 
  -33014486.83861049  -26280440.32711426]
[-10797036.36219996  -10309982.06982493    -2586083.62498721 
    -8793722.47176029  -12090031.15288091  -13182816.03641221 
  -19769722.38194428  -18633631.44478555  -26541606.37324875 
  -21032344.95388343  -32420839.70622849  -23338753.42069861 
  -21429418.45088704  -24602230.41622665  -19760236.36368336 
  -30132652.9988567    -17312573.73416885  -25437954.80675766 
  -17960187.10306477  -29390279.01182395  -13008912.35641806 
  -14733029.16985063  -17246445.0530559  ]
[  21354270.58351628    16771386.22079073    22644752.39670657 
    17557153.33253776      7275879.94224324      -882407.75760795 
    -8699975.72441956  -25542859.98569018  -12583196.43454483 
  -12069250.93755602  -18381210.59377152  -17467133.40031034 
  -18996475.06249896  -23079338.51397899  -21584155.89296157 
  -17437770.13537828  -14277114.27030717  -13396378.74605208 
  -22891840.38187546  -22701204.44534552  -26444502.1244706 
  -33014486.83861049  -26280440.32711426]
[-19667659.5329881    -21701092.53659464  -15496161.1241629 
  -13012990.29280338  -13394082.67575807  -16046840.68986703 
    -3230548.39433579      1638426.09904125  -18356176.16351813 
  -15532277.77561386  -20851970.62722089  -18987233.79939306 
  -10234961.81601999  -19155604.8351252    -16697131.28456717 
  -30332899.86994352  -33370474.19678624  -31481827.9902192 
  -42534557.66617499  -24744172.93661546  -33448051.85901127 
  -42258038.29838938  -42911493.61662178]
[-19754824.62113904  -21166469.78982649  -20883787.2008398 
  -17039378.18670437  -10345393.02183866    -8567018.19378849 
    -5195886.50589827      7044534.62711427      5818707.00303109 
      -758228.0152557      10007908.80034152      9297797.51581699 
      7785801.95685725      2173731.15969779    15029510.47580625 
      8881581.07985057      7112133.97373636      4352574.99098358 
    13484564.10888484        877854.32381775    17863839.40541769 
    18778112.53538412    13762118.29326626]
[-10797036.36219996  -10309982.06982493    -2586083.62498721 
    -8793722.47176029  -12090031.15288091  -13182816.03641221 
  -19769722.38194428  -18633631.44478555  -26541606.37324875 
  -21032344.95388343  -32420839.70622849  -23338753.42069861 
  -21429418.45088704  -24602230.41622665  -19760236.36368336 
  -30132652.9988567    -17312573.73416885  -25437954.80675766 
  -17960187.10306477  -29390279.01182395  -13008912.35641806 
  -14733029.16985063  -17246445.0530559  ]
[-19754824.62113904  -21166469.78982649  -20883787.2008398 
  -17039378.18670437  -10345393.02183866    -8567018.19378849 
    -5195886.50589827      7044534.62711427      5818707.00303109 
      -758228.0152557      10007908.80034152      9297797.51581699 
      7785801.95685725      2173731.15969779    15029510.47580625 
      8881581.07985057      7112133.97373636      4352574.99098358 
    13484564.10888484        877854.32381775    17863839.40541769 
    18778112.53538412    13762118.29326626]
[    2994677.77773255      5567883.47667573  -12312403.76158462 
      8647075.20415952      6972445.32910496    -2984888.5541122 
      5714235.10217664    20231763.52319053    17871656.49140989 
        522883.77523971    31516438.96271354      9996822.46998072 
    15890543.88372954        340087.42619707    35986739.17345727 
    16591467.37569228      6786122.97817231    14687831.74485753 
    13350063.88364867      1236539.4825507      13287371.77512231 
      4703954.81938608        281855.72340574]
increment_60
[-1.00363575e+08  -9.80292336e+07  -9.88428043e+07  -9.39120653e+07 
  -9.22532860e+07  -9.35719450e+07  -7.80063239e+07  -6.69490606e+07 
  -9.09462111e+07  -8.96355097e+07  -9.03211507e+07  -9.20250795e+07 
  -8.37916742e+07  -8.92081954e+07  -8.60414807e+07  -1.03041453e+08 
  -1.04889776e+08  -1.04535806e+08  -1.09281285e+08  -9.61054422e+07 
  -1.00608612e+08  -1.06825197e+08  -1.09329109e+08]
[  21769791.33914243    17915375.22689141    22587390.72083963 
    18165267.05394244      6361434.03961599        -63292.94852372 
    -8538475.03931573  -26182516.26470067  -13931865.8501301 
  -13429763.05697107  -19167127.40868328  -18730526.01185205 
  -19777641.86150423  -22174691.52907881  -21767229.28337189 
  -17815852.12873982  -14387603.91264855  -14010422.9651944 
  -22923469.8260107    -22804322.34518146  -26020673.85442136 
  -32360990.2468056    -26749963.86733357]
[-10600904.3746708      -9604452.63944001    -1957398.73982911 
    -7660849.36189559  -12387801.5475795    -12722162.53424107 
  -19468600.1518897    -18510055.94480874  -26551942.23221876 
  -21296535.29787617  -33070304.97156123  -23966367.57848136 
  -21696719.74783852  -25734331.76801962  -20571610.90188501 
  -30469867.76588798  -19246825.22748415  -25480865.08583071 
  -19021007.28963752  -29500026.62702818  -14480872.41848672 
  -14349595.50362925  -18757177.3764204  ]
[  21769791.33914243    17915375.22689141    22587390.72083963 
    18165267.05394244      6361434.03961599        -63292.94852372 
    -8538475.03931573  -26182516.26470067  -13931865.8501301 
  -13429763.05697107  -19167127.40868328  -18730526.01185205 
  -19777641.86150423  -22174691.52907881  -21767229.28337189 
  -17815852.12873982  -14387603.91264855  -14010422.9651944 
  -22923469.8260107    -22804322.34518146  -26020673.85442136 
  -32360990.2468056    -26749963.86733357]
[-20083272.64768497  -21058141.45903417  -14392341.57066019 
  -12155708.38267419  -13315599.50791401  -16391874.06196985 
    -2626581.39570813      2467113.3269956    -17580862.42127688 
  -15496660.35067151  -18849748.25395517  -20206429.50237832 
  -11520413.60065035  -18011690.62004557  -16948678.7661013 
  -30319008.95339292  -32350460.47131979  -31553560.33716715 
  -43086241.82889313  -26035436.36284186  -33880203.53705681 
  -41671309.55909693  -43195206.26330642]
[-20480579.61565988  -21699681.66294454  -21239349.07182183 
  -18245780.74634442    -9960121.79680841    -9570686.23880898 
    -4985983.77483369      8353512.13770423      5974230.91044714 
      -178468.75472687    10525784.76283564    10101578.5350136 
      7813882.20583377      2212899.38618148    15203782.27080213 
      9655529.93651491      5277962.20410349      5286145.32201699 
    13137154.8907939          729762.46325156    17426035.43888751 
    19059059.03169924    13332552.85901213]
[-10600904.3746708      -9604452.63944001    -1957398.73982911 
    -7660849.36189559  -12387801.5475795    -12722162.53424107 
  -19468600.1518897    -18510055.94480874  -26551942.23221876 
  -21296535.29787617  -33070304.97156123  -23966367.57848136 
  -21696719.74783852  -25734331.76801962  -20571610.90188501 
  -30469867.76588798  -19246825.22748415  -25480865.08583071 
  -19021007.28963752  -29500026.62702818  -14480872.41848672 
  -14349595.50362925  -18757177.3764204  ]
[-20480579.61565988  -21699681.66294454  -21239349.07182183 
  -18245780.74634442    -9960121.79680841    -9570686.23880898 
    -4985983.77483369      8353512.13770423      5974230.91044714 
      -178468.75472687    10525784.76283564    10101578.5350136 
      7813882.20583377      2212899.38618148    15203782.27080213 
      9655529.93651491      5277962.20410349      5286145.32201699 
    13137154.8907939          729762.46325156    17426035.43888751 
    19059059.03169924    13332552.85901213]
[    2276589.21804151      6082973.3906928    -12660754.4880682 
      8019477.86655707      8016500.62520182    -4571838.46750828 
      6060400.51589715    22167379.6260138      16932969.73635478 
        519362.63377309    34246480.81089647    10152768.12989849 
    13833063.50145298      2518514.43660006    36833469.3458175 
    17619769.03207834      4952234.66741977    16440908.6697721 
    14132667.36810528      -335440.29634633    14122060.45051298 
      5965988.59233705          76264.07958183]
increment_70
[-1.01073260e+08  -9.90763632e+07  -9.81773562e+07  -9.39188973e+07 
  -9.20853660e+07  -9.47145812e+07  -7.79368897e+07  -6.69219882e+07 
  -9.06368501e+07  -8.99822634e+07  -8.88835580e+07  -9.35057703e+07 
  -8.58267411e+07  -8.90141955e+07  -8.73309467e+07  -1.03912414e+08 
  -1.05391772e+08  -1.05397674e+08  -1.10067839e+08  -9.81479796e+07 
  -1.01668296e+08  -1.07549260e+08  -1.10341707e+08]
[  22091082.98582013    19030278.62604293    22437964.34743018 
    18753658.44620729      5305397.85881404        662033.73745385 
    -8435920.63907905  -26622136.17101337  -14978936.47754288 
  -14444997.13946053  -19767847.42503053  -19893949.0911978 
  -20195464.90928682  -21484336.36467535  -21907318.83248068 
  -17701888.19141874  -14479416.75590052  -14593198.48427266 
  -22711177.78997589  -22984324.90477106  -25518224.3469855 
  -31564628.45019394  -26936770.96903821]
[-10198086.5845944      -8914653.85071767    -1220256.96886935 
    -6506604.13601786  -12569035.32685569  -12153701.44992017 
  -18974595.93916032  -18402698.75633746  -26347581.02565168 
  -21428513.06967575  -33573400.62821466  -24257457.91248618 
  -21948448.81084699  -26567007.00334902  -21505611.66757116 
  -30647299.60313345  -20853443.95617644  -25644068.76560692 
  -20135184.48040415  -29765025.22939643  -16307779.86146308 
  -14013643.83255217  -20320189.89462417]
[  22091082.98582013    19030278.62604293    22437964.34743018 
    18753658.44620729      5305397.85881404        662033.73745385 
    -8435920.63907905  -26622136.17101337  -14978936.47754288 
  -14444997.13946053  -19767847.42503053  -19893949.0911978 
  -20195464.90928682  -21484336.36467535  -21907318.83248068 
  -17701888.19141874  -14479416.75590052  -14593198.48427266 
  -22711177.78997589  -22984324.90477106  -25518224.3469855 
  -31564628.45019394  -26936770.96903821]
[-20301021.33034178  -20495414.05106572  -13085751.27062575 
  -11495155.93981462  -12881850.89109053  -16757977.80802293 
    -1875366.01068135      3125903.5022241    -16738966.89221439 
  -15362134.42372458  -16733446.79681757  -21228880.88980456 
  -12641145.08276658  -16739903.77493965  -17222958.29267025 
  -30289827.45603887  -31399070.61232881  -31738521.53239758 
  -42833914.92333246  -27402262.63431243  -33846444.5459616 
  -41112945.88839454  -43254707.6067742  ]
[-21299316.29936122  -22179141.96896949  -21622110.05913306 
  -19483636.0191748      -9527311.66120792  -10649098.06622679 
    -4805321.18616442      9520030.05813625      5888745.55340616 
        299954.91240777    10925392.20042554    11082970.92565373 
      7127174.41816947      2633675.50823244    15277234.82217593 
    10239490.51677173      3549934.3308402        6341663.79275761 
    12602490.44242324        832531.66196744    16731595.99048651 
    19323916.0974611      12716480.48918313]
[-10198086.5845944      -8914653.85071767    -1220256.96886935 
    -6506604.13601786  -12569035.32685569  -12153701.44992017 
  -18974595.93916032  -18402698.75633746  -26347581.02565168 
  -21428513.06967575  -33573400.62821466  -24257457.91248618 
  -21948448.81084699  -26567007.00334902  -21505611.66757116 
  -30647299.60313345  -20853443.95617644  -25644068.76560692 
  -20135184.48040415  -29765025.22939643  -16307779.86146308 
  -14013643.83255217  -20320189.89462417]
[-21299316.29936122  -22179141.96896949  -21622110.05913306 
  -19483636.0191748      -9527311.66120792  -10649098.06622679 
    -4805321.18616442      9520030.05813625      5888745.55340616 
        299954.91240777    10925392.20042554    11082970.92565373 
      7127174.41816947      2633675.50823244    15277234.82217593 
    10239490.51677173      3549934.3308402        6341663.79275761 
    12602490.44242324        832531.66196744    16731595.99048651 
    19323916.0974611      12716480.48918313]
[    1424292.28524437      6445035.92242771  -13034549.54419807 
      7116269.15052577      9270811.56958407    -6627460.42418581 
      6492120.92427698    23828254.42239611    15405494.97197427 
        837318.53972987    36803603.66629137    10313761.00348815 
    11236460.98733654      4945392.53952605    37585855.84080369 
    18591997.96528371      2846762.19857658    18392242.10620815 
    15584470.40130439    -1780580.36710581    15348737.37235329 
      7225557.64345402      -212347.33275625]
increment_80
[-1.01759043e+08  -1.00238067e+08  -9.76519357e+07  -9.39144230e+07 
  -9.19940204e+07  -9.56735921e+07  -7.78366475e+07  -6.69177964e+07 
  -9.06704241e+07  -9.03139786e+07  -8.79725960e+07  -9.45312630e+07 
  -8.76712279e+07  -8.86975075e+07  -8.84240729e+07  -1.05035037e+08 
  -1.05862072e+08  -1.06454969e+08  -1.10056683e+08  -1.00208064e+08 
  -1.01944194e+08  -1.08383286e+08  -1.11345381e+08]
[  22283220.62462381    19941468.05046558    22309090.97982602 
    19367171.75445893      4385035.4396603        1225258.19043568 
    -8403755.18510483  -27096130.00778948  -15753121.00191053 
  -15165126.85125802  -20306341.79397602  -21007371.52636465 
  -20337271.63484848  -21263615.32855554  -21867584.755062 
  -17157883.00597215  -14609436.60877093  -15027739.97496992 
  -22425766.25901609  -23228608.15177462  -25062545.54944299 
  -30721681.50657504  -26726913.68601092]
[  -9710376.61402891    -8309394.46751552      -531070.88594892 
    -5295628.32849393  -12627963.66941948  -11448140.17185659 
  -18378623.7378988    -18276630.38205051  -25993771.62168259 
  -21345240.56749437  -33931930.62742759  -24100203.41861923 
  -22161357.93993647  -27043605.13854961  -22233609.67685669 
  -30672812.53413849  -21771100.87492425  -25999860.82046168 
  -21269068.24777094  -30317109.14862435  -18208607.98762971 
  -13933659.82098019  -21828903.31798367]
[  22283220.62462381    19941468.05046558    22309090.97982602 
    19367171.75445893      4385035.4396603        1225258.19043568 
    -8403755.18510483  -27096130.00778948  -15753121.00191053 
  -15165126.85125802  -20306341.79397602  -21007371.52636465 
  -20337271.63484848  -21263615.32855554  -21867584.755062 
  -17157883.00597215  -14609436.60877093  -15027739.97496992 
  -22425766.25901609  -23228608.15177462  -25062545.54944299 
  -30721681.50657504  -26726913.68601092]
[-20537629.14860424  -20192695.02756843  -12002502.70960818 
  -10699295.37458996  -12492402.48104312  -16968766.21077203 
    -1158818.15452796      3766510.59578699  -16155222.17945285 
  -15148537.11774389  -15140122.67015187  -21797423.72993222 
  -13475854.3793219    -15571241.03053759  -17260314.39306484 
  -30426165.41426752  -30652503.03576377  -32002932.07728344 
  -41627955.32072754  -28744799.45362854  -33017877.20361544 
  -40654366.46396099  -43092192.94999947]
[-22156573.82677981  -22685429.8011418    -22053943.20990169 
  -20671959.64777078    -9192472.17214567  -11653058.81774761 
    -4792948.27285494    10612703.28791912      5629929.66366124 
        761989.97375779    11265618.94500527    12115762.13960739 
      6085817.10363635      3307544.41808633    15316255.62638533 
    10435871.81541007      2414713.13864472      7206603.23088792 
    12044482.75020779      1304676.22696757    15859319.77856623 
    19507859.37981445    11946342.91549574]
[  -9710376.61402891    -8309394.46751552      -531070.88594892 
    -5295628.32849393  -12627963.66941948  -11448140.17185659 
  -18378623.7378988    -18276630.38205051  -25993771.62168259 
  -21345240.56749437  -33931930.62742759  -24100203.41861923 
  -22161357.93993647  -27043605.13854961  -22233609.67685669 
  -30672812.53413849  -21771100.87492425  -25999860.82046168 
  -21269068.24777094  -30317109.14862435  -18208607.98762971 
  -13933659.82098019  -21828903.31798367]
[-22156573.82677981  -22685429.8011418    -22053943.20990169 
  -20671959.64777078    -9192472.17214567  -11653058.81774761 
    -4792948.27285494    10612703.28791912      5629929.66366124 
        761989.97375779    11265618.94500527    12115762.13960739 
      6085817.10363635      3307544.41808633    15316255.62638533 
    10435871.81541007      2414713.13864472      7206603.23088792 
    12044482.75020779      1304676.22696757    15859319.77856623 
    19507859.37981445    11946342.91549574]
[      547405.31571457      6507445.35084393  -13317402.55185959 
      6032121.6288245      10555816.58025074    -8827599.47603876 
      6910314.13361866    25304353.68962975    13393803.59086809 
      1582022.23816746    38780462.19848508    10541609.80706809 
      8547121.79139483      7207625.78560302    38438754.12356638 
    18987393.22117286      1098523.67655626    20071544.08932074 
    17737339.07174661    -2599979.42833324    16906130.25235839 
      8510193.84823844      -580932.49971162]
increment_90
[-1.02519890e+08  -1.01479994e+08  -9.73787287e+07  -9.36403019e+07 
  -9.22053511e+07  -9.63748684e+07  -7.77288986e+07  -6.66369861e+07 
  -9.09685646e+07  -9.08805457e+07  -8.78617617e+07  -9.49137778e+07 
  -8.93144218e+07  -8.79046287e+07  -8.91010186e+07  -1.06458761e+08 
  -1.06256518e+08  -1.07761657e+08  -1.09506864e+08  -1.02214019e+08 
  -1.01421013e+08  -1.09343600e+08  -1.12443129e+08]
[  22231764.53351782    20668896.78212975    22321098.161999 
    20073404.08470339      3715750.94979932      1611538.86355316 
    -8613767.0574429    -27656561.41553902  -16153069.25013994 
  -15548088.02686646  -20702410.56779787  -22038700.41150389 
  -20569546.19815958  -21521581.50266511  -21878816.8713289 
  -16472843.45054746  -14709271.70174822  -15239630.65572741 
  -22089028.07826858  -23539119.43007856  -24840512.17465625 
  -29938208.04844409  -26086709.84576759]
[-9.30292264e+06  -7.77382424e+06    2.27899128e+04  -3.94546863e+06 
  -1.25961947e+07  -1.07163696e+07  -1.78545885e+07  -1.78406698e+07 
  -2.54515344e+07  -2.09998693e+07  -3.42704755e+07  -2.36486430e+07 
  -2.22490933e+07  -2.71702971e+07  -2.26633335e+07  -3.05010931e+07 
  -2.20611570e+07  -2.66192052e+07  -2.22076389e+07  -3.12305177e+07 
  -1.99056654e+07  -1.43273691e+07  -2.33143520e+07]
[  22231764.53351782    20668896.78212975    22321098.161999 
    20073404.08470339      3715750.94979932      1611538.86355316 
    -8613767.0574429    -27656561.41553902  -16153069.25013994 
  -15548088.02686646  -20702410.56779787  -22038700.41150389 
  -20569546.19815958  -21521581.50266511  -21878816.8713289 
  -16472843.45054746  -14709271.70174822  -15239630.65572741 
  -22089028.07826858  -23539119.43007856  -24840512.17465625 
  -29938208.04844409  -26086709.84576759]
[-21010625.15334924  -20234148.26984831  -11220334.35227524 
    -9477699.85115973  -12330070.19954166  -16951813.63212777 
      -514516.59670505      4630357.48351876  -15766748.4060638 
  -15115151.58271423  -14299614.97293323  -21673121.30347964 
  -14190864.60230519  -14119405.78982812  -16944358.06509443 
  -30871491.27568772  -30044167.94427999  -32342759.98292146 
  -39768064.47182277  -30072505.49518485  -31432609.70294375 
  -40322418.41652085  -42802120.2781991  ]
[-22978702.90561597  -23293301.52074529  -22556938.15257363 
  -21858044.19775821    -8950477.15433154  -12497160.20261572 
    -4954152.60581177    11682858.30585958      5361283.8470471 
      1157845.90871809    11571753.18195592    12947729.92960718 
      5167763.95413102      4023200.90668739    15422275.58520287 
    10321629.74474967      1952598.94095795      7672943.46136218 
    11638837.69559028      2093291.0285812      14920798.84027587 
    19555939.91767626    11032482.77830231]
[-9.30292264e+06  -7.77382424e+06    2.27899128e+04  -3.94546863e+06 
  -1.25961947e+07  -1.07163696e+07  -1.78545885e+07  -1.78406698e+07 
  -2.54515344e+07  -2.09998693e+07  -3.42704755e+07  -2.36486430e+07 
  -2.22490933e+07  -2.71702971e+07  -2.26633335e+07  -3.05010931e+07 
  -2.20611570e+07  -2.66192052e+07  -2.22076389e+07  -3.12305177e+07 
  -1.99056654e+07  -1.43273691e+07  -2.33143520e+07]
[-22978702.90561597  -23293301.52074529  -22556938.15257363 
  -21858044.19775821    -8950477.15433154  -12497160.20261572 
    -4954152.60581177    11682858.30585958      5361283.8470471 
      1157845.90871809    11571753.18195592    12947729.92960718 
      5167763.95413102      4023200.90668739    15422275.58520287 
    10321629.74474967      1952598.94095795      7672943.46136218 
    11638837.69559028      2093291.0285812      14920798.84027587 
    19555939.91767626    11032482.77830231]
[    -164489.09072516      6344868.28146288  -13337648.45899777 
      4972909.35173889    11794294.82094488  -10790178.40375035 
      7088218.80541169    26796443.88984818    11357386.18899158 
      2416683.31456634    40076364.54415458    10735277.27368915 
      6029952.26751578      9180358.72669283    39445796.93393405 
    18441528.90813796        109206.68528604    21118889.2819859 
    20333427.77093783    -2615784.61974845    18417750.04378878 
      9809115.26388836    -1147193.15329868]
increment_100
[-1.03056225e+08  -1.02702874e+08  -9.74134762e+07  -9.32216014e+07 
  -9.28288790e+07  -9.68494875e+07  -7.74928240e+07  -6.58934490e+07 
  -9.14628325e+07  -9.18623330e+07  -8.85640292e+07  -9.47813986e+07 
  -9.07437735e+07  -8.64670447e+07  -8.94812019e+07  -1.08097694e+08 
  -1.06618618e+08  -1.09219119e+08  -1.08633803e+08  -1.04226819e+08 
  -1.00533498e+08  -1.10320842e+08  -1.13521329e+08]
[  22063739.95807248    21217628.1501571      22526721.24217173 
    20777998.54275276      3450809.26796893      2004443.52928916 
    -9016396.90101395  -28220143.67922012  -16101516.77739329 
  -15740646.60694588  -20705227.22496694  -22982119.50044576 
  -20894130.18901789  -21979947.53677482  -22136629.01136065 
  -15815841.1831945    -14898283.25672111  -15364926.13225769 
  -21725984.39513806  -23819462.27083293  -24706736.0484672 
  -29190711.13360091  -25303281.78172062]
[  -8939161.75590576    -7254588.59655751        410947.84150168 
    -2535866.58127497  -12556718.63459532  -10061138.11733158 
  -17480157.09307673  -17073201.56479764  -24714798.46723513 
  -20675897.5203203    -34653833.43155298  -23187648.81404016 
  -22176620.20030271  -26926608.83159301  -23010652.01525439 
  -30171097.07880174  -22112605.13182852  -27417339.85703638 
  -22715763.27710625  -32390802.36448622  -21154443.37116997 
  -15290611.78271291  -24973061.50061693]
[  22063739.95807248    21217628.1501571      22526721.24217173 
    20777998.54275276      3450809.26796893      2004443.52928916 
    -9016396.90101395  -28220143.67922012  -16101516.77739329 
  -15740646.60694588  -20705227.22496694  -22982119.50044576 
  -20894130.18901789  -21979947.53677482  -22136629.01136065 
  -15815841.1831945    -14898283.25672111  -15364926.13225769 
  -21725984.39513806  -23819462.27083293  -24706736.0484672 
  -29190711.13360091  -25303281.78172062]
[-21292981.77612994  -20516731.73770516  -10734636.6394124 
    -8040117.09645759  -12422970.15010405  -16703709.40809211 
        238541.66783934      5921450.10693785  -15531706.9001637 
  -15455398.02763564  -14149725.88576715  -20942622.31761948 
  -14798107.34098619  -12101161.97030353  -16425487.34838688 
  -31592695.6219615    -29554406.37816472  -32751433.88053057 
  -37618772.3274879    -31454598.18643349  -29530537.43681963 
  -39990601.64691421  -42405321.9353539  ]
[-23737712.65711126  -24022996.04116958  -23075654.86630198 
  -23019975.60898172    -8766090.38447482  -13247734.84945883 
    -5206449.09259041    12659050.65622403      5250270.79592686 
      1452327.80998547    11786783.22212036    13471942.24064262 
      4556833.47763123      4640755.03691581    15626686.94419401 
    10076585.76994142      1963059.00012669      7911763.86904357 
    11456715.42267685      3003643.93879512    14019809.45000719 
    19427296.66166634    10113865.3575619  ]
[  -8939161.75590576    -7254588.59655751        410947.84150168 
    -2535866.58127497  -12556718.63459532  -10061138.11733158 
  -17480157.09307673  -17073201.56479764  -24714798.46723513 
  -20675897.5203203    -34653833.43155298  -23187648.81404016 
  -22176620.20030271  -26926608.83159301  -23010652.01525439 
  -30171097.07880174  -22112605.13182852  -27417339.85703638 
  -22715763.27710625  -32390802.36448622  -21154443.37116997 
  -15290611.78271291  -24973061.50061693]
[-23737712.65711126  -24022996.04116958  -23075654.86630198 
  -23019975.60898172    -8766090.38447482  -13247734.84945883 
    -5206449.09259041    12659050.65622403      5250270.79592686 
      1452327.80998547    11786783.22212036    13471942.24064262 
      4556833.47763123      4640755.03691581    15626686.94419401 
    10076585.76994142      1963059.00012669      7911763.86904357 
    11456715.42267685      3003643.93879512    14019809.45000719 
    19427296.66166634    10113865.3575619  ]
[    -507414.74819394      5912055.47484562  -13096231.26121912 
      3962921.02437316    13006518.49984531  -12311992.92316759 
      6953214.65916258    28577687.12225818      9872286.28843386 
      3014256.15471209    40882907.82193099    10839824.20474213 
      3877179.14552044    11061336.27499979    40550723.75696027 
    17239200.93938981      -159291.53829217    21715193.77766163 
    23089850.32075617    -2037715.1268949      19684536.16921772 
    11388641.23240997    -1673145.72720351]
increment_110
[-1.03177683e+08  -1.03637885e+08  -9.78220296e+07  -9.29292949e+07 
  -9.38605441e+07  -9.70541372e+07  -7.71643273e+07  -6.47845151e+07 
  -9.21460529e+07  -9.31969566e+07  -8.97681249e+07  -9.44866297e+07 
  -9.17329036e+07  -8.48779393e+07  -8.96973431e+07  -1.09720246e+08 
  -1.07050230e+08  -1.10571230e+08  -1.07830201e+08  -1.06212108e+08 
  -9.98068378e+07  -1.11172821e+08  -1.14462900e+08]
[  21895994.06194663    21566810.19927824    22854174.66817687 
    21363317.6559481        3604697.46717166      2572585.78463378 
    -9497468.42425945  -28660006.26397829  -15722785.28086085 
  -15844045.46089094  -20364179.9253882    -23793778.84585326 
  -21110227.36809434  -22464801.36968388  -22585822.53927065 
  -15321771.16385702  -15199853.7002455    -15633508.81663566 
  -21405578.63709906  -23988270.49630936  -24486100.37686097 
  -28356502.93617058  -24638450.81047377]
[  -8527677.66865467    -6709849.16227444        613698.76808441 
    -1210864.46420351  -12532680.58918867    -9432205.52319902 
  -17190372.05104043  -16170046.96720661  -23883145.79228625 
  -20543659.48257665  -35005816.04675518  -22775442.66752214 
  -21948434.67448014  -26408685.12538791  -23332283.75647193 
  -29757917.0147139    -22144320.6127388    -28106402.43092395 
  -22882748.83769267  -33560728.35111339  -21904508.6941637 
  -16545264.5314528    -26720261.11845717]
[  21895994.06194663    21566810.19927824    22854174.66817687 
    21363317.6559481        3604697.46717166      2572585.78463378 
    -9497468.42425945  -28660006.26397829  -15722785.28086085 
  -15844045.46089094  -20364179.9253882    -23793778.84585326 
  -21110227.36809434  -22464801.36968388  -22585822.53927065 
  -15321771.16385702  -15199853.7002455    -15633508.81663566 
  -21405578.63709906  -23988270.49630936  -24486100.37686097 
  -28356502.93617058  -24638450.81047377]
[-20923289.58749025  -20678301.71835041  -10592077.4898569 
    -6736823.76739858  -12749864.78579295  -16143375.80010922 
      1116652.5123002        7616853.61097318  -15472090.08294392 
  -16103098.86140082  -14395214.28218971  -19956325.30705791 
  -14988780.66947081    -9946180.94940563  -15799195.87174225 
  -32367420.06402556  -29222487.99040131  -33134073.69508949 
  -35641240.16234389  -32790890.6314267    -27819547.78156874 
  -39496886.68988257  -41969768.39372963]
[-24373251.02203704  -24814155.3041473    -23553664.40645059 
  -24074809.2692915      -8666696.12854961  -14008153.36802837 
    -5410973.14183867    13416698.48425388      5303308.65170651 
      1717843.87455825    11928088.60947875    13736686.54974157 
      4132557.15446232      5263402.55817086    15859896.44579352 
      9855278.3807196        2244866.2486628        8234714.92854895 
    11489065.5057791        3861274.90881539    13337165.98973136 
    19177138.20160078      9413633.22458706]
[  -8527677.66865467    -6709849.16227444        613698.76808441 
    -1210864.46420351  -12532680.58918867    -9432205.52319902 
  -17190372.05104043  -16170046.96720661  -23883145.79228625 
  -20543659.48257665  -35005816.04675518  -22775442.66752214 
  -21948434.67448014  -26408685.12538791  -23332283.75647193 
  -29757917.0147139    -22144320.6127388    -28106402.43092395 
  -22882748.83769267  -33560728.35111339  -21904508.6941637 
  -16545264.5314528    -26720261.11845717]
[-24373251.02203704  -24814155.3041473    -23553664.40645059 
  -24074809.2692915      -8666696.12854961  -14008153.36802837 
    -5410973.14183867    13416698.48425388      5303308.65170651 
      1717843.87455825    11928088.60947875    13736686.54974157 
      4132557.15446232      5263402.55817086    15859896.44579352 
      9855278.3807196        2244866.2486628        8234714.92854895 
    11489065.5057791        3861274.90881539    13337165.98973136 
    19177138.20160078      9413633.22458706]
[-5.21849209e+05    5.47965573e+06  -1.27115734e+07    3.07182282e+06 
    1.41213723e+07  -1.33578376e+07    6.63611957e+06    3.05974855e+07 
    8.98339397e+06    3.44971689e+06    4.13608930e+07    1.06810622e+07 
    2.35893378e+06    1.28511819e+07    4.16442824e+07    1.56981669e+07 
    3.46112770e+04    2.21572480e+07    2.56971348e+07  -1.28555395e+06 
    2.07532614e+07    1.33365749e+07  -1.86527775e+06]
increment_120
[-1.03105947e+08  -1.03974410e+08  -9.85374555e+07  -9.29759747e+07 
  -9.50959797e+07  -9.69089569e+07  -7.69761149e+07  -6.36011028e+07 
  -9.30183912e+07  -9.45690710e+07  -9.11805023e+07  -9.43496843e+07 
  -9.23677699e+07  -8.37896445e+07  -8.98455440e+07  -1.11054026e+08 
  -1.07521103e+08  -1.11692328e+08  -1.07376333e+08  -1.08079031e+08 
  -9.95105653e+07  -1.11782562e+08  -1.15432949e+08]
[  21701792.7389926      21745114.98192675    23172959.50981046 
    21721385.5390889        3921798.99322787      3293999.10617274 
    -9985914.37269379  -28950251.622171      -15445810.67790337 
  -15931176.70923502  -20146798.44852965  -24578739.22196727 
  -21087877.93057979  -23017243.82614916  -23040611.94044549 
  -15085417.9211584    -15729565.54046078  -16134506.54661115 
  -21418583.34151658  -23992023.11546653  -24301890.38779771 
  -27376154.8809992    -24193876.62796635]
[  -8094234.07620049    -6197078.53960228        712050.12192399 
      -134469.06897849  -12604508.07971525    -8819421.50433852 
  -17034239.72053903  -15257744.70247537  -23136815.27905762 
  -20505446.2105973    -35260077.19886278  -22464978.42079371 
  -21703241.09346134  -25816284.37256262  -23614011.71781066 
  -29321667.21016192  -22105670.27798818  -28491348.02442817 
  -23050357.145786      -34551573.60967389  -22298727.02326775 
  -17608326.10670117  -28374445.63154701]
[  21701792.7389926      21745114.98192675    23172959.50981046 
    21721385.5390889        3921798.99322787      3293999.10617274 
    -9985914.37269379  -28950251.622171      -15445810.67790337 
  -15931176.70923502  -20146798.44852965  -24578739.22196727 
  -21087877.93057979  -23017243.82614916  -23040611.94044549 
  -15085417.9211584    -15729565.54046078  -16134506.54661115 
  -21418583.34151658  -23992023.11546653  -24301890.38779771 
  -27376154.8809992    -24193876.62796635]
[-20237460.0692297    -20261367.27065956  -10751642.70723297 
    -5875845.73561441  -13198829.64594601  -15217565.97586954 
      1895520.99686375      9446591.87078465  -15657479.71738608 
  -16765453.40425111  -14892096.34985176  -19074332.36135759 
  -14769131.45705568    -8323078.72632373  -15097397.68628923 
  -32916372.45409061  -29027882.01453688  -33446647.02048159 
  -34209389.48169295  -33954586.45729868  -26634502.92874612 
  -38769377.2296201    -41778260.52236354]
[-24957736.29517525  -25534646.02703671  -24002006.6774311 
  -24949070.50013519    -8697156.66356253  -14826453.47116271 
    -5462593.10347364    13933063.43003179      5601448.71338404 
      1926728.36297506    12164967.68201669    13837843.83902564 
      3808376.4783405        6004428.38269709    16096208.94920185 
      9760983.93181997      2692420.36190252      8800296.88950619 
    11752655.85476333      4493717.34164955    13161024.37598904 
    18912171.66299009      9022793.63814626]
[  -8094234.07620049    -6197078.53960228        712050.12192399 
      -134469.06897849  -12604508.07971525    -8819421.50433852 
  -17034239.72053903  -15257744.70247537  -23136815.27905762 
  -20505446.2105973    -35260077.19886278  -22464978.42079371 
  -21703241.09346134  -25816284.37256262  -23614011.71781066 
  -29321667.21016192  -22105670.27798818  -28491348.02442817 
  -23050357.145786      -34551573.60967389  -22298727.02326775 
  -17608326.10670117  -28374445.63154701]
[-24957736.29517525  -25534646.02703671  -24002006.6774311 
  -24949070.50013519    -8697156.66356253  -14826453.47116271 
    -5462593.10347364    13933063.43003179      5601448.71338404 
      1926728.36297506    12164967.68201669    13837843.83902564 
      3808376.4783405        6004428.38269709    16096208.94920185 
      9760983.93181997      2692420.36190252      8800296.88950619 
    11752655.85476333      4493717.34164955    13161024.37598904 
    18912171.66299009      9022793.63814626]
[    -584095.71940134      5567115.76268404  -12352624.8811192 
      2464074.72374055    15065658.75923031  -13876398.78007796 
      6332705.17358919    32675635.4603179        8625463.40814593 
      3877430.60881026    41636685.10892908    10353889.97386545 
      1540862.97799255    14364156.93169986    42819109.702542 
    14236977.88753026        345760.52985711    22767203.92939382 
    27976653.19251451      -671843.72649749    21906635.43010407 
    15530795.09443269    -1721256.72126421]
