inc
sigma_11
sigma_12
sigma_13
sigma_21
sigma_22
sigma_23
sigma_31
sigma_32
sigma_33
increment_0
[-1.42214044e-05  -1.42214044e-05  -1.42214044e-05  -1.42214044e-05 
  -1.42214044e-05  -1.42214044e-05  -1.42214044e-05  -1.42214044e-05 
  -1.42214044e-05  -1.42214044e-05  -1.42214044e-05  -1.42214044e-05 
  -1.42214044e-05  -1.42214044e-05  -1.42214044e-05  -1.42214044e-05 
  -1.42214044e-05  -1.42214044e-05]
[-4.86359154e-06  -4.86359154e-06  -4.86359154e-06  -4.86359154e-06 
  -4.86359154e-06  -4.86359154e-06  -4.86359154e-06  -4.86359154e-06 
  -4.86359154e-06  -4.86359154e-06  -4.86359154e-06  -4.86359154e-06 
  -4.86359154e-06  -4.86359154e-06  -4.86359154e-06  -4.86359154e-06 
  -4.86359154e-06  -4.86359154e-06]
[-8.64520975e-06  -8.64520975e-06  -8.64520975e-06  -8.64520975e-06 
  -8.64520975e-06  -8.64520975e-06  -8.64520975e-06  -8.64520975e-06 
  -8.64520975e-06  -8.64520975e-06  -8.64520975e-06  -8.64520975e-06 
  -8.64520975e-06  -8.64520975e-06  -8.64520975e-06  -8.64520975e-06 
  -8.64520975e-06  -8.64520975e-06]
[-4.86359154e-06  -4.86359154e-06  -4.86359154e-06  -4.86359154e-06 
  -4.86359154e-06  -4.86359154e-06  -4.86359154e-06  -4.86359154e-06 
  -4.86359154e-06  -4.86359154e-06  -4.86359154e-06  -4.86359154e-06 
  -4.86359154e-06  -4.86359154e-06  -4.86359154e-06  -4.86359154e-06 
  -4.86359154e-06  -4.86359154e-06]
[-3.06977228e-05  -3.06977228e-05  -3.06977228e-05  -3.06977228e-05 
  -3.06977228e-05  -3.06977228e-05  -3.06977228e-05  -3.06977228e-05 
  -3.06977228e-05  -3.06977228e-05  -3.06977228e-05  -3.06977228e-05 
  -3.06977228e-05  -3.06977228e-05  -3.06977228e-05  -3.06977228e-05 
  -3.06977228e-05  -3.06977228e-05]
[1.08690891e-07  1.08690891e-07  1.08690891e-07  1.08690891e-07 
  1.08690891e-07  1.08690891e-07  1.08690891e-07  1.08690891e-07 
  1.08690891e-07  1.08690891e-07  1.08690891e-07  1.08690891e-07 
  1.08690891e-07  1.08690891e-07  1.08690891e-07  1.08690891e-07 
  1.08690891e-07  1.08690891e-07]
[-8.64520975e-06  -8.64520975e-06  -8.64520975e-06  -8.64520975e-06 
  -8.64520975e-06  -8.64520975e-06  -8.64520975e-06  -8.64520975e-06 
  -8.64520975e-06  -8.64520975e-06  -8.64520975e-06  -8.64520975e-06 
  -8.64520975e-06  -8.64520975e-06  -8.64520975e-06  -8.64520975e-06 
  -8.64520975e-06  -8.64520975e-06]
[1.08690891e-07  1.08690891e-07  1.08690891e-07  1.08690891e-07 
  1.08690891e-07  1.08690891e-07  1.08690891e-07  1.08690891e-07 
  1.08690891e-07  1.08690891e-07  1.08690891e-07  1.08690891e-07 
  1.08690891e-07  1.08690891e-07  1.08690891e-07  1.08690891e-07 
  1.08690891e-07  1.08690891e-07]
[-1.82442363e-05  -1.82442363e-05  -1.82442363e-05  -1.82442363e-05 
  -1.82442363e-05  -1.82442363e-05  -1.82442363e-05  -1.82442363e-05 
  -1.82442363e-05  -1.82442363e-05  -1.82442363e-05  -1.82442363e-05 
  -1.82442363e-05  -1.82442363e-05  -1.82442363e-05  -1.82442363e-05 
  -1.82442363e-05  -1.82442363e-05]
increment_10
[-9.91322289e+07  -1.01741113e+08  -1.01037208e+08  -1.09000971e+08 
  -1.09227764e+08  -1.12244119e+08  -1.26802509e+08  -9.08373976e+07 
  -9.52862223e+07  -8.95095955e+07  -1.10485509e+08  -1.12141029e+08 
  -1.24511125e+08  -8.80280432e+07  -8.81536424e+07  -1.04454457e+08 
  -1.07735743e+08  -1.23349902e+08]
[-22737079.68252845  -11204626.4969401    -19094621.81739407 
    -3608521.22618214  -15132464.76248332    -1936590.59674019 
      3239442.59470497  -21824952.76013075  -22600014.88274984 
  -22994027.21373105  -21048793.05414942  -19055890.11958929 
  -27060270.80852537  -19143847.01774262  -16645848.74970048 
  -18391478.97224322  -25003679.33107019  -27683003.85690263]
[  5714620.42983956  -6130751.7115881    11487334.35678333    3295263.02477944 
    3763629.14146911  -1020450.16183082    4993945.17453108  20175253.21915793 
  11121523.37594005    8605985.5616613      5440592.30583342  12046352.4391984 
  23971798.1215841    23130422.91827106  15453717.74597482  24384984.00415604 
  21291848.38470341  12165692.09994052]
[-22737079.68252845  -11204626.4969401    -19094621.81739407 
    -3608521.22618214  -15132464.76248332    -1936590.59674019 
      3239442.59470497  -21824952.76013075  -22600014.88274984 
  -22994027.21373105  -21048793.05414942  -19055890.11958929 
  -27060270.80852537  -19143847.01774262  -16645848.74970048 
  -18391478.97224322  -25003679.33107019  -27683003.85690263]
[    -944271.99050493  -13983360.12821908    -7590868.48832106 
  -31346607.0338308    -18791606.37387136  -37137034.72327787 
  -61546695.28708185      7158433.35055656      6065119.17824351 
      6553754.57479905  -15562323.50687882  -32039931.95040619 
  -42976867.83578339      5230772.26210183      4126097.64166948 
  -18699068.9085548    -15678444.92311964  -26017373.82034073]
[-13494880.48543094    -5630307.9248019    -12001929.35419043 
    -8981791.40769063  -10914908.66363354    -4770770.77445567 
    -2150863.52608087  -15497924.33598271  -18693562.06483155 
  -11342977.10094348  -10476142.24613771      -382158.99369331 
      2270279.19793152  -17606071.78681803  -14355856.92728962 
    -9277741.51840267    -8315601.73555849  -12353926.81946877]
[  5714620.42983956  -6130751.7115881    11487334.35678333    3295263.02477944 
    3763629.14146911  -1020450.16183082    4993945.17453108  20175253.21915793 
  11121523.37594005    8605985.5616613      5440592.30583342  12046352.4391984 
  23971798.1215841    23130422.91827106  15453717.74597482  24384984.00415604 
  21291848.38470341  12165692.09994052]
[-13494880.48543094    -5630307.9248019    -12001929.35419043 
    -8981791.40769063  -10914908.66363354    -4770770.77445567 
    -2150863.52608087  -15497924.33598271  -18693562.06483155 
  -11342977.10094348  -10476142.24613771      -382158.99369331 
      2270279.19793152  -17606071.78681803  -14355856.92728962 
    -9277741.51840267    -8315601.73555849  -12353926.81946877]
[    -879796.12759795  -16535050.40068789      8743100.29666633 
      5175232.46296761    -8577514.98222594  -10129267.36502763 
    -8670897.31449914    25267797.69108611    12920326.27827655 
      9077817.01264734  -14843402.4510885      -9824312.82932706 
  -22078547.66258667    23713985.95675633    21983360.38477685 
      3772455.85954064        674774.35233753  -24816021.96516639]
increment_20
[-9.94244237e+07  -1.00975686e+08  -1.00465127e+08  -1.09037766e+08 
  -1.10976806e+08  -1.13706831e+08  -1.27633493e+08  -9.31223384e+07 
  -9.67940708e+07  -9.05252392e+07  -1.10222376e+08  -1.13113768e+08 
  -1.25858499e+08  -9.02906995e+07  -8.75218209e+07  -1.05573372e+08 
  -1.12759386e+08  -1.25241920e+08]
[-23648797.38690329  -11698733.28438623  -23153589.68085138 
    -5991916.31838717  -18650722.16334275    -1245644.33983615 
      2519107.01507343  -21121027.24675088  -22958542.27766049 
  -22913865.86404208  -24204909.97277391  -21530152.79699525 
  -27152864.83517251  -19048802.79796684  -16061347.44921497 
  -19648992.72594324  -24281775.69770139  -26003665.39958963]
[  4800375.04572387  -6973028.22590843  12760987.51007577    3658397.49390069 
    4665664.12851025  -1385800.39472814    5188435.95957558  22908293.41931975 
  12483395.26729137    8885323.30369544    6004296.51703952  12789341.1433699 
  24009492.34731236  23117627.69457738  16135445.33305896  26548930.25346938 
  22862654.95372998  11447647.58178874]
[-23648797.38690329  -11698733.28438623  -23153589.68085138 
    -5991916.31838717  -18650722.16334275    -1245644.33983615 
      2519107.01507343  -21121027.24675088  -22958542.27766049 
  -22913865.86404208  -24204909.97277391  -21530152.79699525 
  -27152864.83517251  -19048802.79796684  -16061347.44921497 
  -19648992.72594324  -24281775.69770139  -26003665.39958963]
[    2788631.17329973    -9278764.91072037    -4473730.74020109 
  -26409498.95913405  -13533602.46536057  -37756930.79299776 
  -60374958.73605777      4600723.2209021        6256548.31694052 
      7330689.25754981  -10448076.37059774  -25155086.21180429 
  -44339599.68698835      4206359.83791461      3083856.37803268 
  -20840061.08350188  -19662725.95496108  -24400758.08124406]
[-14380109.5193439      -4949607.4639066    -10565091.43679437 
    -9939673.88498119  -12624070.24177405    -4906168.41378494 
    -1864159.21564461  -15434480.32744727  -18587563.70289569 
  -11651560.0311205    -10867360.01446037    -4075919.65941369 
      2667853.91840996  -18362668.49207792  -12750237.53101191 
    -7723391.6401066      -9766450.63542534  -16289987.69479393]
[  4800375.04572387  -6973028.22590843  12760987.51007577    3658397.49390069 
    4665664.12851025  -1385800.39472814    5188435.95957558  22908293.41931975 
  12483395.26729137    8885323.30369544    6004296.51703952  12789341.1433699 
  24009492.34731236  23117627.69457738  16135445.33305896  26548930.25346938 
  22862654.95372998  11447647.58178874]
[-14380109.5193439      -4949607.4639066    -10565091.43679437 
    -9939673.88498119  -12624070.24177405    -4906168.41378494 
    -1864159.21564461  -15434480.32744727  -18587563.70289569 
  -11651560.0311205    -10867360.01446037    -4075919.65941369 
      2667853.91840996  -18362668.49207792  -12750237.53101191 
    -7723391.6401066      -9766450.63542534  -16289987.69479393]
[  -2854148.67949634  -18023726.03175929      8010089.31672644 
      5547782.82543168  -11618605.68094133  -10326561.02932627 
    -7680234.20240639    27518253.35728031    14628044.4918159 
      8699926.01947054  -16750095.0663442      -9375206.05517248 
  -22145465.87048852    23741960.76775906    24915072.04139475 
      3456563.74109082    -1569036.05633643  -23924369.01692359]
increment_30
[-9.83581506e+07  -1.00884150e+08  -9.96842980e+07  -1.09676632e+08 
  -1.11317237e+08  -1.13234705e+08  -1.27829549e+08  -9.48876417e+07 
  -9.84097980e+07  -9.12456193e+07  -1.10515008e+08  -1.14770180e+08 
  -1.26897676e+08  -9.12197247e+07  -8.77043693e+07  -1.07152366e+08 
  -1.14513801e+08  -1.25667257e+08]
[-24848908.19033793  -13206141.32785046  -24965508.14882965 
    -7627356.8125686    -20202047.08640645    -1725594.67767302 
      1784483.43744925  -20881768.23795833  -23838133.90722305 
  -22748128.4187704    -24869800.27098545  -21776690.88137632 
  -27067540.70139848  -17948922.48007745  -15369269.97231472 
  -19663561.62891248  -24115293.86570089  -26030151.49521322]
[  4104087.37009879  -6686803.56485778  13479026.78785735    4281048.27679185 
    4846474.54721973  -1604080.72400707    5393143.36302155  23971176.5928345 
  12880825.66921887    9350354.485038        5935647.92234346  13346596.4561354 
  24454356.7328914    24343309.59209739  16825795.26893572  27109423.41138083 
  23708288.70220508  10798269.42546591]
[-24848908.19033793  -13206141.32785046  -24965508.14882965 
    -7627356.8125686    -20202047.08640645    -1725594.67767302 
      1784483.43744925  -20881768.23795833  -23838133.90722305 
  -22748128.4187704    -24869800.27098545  -21776690.88137632 
  -27067540.70139848  -17948922.48007745  -15369269.97231472 
  -19663561.62891248  -24115293.86570089  -26030151.49521322]
[    7710786.21323924    -5819510.29223489    -2951403.16983828 
  -23145014.93976917    -9414032.57220671  -34923310.83809648 
  -58771624.15052722      3699502.24000578      6385972.43281291 
      8367066.88966416    -7942641.62798785  -23680830.41116335 
  -45735518.26062377      3455669.74990248      1191823.52681561 
  -21687323.61469527  -20655102.15362012  -22812622.8799088  ]
[-15644828.06021603    -4373647.05027882    -9003257.02036047 
  -10502707.83786213  -13533793.86975625    -5000252.94858492 
    -1465941.29711257  -16102544.89275637  -18482019.93936614 
  -12588599.76390152  -11412356.86798661    -5274475.05996043 
      3206491.36916479  -19242730.3486528    -11330380.50139867 
    -8464652.90575925  -10509958.53808154  -17402419.18402005]
[  4104087.37009879  -6686803.56485778  13479026.78785735    4281048.27679185 
    4846474.54721973  -1604080.72400707    5393143.36302155  23971176.5928345 
  12880825.66921887    9350354.485038        5935647.92234346  13346596.4561354 
  24454356.7328914    24343309.59209739  16825795.26893572  27109423.41138083 
  23708288.70220508  10798269.42546591]
[-15644828.06021603    -4373647.05027882    -9003257.02036047 
  -10502707.83786213  -13533793.86975625    -5000252.94858492 
    -1465941.29711257  -16102544.89275637  -18482019.93936614 
  -12588599.76390152  -11412356.86798661    -5274475.05996043 
      3206491.36916479  -19242730.3486528    -11330380.50139867 
    -8464652.90575925  -10509958.53808154  -17402419.18402005]
[  -2926684.30747088  -18936905.08464277      8890970.09882918 
      5700289.85601118  -12700129.57035924    -9968024.35514036 
    -6628778.54851888    29527362.55576868    14898993.60251558 
      9823736.0311388    -17329025.03575512    -9309037.54258727 
  -21704693.67253307    25505518.15489426    26936903.0524777 
      3681958.25919262    -1384723.94248866  -24860396.33942647]
increment_40
[-9.70672350e+07  -1.00722184e+08  -9.83245302e+07  -1.10541014e+08 
  -1.11572128e+08  -1.12583973e+08  -1.27949553e+08  -9.50889895e+07 
  -1.00597666e+08  -9.17583749e+07  -1.10834417e+08  -1.16452572e+08 
  -1.27694270e+08  -9.16954923e+07  -8.80116455e+07  -1.08587645e+08 
  -1.15471540e+08  -1.25925253e+08]
[-26287365.38584951  -14829256.50095805  -26057380.92353902 
    -8684140.32964044  -21442764.29477252    -2112120.55402286 
        857150.7646995    -21643512.27281567  -25047162.61923794 
  -22526968.56870469  -24790754.03566603  -21602105.21862496 
  -26849290.82247743  -16429463.24238326  -14922250.65741103 
  -19653283.58691124  -24285863.10092252  -26283607.11533858]
[  3360369.59889754  -6370224.201005      14174188.84540819    4999120.36203677 
    4695384.1263336    -1690871.91651214    5650919.12008072  24311656.30728941 
  12875289.96512475  10266709.57644794    5470619.34841361  13798964.18509018 
  25150713.38332753  26882033.67967066  17856973.1197705    26689799.58146529 
  24843881.36615153  10052825.00591554]
[-26287365.38584951  -14829256.50095805  -26057380.92353902 
    -8684140.32964044  -21442764.29477252    -2112120.55402286 
        857150.7646995    -21643512.27281567  -25047162.61923794 
  -22526968.56870469  -24790754.03566603  -21602105.21862496 
  -26849290.82247743  -16429463.24238326  -14922250.65741103 
  -19653283.58691124  -24285863.10092252  -26283607.11533858]
[  12210813.55469068    -2322687.45322532    -1111453.74117508 
  -21400576.94979147    -5718133.25561361  -32121944.01205401 
  -56807213.6174297        4522593.62977584      6079268.58731685 
      9093852.05159049    -5779039.32763619  -23240349.85277829 
  -47428074.4096244        2267994.85700567      -731272.49677556 
  -21516127.37604545  -21260125.66208414  -21215879.33473792]
[-16639667.37476542    -3788455.37486471    -7614886.38600742 
  -10529426.43623437  -14322337.13133597    -5043536.65270189 
    -1272138.35373475  -16382870.67112228  -18500162.28041198 
  -13345075.15857271  -11813955.12384395    -5952886.36033353 
      4095561.26222234  -19826221.40695289    -9940348.37421065 
    -9832792.29066501  -10870191.16878619  -17956040.8619706  ]
[  3360369.59889754  -6370224.201005      14174188.84540819    4999120.36203677 
    4695384.1263336    -1690871.91651214    5650919.12008072  24311656.30728941 
  12875289.96512475  10266709.57644794    5470619.34841361  13798964.18509018 
  25150713.38332753  26882033.67967066  17856973.1197705    26689799.58146529 
  24843881.36615153  10052825.00591554]
[-16639667.37476542    -3788455.37486471    -7614886.38600742 
  -10529426.43623437  -14322337.13133597    -5043536.65270189 
    -1272138.35373475  -16382870.67112228  -18500162.28041198 
  -13345075.15857271  -11813955.12384395    -5952886.36033353 
      4095561.26222234  -19826221.40695289    -9940348.37421065 
    -9832792.29066501  -10870191.16878619  -17956040.8619706  ]
[  -2865911.90832642  -19976378.51027807    10958963.07390144 
      5604253.59531516  -13913694.07468305    -9194552.56253755 
    -6025413.6547942      31781388.1307393      13776406.44599191 
    11922236.32698244  -17981409.7640633      -9428514.07522199 
  -21075331.03130418    28011429.54063691    28338033.57097349 
      4289800.40639426      -953376.09121357  -26362002.24474372]
increment_50
[-9.62984503e+07  -1.00911735e+08  -9.63871401e+07  -1.10867506e+08 
  -1.11682030e+08  -1.12090247e+08  -1.28145292e+08  -9.39548937e+07 
  -1.02587778e+08  -9.20796661e+07  -1.11370216e+08  -1.18062751e+08 
  -1.28084459e+08  -9.19285895e+07  -8.83274472e+07  -1.09560542e+08 
  -1.16080695e+08  -1.25991268e+08]
[-26778016.63858713  -15525134.06193658  -26978015.67204225 
  -10212173.88555209  -22803987.54946042    -2295248.85019672 
          42535.14868413  -22984384.15167507  -26311844.41375264 
  -22230054.73192628  -24794307.41050954  -21555580.57061008 
  -26753423.12802779  -14918179.00266788  -14449477.8750254 
  -19970487.52922748  -24413861.68553428  -26491029.72830927]
[  2015312.03222983  -6525440.83987616  15108961.12653513    5747623.10661807 
    4114148.82865174  -1774469.92984722    6071258.92203875  24582157.51355771 
  12990637.44462792  11560077.27772718    4903520.2587012    14151832.45418057 
  25892945.92699375  29931682.34362441  19279222.40719164  26466941.41558599 
  26218548.30442528    8841190.29183429]
[-26778016.63858713  -15525134.06193658  -26978015.67204225 
  -10212173.88555209  -22803987.54946042    -2295248.85019672 
          42535.14868413  -22984384.15167507  -26311844.41375264 
  -22230054.73192628  -24794307.41050954  -21555580.57061008 
  -26753423.12802779  -14918179.00266788  -14449477.8750254 
  -19970487.52922748  -24413861.68553428  -26491029.72830927]
[  15941263.77267041      -201373.31848549      1617357.31826442 
  -19093981.8001774      -2137452.86168977  -29971216.20958271 
  -55093369.92243696      6377633.43838444      5941593.98575196 
      9370335.05995446    -3901478.77414623  -22718998.50565484 
  -49049211.38280682      1147674.40197708    -2729167.1763553 
  -20989968.20797988  -21919335.88632761  -19260428.3184896  ]
[-16500784.76443707    -2935639.09158921    -6612286.53649531 
  -10508142.19185845  -14668064.99861649    -4835872.29565286 
    -1029040.56695913  -16090810.88723519  -18568922.74897198 
  -13623456.33011339  -12126498.23650343    -6536227.06608886 
      5417780.34461556  -20168546.39317314    -8574068.56535771 
  -10956180.17921148  -11093500.52337584  -18171654.34674958]
[  2015312.03222983  -6525440.83987616  15108961.12653513    5747623.10661807 
    4114148.82865174  -1774469.92984722    6071258.92203875  24582157.51355771 
  12990637.44462792  11560077.27772718    4903520.2587012    14151832.45418057 
  25892945.92699375  29931682.34362441  19279222.40719164  26466941.41558599 
  26218548.30442528    8841190.29183429]
[-16500784.76443707    -2935639.09158921    -6612286.53649531 
  -10508142.19185845  -14668064.99861649    -4835872.29565286 
    -1029040.56695913  -16090810.88723519  -18568922.74897198 
  -13623456.33011339  -12126498.23650343    -6536227.06608886 
      5417780.34461556  -20168546.39317314    -8574068.56535771 
  -10956180.17921148  -11093500.52337584  -18171654.34674958]
[  -4027995.42355499  -21320383.45376221    14077856.8475773 
      5147666.10281234  -15984930.63587421    -8472764.88729973 
    -5783703.46575626    34573557.95561763    12501494.35017808 
    14404101.05588428  -19213168.47725885  -10120865.90212727 
  -20102511.00432875    30928217.43382515    29681372.28447802 
      5128358.06588904      -539663.60127456  -28480679.26755762]
increment_60
[-9.62883447e+07  -1.01652812e+08  -9.63133636e+07  -1.11083789e+08 
  -1.12212863e+08  -1.11582596e+08  -1.28461700e+08  -9.26993362e+07 
  -1.03307908e+08  -9.26636301e+07  -1.11580025e+08  -1.19587566e+08 
  -1.27748233e+08  -9.16258157e+07  -8.90521605e+07  -1.10041902e+08 
  -1.16795864e+08  -1.25503449e+08]
[-26356941.13289864  -15626979.04902065  -26591410.83486377 
  -11434832.12778358  -23973590.42067056    -2252330.6387045 
      -446541.7670342    -24431991.04591282  -27849709.07345038 
  -21912222.95980466  -24612336.66933929  -21607304.56800434 
  -26515699.78182561  -13862563.92820934  -13549767.99562786 
  -20463024.00520372  -24431290.64854408  -26640933.67543988]
[    741248.51650179  -6811710.23435589  15499566.71257458    6540622.92400481 
    3458800.45367352  -1889514.15644732    6609589.72571158  25639099.24615594 
  13046930.71644452  12489426.59934305    4408765.50171944  14333891.28231483 
  26380590.80938837  32498451.04941956  21160982.17426971  26271214.59795352 
  27262325.24794554    7362307.70148889]
[-26356941.13289864  -15626979.04902065  -26591410.83486377 
  -11434832.12778358  -23973590.42067056    -2252330.6387045 
      -446541.7670342    -24431991.04591282  -27849709.07345038 
  -21912222.95980466  -24612336.66933929  -21607304.56800434 
  -26515699.78182561  -13862563.92820934  -13549767.99562786 
  -20463024.00520372  -24431290.64854408  -26640933.67543988]
[  19055574.50095419        950910.23507126      1316982.48165686 
  -17305555.69301772        699114.03437938  -28275303.03038091 
  -54041039.60806205      7513224.83334075      6946142.55128816 
      8888033.37259694    -1926647.02337115  -21979693.80449177 
  -50462509.88844972        953700.74408156    -5664243.18090477 
  -20097833.65498402  -22818858.26316451  -16499561.9079379  ]
[-15998039.12735606    -2315041.94170838    -5196454.67107415 
  -10609933.5848781    -14748473.09795138    -4403166.56152242 
      -517159.15584973  -14940708.19623731  -18582960.33550879 
  -13353646.92975342  -12384975.55887859    -7032341.82435186 
      7317404.21410523  -20368794.83921923    -6969630.39324749 
  -11907258.78556486  -11212124.32661398  -17977915.30130911]
[    741248.51650179  -6811710.23435589  15499566.71257458    6540622.92400481 
    3458800.45367352  -1889514.15644732    6609589.72571158  25639099.24615594 
  13046930.71644452  12489426.59934305    4408765.50171944  14333891.28231483 
  26380590.80938837  32498451.04941956  21160982.17426971  26271214.59795352 
  27262325.24794554    7362307.70148889]
[-15998039.12735606    -2315041.94170838    -5196454.67107415 
  -10609933.5848781    -14748473.09795138    -4403166.56152242 
      -517159.15584973  -14940708.19623731  -18582960.33550879 
  -13353646.92975342  -12384975.55887859    -7032341.82435186 
      7317404.21410523  -20368794.83921923    -6969630.39324749 
  -11907258.78556486  -11212124.32661398  -17977915.30130911]
[  -5420351.61242431  -22638034.00012046    15665166.27570381 
      5622503.50297915  -18640285.01553469    -7667555.23145772 
    -5837867.84914318    37285546.38536264    11572982.92071304 
    16026020.0596653    -19741238.53653133  -11673518.08944175 
  -18274207.5372217      33974139.19601702    30897862.28918078 
      6207679.33561247      -392494.44290349  -30438902.42338663]
increment_70
[-9.73246333e+07  -1.02738539e+08  -9.86089061e+07  -1.11835855e+08 
  -1.13634513e+08  -1.10979627e+08  -1.28720081e+08  -9.17289557e+07 
  -1.02726990e+08  -9.36558453e+07  -1.11184579e+08  -1.20830194e+08 
  -1.26459037e+08  -9.08118900e+07  -9.02856126e+07  -1.09908192e+08 
  -1.17607603e+08  -1.24414656e+08]
[-25737590.59407948  -16104508.91308427  -24820342.69803215 
  -11584515.88267227  -24792639.48219317    -2259062.63583406 
      -425507.71562752  -26189786.82556942  -29508524.39129052 
  -21770196.24049673  -23804528.31878299  -21504428.50334621 
  -25948007.38454846  -13314710.44974231  -12198517.31150446 
  -21041838.61682187  -24469990.00404689  -27025741.40022163]
[    -74574.80415007  -6722338.58577269  15472858.93751509    7169005.15749035 
    2888274.26684097  -1810125.32246502    7036649.52755204  27588963.98914053 
  12921279.6158573    12881512.24169008    3818182.82603053  13984799.1664615 
  26618075.31879713  34213603.28383817  23542009.70137566  25730443.82318861 
  27516720.56145383    5855572.10171569]
[-25737590.59407948  -16104508.91308427  -24820342.69803215 
  -11584515.88267227  -24792639.48219317    -2259062.63583406 
      -425507.71562752  -26189786.82556942  -29508524.39129052 
  -21770196.24049673  -23804528.31878299  -21504428.50334621 
  -25948007.38454846  -13314710.44974231  -12198517.31150446 
  -21041838.61682187  -24469990.00404689  -27025741.40022163]
[  20916291.96110858      2815088.48595128    -2752051.83989639 
  -17685455.60114084      2412093.50933481  -26544368.27646445 
  -53748474.83051377      7552602.82464089      9097141.79149413 
      7882857.70004597        436262.06677934  -20478074.96186519 
  -51631486.32951361      1852095.82791199    -9453885.0683528 
  -18575799.57009937  -23655942.90178996  -13000264.92123006]
[-15814771.1347633      -2711615.67096581    -3382735.62805299 
  -10415709.9245997    -14995355.53558565    -4062607.30875472 
        397045.63577211  -12844574.70517561  -18551984.90283424 
  -12781254.41703702  -12480778.45065177    -7810998.2252216 
      9947203.69387098  -20458538.81712134    -5237867.16609379 
  -12756597.47548782  -11309140.94917522  -17544189.538607    ]
[    -74574.80415007  -6722338.58577269  15472858.93751509    7169005.15749035 
    2888274.26684097  -1810125.32246502    7036649.52755204  27588963.98914053 
  12921279.6158573    12881512.24169008    3818182.82603053  13984799.1664615 
  26618075.31879713  34213603.28383817  23542009.70137566  25730443.82318861 
  27516720.56145383    5855572.10171569]
[-15814771.1347633      -2711615.67096581    -3382735.62805299 
  -10415709.9245997    -14995355.53558565    -4062607.30875472 
        397045.63577211  -12844574.70517561  -18551984.90283424 
  -12781254.41703702  -12480778.45065177    -7810998.2252216 
      9947203.69387098  -20458538.81712134    -5237867.16609379 
  -12756597.47548782  -11309140.94917522  -17544189.538607    ]
[  -6658458.36368195  -23354771.5651882      15492348.56511439 
      6858108.62648332  -21573782.83123249    -6466189.27915318 
    -5987284.86259517    39555399.20949231    11047275.85939385 
    16422529.01676153  -19234519.35217607  -13830258.15187103 
  -15421367.65157581    37073777.07761544    31968632.36359687 
      7773481.79032076      -607799.68545791  -31802683.26553129]
increment_80
[-9.92021281e+07  -1.04217441e+08  -1.01326462e+08  -1.12949176e+08 
  -1.15397560e+08  -1.10077850e+08  -1.28893005e+08  -9.16500008e+07 
  -1.02318605e+08  -9.47451187e+07  -1.10818648e+08  -1.21926252e+08 
  -1.24659751e+08  -9.05855919e+07  -9.21671938e+07  -1.09809337e+08 
  -1.18537865e+08  -1.23192526e+08]
[-24744120.64205278  -17008061.90001024  -23669708.63429287 
  -11481105.83697284  -25401541.32561402    -2548178.25323393 
          41741.47862268  -28165033.44368694  -30841622.9963696 
  -21861016.71706851  -22630623.8878006    -21228322.97209676 
  -25295460.10671397  -12839195.49236536  -10803018.73096742 
  -21389912.87131026  -24422813.75669245  -27575134.4492388  ]
[  -786069.72825485  -6065576.51916075  15873451.16271437    7588005.50483559 
    2202473.93586623  -1441210.17373697    7320409.38508792  29441801.52553395 
  12815814.11265754  13055505.81822489    3053177.52704081  13195564.65941536 
  26870450.54509165  35485850.20878792  25460138.78113779  25079884.23651248 
  27101477.81750304    4291597.2308011  ]
[-24744120.64205278  -17008061.90001024  -23669708.63429287 
  -11481105.83697284  -25401541.32561402    -2548178.25323393 
          41741.47862268  -28165033.44368694  -30841622.9963696 
  -21861016.71706851  -22630623.8878006    -21228322.97209676 
  -25295460.10671397  -12839195.49236536  -10803018.73096742 
  -21389912.87131026  -24422813.75669245  -27575134.4492388  ]
[  21607576.88527587      5411454.88462041    -6511928.96202586 
  -19370108.59350039      3700157.52507577  -24009837.52756798 
  -54205580.61852587      6869694.91789471    11029628.5298083 
      7260783.63802766      2614395.07955614  -17952473.08949468 
  -52657419.48042817      2269319.977563      -13035625.73198349 
  -17322028.82257283  -24419757.81626733    -9275685.1465194  ]
[-15705940.28562385    -4084123.36148819    -1899437.27819936 
    -9610091.07415805  -15295396.05257334    -4114170.78209434 
      1788277.68181107  -10888402.40279767  -18532302.38983973 
  -12591396.11365474  -12428075.95866824    -9236350.17737333 
    13121402.82962981  -20505110.72146602    -4133116.99990158 
  -13441306.83985195  -11526933.07706687  -17049997.38638096]
[  -786069.72825485  -6065576.51916075  15873451.16271437    7588005.50483559 
    2202473.93586623  -1441210.17373697    7320409.38508792  29441801.52553395 
  12815814.11265754  13055505.81822489    3053177.52704081  13195564.65941536 
  26870450.54509165  35485850.20878792  25460138.78113779  25079884.23651248 
  27101477.81750304    4291597.2308011  ]
[-15705940.28562385    -4084123.36148819    -1899437.27819936 
    -9610091.07415805  -15295396.05257334    -4114170.78209434 
      1788277.68181107  -10888402.40279767  -18532302.38983973 
  -12591396.11365474  -12428075.95866824    -9236350.17737333 
    13121402.82962981  -20505110.72146602    -4133116.99990158 
  -13441306.83985195  -11526933.07706687  -17049997.38638096]
[  -8115043.36847088  -23403044.4627308      14799475.77940409 
      7724367.97158962  -24607189.56030459    -4772622.0501987 
    -6211366.68772797    40964158.80654088    10280363.08684724 
    16525587.2471347    -18750448.44366666  -16093092.96256825 
  -12265006.90691615    39218700.84365141    32611923.01466663 
      9502703.80983271      -994294.60293854  -33012394.6900057  ]
increment_90
[-1.01781815e+08  -1.06307192e+08  -1.04489412e+08  -1.14108580e+08 
  -1.17189241e+08  -1.09092024e+08  -1.29054419e+08  -9.12227284e+07 
  -1.02070412e+08  -9.59070025e+07  -1.10831443e+08  -1.23143099e+08 
  -1.22737582e+08  -8.97589805e+07  -9.45650267e+07  -1.10036991e+08 
  -1.19556452e+08  -1.21727209e+08]
[-23404998.08836039  -18208190.15528038  -22962710.40124187 
  -11202887.39338858  -25651020.07394919    -3252724.35454192 
        569269.63444083  -30000557.13341662  -31944587.10605882 
  -22145221.52550676  -21284757.16990367  -20843681.30543124 
  -24777427.20863397  -12247361.1356908      -9423804.49877613 
  -21662456.56110584  -24472964.14508842  -28070015.41348291]
[-1622669.92143185  -5008676.08366541  16356530.32964858    7712852.32347729 
    1270067.31712079    -809611.90681559    7749517.34509646  30777281.55089062 
  12109594.22935363  13025252.60660645    2208285.59606776  12262624.86276095 
  27171402.52892862  37472157.62234518  27397736.16202713  24153970.73317926 
  26170635.70971695    2490993.52910949]
[-23404998.08836039  -18208190.15528038  -22962710.40124187 
  -11202887.39338858  -25651020.07394919    -3252724.35454192 
        569269.63444083  -30000557.13341662  -31944587.10605882 
  -22145221.52550676  -21284757.16990367  -20843681.30543124 
  -24777427.20863397  -12247361.1356908      -9423804.49877613 
  -21662456.56110584  -24472964.14508842  -28070015.41348291]
[  21433767.95720268      8294175.9140022      -9383859.37270983 
  -21737784.0310102        5087229.51159486  -20448602.09721733 
  -55292555.2209706        6821687.84509656    12858745.94054881 
      7049017.97506412      4159078.26168796  -15225470.77672266 
  -53249035.98296266      2653406.97794326  -16179451.06651798 
  -16562950.53378259  -25080608.06401311    -5121707.18250188]
[-15610188.65251532    -6494181.66305189    -1424416.7342404 
    -8280842.54153772  -15426569.02501586    -4771413.29771856 
      3792976.4033584      -9322157.72851665  -18692287.8999244 
  -12806516.98089653  -12194498.90945628  -10797114.92065571 
    16264239.94287817  -19996112.21987413    -3883950.32192547 
  -13931503.60668739  -11815860.10582009  -16373855.75114739]
[-1622669.92143185  -5008676.08366541  16356530.32964858    7712852.32347729 
    1270067.31712079    -809611.90681559    7749517.34509646  30777281.55089062 
  12109594.22935363  13025252.60660645    2208285.59606776  12262624.86276095 
  27171402.52892862  37472157.62234518  27397736.16202713  24153970.73317926 
  26170635.70971695    2490993.52910949]
[-15610188.65251532    -6494181.66305189    -1424416.7342404 
    -8280842.54153772  -15426569.02501586    -4771413.29771856 
      3792976.4033584      -9322157.72851665  -18692287.8999244 
  -12806516.98089653  -12194498.90945628  -10797114.92065571 
    16264239.94287817  -19996112.21987413    -3883950.32192547 
  -13931503.60668739  -11815860.10582009  -16373855.75114739]
[-10145068.27071219  -22948389.82558059    14052562.25272038 
      8140104.38518091  -27685301.86768466    -2921253.8774914 
    -6698330.62210353    42701675.98340341      8508525.92508035 
    16589287.14502482  -18677747.94304875  -18545083.74322577 
    -9269650.7690817      41986454.11842714    32710759.75041705 
    10948752.75847431    -1603762.50811834  -34249143.46846981]
increment_100
[-1.04755188e+08  -1.08670619e+08  -1.08359604e+08  -1.15012513e+08 
  -1.18781853e+08  -1.08115438e+08  -1.29256255e+08  -9.03316829e+07 
  -1.01470702e+08  -9.73149908e+07  -1.11514865e+08  -1.24674216e+08 
  -1.20745197e+08  -8.88117146e+07  -9.72955666e+07  -1.10224462e+08 
  -1.20644640e+08  -1.19975491e+08]
[-22137202.3456483    -19562732.92865216  -21984871.55176885 
  -10689298.38618391  -25313162.46094681    -4439255.17932956 
        821879.47372536  -31190129.45160455  -32452663.9413821 
  -22282797.06350973  -19844611.42789448  -20341492.97805658 
  -24273674.04174292  -11985774.20243325    -7659561.25825128 
  -21799104.68463095  -24560291.26568055  -28300505.92632683]
[-2578412.11339923  -3811263.62427051  16635137.57983028    7626793.03516465 
    -101670.20860446      163584.51627966    8553114.90643416  31998899.67937606 
  10997376.04604371  12668531.81964808    1464393.66384919  11287714.28757504 
  27415559.2289432    39570394.48044299  29447009.54419179  23328489.69374118 
  25038347.60464516      254072.24475027]
[-22137202.3456483    -19562732.92865216  -21984871.55176885 
  -10689298.38618391  -25313162.46094681    -4439255.17932956 
        821879.47372536  -31190129.45160455  -32452663.9413821 
  -22282797.06350973  -19844611.42789448  -20341492.97805658 
  -24273674.04174292  -11985774.20243325    -7659561.25825128 
  -21799104.68463095  -24560291.26568055  -28300505.92632683]
[  21020445.69999928    10802737.76865644  -12633351.72581557 
  -23798414.89744841      7021932.0955329    -15951629.36434418 
  -56890047.53607601      7193605.19885242    15174161.55941303 
      6946851.78111563      4587211.61937202  -13032285.42312176 
  -53204097.69442941      2871368.77458279  -19164036.93862206 
  -16373430.36034375  -25669122.96741724      -390793.10691909]
[-15645863.6808019      -9526933.9429583      -1510111.52428714 
    -7176055.30212658  -15252574.39383004    -6033872.66682933 
      6461920.51154943    -7690720.62028043  -18550910.24590795 
  -13489157.02542694  -11740391.531199      -11896212.08169714 
    18985792.30596777  -18712365.02289097    -4186083.05248161 
  -13884186.42376437  -12217167.41842119  -15329940.47761166]
[-2578412.11339923  -3811263.62427051  16635137.57983028    7626793.03516465 
    -101670.20860446      163584.51627966    8553114.90643416  31998899.67937606 
  10997376.04604371  12668531.81964808    1464393.66384919  11287714.28757504 
  27415559.2289432    39570394.48044299  29447009.54419179  23328489.69374118 
  25038347.60464516      254072.24475027]
[-15645863.6808019      -9526933.9429583      -1510111.52428714 
    -7176055.30212658  -15252574.39383004    -6033872.66682933 
      6461920.51154943    -7690720.62028043  -18550910.24590795 
  -13489157.02542694  -11740391.531199      -11896212.08169714 
    18985792.30596777  -18712365.02289097    -4186083.05248161 
  -13884186.42376437  -12217167.41842119  -15329940.47761166]
[-12738875.58685879  -22040801.60080793    12997839.78886308 
      9046313.94317403  -30889633.08610014      -909358.74711814 
    -7518846.10436332    45358964.7450949        6453742.47912527 
    16652902.4711372    -19143806.83892593  -21627596.10272396 
    -6338137.29468185    44703756.80501178    33159520.27867019 
    12229243.88474323    -2153235.72815282  -35821452.9673897  ]
increment_110
[-1.07652867e+08  -1.10946448e+08  -1.12367652e+08  -1.15964634e+08 
  -1.20261176e+08  -1.07218163e+08  -1.29331311e+08  -9.04845097e+07 
  -1.00933858e+08  -9.84274246e+07  -1.12441570e+08  -1.26383650e+08 
  -1.18686808e+08  -8.86875193e+07  -1.00063408e+08  -1.10365859e+08 
  -1.21323337e+08  -1.18103394e+08]
[-21431779.68531434  -20842113.90110516  -20867028.22831979 
  -10236441.52427584  -24487085.59980614    -5823666.74906736 
        848066.49583191  -31038312.37137893  -31739977.38253233 
  -21700307.84325297  -18317264.16352317  -19631688.76632401 
  -23589026.77610644  -12707412.61428926    -6400859.1760199 
  -21786598.00916555  -24345865.14024589  -28059585.77854699]
[-3811816.6812844    -2693080.11013669  17027016.63035184    7590526.35974647 
  -1968703.58235946    1314153.02151944    9470288.4618028    32914586.02284387 
    9791156.9184292    12078830.11424363      500842.86932412  10150185.94231697 
  27329976.88946775  40121093.01272194  30381154.57685339  22585593.24685366 
  24166273.45649239  -2500209.40626435]
[-21431779.68531434  -20842113.90110516  -20867028.22831979 
  -10236441.52427584  -24487085.59980614    -5823666.74906736 
        848066.49583191  -31038312.37137893  -31739977.38253233 
  -21700307.84325297  -18317264.16352317  -19631688.76632401 
  -23589026.77610644  -12707412.61428926    -6400859.1760199 
  -21786598.00916555  -24345865.14024589  -28059585.77854699]
[  21607646.31808645    12057681.58968013  -16523976.87215003 
  -25115968.6306718        9422346.76571053  -11183869.70233878 
  -58463926.72075158      6842525.83799089    17899604.66068367 
      6840759.18645501      4406774.43390142  -11277850.11481153 
  -52349553.92164525      2955782.43571624  -21324260.71016767 
  -16676040.90091091  -26114374.31052937      4864236.57843185]
[-15814217.75878305  -12260221.62800277    -1298785.19157807 
    -6764554.71501826  -14809729.93822457    -7546739.74557983 
      9411907.46287901    -6716336.33411888  -17710655.30465723 
  -14338552.77566938  -11042652.65177644  -12406576.87971946 
    20958139.47876737  -17293537.33063959    -4715299.04207647 
  -13374716.96073188  -12587699.07184566  -13855433.69294427]
[-3811816.6812844    -2693080.11013669  17027016.63035184    7590526.35974647 
  -1968703.58235946    1314153.02151944    9470288.4618028    32914586.02284387 
    9791156.9184292    12078830.11424363      500842.86932412  10150185.94231697 
  27329976.88946775  40121093.01272194  30381154.57685339  22585593.24685366 
  24166273.45649239  -2500209.40626435]
[-15814217.75878305  -12260221.62800277    -1298785.19157807 
    -6764554.71501826  -14809729.93822457    -7546739.74557983 
      9411907.46287901    -6716336.33411888  -17710655.30465723 
  -14338552.77566938  -11042652.65177644  -12406576.87971946 
    20958139.47876737  -17293537.33063959    -4715299.04207647 
  -13374716.96073188  -12587699.07184566  -13855433.69294427]
[-16039339.04961478  -21058092.82772812    11779199.75982435 
    10511237.86410228  -34323205.85409424      1182190.02246014 
    -8460379.51575852    48041067.48966661      4432006.52831728 
    17572895.65687372  -20201138.70870042  -25329094.59267224 
    -3216942.23817158    45693041.06796398    33766970.94570576 
    13404200.42499404    -2144323.02489642  -37744467.76174454]
increment_120
[-1.10533328e+08  -1.12931246e+08  -1.15802574e+08  -1.16920040e+08 
  -1.21603713e+08  -1.06582384e+08  -1.28629425e+08  -9.11676830e+07 
  -1.00779359e+08  -9.91033844e+07  -1.13220800e+08  -1.27674691e+08 
  -1.16333442e+08  -8.88630378e+07  -1.02050292e+08  -1.10435718e+08 
  -1.20962401e+08  -1.16239779e+08]
[-21623849.02755402  -22083272.1364134    -20067182.31852631 
    -9695179.01977043  -23457639.89553706    -7196660.30035666 
        826611.36830095  -30602470.89930844  -30711002.4498109 
  -20649232.18296696  -16842427.62673781  -18488194.1050089 
  -22681296.16502092  -13298958.90940516    -5063040.26548987 
  -21622012.83219288  -23538487.28664735  -27491097.951905    ]
[-5193374.50222022  -1820349.4653174    17852653.98063487    7645524.05726441 
  -4376188.46193372    2510828.80633209  10359329.36229653  34246286.41241786 
    8450955.15380481  11608914.05088552    -589438.65569542    8204226.27548796 
  26811107.01545589  40474782.02422157  30989148.30409666  21492825.06782541 
  23287657.21834853  -5677204.28799008]
[-21623849.02755402  -22083272.1364134    -20067182.31852631 
    -9695179.01977043  -23457639.89553706    -7196660.30035666 
        826611.36830095  -30602470.89930844  -30711002.4498109 
  -20649232.18296696  -16842427.62673781  -18488194.1050089 
  -22681296.16502092  -13298958.90940516    -5063040.26548987 
  -21622012.83219288  -23538487.28664735  -27491097.951905    ]
[  22777462.71117243    12431366.74069449  -20705109.66685577 
  -26225963.73515971    12261538.84016255    -6834594.08580929 
  -59049572.48452283      5672854.64869441    20664065.17477544 
      6680127.95020504      4253806.39652428    -8942263.91248758 
  -50144455.46611329      2946963.09525444  -22852639.34620474 
  -17094516.55745055  -25826197.50911438    10478247.83488333]
[-16042496.75370357  -14185667.23941123      -108589.93202582 
    -6439848.83651255  -14173313.29261672    -8919587.99230151 
    12065249.00479349    -5572734.2320283    -17051544.99881164 
  -15064520.67734119  -10163712.41810402  -12469836.13058934 
    21798696.03261203  -16288242.17205871    -4855758.19594551 
  -12718034.72869912  -12970212.94562211  -12054681.6861959  ]
[-5193374.50222022  -1820349.4653174    17852653.98063487    7645524.05726441 
  -4376188.46193372    2510828.80633209  10359329.36229653  34246286.41241786 
    8450955.15380481  11608914.05088552    -589438.65569542    8204226.27548796 
  26811107.01545589  40474782.02422157  30989148.30409666  21492825.06782541 
  23287657.21834853  -5677204.28799008]
[-16042496.75370357  -14185667.23941123      -108589.93202582 
    -6439848.83651255  -14173313.29261672    -8919587.99230151 
    12065249.00479349    -5572734.2320283    -17051544.99881164 
  -15064520.67734119  -10163712.41810402  -12469836.13058934 
    21798696.03261203  -16288242.17205871    -4855758.19594551 
  -12718034.72869912  -12970212.94562211  -12054681.6861959  ]
[-19904248.58620806  -20581210.35570456    10775706.37238495 
    12327809.09983967  -37992074.35443852      3059409.29325049 
    -8198250.9610348      50422210.94274673      2284155.31505262 
    19426605.32648007  -21511288.40112008  -29439384.30774577 
        614992.26081094    46811032.36371205    35226523.20783861 
    14539666.02775822      -910818.87141462  -39937130.06678287]
