inc
sigma_11
sigma_12
sigma_13
sigma_21
sigma_22
sigma_23
sigma_31
sigma_32
sigma_33
increment_0
[6.8570914e-05  6.8570914e-05  6.8570914e-05  6.8570914e-05  6.8570914e-05 
  6.8570914e-05  6.8570914e-05  6.8570914e-05  6.8570914e-05  6.8570914e-05 
  6.8570914e-05  6.8570914e-05  6.8570914e-05  6.8570914e-05  6.8570914e-05]
[4.15908902e-06  4.15908902e-06  4.15908902e-06  4.15908902e-06 
  4.15908902e-06  4.15908902e-06  4.15908902e-06  4.15908902e-06 
  4.15908902e-06  4.15908902e-06  4.15908902e-06  4.15908902e-06 
  4.15908902e-06  4.15908902e-06  4.15908902e-06]
[7.32812098e-06  7.32812098e-06  7.32812098e-06  7.32812098e-06 
  7.32812098e-06  7.32812098e-06  7.32812098e-06  7.32812098e-06 
  7.32812098e-06  7.32812098e-06  7.32812098e-06  7.32812098e-06 
  7.32812098e-06  7.32812098e-06  7.32812098e-06]
[4.15908902e-06  4.15908902e-06  4.15908902e-06  4.15908902e-06 
  4.15908902e-06  4.15908902e-06  4.15908902e-06  4.15908902e-06 
  4.15908902e-06  4.15908902e-06  4.15908902e-06  4.15908902e-06 
  4.15908902e-06  4.15908902e-06  4.15908902e-06]
[6.56496744e-05  6.56496744e-05  6.56496744e-05  6.56496744e-05 
  6.56496744e-05  6.56496744e-05  6.56496744e-05  6.56496744e-05 
  6.56496744e-05  6.56496744e-05  6.56496744e-05  6.56496744e-05 
  6.56496744e-05  6.56496744e-05  6.56496744e-05]
[-5.7551379e-06  -5.7551379e-06  -5.7551379e-06  -5.7551379e-06 
  -5.7551379e-06  -5.7551379e-06  -5.7551379e-06  -5.7551379e-06 
  -5.7551379e-06  -5.7551379e-06  -5.7551379e-06  -5.7551379e-06 
  -5.7551379e-06  -5.7551379e-06  -5.7551379e-06]
[7.32812098e-06  7.32812098e-06  7.32812098e-06  7.32812098e-06 
  7.32812098e-06  7.32812098e-06  7.32812098e-06  7.32812098e-06 
  7.32812098e-06  7.32812098e-06  7.32812098e-06  7.32812098e-06 
  7.32812098e-06  7.32812098e-06  7.32812098e-06]
[-5.7551379e-06  -5.7551379e-06  -5.7551379e-06  -5.7551379e-06 
  -5.7551379e-06  -5.7551379e-06  -5.7551379e-06  -5.7551379e-06 
  -5.7551379e-06  -5.7551379e-06  -5.7551379e-06  -5.7551379e-06 
  -5.7551379e-06  -5.7551379e-06  -5.7551379e-06]
[6.79021745e-05  6.79021745e-05  6.79021745e-05  6.79021745e-05 
  6.79021745e-05  6.79021745e-05  6.79021745e-05  6.79021745e-05 
  6.79021745e-05  6.79021745e-05  6.79021745e-05  6.79021745e-05 
  6.79021745e-05  6.79021745e-05  6.79021745e-05]
increment_10
[-1.08288712e+08  -1.06908774e+08  -1.15137940e+08  -1.06054923e+08 
  -8.13344717e+07  -8.99991640e+07  -1.04512258e+08  -1.07276990e+08 
  -9.54500456e+07  -1.21532251e+08  -1.15638130e+08  -1.24357160e+08 
  -1.16506852e+08  -1.15238261e+08  -1.25234677e+08]
[  8661656.12885187  27648081.72604581  13091172.65350822  19651783.13782691 
  31169382.20263448    7070155.77262435    6602081.69005392  18357933.13313164 
  11415938.86133088    1001630.16837664  -3225159.1715853        159365.87265097 
  10926193.86498302    7383122.8356994    -7796725.38176009]
[    2408649.40751588    16119080.8499994      -5000816.09477898 
    -9779282.14349065      7507952.16100393  -11245190.13357127 
  -13273796.11285338    -8677887.94054921    14676537.93719875 
    -5889110.19490471    -1301837.19137054    -9148920.11470962 
      3700482.49690126    -4998118.32856725    -2352914.6241312  ]
[  8661656.12885187  27648081.72604581  13091172.65350822  19651783.13782691 
  31169382.20263448    7070155.77262435    6602081.69005392  18357933.13313164 
  11415938.86133088    1001630.16837664  -3225159.1715853        159365.87265097 
  10926193.86498302    7383122.8356994    -7796725.38176009]
[-47953046.44560406  -49397377.38802432  -54126290.13711136 
  -47612021.45506377  -25234949.2777321    -27511664.05028218 
  -38530454.92242423  -49889755.88263074  -28932109.36705426 
  -55914580.04249479  -44888631.26284032  -55163157.88354493 
  -55986790.34603427  -52846371.38486816  -51881723.97235902]
[23967901.54447658  18401515.92171475  15078229.98780301  16283419.49177094 
  21219569.94079247  16763849.08429781    9010488.40252085  12096405.65182897 
    3162214.86939979  14521879.74499316    5515611.78566408    2375279.08905891 
    4352857.98059838  18111721.68746275      801964.24161119]
[    2408649.40751588    16119080.8499994      -5000816.09477898 
    -9779282.14349065      7507952.16100393  -11245190.13357127 
  -13273796.11285338    -8677887.94054921    14676537.93719875 
    -5889110.19490471    -1301837.19137054    -9148920.11470962 
      3700482.49690126    -4998118.32856725    -2352914.6241312  ]
[23967901.54447658  18401515.92171475  15078229.98780301  16283419.49177094 
  21219569.94079247  16763849.08429781    9010488.40252085  12096405.65182897 
    3162214.86939979  14521879.74499316    5515611.78566408    2375279.08905891 
    4352857.98059838  18111721.68746275      801964.24161119]
[  -6603108.58885825    -5576446.77421563    -3362626.21317356 
  -19554154.98284053    15639011.23448065    -3513209.91187774 
  -20293398.99986629    -6761113.94002748    14112990.89306095 
  -28296746.4647247      -4940492.20756846  -23921330.14770428 
      5780455.3808972      -3709837.32439596  -18177234.9326365  ]
increment_20
[-1.08216106e+08  -1.07215572e+08  -1.19839646e+08  -1.08296175e+08 
  -8.23006758e+07  -8.83942158e+07  -1.04391246e+08  -1.04770647e+08 
  -9.40292821e+07  -1.24085310e+08  -1.18521071e+08  -1.27478766e+08 
  -1.18087051e+08  -1.17360458e+08  -1.28775299e+08]
[  8382616.32912924  29674570.08466041  13995345.16068811  24562339.61169299 
  33279609.50580776    8397113.29390712  10175995.37886291  22284581.22133905 
  10396038.7690943      2466924.09172569  -4887252.88174256    2137763.61510974 
  12364162.50959079    8350479.59792513  -8794315.38260673]
[      729093.25578942    16610156.71346529    -4509224.90254491 
    -6417223.95526348      8802991.27028749  -13427512.52691681 
  -14079579.6274015      -6838532.31315476    16806908.64204219 
    -6009366.38649369      -203679.7124559      -9774405.01604439 
      7135073.99101994    -6290879.79409734    -1516601.70202263]
[  8382616.32912924  29674570.08466041  13995345.16068811  24562339.61169299 
  33279609.50580776    8397113.29390712  10175995.37886291  22284581.22133905 
  10396038.7690943      2466924.09172569  -4887252.88174256    2137763.61510974 
  12364162.50959079    8350479.59792513  -8794315.38260673]
[-46882009.38751092  -49039271.61221179  -58121146.81358645 
  -51189637.40363014  -24920124.6016913    -25498865.77611763 
  -40003324.16027541  -48003714.05415577  -25760265.2453065 
  -58579226.26005891  -45735201.64824753  -59205390.10271481 
  -55156696.74590175  -54124588.55740157  -54049786.7092096  ]
[23342478.27417956  17851400.68498851  15068938.24539754  18651891.79804274 
  20337813.59663595  15842139.6022716    11254224.53495886  13821429.74452434 
    1593052.54795547  15299646.13590577    4776309.12891995    4654408.95906694 
    5091036.04147469  17657216.00692903    1429597.91422209]
[      729093.25578942    16610156.71346529    -4509224.90254491 
    -6417223.95526348      8802991.27028749  -13427512.52691681 
  -14079579.6274015      -6838532.31315476    16806908.64204219 
    -6009366.38649369      -203679.7124559      -9774405.01604439 
      7135073.99101994    -6290879.79409734    -1516601.70202263]
[23342478.27417956  17851400.68498851  15068938.24539754  18651891.79804274 
  20337813.59663595  15842139.6022716    11254224.53495886  13821429.74452434 
    1593052.54795547  15299646.13590577    4776309.12891995    4654408.95906694 
    5091036.04147469  17657216.00692903    1429597.91422209]
[  -4268862.91178574    -4348731.32806258    -5350208.98821523 
  -17837652.08279175    17055165.76465574    -2315814.33060191 
  -22651388.03113263    -4896772.71149888    17862089.26421686 
  -30147307.20874458    -5932204.97706934  -24193789.9228638 
      8963189.09839036    -3738933.15418797  -20511471.66477318]
increment_30
[-1.08942867e+08  -1.08066805e+08  -1.22175982e+08  -1.10233348e+08 
  -8.37293139e+07  -8.79502940e+07  -1.04705033e+08  -1.04250416e+08 
  -9.41186903e+07  -1.25716107e+08  -1.20417976e+08  -1.28849781e+08 
  -1.20528199e+08  -1.19770820e+08  -1.32299429e+08]
[    8130285.61368935    29974821.82372341    14463236.24059027 
    25578751.67657005    33465475.21934073      8316660.45750365 
    11773540.31129666    23145387.83850649    10029716.23158726 
      3220258.68516708    -6878129.99248472      2395460.70196807 
    12444839.7317282        9053328.84038883  -10433552.93922085]
[    1130420.6246581      17690256.36872042    -3655983.69201326 
    -5540234.14109093    10829140.45108619  -14591988.35239029 
  -13610014.14559688    -5731706.38863522    17538785.7852358 
    -5438098.71683771        333056.91445198    -8858571.59863594 
      9357159.4233473      -7329404.350505          -125883.15076991]
[    8130285.61368935    29974821.82372341    14463236.24059027 
    25578751.67657005    33465475.21934073      8316660.45750365 
    11773540.31129666    23145387.83850649    10029716.23158726 
      3220258.68516708    -6878129.99248472      2395460.70196807 
    12444839.7317282        9053328.84038883  -10433552.93922085]
[-46583468.77183443  -48711395.48567807  -59479200.46814699 
  -52418563.39320645  -24524786.48071143  -24367120.12902401 
  -40351424.32362381  -46732304.37082136  -24783648.62105349 
  -60275128.18217057  -45918491.7404227    -60043248.23644136 
  -54287724.65119077  -55702636.04794903  -55615139.58085966]
[23643722.26704283  17569961.32768177  15235070.14895453  19748538.19544316 
  19686140.28100031  15618304.55611858  12090954.93993113  14683995.25722824 
    1261984.79783755  16636959.87530331    4419773.50429854    5424494.76875884 
    5493550.3023485    17609028.2710816      1542358.95149062]
[    1130420.6246581      17690256.36872042    -3655983.69201326 
    -5540234.14109093    10829140.45108619  -14591988.35239029 
  -13610014.14559688    -5731706.38863522    17538785.7852358 
    -5438098.71683771        333056.91445198    -8858571.59863594 
      9357159.4233473      -7329404.350505          -125883.15076991]
[23643722.26704283  17569961.32768177  15235070.14895453  19748538.19544316 
  19686140.28100031  15618304.55611858  12090954.93993113  14683995.25722824 
    1261984.79783755  16636959.87530331    4419773.50429854    5424494.76875884 
    5493550.3023485    17609028.2710816      1542358.95149062]
[  -2729590.26071764    -2996264.84478256    -5512347.01032193 
  -18068006.38649702    19351095.69501653    -2273406.01912033 
  -25722715.37680424    -2370099.7228575      19632023.62030084 
  -32610958.01043917    -8344498.92412511  -22390168.79740267 
    11054166.65246594    -4397075.21774471  -23273728.74258995]
increment_40
[-1.09932956e+08  -1.08497332e+08  -1.23757194e+08  -1.12137633e+08 
  -8.52291455e+07  -8.82073987e+07  -1.05120260e+08  -1.04152464e+08 
  -9.38611702e+07  -1.26837497e+08  -1.21840095e+08  -1.29806922e+08 
  -1.23373176e+08  -1.22676800e+08  -1.36280740e+08]
[    8225479.67511561    30213254.83687886    14827984.82971495 
    25654906.72244069    33075746.49709366      8169132.61708663 
    13486192.10057161    23291273.64406697      9267763.53334628 
      4219999.35533154    -8532266.30953499      2934192.67580189 
    12454857.17605067      9399920.63794236  -11759677.20566176]
[    1668996.65016037    18736341.08626646    -3085328.26962683 
    -5550797.59422763    13193582.59334785  -15429311.16990988 
  -13298344.80470973    -4899971.27517676    17930414.99556983 
    -5477026.99286054        498349.56690925    -8155214.57919497 
    11791334.52302896    -8043017.36842442      1303511.48057799]
[    8225479.67511561    30213254.83687886    14827984.82971495 
    25654906.72244069    33075746.49709366      8169132.61708663 
    13486192.10057161    23291273.64406697      9267763.53334628 
      4219999.35533154    -8532266.30953499      2934192.67580189 
    12454857.17605067      9399920.63794236  -11759677.20566176]
[-46476317.78849122  -47933062.50824475  -60115788.7924681 
  -53272511.3810354    -24075250.13616244  -23936581.21170566 
  -40807752.60841775  -45551948.13077874  -23301506.41786261 
  -61316616.36957014  -46095810.62403087  -60710358.51575761 
  -53913388.85322563  -57682390.51445512  -57632449.95484886]
[23767056.90720057  17338205.68378834  15401551.16953298  20431849.96128465 
  18876024.10522209  15388559.59377453  12919966.02975739  15425188.78393767 
      649274.79559349  17176372.16416985    4470106.03575421    6426724.97668856 
    5591384.73130169  17850342.9638682      1836958.95904905]
[    1668996.65016037    18736341.08626646    -3085328.26962683 
    -5550797.59422763    13193582.59334785  -15429311.16990988 
  -13298344.80470973    -4899971.27517676    17930414.99556983 
    -5477026.99286054        498349.56690925    -8155214.57919497 
    11791334.52302896    -8043017.36842442      1303511.48057799]
[23767056.90720057  17338205.68378834  15401551.16953298  20431849.96128465 
  18876024.10522209  15388559.59377453  12919966.02975739  15425188.78393767 
      649274.79559349  17176372.16416985    4470106.03575421    6426724.97668856 
    5591384.73130169  17850342.9638682      1836958.95904905]
[-1.21217334e+06  -1.12826510e+06  -5.30343661e+06  -1.92124486e+07 
    2.22869587e+07  -1.82280341e+06  -2.93604294e+07    2.24189493e+04 
    2.14268342e+07  -3.43181130e+07  -1.15249486e+07  -2.05409613e+07 
    1.27822539e+07  -5.85823203e+06  -2.66005760e+07]
increment_50
[-1.11140136e+08  -1.08607870e+08  -1.24794572e+08  -1.14021030e+08 
  -8.71722580e+07  -8.86881756e+07  -1.05315371e+08  -1.03538305e+08 
  -9.30646930e+07  -1.27931265e+08  -1.22981087e+08  -1.30358760e+08 
  -1.26342455e+08  -1.25880007e+08  -1.41059791e+08]
[    8580961.40197194    30360008.79002926    14952272.81443439 
    25008258.45360132    32022602.65777746      7788211.68822617 
    15350945.90597998    23019161.59632396      8081813.50179675 
      5706951.47339725    -9456905.87465109      3830057.94804072 
    12581821.23192289      9509282.61301384  -12559064.90052795]
[    2206541.68020959    19577102.65983504    -2798394.42035213 
    -5917363.99802372    15673089.88058241  -16090281.82948656 
  -13159924.32514727    -4175051.83738034    17812025.9841195 
    -6209717.48357848      -115603.75505484    -7669217.46605127 
    14710074.25836096    -8600669.95744495      2551769.74390358]
[    8580961.40197194    30360008.79002926    14952272.81443439 
    25008258.45360132    32022602.65777746      7788211.68822617 
    15350945.90597998    23019161.59632396      8081813.50179675 
      5706951.47339725    -9456905.87465109      3830057.94804072 
    12581821.23192289      9509282.61301384  -12559064.90052795]
[-46484651.3135165    -46796037.79743239  -60193733.44680408 
  -53947645.91429362  -23983528.53165312  -23648662.32802881 
  -40992778.07662141  -43696326.81824433  -21110529.20065081 
  -62221473.30864786  -46457641.52914745  -61303573.500885 
  -53771779.38041497  -59905074.48531661  -60705944.31015702]
[23637660.42758831  17117058.24790104  15503372.41158373  20928499.90833355 
  17849827.47661515  15067664.19254035  13646178.41246435  16020449.46054797 
    -289308.66073487  16811954.2360614      4724035.85835924    7792093.76756835 
    5447110.04570677  18230200.67820672    2504976.6437722  ]
[    2206541.68020959    19577102.65983504    -2798394.42035213 
    -5917363.99802372    15673089.88058241  -16090281.82948656 
  -13159924.32514727    -4175051.83738034    17812025.9841195 
    -6209717.48357848      -115603.75505484    -7669217.46605127 
    14710074.25836096    -8600669.95744495      2551769.74390358]
[23637660.42758831  17117058.24790104  15503372.41158373  20928499.90833355 
  17849827.47661515  15067664.19254035  13646178.41246435  16020449.46054797 
    -289308.66073487  16811954.2360614      4724035.85835924    7792093.76756835 
    5447110.04570677  18230200.67820672    2504976.6437722  ]
[      406232.24155636      1220651.71026549    -4605965.41524894 
  -20509458.90045744    25521797.25376561      -834699.78205697 
  -33319669.14427838      2995546.07135039    23164905.6005204 
  -34956792.13522943  -15381903.21868577  -18485383.51049118 
    14488648.8317191      -7886155.45818199  -30598168.26626426]
increment_60
[-1.12459221e+08  -1.08573431e+08  -1.25423867e+08  -1.15806363e+08 
  -8.96557088e+07  -8.93864132e+07  -1.05412404e+08  -1.02281162e+08 
  -9.16519039e+07  -1.28972881e+08  -1.23835577e+08  -1.30451308e+08 
  -1.29463070e+08  -1.29068646e+08  -1.46513401e+08]
[    9077175.69238773    30405556.63173765    14868373.56529882 
    23914487.59589637    30407652.82465971      7081458.10156633 
    17262045.78711215    22621641.13964459      6533447.36087729 
      7458427.16970679    -9905876.37106046      5024939.81810968 
    12977721.07346887      9456911.47917558  -13254611.59289943]
[    2748336.67983542    20247386.55345809    -2734272.49134267 
    -6369040.55555087    18231283.49948443  -16470877.89518678 
  -13025515.83259349    -3532335.47057215    17161673.71406755 
    -7264852.26761119    -1489242.97888645    -7355770.08575609 
    17963339.16310808    -9035590.42442727      3684437.84632895]
[    9077175.69238773    30405556.63173765    14868373.56529882 
    23914487.59589637    30407652.82465971      7081458.10156633 
    17262045.78711215    22621641.13964459      6533447.36087729 
      7458427.16970679    -9905876.37106046      5024939.81810968 
    12977721.07346887      9456911.47917558  -13254611.59289943]
[-46538013.8602765    -45474933.60947604  -59884824.24705181 
  -54447534.79519474  -24412373.68372134  -23515079.80758107 
  -40968709.29206803  -41215122.43191385  -18152175.47765418 
  -63052175.60068382  -46579538.02235099  -61719498.0194658 
  -54017677.30245256  -62062228.59530494  -64493065.70953359]
[23343819.16080917  16925398.01666327  15464322.91168798  21254208.08739965 
  16667685.8156799    14776732.95386669  14292461.23699873  16478876.76194651 
  -1453896.61565695  16014817.16554037    4626835.92925607    9465696.04245727 
    5204696.48625457  18674484.82787321    3102612.63931502]
[    2748336.67983542    20247386.55345809    -2734272.49134267 
    -6369040.55555087    18231283.49948443  -16470877.89518678 
  -13025515.83259349    -3532335.47057215    17161673.71406755 
    -7264852.26761119    -1489242.97888645    -7355770.08575609 
    17963339.16310808    -9035590.42442727      3684437.84632895]
[23343819.16080917  16925398.01666327  15464322.91168798  21254208.08739965 
  16667685.8156799    14776732.95386669  14292461.23699873  16478876.76194651 
  -1453896.61565695  16014817.16554037    4626835.92925607    9465696.04245727 
    5204696.48625457  18674484.82787321    3102612.63931502]
[    2008811.18555154      3829557.53319879    -3521164.58681866 
  -21860227.06210346    28729448.12620043        664225.03608808 
  -37589157.93600529      6677164.76912852    24742504.98558346 
  -34446636.49035565  -19891447.98806136  -16036938.44764031 
    16124578.24035807    -9991440.01556663  -35291813.59700556]
increment_70
[-1.13989900e+08  -1.08584276e+08  -1.25953084e+08  -1.17723933e+08 
  -9.25580642e+07  -9.08037754e+07  -1.05624673e+08  -1.00939567e+08 
  -8.95926543e+07  -1.29439232e+08  -1.24154524e+08  -1.30322601e+08 
  -1.33121860e+08  -1.32311903e+08  -1.51987103e+08]
[    9642550.7762352      30424249.30731625    14652645.78311995 
    22712679.71115571    28587051.45082618      6184620.07088801 
    19114556.69164141    22383360.44112023      5025871.03268558 
      8843443.12731634  -10443315.20960053      6266187.09489943 
    13577276.1773527        9284520.64116463  -14397711.6143195  ]
[    3320001.13709226    20606378.96677686    -2823331.11302519 
    -6772421.21899494    20704897.06467864  -16374669.83005455 
  -12815453.75591889    -3331513.41698779    16168389.31646399 
    -8508277.20440118    -3146462.79109331    -7154466.52504434 
    20785230.50292062    -9215568.03831317      4937868.91358396]
[    9642550.7762352      30424249.30731625    14652645.78311995 
    22712679.71115571    28587051.45082618      6184620.07088801 
    19114556.69164141    22383360.44112023      5025871.03268558 
      8843443.12731634  -10443315.20960053      6266187.09489943 
    13577276.1773527        9284520.64116463  -14397711.6143195  ]
[-46807937.30718046  -44192861.33848782  -59534771.9309944 
  -55055461.57520925  -25354816.78705366  -24096768.68778094 
  -40971168.25929088  -38857337.40587091  -14523362.83410841 
  -63312966.05341946  -45812133.3939649    -61961755.89148698 
  -55196130.70349713  -64156274.47625504  -67889008.27721152]
[23039568.70010024  16838647.45481153  15306258.9354967    21341836.01449161 
  15516943.19521107  14611262.78929881  14938869.22869861  16819296.90656164 
  -2645421.98259073  15327226.70429672    3824055.69687456  11109669.97677323 
    5006285.62492626  19175801.26257638    2993826.32283305]
[    3320001.13709226    20606378.96677686    -2823331.11302519 
    -6772421.21899494    20704897.06467864  -16374669.83005455 
  -12815453.75591889    -3331513.41698779    16168389.31646399 
    -8508277.20440118    -3146462.79109331    -7154466.52504434 
    20785230.50292062    -9215568.03831317      4937868.91358396]
[23039568.70010024  16838647.45481153  15306258.9354967    21341836.01449161 
  15516943.19521107  14611262.78929881  14938869.22869861  16819296.90656164 
  -2645421.98259073  15327226.70429672    3824055.69687456  11109669.97677323 
    5006285.62492626  19175801.26257638    2993826.32283305]
[    3180170.4537463        6320919.16323161    -2453879.5997202 
  -23528700.85424613    31463666.90569714      2544068.25450936 
  -41707929.40082297    10288384.78153076    25868798.45798861 
  -32956575.65639805  -24557983.83669246  -13277818.17875303 
    17015457.21338085  -11801180.63768451  -40018918.15396797]
increment_80
[-1.15820320e+08  -1.08799600e+08  -1.26583209e+08  -1.19686094e+08 
  -9.54779503e+07  -9.29546262e+07  -1.06228637e+08  -1.00018157e+08 
  -8.74948496e+07  -1.29317787e+08  -1.23967351e+08  -1.30325487e+08 
  -1.37077917e+08  -1.35293250e+08  -1.56573557e+08]
[  10209742.29121385    30461931.19927614    14306911.16769053 
    21572597.06122237    26979672.37649894      5353230.8727871 
    20755852.98246695    22351960.23920415      3864012.32549359 
      9593612.80171529  -11130685.73509724      7405871.64486423 
    14171848.36070303      9115892.56447956  -16046927.26501413]
[    3874428.48014455    20571328.38454454    -3090344.88988456 
    -7050488.29247047    22747224.48439374  -15891619.58543704 
  -12550779.60913581    -3704806.50988696    15255991.31467174 
    -9639288.46634461    -4605069.61184149    -7046450.75374497 
    22664109.12591547    -9248248.45747719      6483667.03157445]
[  10209742.29121385    30461931.19927614    14306911.16769053 
    21572597.06122237    26979672.37649894      5353230.8727871 
    20755852.98246695    22351960.23920415      3864012.32549359 
      9593612.80171529  -11130685.73509724      7405871.64486423 
    14171848.36070303      9115892.56447956  -16046927.26501413]
[-47416840.40394127  -43131966.99404727  -59332526.43875824 
  -55748903.72928511  -26535777.84738015  -25457902.92544686 
  -41246868.15422443  -37123699.0331067    -10962797.51215674 
  -62914301.34628217  -44268017.57539032  -62184106.93965635 
  -57011707.45843625  -65895122.90632258  -69981603.06255382]
[22843041.11397177  16861834.26783723  15122453.64703306  21293353.7110788 
  14574960.03068763  14543644.54738028  15451235.52291455  17146898.90870208 
  -3751570.53402206  14916454.1323844      2491710.86581867  12485934.2168001 
    4996312.14387241  19609223.82665934    2359123.62147108]
[    3874428.48014455    20571328.38454454    -3090344.88988456 
    -7050488.29247047    22747224.48439374  -15891619.58543704 
  -12550779.60913581    -3704806.50988696    15255991.31467174 
    -9639288.46634461    -4605069.61184149    -7046450.75374497 
    22664109.12591547    -9248248.45747719      6483667.03157445]
[22843041.11397177  16861834.26783723  15122453.64703306  21293353.7110788 
  14574960.03068763  14543644.54738028  15451235.52291455  17146898.90870208 
  -3751570.53402206  14916454.1323844      2491710.86581867  12485934.2168001 
    4996312.14387241  19609223.82665934    2359123.62147108]
[    3693935.04719102      8417325.23652358    -1633122.68418368 
  -25290121.32277468    33518677.59875342      4380815.07420216 
  -44847573.92049852    13110432.63805608    26432605.30587967 
  -31125922.89229757  -28128014.38565559  -10891597.17829591 
    17185970.70141313  -12951744.14442589  -43996428.10091528]
increment_90
[-1.17763834e+08  -1.09213305e+08  -1.27404856e+08  -1.21345706e+08 
  -9.81587154e+07  -9.52590032e+07  -1.07251013e+08  -9.95370042e+07 
  -8.60025143e+07  -1.29416662e+08  -1.23590758e+08  -1.30706782e+08 
  -1.40726553e+08  -1.37896080e+08  -1.60009201e+08]
[  10839388.32422618    30515655.02070575    13853486.98033189 
    20379187.75766223    25660539.57071237      4638420.0222694 
    22057746.45961235    22358494.10966893      2948248.22756512 
      9799371.24178585  -11712083.68083107      8376110.78195682 
    14588904.26622696      8966114.00166081  -17829001.01510109]
[    4321888.4032674      20264605.35870249    -3523234.76356812 
    -7115592.32043816    24144724.31588417  -15231130.75547942 
  -12271984.1913447      -4396905.92252825    14619353.76812484 
  -10487958.75522419    -5812173.99721772    -6939890.91659375 
    23643398.29921723    -9250700.38467718      8184520.4678614  ]
[  10839388.32422618    30515655.02070575    13853486.98033189 
    20379187.75766223    25660539.57071237      4638420.0222694 
    22057746.45961235    22358494.10966893      2948248.22756512 
      9799371.24178585  -11712083.68083107      8376110.78195682 
    14588904.26622696      8966114.00166081  -17829001.01510109]
[-48151833.89851391  -42277568.54745796  -59360732.12685613 
  -56188011.7580444    -27735607.81572835  -26992724.59852257 
  -41793305.21112655  -35884078.70916754    -8112609.47026501 
  -62603931.70174976  -42538732.70807866  -62558284.19193165 
  -58695080.30984592  -67214380.89111878  -70821181.26303178]
[22713832.88820797  16954424.55993085  14928786.80714293  21211076.1860802 
  13841318.02745929  14509614.63697963  15745021.7139403    17457183.88799725 
  -4851716.84615588  14696292.7433661        921829.44733461  13620279.5201866 
    5198885.28637134  19902234.48136413    1557268.90659322]
[    4321888.4032674      20264605.35870249    -3523234.76356812 
    -7115592.32043816    24144724.31588417  -15231130.75547942 
  -12271984.1913447      -4396905.92252825    14619353.76812484 
  -10487958.75522419    -5812173.99721772    -6939890.91659375 
    23643398.29921723    -9250700.38467718      8184520.4678614  ]
[22713832.88820797  16954424.55993085  14928786.80714293  21211076.1860802 
  13841318.02745929  14509614.63697963  15745021.7139403    17457183.88799725 
  -4851716.84615588  14696292.7433661        921829.44733461  13620279.5201866 
    5198885.28637134  19902234.48136413    1557268.90659322]
[    3842894.39231942    10176895.97770956    -1116548.17916583 
  -26606511.49683328    34964897.77644479      5901763.97194177 
  -46786227.20663825    15265520.20082289    26435105.17979242 
  -29613593.63845204  -29994100.77821474    -9295019.60171773 
    17183366.45474158  -13564433.37377216  -46958040.2889393  ]
increment_100
[-1.19682425e+08  -1.09849908e+08  -1.28426911e+08  -1.22695559e+08 
  -1.00606816e+08  -9.73674900e+07  -1.08602046e+08  -9.94344457e+07 
  -8.53481189e+07  -1.30165933e+08  -1.23362941e+08  -1.31692251e+08 
  -1.43896000e+08  -1.40012135e+08  -1.62455240e+08]
[  11561188.23774181    30673192.67879513    13477688.51554212 
    19092238.10185565    24496994.01030785      3990396.79351025 
    23094966.8237666      22382789.57842885      2190572.67123455 
      9673209.05793869  -12209128.64150131      9090066.58268779 
    14838557.54393459      8877840.54307418  -19593006.85031347]
[    4738905.09267928    19917635.59968226    -3984840.81995068 
    -6950910.50018762    25062471.77628945  -14429932.78099676 
  -11912399.73062372    -5039330.72443394    14387584.23885559 
  -10971651.04793405    -6595401.61043148    -6733798.64945828 
    24248347.92875166    -9222287.12639375      9901278.16932144]
[  11561188.23774181    30673192.67879513    13477688.51554212 
    19092238.10185565    24496994.01030785      3990396.79351025 
    23094966.8237666      22382789.57842885      2190572.67123455 
      9673209.05793869  -12209128.64150131      9090066.58268779 
    14838557.54393459      8877840.54307418  -19593006.85031347]
[-48837686.36439171  -41670948.36617392  -59658854.18426281 
  -56374725.20480885  -28874833.38891596  -28325546.44366102 
  -42555849.88952321  -35015450.44679182    -6168730.74221133 
  -62863613.8371134    -41014870.69448103  -63276703.60399313 
  -59934493.47516941  -68058704.63983448  -70785577.32743882]
[22582550.66287151  17127797.15164077  14747577.71304935  21160274.47399436 
  13286454.9680513    14494058.18082558  15893909.76644718  17685171.99700683 
  -5945305.03005488  14607630.2258435      -712873.93382837  14575610.57298273 
    5465377.1360929    20100347.08601155      726987.8888843  ]
[    4738905.09267928    19917635.59968226    -3984840.81995068 
    -6950910.50018762    25062471.77628945  -14429932.78099676 
  -11912399.73062372    -5039330.72443394    14387584.23885559 
  -10971651.04793405    -6595401.61043148    -6733798.64945828 
    24248347.92875166    -9222287.12639375      9901278.16932144]
[22582550.66287151  17127797.15164077  14747577.71304935  21160274.47399436 
  13286454.9680513    14494058.18082558  15893909.76644718  17685171.99700683 
  -5945305.03005488  14607630.2258435      -712873.93382837  14575610.57298273 
    5465377.1360929    20100347.08601155      726987.8888843  ]
[    3895356.28129748    11462380.65857724      -900170.47323978 
  -27245099.90283816    36018635.63793178      7375989.38314346 
  -47828703.48456903    16888140.62791786    26049445.98462735 
  -28418217.52912054  -30214598.90135614    -8431858.42932886 
    17352547.86896792  -13648509.41982582  -49075189.64021566]
increment_110
[-1.21451093e+08  -1.10694632e+08  -1.29590952e+08  -1.23889295e+08 
  -1.02739356e+08  -9.93429327e+07  -1.10220232e+08  -9.98155090e+07 
  -8.56239891e+07  -1.31445864e+08  -1.23527645e+08  -1.33127110e+08 
  -1.46580400e+08  -1.41641369e+08  -1.63991050e+08]
[  12197113.64786306    30966596.77201138    13275230.17606943 
    17843223.23645318    23506689.11576628      3405235.1464959 
    23827727.84212253    22352669.50633173      1602819.58710373 
      9483126.89205693  -12590599.7335229        9515608.58516761 
    14792950.09453889      8905816.54853018  -21107714.94901425]
[    5187191.97915115    19814775.26361465    -4458499.05548397 
    -6636282.43625741    25777106.7982849    -13545253.45458987 
  -11448064.03766056    -5580810.9306952      14567033.7447775 
  -11102377.2834487      -6899302.55746675    -6345267.11763229 
    24676777.63024333    -9114944.41239144    11447273.13815127]
[  12197113.64786306    30966596.77201138    13275230.17606943 
    17843223.23645318    23506689.11576628      3405235.1464959 
    23827727.84212253    22352669.50633173      1602819.58710373 
      9483126.89205693  -12590599.7335229        9515608.58516761 
    14792950.09453889      8905816.54853018  -21107714.94901425]
[-49331556.46119159  -41278312.80556067  -60186978.77266551 
  -56507139.47485423  -29796648.67930382  -29521872.22940805 
  -43535650.03841539  -34601362.93443267    -5275266.01011416 
  -63629951.7736114    -40025196.40239987  -64166183.30355993 
  -60579564.64209688  -68434054.74887782  -70293973.74889632]
[22498607.15940238  17348403.25264081  14607586.58709573  21190107.78980755 
  12892784.13200868  14438627.04869601  16102892.13910235  17819536.26873295 
  -6896373.18069388  14566453.22892657  -2108993.73531228  15399945.23797798 
    5624749.0465747    20268075.46000082      223389.80749533]
[    5187191.97915115    19814775.26361465    -4458499.05548397 
    -6636282.43625741    25777106.7982849    -13545253.45458987 
  -11448064.03766056    -5580810.9306952      14567033.7447775 
  -11102377.2834487      -6899302.55746675    -6345267.11763229 
    24676777.63024333    -9114944.41239144    11447273.13815127]
[22498607.15940238  17348403.25264081  14607586.58709573  21190107.78980755 
  12892784.13200868  14438627.04869601  16102892.13910235  17819536.26873295 
  -6896373.18069388  14566453.22892657  -2108993.73531228  15399945.23797798 
    5624749.0465747    20268075.46000082      223389.80749533]
[    4046240.23187064    12350334.73456385    -1008783.86892333 
  -27339799.99506858    36946829.75608722      9042112.49194137 
  -48231625.07880495    18011627.09705842    25557353.14553025 
  -27209551.21310101  -29301771.21507019    -7969832.65506364 
    17758047.23509044  -13179222.50318478  -50649264.57105638]
increment_120
[-1.23148448e+08  -1.11666593e+08  -1.30851137e+08  -1.25236727e+08 
  -1.04475512e+08  -1.01376948e+08  -1.12169893e+08  -1.00716623e+08 
  -8.67484559e+07  -1.32856234e+08  -1.24252267e+08  -1.34880757e+08 
  -1.48933631e+08  -1.42662980e+08  -1.64663163e+08]
[  12556358.50683342    31289953.08017781    13208584.20327992 
    16845264.18601835    22730206.6382272        2922821.06592627 
    24283244.89619476    22285878.06303765      1324805.51562303 
      9410828.01338327  -12774076.94539168      9667012.74352127 
    14340900.97735976      9100569.7223233    -22188848.93032865]
[    5753758.41174259    20037246.6772932      -4927823.31151013 
    -6313941.12731325    26548587.45602402  -12568387.44648785 
  -11018721.94923865    -6054812.37749951    15284927.44990752 
  -11007160.76798189    -6748950.41195754    -5857061.68880834 
    24889692.3905915      -8967505.83225797    12741874.7179839  ]
[  12556358.50683342    31289953.08017781    13208584.20327992 
    16845264.18601835    22730206.6382272        2922821.06592627 
    24283244.89619476    22285878.06303765      1324805.51562303 
      9410828.01338327  -12774076.94539168      9667012.74352127 
    14340900.97735976      9100569.7223233    -22188848.93032865]
[-49696128.3789547    -40972148.96057378  -60853098.22922105 
  -56931998.1796806    -30349094.92739485  -30782041.93875919 
  -44863832.70034743  -34698650.32714012    -5392679.70227177 
  -64522774.48322213  -39829731.50732467  -65149734.1226191 
  -60739551.31342865  -68244701.81826325  -69633205.48679668]
[22474036.88519008  17610114.26310342  14547285.92735549  21329417.49082221 
  12650536.1136268    14395526.48120428  16489188.60434096  17905335.28491045 
  -7571371.12745452  14469974.62435506  -3016079.14632575  16132263.12875242 
    5595329.00902984  20419988.34813584      400280.2709761  ]
[    5753758.41174259    20037246.6772932      -4927823.31151013 
    -6313941.12731325    26548587.45602402  -12568387.44648785 
  -11018721.94923865    -6054812.37749951    15284927.44990752 
  -11007160.76798189    -6748950.41195754    -5857061.68880834 
    24889692.3905915      -8967505.83225797    12741874.7179839  ]
[22474036.88519008  17610114.26310342  14547285.92735549  21329417.49082221 
  12650536.1136268    14395526.48120428  16489188.60434096  17905335.28491045 
  -7571371.12745452  14469974.62435506  -3016079.14632575  16132263.12875242 
    5595329.00902984  20419988.34813584      400280.2709761  ]
[    4391873.30418281    13069521.26038622    -1377520.46305219 
  -27191733.63459253    38002826.24235654    10878458.16805385 
  -48208143.23095036    18507746.59353031    25123307.5217457 
  -25868722.07911542  -27731979.56322518    -7854543.61258902 
    18197502.09491828  -12119656.05968314  -52029553.74937158]
