inc
sigma_11
sigma_12
sigma_13
sigma_21
sigma_22
sigma_23
sigma_31
sigma_32
sigma_33
increment_0
[-3.81634193e-05  -3.81634193e-05  -3.81634193e-05  -3.81634193e-05 
  -3.81634193e-05  -3.81634193e-05  -3.81634193e-05  -3.81634193e-05 
  -3.81634193e-05  -3.81634193e-05  -3.81634193e-05  -3.81634193e-05 
  -3.81634193e-05  -3.81634193e-05  -3.81634193e-05  -3.81634193e-05 
  -3.81634193e-05  -3.81634193e-05  -3.81634193e-05  -3.81634193e-05 
  -3.81634193e-05  -3.81634193e-05  -3.81634193e-05  -3.81634193e-05 
  -3.81634193e-05  -3.81634193e-05]
[-3.58368698e-06  -3.58368698e-06  -3.58368698e-06  -3.58368698e-06 
  -3.58368698e-06  -3.58368698e-06  -3.58368698e-06  -3.58368698e-06 
  -3.58368698e-06  -3.58368698e-06  -3.58368698e-06  -3.58368698e-06 
  -3.58368698e-06  -3.58368698e-06  -3.58368698e-06  -3.58368698e-06 
  -3.58368698e-06  -3.58368698e-06  -3.58368698e-06  -3.58368698e-06 
  -3.58368698e-06  -3.58368698e-06  -3.58368698e-06  -3.58368698e-06 
  -3.58368698e-06  -3.58368698e-06]
[2.90851429e-06  2.90851429e-06  2.90851429e-06  2.90851429e-06 
  2.90851429e-06  2.90851429e-06  2.90851429e-06  2.90851429e-06 
  2.90851429e-06  2.90851429e-06  2.90851429e-06  2.90851429e-06 
  2.90851429e-06  2.90851429e-06  2.90851429e-06  2.90851429e-06 
  2.90851429e-06  2.90851429e-06  2.90851429e-06  2.90851429e-06 
  2.90851429e-06  2.90851429e-06  2.90851429e-06  2.90851429e-06 
  2.90851429e-06  2.90851429e-06]
[-3.58368698e-06  -3.58368698e-06  -3.58368698e-06  -3.58368698e-06 
  -3.58368698e-06  -3.58368698e-06  -3.58368698e-06  -3.58368698e-06 
  -3.58368698e-06  -3.58368698e-06  -3.58368698e-06  -3.58368698e-06 
  -3.58368698e-06  -3.58368698e-06  -3.58368698e-06  -3.58368698e-06 
  -3.58368698e-06  -3.58368698e-06  -3.58368698e-06  -3.58368698e-06 
  -3.58368698e-06  -3.58368698e-06  -3.58368698e-06  -3.58368698e-06 
  -3.58368698e-06  -3.58368698e-06]
[-7.75898594e-05  -7.75898594e-05  -7.75898594e-05  -7.75898594e-05 
  -7.75898594e-05  -7.75898594e-05  -7.75898594e-05  -7.75898594e-05 
  -7.75898594e-05  -7.75898594e-05  -7.75898594e-05  -7.75898594e-05 
  -7.75898594e-05  -7.75898594e-05  -7.75898594e-05  -7.75898594e-05 
  -7.75898594e-05  -7.75898594e-05  -7.75898594e-05  -7.75898594e-05 
  -7.75898594e-05  -7.75898594e-05  -7.75898594e-05  -7.75898594e-05 
  -7.75898594e-05  -7.75898594e-05]
[-2.07923492e-06  -2.07923492e-06  -2.07923492e-06  -2.07923492e-06 
  -2.07923492e-06  -2.07923492e-06  -2.07923492e-06  -2.07923492e-06 
  -2.07923492e-06  -2.07923492e-06  -2.07923492e-06  -2.07923492e-06 
  -2.07923492e-06  -2.07923492e-06  -2.07923492e-06  -2.07923492e-06 
  -2.07923492e-06  -2.07923492e-06  -2.07923492e-06  -2.07923492e-06 
  -2.07923492e-06  -2.07923492e-06  -2.07923492e-06  -2.07923492e-06 
  -2.07923492e-06  -2.07923492e-06]
[2.90851429e-06  2.90851429e-06  2.90851429e-06  2.90851429e-06 
  2.90851429e-06  2.90851429e-06  2.90851429e-06  2.90851429e-06 
  2.90851429e-06  2.90851429e-06  2.90851429e-06  2.90851429e-06 
  2.90851429e-06  2.90851429e-06  2.90851429e-06  2.90851429e-06 
  2.90851429e-06  2.90851429e-06  2.90851429e-06  2.90851429e-06 
  2.90851429e-06  2.90851429e-06  2.90851429e-06  2.90851429e-06 
  2.90851429e-06  2.90851429e-06]
[-2.07923492e-06  -2.07923492e-06  -2.07923492e-06  -2.07923492e-06 
  -2.07923492e-06  -2.07923492e-06  -2.07923492e-06  -2.07923492e-06 
  -2.07923492e-06  -2.07923492e-06  -2.07923492e-06  -2.07923492e-06 
  -2.07923492e-06  -2.07923492e-06  -2.07923492e-06  -2.07923492e-06 
  -2.07923492e-06  -2.07923492e-06  -2.07923492e-06  -2.07923492e-06 
  -2.07923492e-06  -2.07923492e-06  -2.07923492e-06  -2.07923492e-06 
  -2.07923492e-06  -2.07923492e-06]
[-7.37368115e-05  -7.37368115e-05  -7.37368115e-05  -7.37368115e-05 
  -7.37368115e-05  -7.37368115e-05  -7.37368115e-05  -7.37368115e-05 
  -7.37368115e-05  -7.37368115e-05  -7.37368115e-05  -7.37368115e-05 
  -7.37368115e-05  -7.37368115e-05  -7.37368115e-05  -7.37368115e-05 
  -7.37368115e-05  -7.37368115e-05  -7.37368115e-05  -7.37368115e-05 
  -7.37368115e-05  -7.37368115e-05  -7.37368115e-05  -7.37368115e-05 
  -7.37368115e-05  -7.37368115e-05]
increment_10
[-1.02707484e+08  -1.05138826e+08  -1.05342799e+08  -9.99060180e+07 
  -1.03635762e+08  -9.70239543e+07  -9.37644083e+07  -1.03956157e+08 
  -9.83758512e+07  -1.01712445e+08  -8.02773075e+07  -1.08164081e+08 
  -9.90938373e+07  -1.05617127e+08  -9.64334579e+07  -9.25884302e+07 
  -8.00226781e+07  -1.04553206e+08  -1.10011851e+08  -1.00062551e+08 
  -1.01722448e+08  -1.01078019e+08  -1.32312001e+08  -1.08129562e+08 
  -9.59468996e+07  -1.04189160e+08]
[  9942356.45551451    8550852.08146658    7047246.43646975    9401118.88988407 
  -1897498.83835877    4190022.49097263    8586207.62013162    7252992.46194852 
    6622045.79847297  -1515848.41654206    4327474.65270094    9940185.53871024 
  11322264.26998096    4195889.03824513  10175090.84437958    6841564.74284242 
  12972596.8818527      7178423.10406665    9328421.2129551    15460062.67619376 
  17813918.93426447  15477646.29996862  16654710.35152837  17371871.65971536 
  15797469.00338888    7463312.99845525]
[-4361871.03161446    9983494.06472377    9243262.87230381    2445142.73550983 
    4736676.16441029  12673045.4046646      7288602.40055252    3451009.16029439 
    3303696.84142971    7700389.78891192    7658571.38669685    2767585.21956614 
    4184639.30426596    7168733.97860103  -5131668.33920603      724720.11527194 
    1469155.95247759  -9172215.78125534  10092987.47669701  -2475153.44173688 
  -5826061.06755374  -5077897.12666339  -5186694.41011749  -7287473.03916539 
  -1951118.16328362    3933148.80790241]
[  9942356.45551451    8550852.08146658    7047246.43646975    9401118.88988407 
  -1897498.83835877    4190022.49097263    8586207.62013162    7252992.46194852 
    6622045.79847297  -1515848.41654206    4327474.65270094    9940185.53871024 
  11322264.26998096    4195889.03824513  10175090.84437958    6841564.74284242 
  12972596.8818527      7178423.10406665    9328421.2129551    15460062.67619376 
  17813918.93426447  15477646.29996862  16654710.35152837  17371871.65971536 
  15797469.00338888    7463312.99845525]
[  2.99560031e+06    4.77433965e+06  -1.53696227e+06    6.95281617e+06 
    1.70430784e+07    1.80468633e+07  -5.24970370e+06    4.72671665e+06 
    5.08475068e+06    1.80409959e+07    3.31758357e+07  -1.57272910e+07 
    2.52728197e+04    3.24515669e+06    8.08194895e+05    9.56964054e+06 
    8.36082516e+06  -1.16496549e+07  -1.42589695e+07  -4.34476288e+06 
  -1.65729337e+07  -5.19409141e+06  -5.60642602e+07  -1.61020409e+07 
  -7.27909468e+06    6.46777867e+06]
[-19043302.54549544  -12772040.2750656      -1404802.30790944 
  -12117526.6596248    -15467404.30782592  -11542027.8668584 
      3025282.5818376      -9963734.75593121    -7123201.78532712 
  -11068717.61600838    -9202829.09272827    -3370981.23057854 
    -7095179.9589996      -6090136.81431512  -11821292.90592313 
    -8410290.702499        -2688796.00508779    -9189966.85919399 
          26461.33105749  -12109499.79072255    -8890326.75360109 
  -13426092.56381496    -2214255.9410316    -13759985.26340158 
    -7255237.22872244  -12606983.78777101]
[-4361871.03161446    9983494.06472377    9243262.87230381    2445142.73550983 
    4736676.16441029  12673045.4046646      7288602.40055252    3451009.16029439 
    3303696.84142971    7700389.78891192    7658571.38669685    2767585.21956614 
    4184639.30426596    7168733.97860103  -5131668.33920603      724720.11527194 
    1469155.95247759  -9172215.78125534  10092987.47669701  -2475153.44173688 
  -5826061.06755374  -5077897.12666339  -5186694.41011749  -7287473.03916539 
  -1951118.16328362    3933148.80790241]
[-19043302.54549544  -12772040.2750656      -1404802.30790944 
  -12117526.6596248    -15467404.30782592  -11542027.8668584 
      3025282.5818376      -9963734.75593121    -7123201.78532712 
  -11068717.61600838    -9202829.09272827    -3370981.23057854 
    -7095179.9589996      -6090136.81431512  -11821292.90592313 
    -8410290.702499        -2688796.00508779    -9189966.85919399 
          26461.33105749  -12109499.79072255    -8890326.75360109 
  -13426092.56381496    -2214255.9410316    -13759985.26340158 
    -7255237.22872244  -12606983.78777101]
[    7615903.3301276      14011927.29739317    -3497601.3413712 
    10055010.30021158      4353720.60541506    18652773.9574964 
    11756563.33922033      2694648.27397591      7505481.11075737 
      4497797.2386191      28893413.6331122          768501.28281608 
    13589217.83518964        838530.78815685    12316523.50847319 
    15131541.14828666    32825484.34370786  -11040976.54981798 
      2790207.04784847    16640978.60998988    13308123.56651405 
    15773993.64527833  -25014505.53207813      7206249.99690315 
    19363340.71128748    11476801.74452563]
increment_20
[-1.07741190e+08  -1.11448640e+08  -1.08970471e+08  -1.05015409e+08 
  -1.03658678e+08  -1.01046510e+08  -9.65287748e+07  -1.02596767e+08 
  -9.87250963e+07  -1.00510973e+08  -7.95681939e+07  -1.08830757e+08 
  -1.00420760e+08  -1.05964772e+08  -9.77091982e+07  -9.43299771e+07 
  -7.97958823e+07  -1.05267039e+08  -1.11039195e+08  -1.01058435e+08 
  -1.01231425e+08  -1.02098756e+08  -1.36583924e+08  -1.07854574e+08 
  -9.57415243e+07  -1.04026940e+08]
[  9968929.73888126    8633224.00627031    5957523.56237463    9652590.42904485 
  -1035476.11954158    4836624.70240033    6401645.9351051      9150316.38033412 
    6824041.64808108    -673730.80146662    5909655.06630661  11207795.08772011 
  12282885.16199225    5544462.6614572    12149249.04258201    7204535.53894849 
  14772712.14035085    9335443.26634488  10969307.73995302  16397548.27689711 
  19339195.9772591    15981196.78400008  20208085.92109023  17977541.56547295 
  17185385.55438999    7086599.57178078]
[-1756379.65463593  11105470.00050377  13088910.9863917      5624272.31645232 
    3875695.13122057  12460850.39040055  11075523.14317317    2572106.19686168 
    3679164.46376217    5911953.63241128    5512408.37407366      346871.96550076 
    4394000.89030751    7844990.8274876    -7017287.3926302        474107.8094987 
    -232703.23405266  -6618914.31386948    9222202.99879494  -3116005.61482184 
  -6920111.45405779  -6483190.88621605  -8131965.72966285  -7566175.570755 
  -3306924.3240852      3860124.94975836]
[  9968929.73888126    8633224.00627031    5957523.56237463    9652590.42904485 
  -1035476.11954158    4836624.70240033    6401645.9351051      9150316.38033412 
    6824041.64808108    -673730.80146662    5909655.06630661  11207795.08772011 
  12282885.16199225    5544462.6614572    12149249.04258201    7204535.53894849 
  14772712.14035085    9335443.26634488  10969307.73995302  16397548.27689711 
  19339195.9772591    15981196.78400008  20208085.92109023  17977541.56547295 
  17185385.55438999    7086599.57178078]
[    -652663.56004647      -468255.5342886      -7191644.0339935 
      2498220.88577556    17237317.5373131      13931725.94840406 
    -2528082.25725445      4360487.39893918      5456658.14582971 
    19198881.57089621    32998398.09636415  -14256732.15892647 
    -3380554.28412453      3432964.60987847      -848793.10031519 
    11083758.79105713      5697249.51024008    -5558738.7680997 
  -18497475.43721489    -3617889.60254332  -17668771.75859825 
    -4081523.67085184  -70661660.10142198  -15593308.85547434 
    -9430550.07369867      9825140.4214205  ]
[-1.83286131e+07  -1.36569461e+07    2.85165002e+06  -1.10286440e+07 
  -1.64724624e+07  -1.24368958e+07    3.09285227e+06  -1.01030727e+07 
  -7.32258540e+06  -1.23888540e+07  -1.08307786e+07  -6.94106143e+06 
  -6.40669090e+06  -6.44347728e+06  -1.38787266e+07  -1.02671205e+07 
  -2.36022718e+06  -9.35743878e+06    5.12198757e+05  -1.39689423e+07 
  -8.82392143e+06  -1.54338184e+07    1.54805366e+04  -1.36429409e+07 
  -7.02182975e+06  -1.47541911e+07]
[-1756379.65463593  11105470.00050377  13088910.9863917      5624272.31645232 
    3875695.13122057  12460850.39040055  11075523.14317317    2572106.19686168 
    3679164.46376217    5911953.63241128    5512408.37407366      346871.96550076 
    4394000.89030751    7844990.8274876    -7017287.3926302        474107.8094987 
    -232703.23405266  -6618914.31386948    9222202.99879494  -3116005.61482184 
  -6920111.45405779  -6483190.88621605  -8131965.72966285  -7566175.570755 
  -3306924.3240852      3860124.94975836]
[-1.83286131e+07  -1.36569461e+07    2.85165002e+06  -1.10286440e+07 
  -1.64724624e+07  -1.24368958e+07    3.09285227e+06  -1.01030727e+07 
  -7.32258540e+06  -1.23888540e+07  -1.08307786e+07  -6.94106143e+06 
  -6.40669090e+06  -6.44347728e+06  -1.38787266e+07  -1.02671205e+07 
  -2.36022718e+06  -9.35743878e+06    5.12198757e+05  -1.39689423e+07 
  -8.82392143e+06  -1.54338184e+07    1.54805366e+04  -1.36429409e+07 
  -7.02182975e+06  -1.47541911e+07]
[    4198052.55836275      9419419.73953453    -7309782.69884741 
      7144530.09418798      4759153.35047037    15637045.10012718 
      9179902.26314387      4572676.6142454        6138565.27322222 
      5344931.23768506    30882936.81017205        330914.73577274 
    13014646.1353458        2146214.15310508    12519602.41560952 
    14670849.97793191    34076320.51137723  -13474326.44570367 
      2445847.68193247    18402879.72213607    15784249.44007055 
    16065656.56159261  -28443068.64861723      8895330.17074309 
    20679346.15956594    12660997.30592577]
increment_30
[-1.10726900e+08  -1.15475801e+08  -1.10412981e+08  -1.07811490e+08 
  -1.02889764e+08  -1.01402726e+08  -9.78118125e+07  -1.01199080e+08 
  -9.81909157e+07  -9.85200535e+07  -7.93063042e+07  -1.09415412e+08 
  -9.98188884e+07  -1.03519376e+08  -9.89724574e+07  -9.60197369e+07 
  -8.03742014e+07  -1.03276291e+08  -1.10446578e+08  -1.03479185e+08 
  -1.02772191e+08  -1.03067318e+08  -1.37585616e+08  -1.10122826e+08 
  -9.59298445e+07  -1.04340013e+08]
[  9163979.68717569    8378874.07893213    5964772.81842662    9436340.14349262 
  -1203955.30814123    5919755.86772195    4227162.75934273  10236411.45324696 
    7811963.75737301      478648.15663547    6842588.34632284  12478527.13076482 
  13742850.51178287    6855606.05691477  12393864.94202248    7068028.13895579 
  16142130.5802424    11347422.85657495  12553078.20317002  16900243.34836124 
  20010330.56676941  16332800.07560151  21088967.89200717  18395657.81342289 
  17477698.9270338      7712327.97106087]
[    -74692.58658791  11765596.60291411  14989539.85912441    7465614.01413853 
    2749876.77017592  11305080.99673206  13993152.7524224      2105497.981574 
    2526608.75158209    3144964.4580532      5519698.06721588  -1714702.88636413 
    3051831.42304569    6575216.26746841  -7240883.70413522      600980.81947122 
    -455572.38877647  -7308339.15608294    7758835.64727131  -2391508.40099409 
  -6841281.38505052  -6863742.35857484  -8960716.23100463  -7329278.07416704 
  -2944853.26497012    3654071.30039837]
[  9163979.68717569    8378874.07893213    5964772.81842662    9436340.14349262 
  -1203955.30814123    5919755.86772195    4227162.75934273  10236411.45324696 
    7811963.75737301      478648.15663547    6842588.34632284  12478527.13076482 
  13742850.51178287    6855606.05691477  12393864.94202248    7068028.13895579 
  16142130.5802424    11347422.85657495  12553078.20317002  16900243.34836124 
  20010330.56676941  16332800.07560151  21088967.89200717  18395657.81342289 
  17477698.9270338      7712327.97106087]
[  -1562916.36942          -2982184.84667195  -12414289.93861863 
        869584.35605225    19239184.55260978    13029384.97636013 
        402357.03981522      5237685.27030639      7312512.59390661 
    20831609.55031334    33236971.2161436    -13850503.45398401 
    -4881850.33078794      6008122.69567164      -221416.84335582 
    12095380.2222224        3284936.13189186    -1978448.65363754 
  -19070122.85130768    -4274877.82351593  -17227174.23009979 
    -3104654.74784714  -72490193.95725599  -15583582.08668523 
    -9014851.63432083    11080022.18975216]
[-18498778.12022405  -14933419.70896279      6032499.54704531 
  -10660406.20650883  -17864445.80241907  -13727098.84636055 
      3060917.11321541  -10501309.50003439    -9250160.35822587 
  -14683518.20419082  -10949063.0800133      -9741907.45833078 
    -7106533.39606055    -7863702.46141125  -15180832.06274049 
  -11421215.21693919    -1468122.15912577    -9782101.41559961 
      -560015.15935039  -14793274.11082142    -9561881.22694653 
  -16569513.57235773        102365.32462229  -14428168.90028676 
    -6800036.1041312    -16566359.58730445]
[    -74692.58658791  11765596.60291411  14989539.85912441    7465614.01413853 
    2749876.77017592  11305080.99673206  13993152.7524224      2105497.981574 
    2526608.75158209    3144964.4580532      5519698.06721588  -1714702.88636413 
    3051831.42304569    6575216.26746841  -7240883.70413522      600980.81947122 
    -455572.38877647  -7308339.15608294    7758835.64727131  -2391508.40099409 
  -6841281.38505052  -6863742.35857484  -8960716.23100463  -7329278.07416704 
  -2944853.26497012    3654071.30039837]
[-18498778.12022405  -14933419.70896279      6032499.54704531 
  -10660406.20650883  -17864445.80241907  -13727098.84636055 
      3060917.11321541  -10501309.50003439    -9250160.35822587 
  -14683518.20419082  -10949063.0800133      -9741907.45833078 
    -7106533.39606055    -7863702.46141125  -15180832.06274049 
  -11421215.21693919    -1468122.15912577    -9782101.41559961 
      -560015.15935039  -14793274.11082142    -9561881.22694653 
  -16569513.57235773        102365.32462229  -14428168.90028676 
    -6800036.1041312    -16566359.58730445]
[    2114663.2959905        6715581.30795493    -8759832.73453066 
      5290947.36929705      5509968.54528811    16228208.49840303 
      7233645.17244298      6853054.95135193      6322327.20016677 
      7920730.91563403    31930230.99542364        478320.87325874 
    14748527.46412994      5147365.15891779    12051980.14498033 
    13853539.60724254    34785865.23361059  -14080013.56171675 
      4037772.14261775    18854019.25966475    16952358.64787209 
    16631116.63630124  -28668568.0692033        9021189.91255837 
    21792048.01413848    13921947.66509174]
increment_40
[-1.13030938e+08  -1.18514888e+08  -1.11084994e+08  -1.09539691e+08 
  -1.02727949e+08  -1.01090381e+08  -9.77216509e+07  -1.00281871e+08 
  -9.71486327e+07  -9.73953957e+07  -7.95508537e+07  -1.10656922e+08 
  -9.93340758e+07  -1.01167625e+08  -1.00316229e+08  -9.71190499e+07 
  -8.14605803e+07  -1.01197586e+08  -1.09944449e+08  -1.05753373e+08 
  -1.04218165e+08  -1.04469857e+08  -1.38380467e+08  -1.12475374e+08 
  -9.63873849e+07  -1.04313428e+08]
[  8622353.15701008    8189316.33573969    6777453.40826056    9448797.66645079 
  -1313875.62219957    7071611.56475832    2136243.30444544  10584344.7068505 
    8836976.6579544      1269435.4976067      7502142.12325122  13176073.03267822 
  15240832.31615391    8156100.51401935  12342185.30944267    6987529.28676075 
  17404820.10236017  13005938.7310112    14140564.224061      17106554.10187652 
  20613496.94475339  16514148.03435592  21282926.75872992  18740818.5555358 
  17758454.09669483    8603902.13198114]
[  1288229.87108187  11654029.05465996  15829380.02264125    8483360.15023458 
    1841508.36284857    9724350.02174973  15671290.36812656    2569115.82196733 
      896656.47967553      669104.60451371    5663242.2467568    -2543012.89189687 
    1274057.04434075    5571626.45396601  -7115644.7714942          23078.37039451 
    -520395.42131376  -8366903.18594624    6268688.69628216  -1442605.17100428 
  -6609391.62023144  -7083803.15466977  -9350381.91216662  -7110484.98578326 
  -2755700.95331145    3498662.97442885]
[  8622353.15701008    8189316.33573969    6777453.40826056    9448797.66645079 
  -1313875.62219957    7071611.56475832    2136243.30444544  10584344.7068505 
    8836976.6579544      1269435.4976067      7502142.12325122  13176073.03267822 
  15240832.31615391    8156100.51401935  12342185.30944267    6987529.28676075 
  17404820.10236017  13005938.7310112    14140564.224061      17106554.10187652 
  20613496.94475339  16514148.03435592  21282926.75872992  18740818.5555358 
  17758454.09669483    8603902.13198114]
[  -2159320.38890401    -4671011.7256818    -18897607.53009428 
      -162502.81407754    20622420.93303497    12717850.21662064 
      1572313.51477268      6681435.41506854      9542976.35576906 
    22081356.68193582    33191060.73453407  -14103440.32623629 
    -5899643.90763393      8654930.23149505        807829.16365868 
    12785135.51248778        373672.7527487        1453282.95080674 
  -19669188.96514913    -4518962.60801227  -16418539.57334569 
    -2192594.83199902  -70667836.5229876    -15263077.16309041 
    -8986735.49613862    12176439.67247018]
[-18801066.77725805  -16514103.91458581      9115694.37367665 
  -10558568.43871843  -19089875.49542695  -15329648.35123137 
      3697625.03985809  -10543518.81109049  -11613949.24822433 
  -16923949.86084175  -10985773.79465603  -11409330.0551188 
    -8589082.13990707    -9251777.89637602  -16387887.38980523 
  -12646609.74524366      -480540.47279951  -10659162.25210612 
    -1765421.08815526  -15531493.0092506    -10363353.32597668 
  -17805196.16083948    -1072124.84731121  -15459023.13568164 
    -6777274.35354168  -18264540.1668779  ]
[  1288229.87108187  11654029.05465996  15829380.02264125    8483360.15023458 
    1841508.36284857    9724350.02174973  15671290.36812656    2569115.82196733 
      896656.47967553      669104.60451371    5663242.2467568    -2543012.89189687 
    1274057.04434075    5571626.45396601  -7115644.7714942          23078.37039451 
    -520395.42131376  -8366903.18594624    6268688.69628216  -1442605.17100428 
  -6609391.62023144  -7083803.15466977  -9350381.91216662  -7110484.98578326 
  -2755700.95331145    3498662.97442885]
[-18801066.77725805  -16514103.91458581      9115694.37367665 
  -10558568.43871843  -19089875.49542695  -15329648.35123137 
      3697625.03985809  -10543518.81109049  -11613949.24822433 
  -16923949.86084175  -10985773.79465603  -11409330.0551188 
    -8589082.13990707    -9251777.89637602  -16387887.38980523 
  -12646609.74524366      -480540.47279951  -10659162.25210612 
    -1765421.08815526  -15531493.0092506    -10363353.32597668 
  -17805196.16083948    -1072124.84731121  -15459023.13568164 
    -6777274.35354168  -18264540.1668779  ]
[      929845.01189067      4573040.55078013    -9541390.25189769 
      4092948.33049027      5854048.4583569      17438705.48831084 
      5521007.89761044      8424853.95120235      7623074.77091579 
      9775247.65034992    32023759.68921608      -260845.0957085 
    16789091.83891254      8375589.84220106    11524320.91157536 
    13146465.15771921    34869764.29687142  -13767509.98603842 
      5633068.87618913    19184911.23127806    18329558.07642187 
    16864801.99901083  -28425623.71007872      9140935.78182562 
    22375446.44844806    15806988.65581263]
increment_50
[-1.14964213e+08  -1.20911930e+08  -1.11758418e+08  -1.10726293e+08 
  -1.03351335e+08  -1.00316480e+08  -9.61448328e+07  -9.91807711e+07 
  -9.55756811e+07  -9.68709585e+07  -7.99671344e+07  -1.12299423e+08 
  -9.92920175e+07  -9.92915805e+07  -1.01392745e+08  -9.78443993e+07 
  -8.25696127e+07  -1.00050538e+08  -1.09540411e+08  -1.07643395e+08 
  -1.05519562e+08  -1.06053649e+08  -1.38603787e+08  -1.14910081e+08 
  -9.74514475e+07  -1.03906858e+08]
[  8366762.16315568    8093649.54284182    7952323.47522583    9838882.52263392 
  -1261047.2847257      8337549.72407324      152716.17223172  10080772.84586134 
    9515500.57126096    1626822.80074966    8130555.6759825    13395971.35326344 
  16390294.45458406    9165029.09195118  12135186.77988219    6725167.86055026 
  18535230.24198563  14387386.27584998  15719091.68886683  17124615.50918598 
  21133026.02081806  16528295.29776949  21162065.1839199    19040955.30615911 
  18049991.31400748    9620105.04536881]
[  2437864.97859172  11186293.87748997  16268486.37026126    8456211.61994661 
    1292082.61266641    7710055.33245155  15887130.37718553    3743812.42372186 
  -1054243.70131319  -1381642.50537114    5587231.99679581  -2548632.9821443 
    -394218.88537635    4758009.98043237  -6843629.167084      -1009422.89432918 
    -411656.38838242  -9365172.43418917    4588417.59019025    -542218.3784713 
  -6326568.85593112  -7270475.64433372  -9763882.04173046  -7013411.55146507 
  -3010188.49997274    3198182.44894604]
[  8366762.16315568    8093649.54284182    7952323.47522583    9838882.52263392 
  -1261047.2847257      8337549.72407324      152716.17223172  10080772.84586134 
    9515500.57126096    1626822.80074966    8130555.6759825    13395971.35326344 
  16390294.45458406    9165029.09195118  12135186.77988219    6725167.86055026 
  18535230.24198563  14387386.27584998  15719091.68886683  17124615.50918598 
  21133026.02081806  16528295.29776949  21162065.1839199    19040955.30615911 
  18049991.31400748    9620105.04536881]
[  -2709760.46234316    -5941291.13970611  -25422363.74330958 
    -1404687.24383394    21082911.22428768    12797537.57285218 
      2603127.69751422      9587213.78871536    12172770.76206774 
    23333079.53843221    32903994.87996827  -14941126.36494692 
    -6494406.31772734    11304763.85661322      2640162.73315227 
    13488441.71445871    -2175309.34319354      3545611.95091528 
  -21083202.54689117    -4102931.39289572  -15324662.57495281 
      -956309.98593409  -66844146.32123314  -15312455.50578538 
    -9667180.06830106    13275819.0054887  ]
[-19172101.66316056  -18121005.36462266    11593765.32267093 
  -10755790.07039888  -19983994.38764932  -17211936.43269142 
      4172534.88817902  -10119617.87515329  -14124646.50364141 
  -19019958.65172086  -11157291.32717927  -12139475.33946366 
  -10409766.27489935  -10738852.42358019  -17728291.43966337 
  -13955649.73202408        419890.62150851  -11693721.36349605 
    -2710547.06745889  -16508242.88720175  -11220402.96299207 
  -19303009.96808646    -2838739.34968561  -16365643.30698056 
    -7168645.49869174  -19964060.7435801  ]
[  2437864.97859172  11186293.87748997  16268486.37026126    8456211.61994661 
    1292082.61266641    7710055.33245155  15887130.37718553    3743812.42372186 
  -1054243.70131319  -1381642.50537114    5587231.99679581  -2548632.9821443 
    -394218.88537635    4758009.98043237  -6843629.167084      -1009422.89432918 
    -411656.38838242  -9365172.43418917    4588417.59019025    -542218.3784713 
  -6326568.85593112  -7270475.64433372  -9763882.04173046  -7013411.55146507 
  -3010188.49997274    3198182.44894604]
[-19172101.66316056  -18121005.36462266    11593765.32267093 
  -10755790.07039888  -19983994.38764932  -17211936.43269142 
      4172534.88817902  -10119617.87515329  -14124646.50364141 
  -19019958.65172086  -11157291.32717927  -12139475.33946366 
  -10409766.27489935  -10738852.42358019  -17728291.43966337 
  -13955649.73202408        419890.62150851  -11693721.36349605 
    -2710547.06745889  -16508242.88720175  -11220402.96299207 
  -19303009.96808646    -2838739.34968561  -16365643.30698056 
    -7168645.49869174  -19964060.7435801  ]
[      356797.71460646      2795379.84026565    -9978592.82500623 
      3162586.47990878      5431219.13122188    19159745.05870523 
      4662036.05690746      8721927.1743016        9717615.04849384 
    11064357.08250952    31687209.57502621    -1875853.06745657 
    18375985.89221273    11264558.27129766    11287169.21118415 
    12431976.78835782    34918894.51941905  -13066352.55555859 
      6814066.31977396    19587202.47158846    19921748.48872958 
    16997057.43148107  -27936627.42322031      8981111.38575602 
    22124475.00174955    18146547.90566885]
increment_60
[-1.16764845e+08  -1.22689846e+08  -1.12684404e+08  -1.11711706e+08 
  -1.04419669e+08  -9.95847841e+07  -9.31731751e+07  -9.75164391e+07 
  -9.39663575e+07  -9.64460745e+07  -8.02309597e+07  -1.14316706e+08 
  -1.00003487e+08  -9.77858264e+07  -1.02174433e+08  -9.84000506e+07 
  -8.36530963e+07  -1.00006277e+08  -1.09118118e+08  -1.09060067e+08 
  -1.06772642e+08  -1.07545476e+08  -1.38238074e+08  -1.17210135e+08 
  -9.90638600e+07  -1.03089424e+08]
[  8198955.03093212    7962457.77266215    9215288.43637254  10681122.42216432 
    -911946.18877568    9631789.51156622  -1885293.292473        8964835.35278312 
    9497684.86822409    1707101.17554808    8667922.05755912  13456992.5327093 
  16792228.27734023    9960626.96762463  11813407.06250477    6392220.35703266 
  19514974.32615052  15547939.2018124    17283261.8924045    16977087.66364931 
  21501548.10231144  16358917.4258955    20991516.16517451  19347391.0968342 
  18198688.00993908  10539325.25961403]
[    3566492.44246624    10570157.55935986    16750026.37840548 
      7389129.57216397        974860.04826742      5679510.79679074 
    15050337.5655272        5164659.05732853    -2855002.28106249 
    -3227662.62515711      5258117.16539703    -2397635.78619883 
    -1233389.12157498      3751284.4841189      -6518213.30568242 
    -2357659.65776831        -44067.51472793    -9937246.34785154 
      2536602.66137188        174198.98521251    -6067309.51269307 
    -7514025.52852241  -10352889.90152241    -7105420.62146994 
    -3557808.75262534      2539938.84182176]
[  8198955.03093212    7962457.77266215    9215288.43637254  10681122.42216432 
    -911946.18877568    9631789.51156622  -1885293.292473        8964835.35278312 
    9497684.86822409    1707101.17554808    8667922.05755912  13456992.5327093 
  16792228.27734023    9960626.96762463  11813407.06250477    6392220.35703266 
  19514974.32615052  15547939.2018124    17283261.8924045    16977087.66364931 
  21501548.10231144  16358917.4258955    20991516.16517451  19347391.0968342 
  18198688.00993908  10539325.25961403]
[  -3209261.04283366    -6695800.60176614  -31051006.67309301 
    -3303771.47958066    20753595.1207051      12885353.14407417 
      5897334.24393885    13956491.47609576    15158503.21940679 
    24821426.41953776    32710531.44874396  -16119767.12548829 
    -6653816.52165211    13760007.20147794      5204687.84064324 
    13994339.98077626    -4170071.61446306      4179381.88970272 
  -23218332.8025341      -3016718.97888607  -13929522.15796177 
        692227.3920858    -62425735.32690907  -15801280.81942597 
  -10902485.8590511      14622840.06934945]
[-19519237.88588439  -19629779.87185691    13282464.11140024 
  -11225894.79029895  -20549215.63502574  -19172371.56631237 
      3625298.94049187    -9335028.21711044  -16436697.74673289 
  -21017092.17372365  -11393689.5936738    -12688031.07648733 
  -12047500.63538642  -12448308.92624122  -19239376.02075511 
  -15251338.26098932      1226389.16107738  -12474554.99379205 
    -3489595.86126357  -17835908.76051698  -12191373.4664444 
  -20975598.41494229    -4546700.26963991  -16994462.22908928 
    -7824613.65251459  -21809495.46767613]
[    3566492.44246624    10570157.55935986    16750026.37840548 
      7389129.57216397        974860.04826742      5679510.79679074 
    15050337.5655272        5164659.05732853    -2855002.28106249 
    -3227662.62515711      5258117.16539703    -2397635.78619883 
    -1233389.12157498      3751284.4841189      -6518213.30568242 
    -2357659.65776831        -44067.51472793    -9937246.34785154 
      2536602.66137188        174198.98521251    -6067309.51269307 
    -7514025.52852241  -10352889.90152241    -7105420.62146994 
    -3557808.75262534      2539938.84182176]
[-19519237.88588439  -19629779.87185691    13282464.11140024 
  -11225894.79029895  -20549215.63502574  -19172371.56631237 
      3625298.94049187    -9335028.21711044  -16436697.74673289 
  -21017092.17372365  -11393689.5936738    -12688031.07648733 
  -12047500.63538642  -12448308.92624122  -19239376.02075511 
  -15251338.26098932      1226389.16107738  -12474554.99379205 
    -3489595.86126357  -17835908.76051698  -12191373.4664444 
  -20975598.41494229    -4546700.26963991  -16994462.22908928 
    -7824613.65251459  -21809495.46767613]
[      -49588.87296315      1310496.89135247  -10170789.51679693 
      2122614.48852296      4445204.64609324    20983960.82137659 
      5314821.33615174      7816009.25596408    11729456.82451723 
    12343388.03555656    31060910.94423403    -4004558.52295366 
    18900435.30841003    13825627.39353          11369400.93769544 
    11682889.48446229    35019791.42947587  -12646052.29597669 
      7640685.11356525    20172711.98730885    21560265.07627384 
    17208601.65726104  -27559555.65020294      8584678.21062673 
    21089478.36134955    20833534.88119873]
increment_70
[-1.18699566e+08  -1.23794034e+08  -1.13913575e+08  -1.12642238e+08 
  -1.05723951e+08  -9.89361140e+07  -8.93962672e+07  -9.54267228e+07 
  -9.23632838e+07  -9.60444333e+07  -8.00061581e+07  -1.16433953e+08 
  -1.01415305e+08  -9.69016444e+07  -1.02730862e+08  -9.87826503e+07 
  -8.48886846e+07  -1.00537788e+08  -1.08568195e+08  -1.09866318e+08 
  -1.08063332e+08  -1.09023116e+08  -1.37692961e+08  -1.18924889e+08 
  -1.00670297e+08  -1.01861120e+08]
[  7971510.70311144    7766634.1857204    10422699.60888082  11969042.30620097 
    -235481.03780734  10890340.83577958  -4239479.7041908      7551824.69054141 
    8912042.96612626    1752240.25975589    9166524.53057723  13683961.06693138 
  16548771.53461675  10728241.94552436  11477358.23164215    6318090.37508433 
  20273352.34214715  16436767.4218148    18514111.42554986  16626098.28235616 
  21740908.11950754  15979106.9795027    20981660.5768446    19654546.79115241 
  17915071.26808902  10748159.07355493]
[    4903508.22628411    10126258.21398541    17536680.28471818 
      5727830.39785728        679759.41711464      4170167.18752823 
    13601612.97823418      6541952.27016779    -4354871.11227684 
    -4821901.59431127      4826158.30570086    -2027966.8670381 
    -1355502.31954018      2666835.1625466      -6343912.01850437 
    -3722443.99199818        786933.27500085  -10091584.67434854 
        634651.70122452        576175.41296644    -5957007.91074936 
    -7826750.18163386  -11137462.90363938    -7358342.04961931 
    -4064700.18377637      1827528.51609438]
[  7971510.70311144    7766634.1857204    10422699.60888082  11969042.30620097 
    -235481.03780734  10890340.83577958  -4239479.7041908      7551824.69054141 
    8912042.96612626    1752240.25975589    9166524.53057723  13683961.06693138 
  16548771.53461675  10728241.94552436  11477358.23164215    6318090.37508433 
  20273352.34214715  16436767.4218148    18514111.42554986  16626098.28235616 
  21740908.11950754  15979106.9795027    20981660.5768446    19654546.79115241 
  17915071.26808902  10748159.07355493]
[  -3753083.35038201    -6858061.21436989  -35494226.4719798 
    -6051638.07036927    19731865.28164973    12971767.08076349 
    11664582.42344791    19165701.17274639    18642592.93091014 
    26318453.8704073      33145121.56080648  -16818594.61671765 
    -6496673.82364292    15351675.42655366      7938970.28807647 
    13980024.89644389    -5868215.9402837        4268336.29151361 
  -24808102.59644661    -1179482.20129263  -12645026.99996996 
      2603527.25663295  -58472114.66024988  -16179106.68719894 
  -11720977.80287195    17009620.63276936]
[-19752641.65599594  -20846698.25822477    14304941.82450256 
  -11722980.18229808  -20870008.23963924  -20912190.78805671 
      2082914.15786266    -8449859.73145009  -18379024.96945802 
  -22730498.74375504  -11690543.49032369  -13460845.99726512 
  -13543848.28495816  -14145259.84354909  -20792745.43803763 
  -16238185.52430963      2173918.91650128  -13009098.46780575 
    -4270069.00911824  -19578309.72986208  -13143947.54174021 
  -22740826.88619162    -5878222.51202648  -17354465.31433591 
    -8568989.72024262  -23712376.31399628]
[    4903508.22628411    10126258.21398541    17536680.28471818 
      5727830.39785728        679759.41711464      4170167.18752823 
    13601612.97823418      6541952.27016779    -4354871.11227684 
    -4821901.59431127      4826158.30570086    -2027966.8670381 
    -1355502.31954018      2666835.1625466      -6343912.01850437 
    -3722443.99199818        786933.27500085  -10091584.67434854 
        634651.70122452        576175.41296644    -5957007.91074936 
    -7826750.18163386  -11137462.90363938    -7358342.04961931 
    -4064700.18377637      1827528.51609438]
[-19752641.65599594  -20846698.25822477    14304941.82450256 
  -11722980.18229808  -20870008.23963924  -20912190.78805671 
      2082914.15786266    -8449859.73145009  -18379024.96945802 
  -22730498.74375504  -11690543.49032369  -13460845.99726512 
  -13543848.28495816  -14145259.84354909  -20792745.43803763 
  -16238185.52430963      2173918.91650128  -13009098.46780575 
    -4270069.00911824  -19578309.72986208  -13143947.54174021 
  -22740826.88619162    -5878222.51202648  -17354465.31433591 
    -8568989.72024262  -23712376.31399628]
[    -598440.08431829        133101.18712295  -10401647.49227512 
        992230.01336247      3022140.52272792    22888611.86918573 
      7209192.85837653      6248312.69610574    13279030.82560081 
    13606781.24633508    30570079.7861454      -5931160.3539285 
    18465741.92635835    15934434.22272703    11582468.53394032 
    11150726.4748231      34876814.91989777  -12510569.48323329 
      8342445.63990299    21105558.70215009    23012323.26866125 
    17359085.36150412  -27766910.60764303      8354199.47173679 
    19711877.85519533    23560509.13189173]
increment_80
[-1.21177987e+08  -1.24104169e+08  -1.15547486e+08  -1.13099877e+08 
  -1.06923421e+08  -9.79877570e+07  -8.57843890e+07  -9.32445119e+07 
  -9.09390152e+07  -9.60517318e+07  -7.92401588e+07  -1.17862459e+08 
  -1.03306617e+08  -9.68324790e+07  -1.03069470e+08  -9.90978348e+07 
  -8.62456447e+07  -1.01436091e+08  -1.07940331e+08  -1.10142555e+08 
  -1.09468064e+08  -1.10463607e+08  -1.37099817e+08  -1.19811526e+08 
  -1.01844221e+08  -1.00293034e+08]
[  7720254.87461295    7809886.09446552  11409834.75720551  13549332.65074639 
      740158.56495585  11714353.72920444  -6802506.80946181    6242977.35320196 
    8140963.83516633    1977452.22467538    9862097.69123615  14021124.63431963 
  15828113.83279799  11588462.03719493  11250207.65783297    6549012.40196574 
  20872550.61834009  17060235.42045336  19115220.76376854  15851442.78024985 
  21924959.30580171  15497564.437772      21230496.29463089  19960205.20731107 
  17049690.07899989    9813211.46073003]
[    6474939.49560771    10047402.73489158    18931275.36375013 
      3943006.20709264      -134840.98947628      3715858.67057212 
    11418078.50669978      7553793.47109362    -5469020.39728345 
    -5991912.97479196      4561944.88288896    -1283384.51704553 
    -1166061.13201831      1839227.06794127    -6422023.97046019 
    -4862457.33560145      2117953.19679939    -9923984.21585789 
      -572933.11520837        704630.86092904    -6043933.26213503 
    -8144344.73614105  -12035241.32363181    -7620141.39254913 
    -4352844.29662088      1381054.77299227]
[  7720254.87461295    7809886.09446552  11409834.75720551  13549332.65074639 
      740158.56495585  11714353.72920444  -6802506.80946181    6242977.35320196 
    8140963.83516633    1977452.22467538    9862097.69123615  14021124.63431963 
  15828113.83279799  11588462.03719493  11250207.65783297    6549012.40196574 
  20872550.61834009  17060235.42045336  19115220.76376854  15851442.78024985 
  21924959.30580171  15497564.437772      21230496.29463089  19960205.20731107 
  17049690.07899989    9813211.46073003]
[  -4809333.91450402    -6565101.39791473  -38412300.0006431 
    -9092870.35573447    18403539.90887941    13820038.9990251 
    18157104.00159673    24215864.55530379    22128721.221935 
    27284328.80394195    34279223.58437742  -15930134.88322894 
    -5715297.25815694    15774182.50902507    10244090.38199447 
    13501675.94963213    -7383936.75898895      4165014.83178108 
  -24488841.28181094      1502969.93689437  -11909683.09984001 
      4510716.13446446  -55121964.57488295  -15990222.16510591 
  -11309144.97565803    21024948.62009873]
[-19852913.87126759  -21684791.20172508    14783716.26660366 
  -12062250.45266021  -21308344.08429942  -22065322.63327236 
      -121345.6614898      -7950191.59266063  -19726781.62246565 
  -24038463.50491534  -12021516.79194884  -14529388.6676924 
  -15306876.62330137  -15534587.14455604  -22084523.23418486 
  -16870052.02720447      3338612.60409861  -13547660.09386002 
    -5359363.80517292  -21667910.33345419  -13906168.82954148 
  -24378164.28089411    -6761156.49579854  -17514593.76835776 
    -9390052.67936739  -25565275.1600021  ]
[    6474939.49560771    10047402.73489158    18931275.36375013 
      3943006.20709264      -134840.98947628      3715858.67057212 
    11418078.50669978      7553793.47109362    -5469020.39728345 
    -5991912.97479196      4561944.88288896    -1283384.51704553 
    -1166061.13201831      1839227.06794127    -6422023.97046019 
    -4862457.33560145      2117953.19679939    -9923984.21585789 
      -572933.11520837        704630.86092904    -6043933.26213503 
    -8144344.73614105  -12035241.32363181    -7620141.39254913 
    -4352844.29662088      1381054.77299227]
[-19852913.87126759  -21684791.20172508    14783716.26660366 
  -12062250.45266021  -21308344.08429942  -22065322.63327236 
      -121345.6614898      -7950191.59266063  -19726781.62246565 
  -24038463.50491534  -12021516.79194884  -14529388.6676924 
  -15306876.62330137  -15534587.14455604  -22084523.23418486 
  -16870052.02720447      3338612.60409861  -13547660.09386002 
    -5359363.80517292  -21667910.33345419  -13906168.82954148 
  -24378164.28089411    -6761156.49579854  -17514593.76835776 
    -9390052.67936739  -25565275.1600021  ]
[  -1819036.09707325      -395618.78322169  -11177029.61984952 
        497824.75359939      1384519.71945225    24988035.98680397 
      9543746.69154038      5132878.3468311      14084013.73832094 
    14492319.12463174    30741439.49394164    -6831292.77926187 
    17518985.08818725    17318872.13810552    11736338.56378076 
    10871540.4723519      34520349.52228287  -12170247.25082433 
      9090298.85052063    22251893.37172629    24024661.75081426 
    17455942.74889678  -28665393.80344643      8697410.48714788 
    18428179.10047775    26034839.94773065]
increment_90
[-1.24486157e+08  -1.24066769e+08  -1.17631301e+08  -1.12651258e+08 
  -1.07482438e+08  -9.66473564e+07  -8.26082424e+07  -9.10582141e+07 
  -8.99131414e+07  -9.69978633e+07  -7.82861106e+07  -1.18390088e+08 
  -1.05770327e+08  -9.76214105e+07  -1.03215428e+08  -9.94245359e+07 
  -8.76840751e+07  -1.02822520e+08  -1.07411044e+08  -1.10184872e+08 
  -1.10978643e+08  -1.11802469e+08  -1.36439788e+08  -1.20005556e+08 
  -1.02849781e+08  -9.87030500e+07]
[  7799618.27472845    8581062.14357605  12062055.84423586  15278466.72209945 
    1775923.78790906  11804380.85334824  -9657702.50805642    5248465.24200593 
    7372822.01352432    2187743.77377544  10821424.73392609  14228714.68740723 
  14759503.13229832  12610449.75853099  11183436.414551        6864376.82716875 
  21366699.19374149  17561441.52969706  19061995.52529529  14345045.29864089 
  22070296.70731428  14962914.41647536  21770846.34870412  20305776.32065075 
  15609850.73833296    7893359.35944648]
[    8207002.32875466    10306677.12493015    21029117.44428897 
      2244705.550215        -1975807.54092508      4014801.2814404 
      8171088.5792395        7853286.64552029    -6077786.28601899 
    -6499559.11428605      4469287.2135217        -393746.5296145 
      -747449.19448929      1358394.19387658    -6577890.01203626 
    -5854594.81522972      3818220.54717446    -9306956.34388035 
    -1201502.5592485          708985.78807269    -6280743.91262953 
    -8429371.73342355  -12974542.06066201    -7729799.22614578 
    -4458131.60210098      1097354.70710671]
[  7799618.27472845    8581062.14357605  12062055.84423586  15278466.72209945 
    1775923.78790906  11804380.85334824  -9657702.50805642    5248465.24200593 
    7372822.01352432    2187743.77377544  10821424.73392609  14228714.68740723 
  14759503.13229832  12610449.75853099  11183436.414551        6864376.82716875 
  21366699.19374149  17561441.52969706  19061995.52529529  14345045.29864089 
  22070296.70731428  14962914.41647536  21770846.34870412  20305776.32065075 
  15609850.73833296    7893359.35944648]
[  -7070258.43313964    -6704665.93266959  -39725720.23470639 
  -11840505.55142542    17900327.69018342    15917015.27160096 
    24596126.99601001    28445371.27962878    25202575.71957735 
    27535644.22227261    35464525.89480287  -13096580.18999909 
    -3713536.78945412    15037803.44378027    12083376.18347105 
    12820570.90845782    -8664810.5053934        3551487.38987124 
  -21722705.78516091      5130626.77770837  -11702512.97516699 
      6445840.08878676  -52247003.47005849  -15263936.30622125 
    -9667290.17064547    26305953.86395616]
[-19790387.79784994  -22134102.88456          14714869.00228426 
  -12126607.7317502    -22460438.55718455  -22719452.98980654 
    -2814361.08568562    -8013261.94577788  -20540926.92375863 
  -24956105.2249681    -12346637.81069028  -15955938.97984972 
  -17847084.21771613  -16628730.91203064  -22955566.7800259 
  -17317102.92973953      4595820.76015314  -14046342.01187745 
    -7206558.35627533  -24006813.69960592  -14460875.78074965 
  -25859553.64467884    -7201855.44173375  -17517005.65223476 
  -10420666.81541237  -27433603.06816456]
[    8207002.32875466    10306677.12493015    21029117.44428897 
      2244705.550215        -1975807.54092508      4014801.2814404 
      8171088.5792395        7853286.64552029    -6077786.28601899 
    -6499559.11428605      4469287.2135217        -393746.5296145 
      -747449.19448929      1358394.19387658    -6577890.01203626 
    -5854594.81522972      3818220.54717446    -9306956.34388035 
    -1201502.5592485          708985.78807269    -6280743.91262953 
    -8429371.73342355  -12974542.06066201    -7729799.22614578 
    -4458131.60210098      1097354.70710671]
[-19790387.79784994  -22134102.88456          14714869.00228426 
  -12126607.7317502    -22460438.55718455  -22719452.98980654 
    -2814361.08568562    -8013261.94577788  -20540926.92375863 
  -24956105.2249681    -12346637.81069028  -15955938.97984972 
  -17847084.21771613  -16628730.91203064  -22955566.7800259 
  -17317102.92973953      4595820.76015314  -14046342.01187745 
    -7206558.35627533  -24006813.69960592  -14460875.78074965 
  -25859553.64467884    -7201855.44173375  -17517005.65223476 
  -10420666.81541237  -27433603.06816456]
[  -3957319.35891536      -443951.46119558  -12566266.73210839 
      1110179.69539826        169804.68238256    27192183.63538795 
    12092653.54305224      4972057.91768948    14414662.82082773 
    14495085.99614769    31493411.65709481    -6910122.6246473 
    16402679.98294321    17989879.17263993    11770446.17295071 
    10683672.48245613    34064382.60876233  -11494414.64498673 
      9841647.15921813    23306992.9106126      24549450.21318963 
    17605752.26062834  -30232804.80967721      9712723.69513251 
    17026534.23401802    28148178.09058762]
increment_100
[-1.28122789e+08  -1.23968790e+08  -1.19449517e+08  -1.10875948e+08 
  -1.07230393e+08  -9.46026677e+07  -7.99403028e+07  -8.90979496e+07 
  -8.89350933e+07  -9.84870854e+07  -7.70169177e+07  -1.18078303e+08 
  -1.08313854e+08  -9.88750590e+07  -1.03171708e+08  -9.99750985e+07 
  -8.90660918e+07  -1.04556118e+08  -1.06818909e+08  -1.10192515e+08 
  -1.12317815e+08  -1.12878842e+08  -1.35463252e+08  -1.19740187e+08 
  -1.03728187e+08  -9.73370578e+07]
[    8418074.73466057    10000310.3581304      12464910.12657563 
    17011063.53566351      2198165.49741186    11367161.5079995 
  -12742190.29021972      4350988.0537446        6916042.82821668 
      2261324.11307395    11863668.7413301      13994493.99917125 
    13360231.38426162    13672930.2649026      11329258.24144616 
      7217546.13542634    21783037.74172216    17955021.44974065 
    18503682.4880073      12271584.92658556    22190224.12481519 
    14440261.2851498      22504432.81095792    20717705.40541129 
    13822818.53115063      5479773.76730582]
[    9611751.16277509    10762285.23889204    23337030.26748125 
        733551.04930428    -4459830.03664824      4477773.24423481 
      3716939.27789723      7692644.28862638    -6398709.89477273 
    -6513852.66750893      4484570.31815389        625474.30016041 
      -244050.99280687      1106949.7486773      -6705471.42212698 
    -6698284.86006138      5797023.17373456    -8179896.15903936 
    -1636415.35520284        673975.52712098    -6547679.1420668 
    -8620549.22444497  -13837345.97086973    -7555677.94147177 
    -4376677.5396479          849256.40584923]
[    8418074.73466057    10000310.3581304      12464910.12657563 
    17011063.53566351      2198165.49741186    11367161.5079995 
  -12742190.29021972      4350988.0537446        6916042.82821668 
      2261324.11307395    11863668.7413301      13994493.99917125 
    13360231.38426162    13672930.2649026      11329258.24144616 
      7217546.13542634    21783037.74172216    17955021.44974065 
    18503682.4880073      12271584.92658556    22190224.12481519 
    14440261.2851498      22504432.81095792    20717705.40541129 
    13822818.53115063      5479773.76730582]
[-10339289.34984202    -7470370.17951508  -39447609.90280252 
  -13903265.6651023      19352126.10933588    19371886.68698526 
    30574713.97949467    31380466.93786748    27772872.83737396 
    27633871.51846443    36665944.45120998    -8695634.65379262 
      -345476.73271604    13590415.98201667    13505567.24679676 
    12274078.88593591    -9544956.83807798      2335210.71553348 
  -16631586.27856866      9404082.12268706  -11561541.2978598 
      8474687.82802007  -49698161.98308213  -14295985.74623652 
    -6659543.63605759    32145570.44181642]
[-19935669.94441427  -22367556.17245146    14132075.03224962 
  -11688818.97122287  -24074899.03593617  -23140415.34509683 
    -5799130.6513305      -8198556.40458878  -20930959.63940649 
  -25711873.21503597  -12592548.59745227  -17381437.46588171 
  -20973847.4478157    -17505640.65064639  -23429718.08271539 
  -17881460.7165999        5837261.81128714  -14271993.31843004 
    -9873027.03008255  -26391517.29699492  -14878669.82667173 
  -27114097.14148688    -7183130.1945981    -17311732.66533367 
  -11840668.17195577  -29351694.51132218]
[    9611751.16277509    10762285.23889204    23337030.26748125 
        733551.04930428    -4459830.03664824      4477773.24423481 
      3716939.27789723      7692644.28862638    -6398709.89477273 
    -6513852.66750893      4484570.31815389        625474.30016041 
      -244050.99280687      1106949.7486773      -6705471.42212698 
    -6698284.86006138      5797023.17373456    -8179896.15903936 
    -1636415.35520284        673975.52712098    -6547679.1420668 
    -8620549.22444497  -13837345.97086973    -7555677.94147177 
    -4376677.5396479          849256.40584923]
[-19935669.94441427  -22367556.17245146    14132075.03224962 
  -11688818.97122287  -24074899.03593617  -23140415.34509683 
    -5799130.6513305      -8198556.40458878  -20930959.63940649 
  -25711873.21503597  -12592548.59745227  -17381437.46588171 
  -20973847.4478157    -17505640.65064639  -23429718.08271539 
  -17881460.7165999        5837261.81128714  -14271993.31843004 
    -9873027.03008255  -26391517.29699492  -14878669.82667173 
  -27114097.14148688    -7183130.1945981    -17311732.66533367 
  -11840668.17195577  -29351694.51132218]
[  -6368374.74353301      -296846.33958178  -13985161.76075579 
      3110544.2412577        -932917.76932363    29730409.0622324 
    14935023.08060836      5316209.3287752      14748414.77209223 
    14007098.55221993    32788595.45691171    -6683824.48857078 
    15339866.39752726    18240862.29621117    11834750.15542449 
    10535365.98570703    33644431.37312965  -10632743.95306945 
    10631482.935806        24163992.75472759    24983548.30321117 
    17987980.58088107  -31900004.11197229    11388409.33169938 
    15735625.77222176    29972874.22864362]
increment_110
[-1.31599428e+08  -1.23853965e+08  -1.20448590e+08  -1.07834599e+08 
  -1.05940310e+08  -9.16574899e+07  -7.82713289e+07  -8.79952927e+07 
  -8.80563857e+07  -9.99030018e+07  -7.51745083e+07  -1.16942775e+08 
  -1.10556476e+08  -1.00131956e+08  -1.03251068e+08  -1.00751502e+08 
  -9.02745851e+07  -1.06393232e+08  -1.06220852e+08  -1.10450039e+08 
  -1.13622665e+08  -1.13900876e+08  -1.34674761e+08  -1.19578244e+08 
  -1.04834175e+08  -9.66124590e+07]
[    9443224.99377996    11381425.10819662    12911354.15104325 
    18573916.02676215      1915432.5561272      10691772.88264221 
  -15777002.35051333      3446899.39182215      6604486.48922534 
      2682626.15188815    12760636.34346516    13073317.21239002 
    11733980.33976795    14700515.13192428    11281339.00585465 
      7605505.23979842    22112584.98988482    18175465.81027771 
    17813552.66876376    10204853.69343577    22455323.32109585 
    13895755.37454131    23331431.83257676    21154987.36918588 
    12180197.5611915        3272272.33569369]
[  10699532.21826648    11422968.25710486    25332644.24639859 
      -496718.39177337    -6765123.04270165      4939898.48444064 
    -1789704.67318454      7434761.34663743    -6847778.15464895 
    -6198972.78787168      4858257.86737852      1695455.64056851 
          41738.02990298        834803.21461602    -6878834.43417686 
    -7178170.20435915      7889051.4090981      -6613229.08208156 
    -2041156.54272693        671771.51306887    -6769041.54767322 
    -8705461.43818738  -14367985.26619921    -7176719.81925829 
    -3989191.03149187        695109.94154898]
[    9443224.99377996    11381425.10819662    12911354.15104325 
    18573916.02676215      1915432.5561272      10691772.88264221 
  -15777002.35051333      3446899.39182215      6604486.48922534 
      2682626.15188815    12760636.34346516    13073317.21239002 
    11733980.33976795    14700515.13192428    11281339.00585465 
      7605505.23979842    22112584.98988482    18175465.81027771 
    17813552.66876376    10204853.69343577    22455323.32109585 
    13895755.37454131    23331431.83257676    21154987.36918588 
    12180197.5611915        3272272.33569369]
[-14020468.0759484      -8238706.62053548  -38200698.50363338 
  -15159801.48503623    23157380.03921184    24024321.43916583 
    35281926.69947548    31103295.56756062    29771130.05391787 
    27513358.90814693    38299982.12860475    -3189341.61824486 
      2778004.42900424    12053866.49344781    14628998.83819225 
    12356114.64125674    -9668156.87126431        807252.66129643 
  -10236656.90150867    13463891.96231297  -11960536.50713761 
    10403858.2023819    -48334071.78391728  -13760992.34883336 
    -2801194.46528239    37289804.28003781]
[-20323240.88964868  -22393337.58093801    13224634.35459257 
  -10504813.79610041  -25316760.64309745  -23517256.76869097 
    -8826100.3316815      -7599050.51322726  -21169971.63253238 
  -26242905.85002116  -12471260.97956092  -18395962.16888635 
  -23583854.48941018  -18442190.06058196  -23705560.11606003 
  -18689502.69778387      6796757.24455331  -14058246.58201542 
  -12934766.70982714  -28536968.90719038  -14999689.74283339 
  -28125874.5604234      -6651983.37028774  -16859118.32626727 
  -13696072.75114389  -31099306.36517688]
[  10699532.21826648    11422968.25710486    25332644.24639859 
      -496718.39177337    -6765123.04270165      4939898.48444064 
    -1789704.67318454      7434761.34663743    -6847778.15464895 
    -6198972.78787168      4858257.86737852      1695455.64056851 
          41738.02990298        834803.21461602    -6878834.43417686 
    -7178170.20435915      7889051.4090981      -6613229.08208156 
    -2041156.54272693        671771.51306887    -6769041.54767322 
    -8705461.43818738  -14367985.26619921    -7176719.81925829 
    -3989191.03149187        695109.94154898]
[-20323240.88964868  -22393337.58093801    13224634.35459257 
  -10504813.79610041  -25316760.64309745  -23517256.76869097 
    -8826100.3316815      -7599050.51322726  -21169971.63253238 
  -26242905.85002116  -12471260.97956092  -18395962.16888635 
  -23583854.48941018  -18442190.06058196  -23705560.11606003 
  -18689502.69778387      6796757.24455331  -14058246.58201542 
  -12934766.70982714  -28536968.90719038  -14999689.74283339 
  -28125874.5604234      -6651983.37028774  -16859118.32626727 
  -13696072.75114389  -31099306.36517688]
[  -8497600.5317954        -369969.48836415  -14796771.33415493 
      6010760.96607787    -2214404.51457248    32998151.93582588 
    17810743.12006903      5486124.03764483    15091027.68662148 
    13767800.30838913    34418148.24062508    -6591213.66388218 
    13999052.07870455    18619798.14213366    11628658.55843752 
    10520753.43591918    33364424.84896735    -9979513.74275549 
    11209373.4754876      24736664.22603714    25337198.91500138 
    18352542.48786004  -33235731.54868694    13030753.84901732 
    14630874.88178612    31317054.18735906]
increment_120
[-1.34638581e+08  -1.23615602e+08  -1.21004446e+08  -1.04482377e+08 
  -1.03644291e+08  -8.83790023e+07  -7.77844732e+07  -8.80193316e+07 
  -8.77006492e+07  -1.01328098e+08  -7.34401782e+07  -1.15048256e+08 
  -1.11840770e+08  -1.01348322e+08  -1.03349173e+08  -1.01287348e+08 
  -9.10693510e+07  -1.07945299e+08  -1.06031516e+08  -1.10807127e+08 
  -1.15326393e+08  -1.15288477e+08  -1.34732583e+08  -1.19827677e+08 
  -1.06292112e+08  -9.63967371e+07]
[  10582284.84665956    12384821.52787188    13617889.02122304 
    19871128.16743711      1382243.07250284      9966476.07476052 
  -18531565.98326043      2968840.10092536      6081080.0603672 
      3655398.20374739    13176834.37651107    11593365.17690597 
    10111716.42148613    15820496.56439284    10843336.35260496 
      8011341.36982828    22269401.74130293    18375229.53077984 
    17252233.7966008        8492482.2214489      22958537.81247282 
    13409215.53629372    24200677.29824426    21632672.79374222 
    11117821.95178359      1778248.87941025]
[  11841576.93247017    12146363.74081461    26727100.81966217 
    -1330201.6194075      -8832369.09340588      5403526.84747839 
    -6949129.98103657      6589804.13929674    -7443967.18852985 
    -5569256.57618151      5876550.51866814      2325035.76990961 
        115124.75115014        428577.17340094    -7206956.73441686 
    -7465037.32859404      9829747.07211054    -4980593.2546314 
    -2168960.18374339        846953.79722817    -6884556.88568411 
    -8686657.71527729  -14397597.17310175    -6851981.19860829 
    -3234588.66119823        764875.10258193]
[  10582284.84665956    12384821.52787188    13617889.02122304 
    19871128.16743711      1382243.07250284      9966476.07476052 
  -18531565.98326043      2968840.10092536      6081080.0603672 
      3655398.20374739    13176834.37651107    11593365.17690597 
    10111716.42148613    15820496.56439284    10843336.35260496 
      8011341.36982828    22269401.74130293    18375229.53077984 
    17252233.7966008        8492482.2214489      22958537.81247282 
    13409215.53629372    24200677.29824426    21632672.79374222 
    11117821.95178359      1778248.87941025]
[-17624234.43333181    -8458364.46870912  -37709533.39929613 
  -15648804.38932388    28541883.90659874    29093832.95854266 
    39613289.45634932    25069021.66233122    31341689.76905059 
    26789754.62450537    40025621.82819633      2860953.6168866 
      5689819.53889658    10461735.09002638    15849922.82098613 
    12873889.54311859    -8360337.01815572      -565211.77251282 
    -4184351.89774731    17065679.62132486  -13494456.57920166 
    11778436.86407398  -49426468.83636462  -13826036.51937606 
      1213008.98328089    41125306.8379148  ]
[-20614951.02501028  -22449728.71097941    12511106.36514808 
    -8964053.97121313  -26261762.47875861  -23855615.04391614 
  -11759159.1742357      -5819712.04984056  -21592396.79186896 
  -26566784.85792962  -11893950.93074014  -19061475.08146249 
  -25291041.23744977  -19460417.23403052  -23912655.42546373 
  -19436427.87458652      7044222.08319899  -13679374.58356536 
  -15824719.49602918  -30250039.84627111  -14731583.65381329 
  -28958318.47766835    -5472002.84411578  -16418669.881106 
  -15880813.59542439  -32390207.75495079]
[  11841576.93247017    12146363.74081461    26727100.81966217 
    -1330201.6194075      -8832369.09340588      5403526.84747839 
    -6949129.98103657      6589804.13929674    -7443967.18852985 
    -5569256.57618151      5876550.51866814      2325035.76990961 
        115124.75115014        428577.17340094    -7206956.73441686 
    -7465037.32859404      9829747.07211054    -4980593.2546314 
    -2168960.18374339        846953.79722817    -6884556.88568411 
    -8686657.71527729  -14397597.17310175    -6851981.19860829 
    -3234588.66119823        764875.10258193]
[-20614951.02501028  -22449728.71097941    12511106.36514808 
    -8964053.97121313  -26261762.47875861  -23855615.04391614 
  -11759159.1742357      -5819712.04984056  -21592396.79186896 
  -26566784.85792962  -11893950.93074014  -19061475.08146249 
  -25291041.23744977  -19460417.23403052  -23912655.42546373 
  -19436427.87458652      7044222.08319899  -13679374.58356536 
  -15824719.49602918  -30250039.84627111  -14731583.65381329 
  -28958318.47766835    -5472002.84411578  -16418669.881106 
  -15880813.59542439  -32390207.75495079]
[-10476336.22337207      -481274.91722373  -15466864.16055074 
      8866355.39798967    -2676836.62084513    36543766.26494168 
    20215971.10593894      5952962.42928689    15376581.82462335 
    13863846.23138081    35639713.41109323    -6435596.25714944 
    12953755.60118313    18957941.55503885    11167182.29006808 
    10793841.29509681    33510133.60879607    -9336694.00687462 
    11590397.13141931    25289507.66661438    25302993.76336246 
    18306931.23952188  -34003440.44269779    14258273.21853214 
    13952398.27480349    32310383.48714083]
