inc
sigma_11
sigma_12
sigma_13
sigma_21
sigma_22
sigma_23
sigma_31
sigma_32
sigma_33
increment_0
[-3.73037085e-05  -3.73037085e-05  -3.73037085e-05  -3.73037085e-05 
  -3.73037085e-05  -3.73037085e-05  -3.73037085e-05  -3.73037085e-05]
[5.11364148e-06  5.11364148e-06  5.11364148e-06  5.11364148e-06 
  5.11364148e-06  5.11364148e-06  5.11364148e-06  5.11364148e-06]
[3.74781054e-06  3.74781054e-06  3.74781054e-06  3.74781054e-06 
  3.74781054e-06  3.74781054e-06  3.74781054e-06  3.74781054e-06]
[5.11364148e-06  5.11364148e-06  5.11364148e-06  5.11364148e-06 
  5.11364148e-06  5.11364148e-06  5.11364148e-06  5.11364148e-06]
[-3.29279276e-05  -3.29279276e-05  -3.29279276e-05  -3.29279276e-05 
  -3.29279276e-05  -3.29279276e-05  -3.29279276e-05  -3.29279276e-05]
[1.12796104e-05  1.12796104e-05  1.12796104e-05  1.12796104e-05 
  1.12796104e-05  1.12796104e-05  1.12796104e-05  1.12796104e-05]
[3.74781054e-06  3.74781054e-06  3.74781054e-06  3.74781054e-06 
  3.74781054e-06  3.74781054e-06  3.74781054e-06  3.74781054e-06]
[1.12796104e-05  1.12796104e-05  1.12796104e-05  1.12796104e-05 
  1.12796104e-05  1.12796104e-05  1.12796104e-05  1.12796104e-05]
[-4.34624182e-05  -4.34624182e-05  -4.34624182e-05  -4.34624182e-05 
  -4.34624182e-05  -4.34624182e-05  -4.34624182e-05  -4.34624182e-05]
increment_10
[-1.03332698e+08  -1.07997391e+08  -9.13421063e+07  -9.56280627e+07 
  -1.23737779e+08  -1.35789719e+08  -1.25117574e+08  -9.13758090e+07]
[-13927897.06987849  -12080122.32693333    -6335360.64741385 
  -15320138.58148236      8820345.92477632    18384084.74956436 
    10243163.05530584    -1476141.61220106]
[27749299.34238711  24358185.89934983    6624777.21022343    8295589.0824668 
    7562498.15257299  11488466.24369879    6028628.4984092    11141209.76287892]
[-13927897.06987849  -12080122.32693333    -6335360.64741385 
  -15320138.58148236      8820345.92477632    18384084.74956436 
    10243163.05530584    -1476141.61220106]
[  -7237916.83762338  -15989883.72696305  -20592684.87057244 
  -17644641.32568903  -51674828.27251569  -66806961.34371217 
  -42350769.24049753  -15420461.89860787]
[-20134208.43403237  -16880012.82701181      2235892.98815157 
    -4868590.2307645      -1374895.59725893      1635979.27670307 
  -13872387.89011739    -4204576.87433177]
[27749299.34238711  24358185.89934983    6624777.21022343    8295589.0824668 
    7562498.15257299  11488466.24369879    6028628.4984092    11141209.76287892]
[-20134208.43403237  -16880012.82701181      2235892.98815157 
    -4868590.2307645      -1374895.59725893      1635979.27670307 
  -13872387.89011739    -4204576.87433177]
[  -1899703.24843947    -6321402.7550898          871989.53716217 
    -3517225.9991726    -19719937.81693874  -26749127.41171958 
  -17876316.52876522    12561275.39558125]
increment_20
[-1.02782276e+08  -1.07902295e+08  -9.34578400e+07  -9.51372064e+07 
  -1.25133040e+08  -1.34023572e+08  -1.28832359e+08  -9.54372191e+07]
[-23313032.24353576  -17992271.08952726  -12911499.9751066 
  -20348780.91116786      9835788.40280714    20379282.97884924 
    11750136.88412202    -9077136.43065342]
[26661630.070727      28156654.00196651    7430350.75842918    7848165.3433262 
    5143823.64545031  10355172.18734448    7292586.60545607  12971318.06573707]
[-23313032.24353576  -17992271.08952726  -12911499.9751066 
  -20348780.91116786      9835788.40280714    20379282.97884924 
    11750136.88412202    -9077136.43065342]
[  -2498979.96352135  -10316239.47925995  -16846586.62589232 
  -13286514.02353895  -52042533.49666222  -67257886.77875692 
  -48989256.48347001  -11649846.29599197]
[-25102077.04959566  -20899979.64341206    -2461496.30985485 
    -7440411.32638881    -1238996.35470566      5575314.66929591 
    -9129803.26118485  -10693210.4218572  ]
[26661630.070727      28156654.00196651    7430350.75842918    7848165.3433262 
    5143823.64545031  10355172.18734448    7292586.60545607  12971318.06573707]
[-25102077.04959566  -20899979.64341206    -2461496.30985485 
    -7440411.32638881    -1238996.35470566      5575314.66929591 
    -9129803.26118485  -10693210.4218572  ]
[    2293140.51963298    -8610252.34634059      1260070.4232978 
    -3077371.26648356  -21900871.82990173  -26032430.74833807 
  -20652074.38228966    11945482.63456752]
increment_30
[-1.01995379e+08  -1.06587124e+08  -9.44854578e+07  -9.47529694e+07 
  -1.26297134e+08  -1.34459856e+08  -1.31189425e+08  -9.83704303e+07]
[-29435985.83504425  -23585319.83711159  -19065652.21566891 
  -24703062.28830604    10176313.03377718    20673219.71699306 
    13857720.52656007  -11030074.72676378]
[26043399.82590386  29717948.46497677    7685970.4866577      6940437.02044279 
    4059896.40412507    9710063.31917847    7312000.43857307  14256178.5712813  ]
[-29435985.83504425  -23585319.83711159  -19065652.21566891 
  -24703062.28830604    10176313.03377718    20673219.71699306 
    13857720.52656007  -11030074.72676378]
[      301249.75899354    -5117497.19505355  -12044042.2710097 
  -10788670.23195395  -52046813.36920453  -67352586.40071587 
  -54161060.52908628  -10054945.60727447]
[-26400466.18373581  -23956076.62347059    -6985235.94614356 
    -7924716.30801065    -1210332.24413111      6667671.45752587 
    -4958687.24071638  -14210993.29084904]
[26043399.82590386  29717948.46497677    7685970.4866577      6940437.02044279 
    4059896.40412507    9710063.31917847    7312000.43857307  14256178.5712813  ]
[-26400466.18373581  -23956076.62347059    -6985235.94614356 
    -7924716.30801065    -1210332.24413111      6667671.45752587 
    -4958687.24071638  -14210993.29084904]
[    3239210.49034324    -7828404.81810043      1934006.18167529 
    -4741287.55885292  -22538926.55683506  -26200046.76492348 
  -22860230.91796478    12977710.89184262]
increment_40
[-1.02064862e+08  -1.05956495e+08  -9.56893941e+07  -9.46746094e+07 
  -1.27744620e+08  -1.35761213e+08  -1.33171699e+08  -1.01390092e+08]
[-32543739.20124755  -27723418.49030882  -22474212.24339723 
  -26653807.60552901    10516451.77085359    20515904.60389864 
    15122052.8783204    -10513134.79873027]
[25598040.33500704  30342905.85215518    7771470.57919034    6480300.43039853 
    3614005.52182727    9295863.07109194    7245295.28229425  14801354.10725765]
[-32543739.20124755  -27723418.49030882  -22474212.24339723 
  -26653807.60552901    10516451.77085359    20515904.60389864 
    15122052.8783204    -10513134.79873027]
[      740399.65431559    -1946337.32546891    -8833961.63786709 
    -8937002.24990155  -52724270.70322618  -67564515.86522248 
  -57172398.72313973  -11187997.81603333]
[-25899267.87832862  -25673880.71481453  -10078146.55762615 
    -8260016.53559475      -855341.23975805      6766820.7312878 
    -2782364.23412377  -15122432.31913585]
[25598040.33500704  30342905.85215518    7771470.57919034    6480300.43039853 
    3614005.52182727    9295863.07109194    7245295.28229425  14801354.10725765]
[-25899267.87832862  -25673880.71481453  -10078146.55762615 
    -8260016.53559475      -855341.23975805      6766820.7312878 
    -2782364.23412377  -15122432.31913585]
[    2908143.14580308    -7452571.76279023      2303329.66115327 
    -5804371.66448781  -22667240.89706877  -26783970.25128971 
  -24219478.29069089    12905066.40418123]
increment_50
[-1.02562541e+08  -1.06055973e+08  -9.67833656e+07  -9.43500951e+07 
  -1.29438295e+08  -1.37317763e+08  -1.34861474e+08  -1.03939347e+08]
[-33692152.63193199  -30039289.73639869  -23956755.77913615 
  -27696876.77041816    10730876.37180819    20050494.55211917 
    15447933.17001034    -9332572.9843581  ]
[25513260.59288633  30595251.317517        7720735.2610197      6391540.04338688 
    3648488.80360498    8932108.05902771    7203326.4357158    14724078.23971904]
[-33692152.63193199  -30039289.73639869  -23956755.77913615 
  -27696876.77041816    10730876.37180819    20050494.55211917 
    15447933.17001034    -9332572.9843581  ]
[      375812.72297099      -741646.16119098    -7071495.14140495 
    -6670644.90464296  -53799650.00838193  -67756302.21201742 
  -58052573.20716688  -13302635.12430308]
[-25120849.42696809  -26101775.11483142  -11617843.83667064 
    -8834343.47091094      -314504.82356748      6440954.76632959 
    -2634938.19885014  -14496777.29438785]
[25513260.59288633  30595251.317517        7720735.2610197      6391540.04338688 
    3648488.80360498    8932108.05902771    7203326.4357158    14724078.23971904]
[-25120849.42696809  -26101775.11483142  -11617843.83667064 
    -8834343.47091094      -314504.82356748      6440954.76632959 
    -2634938.19885014  -14496777.29438785]
[    2621424.85063479    -7965291.0599851        2370369.59308017 
    -6148598.26991983  -22516421.05957749  -27580535.5588806 
  -24685365.14430792    12014623.56923983]
increment_60
[-1.03028618e+08  -1.06587656e+08  -9.75920842e+07  -9.34181713e+07 
  -1.31314807e+08  -1.38660899e+08  -1.36230262e+08  -1.05757280e+08]
[-34204109.88318534  -31391933.00557155  -25081936.52428993 
  -28570879.80469965    10971010.4485635      19416563.16332433 
    15499960.84908688    -8455358.69155011]
[25571312.26998293  30833479.34103842    7708044.42191872    6567775.74873169 
    3843476.51471157    8615348.60464377    7253629.57724389  14206185.13021895]
[-34204109.88318534  -31391933.00557155  -25081936.52428993 
  -28570879.80469965    10971010.4485635      19416563.16332433 
    15499960.84908688    -8455358.69155011]
[  5.53864120e+04  -4.89550851e+05  -5.62692509e+06  -3.47781820e+06 
  -5.50568666e+07  -6.76623174e+07  -5.78418619e+07  -1.53608979e+07]
[-24360285.98016468  -25930557.11262644  -12523525.36876612 
    -9702363.7982279          255799.72906751      5946848.95997428 
    -3363523.52297047  -13027902.61057435]
[25571312.26998293  30833479.34103842    7708044.42191872    6567775.74873169 
    3843476.51471157    8615348.60464377    7253629.57724389  14206185.13021895]
[-24360285.98016468  -25930557.11262644  -12523525.36876612 
    -9702363.7982279          255799.72906751      5946848.95997428 
    -3363523.52297047  -13027902.61057435]
[    2485064.18356092    -9211510.9458652        2377306.47041022 
    -6015380.39374038  -22433165.56861969  -28254748.73299775 
  -24469236.83478655    10680969.47352658]
increment_70
[-1.03400606e+08  -1.07359581e+08  -9.83434049e+07  -9.22051838e+07 
  -1.33408964e+08  -1.39599620e+08  -1.37294772e+08  -1.06891187e+08]
[-34647441.01559977  -32061858.36348516  -25932178.56502477 
  -29295982.9106874      11276468.40375517    18789585.65890948 
    15412488.24254809    -8171137.59682216]
[25678802.43304906  31155044.27472893    7860002.7962554      7029828.84440558 
    4072966.09096451    8351037.92305181    7435530.41977339  13448004.87259051]
[-34647441.01559977  -32061858.36348516  -25932178.56502477 
  -29295982.9106874      11276468.40375517    18789585.65890948 
    15412488.24254809    -8171137.59682216]
[  2.20591851e+04  -7.36538399e+05  -4.31508905e+06    1.75462786e+05 
  -5.63575303e+07  -6.73182427e+07  -5.68972874e+07  -1.69168954e+07]
[-23784629.67723001  -25498306.67207293  -13260904.18152694 
  -10643526.24323485        638268.434879          5563487.579413 
    -4601920.26456249  -11196876.52186604]
[25678802.43304906  31155044.27472893    7860002.7962554      7029828.84440558 
    4072966.09096451    8351037.92305181    7435530.41977339  13448004.87259051]
[-23784629.67723001  -25498306.67207293  -13260904.18152694 
  -10643526.24323485        638268.434879          5563487.579413 
    -4601920.26456249  -11196876.52186604]
[    2450130.57215872  -10810047.56443068      2488746.60484621 
    -5907756.84444503  -22612588.50265627  -28708911.60440928 
  -23721265.41104332      9201896.98838475]
increment_80
[-1.03492948e+08  -1.08139535e+08  -9.89931353e+07  -9.11077334e+07 
  -1.35387516e+08  -1.40006820e+08  -1.37848816e+08  -1.07407587e+08]
[-35071421.43809485  -32425861.14216774  -26600693.83242372 
  -29708796.3601086      11573714.24200941    18305601.98812829 
    15181089.81558273    -8258034.74133596]
[25750057.9174948    31389532.95183205    8066380.24863475    7943608.31223063 
    4202596.55105167    8041233.00800083    7790986.18364003  12601560.17546397]
[-35071421.43809485  -32425861.14216774  -26600693.83242372 
  -29708796.3601086      11573714.24200941    18305601.98812829 
    15181089.81558273    -8258034.74133596]
[      329197.35490715    -1210934.76720593    -3135929.95017435 
      3620021.46813641  -57384338.61670753  -66689442.45115678 
  -55317366.84840992  -17866780.68059555]
[-23270566.71972546  -24878653.42882214  -13817715.338789 
  -11336111.55432053        787470.3458643        5383783.77946239 
    -6004046.0931795      -9240718.91530318]
[25750057.9174948    31389532.95183205    8066380.24863475    7943608.31223063 
    4202596.55105167    8041233.00800083    7790986.18364003  12601560.17546397]
[-23270566.71972546  -24878653.42882214  -13817715.338789 
  -11336111.55432053        787470.3458643        5383783.77946239 
    -6004046.0931795      -9240718.91530318]
[    2635993.43948209  -12279508.44151458      2762104.12026468 
    -5923033.64791688  -22922894.01591104  -28947561.80155014 
  -22365609.92037025      7929171.12117658]
increment_90
[-1.03219421e+08  -1.08781006e+08  -9.96974313e+07  -9.04047602e+07 
  -1.36937942e+08  -1.40014011e+08  -1.37978935e+08  -1.07694400e+08]
[-35442483.49638332  -32774396.66251385  -27040913.05893727 
  -29721150.95958843    11830904.13748301    17992659.88270826 
    14880681.1226062      -8359852.75942501]
[25672725.53214557  31382675.88220684    8341875.72730695    9076500.95885738 
    4148550.56298404    7615272.15376334    8405487.22340929  11830623.54061167]
[-35442483.49638332  -32774396.66251385  -27040913.05893727 
  -29721150.95958843    11830904.13748301    17992659.88270826 
    14880681.1226062      -8359852.75942501]
[      843753.87002577    -1749427.11481934    -2327712.67574214 
      6195172.24021619  -57883442.67954638  -65822520.95898068 
  -53560474.57807449  -18447617.00894514]
[-22591224.53575841  -24075346.33674622  -14069804.95153519 
  -11582282.290276            738144.62444764      5299527.22015926 
    -7126094.79159321    -7444023.96908118]
[25672725.53214557  31382675.88220684    8341875.72730695    9076500.95885738 
    4148550.56298404    7615272.15376334    8405487.22340929  11830623.54061167]
[-22591224.53575841  -24075346.33674622  -14069804.95153519 
  -11582282.290276            738144.62444764      5299527.22015926 
    -7126094.79159321    -7444023.96908118]
[    3008513.81803305  -13401310.62545221      3042077.10186977 
    -5670177.86997846  -23249797.90561374  -29150171.50570992 
  -20609269.20909974      7077515.87047533]
increment_100
[-1.02611755e+08  -1.09272299e+08  -1.00451278e+08  -9.00724340e+07 
  -1.38031138e+08  -1.39718979e+08  -1.37892656e+08  -1.07895755e+08]
[-35673610.92892681  -32939668.20402682  -27186214.20059989 
  -29232618.75710068    12181342.07916812    18047396.41930755 
    14617072.91513526    -8411207.03391906]
[25414473.94960565  31095551.80198752    8611916.79327601    9675158.85192559 
    3902139.94570268    7037731.76426672    9229231.74224779  11077174.78225046]
[-35673610.92892681  -32939668.20402682  -27186214.20059989 
  -29232618.75710068    12181342.07916812    18047396.41930755 
    14617072.91513526    -8411207.03391906]
[    1407675.10220099    -2521766.08788152    -1962638.35023236 
      7228200.68963902  -57952299.22197519  -64908974.15886607 
  -52079670.17135583  -18863334.43115007]
[-21638697.61845108  -22903217.66470002  -13927502.09447173 
  -10929642.36558075        570293.6574726        5360368.47732121 
    -7741250.74769365    -5790596.03221296]
[25414473.94960565  31095551.80198752    8611916.79327601    9675158.85192559 
    3902139.94570268    7037731.76426672    9229231.74224779  11077174.78225046]
[-21638697.61845108  -22903217.66470002  -13927502.09447173 
  -10929642.36558075        570293.6574726        5360368.47732121 
    -7741250.74769365    -5790596.03221296]
[    3593814.75185588  -14233114.26884442      3251766.80295321 
    -5069807.45444935  -23463987.71775725  -29268606.0435794 
  -18643908.13514867      6550876.28149912]
increment_110
[-1.02066075e+08  -1.09984702e+08  -1.01826514e+08  -9.04304688e+07 
  -1.38892873e+08  -1.39350770e+08  -1.37986999e+08  -1.08274770e+08]
[-35947864.04225908  -32676702.44363537  -26822061.13131868 
  -28474161.40108655    12681714.02842864    18486293.00191447 
    14373257.466982        -8846918.5451789  ]
[25207347.34022397  30494163.71924064    8854476.0252647      9056505.51052625 
    3525914.89958449    6576683.37392045  10086151.18673536  10364797.72822232]
[-35947864.04225908  -32676702.44363537  -26822061.13131868 
  -28474161.40108655    12681714.02842864    18486293.00191447 
    14373257.466982        -8846918.5451789  ]
[    2050426.03403979    -3976600.31376547    -2580099.69198256 
      6248626.15451549  -57829838.78653228  -64150979.74445147 
  -51332709.8895982    -19053352.67501521]
[-20930797.91915514  -21231172.24389607  -13350567.75825498 
    -9623505.53538231        288879.30266258      5546658.40241813 
    -7770249.07085085    -4553108.10275016]
[25207347.34022397  30494163.71924064    8854476.0252647      9056505.51052625 
    3525914.89958449    6576683.37392045  10086151.18673536  10364797.72822232]
[-20930797.91915514  -21231172.24389607  -13350567.75825498 
    -9623505.53538231        288879.30266258      5546658.40241813 
    -7770249.07085085    -4553108.10275016]
[    4467693.79542133  -15401230.41554281      2633102.97035673 
    -3815802.02237149  -23628384.04459904  -29075645.85267152 
  -17034155.2985512        6098800.45958929]
increment_120
[-1.01671406e+08  -1.11724649e+08  -1.04319223e+08  -9.16197588e+07 
  -1.39710693e+08  -1.39055909e+08  -1.38812697e+08  -1.08693779e+08]
[-36458785.37150203  -32026040.18193        -25887304.47648307 
  -28081640.32740492    13174024.11234286    18808469.93637076 
    13995347.56924499    -9881034.28824185]
[25373182.42464802  29606791.98813611    9018211.8580178      8234251.28849933 
    3080436.91718389    6684552.94294696  10773118.46093092    9927040.46734203]
[-36458785.37150203  -32026040.18193        -25887304.47648307 
  -28081640.32740492    13174024.11234286    18808469.93637076 
    13995347.56924499    -9881034.28824185]
[    3068131.13128812    -6851401.72136719    -4927180.62017119 
      5046309.87378386  -57749814.88838551  -63411131.09457081 
  -51807934.0946489    -18645600.64331255]
[-20885094.16618901  -19074625.43775153  -12022336.5388288 
    -9523284.59680424        -22754.9766196        5691466.98543306 
    -7231806.70173353    -3843168.02948838]
[25373182.42464802  29606791.98813611    9018211.8580178      8234251.28849933 
    3080436.91718389    6684552.94294696  10773118.46093092    9927040.46734203]
[-20885094.16618901  -19074625.43775153  -12022336.5388288 
    -9523284.59680424        -22754.9766196        5691466.98543306 
    -7231806.70173353    -3843168.02948838]
[    5733519.67440376  -17797195.47633493        295756.31104382 
      -822436.18006533  -23843043.58788189  -28312214.43901419 
  -16676433.25981273      5864644.87790833]
