inc
sigma_11
sigma_12
sigma_13
sigma_21
sigma_22
sigma_23
sigma_31
sigma_32
sigma_33
increment_0
[6.46322016e-05  6.46322016e-05  6.46322016e-05  6.46322016e-05 
  6.46322016e-05  6.46322016e-05  6.46322016e-05  6.46322016e-05 
  6.46322016e-05  6.46322016e-05  6.46322016e-05  6.46322016e-05]
[1.20305426e-05  1.20305426e-05  1.20305426e-05  1.20305426e-05 
  1.20305426e-05  1.20305426e-05  1.20305426e-05  1.20305426e-05 
  1.20305426e-05  1.20305426e-05  1.20305426e-05  1.20305426e-05]
[1.57896254e-05  1.57896254e-05  1.57896254e-05  1.57896254e-05 
  1.57896254e-05  1.57896254e-05  1.57896254e-05  1.57896254e-05 
  1.57896254e-05  1.57896254e-05  1.57896254e-05  1.57896254e-05]
[1.20305426e-05  1.20305426e-05  1.20305426e-05  1.20305426e-05 
  1.20305426e-05  1.20305426e-05  1.20305426e-05  1.20305426e-05 
  1.20305426e-05  1.20305426e-05  1.20305426e-05  1.20305426e-05]
[6.96903571e-05  6.96903571e-05  6.96903571e-05  6.96903571e-05 
  6.96903571e-05  6.96903571e-05  6.96903571e-05  6.96903571e-05 
  6.96903571e-05  6.96903571e-05  6.96903571e-05  6.96903571e-05]
[-3.1316057e-06  -3.1316057e-06  -3.1316057e-06  -3.1316057e-06 
  -3.1316057e-06  -3.1316057e-06  -3.1316057e-06  -3.1316057e-06 
  -3.1316057e-06  -3.1316057e-06  -3.1316057e-06  -3.1316057e-06]
[1.57896254e-05  1.57896254e-05  1.57896254e-05  1.57896254e-05 
  1.57896254e-05  1.57896254e-05  1.57896254e-05  1.57896254e-05 
  1.57896254e-05  1.57896254e-05  1.57896254e-05  1.57896254e-05]
[-3.1316057e-06  -3.1316057e-06  -3.1316057e-06  -3.1316057e-06 
  -3.1316057e-06  -3.1316057e-06  -3.1316057e-06  -3.1316057e-06 
  -3.1316057e-06  -3.1316057e-06  -3.1316057e-06  -3.1316057e-06]
[6.78002042e-05  6.78002042e-05  6.78002042e-05  6.78002042e-05 
  6.78002042e-05  6.78002042e-05  6.78002042e-05  6.78002042e-05 
  6.78002042e-05  6.78002042e-05  6.78002042e-05  6.78002042e-05]
increment_10
[-1.08459057e+08  -1.03844150e+08  -1.02161762e+08  -1.05322536e+08 
  -1.07644061e+08  -1.07439365e+08  -1.14699873e+08  -1.13191914e+08 
  -1.03659685e+08  -9.94155719e+07  -1.11967097e+08  -1.13215469e+08]
[-2471409.26482339  -2998457.46597745  -5035963.45059837    5652522.18301507 
    2975740.31516033      245017.81992957    4884918.71044572    6650399.86438587 
  -4488652.8790367    -7009212.27757331    7879051.15486953    8416112.65777787]
[    823510.76299547  -2203742.60586884  -4168362.38605882    1215182.17023244 
  -1815350.9430874    -5164273.54145025      210502.8322744      1684487.07936706 
  -2795071.47150581  -9973799.89185343    3136338.28229777    5268842.6423251  ]
[-2471409.26482339  -2998457.46597745  -5035963.45059837    5652522.18301507 
    2975740.31516033      245017.81992957    4884918.71044572    6650399.86438587 
  -4488652.8790367    -7009212.27757331    7879051.15486953    8416112.65777787]
[  1718634.60753088    5806091.85825977  11301340.46333099  14218367.11256069 
  12215971.71223665  12315700.95665486    4995112.08240689    9306795.60356466 
  12010122.44100617  17217748.16466668    7253287.81585561    8268134.91687739]
[  7039617.2712649      2595842.99586403  11857328.65813996    2719043.79271492 
    6466077.55527433    9471799.27601306    3335442.0422093      5672857.09807273 
  13548570.53939015  15874150.7517038      -762047.27619488    4619307.53782279]
[    823510.76299547  -2203742.60586884  -4168362.38605882    1215182.17023244 
  -1815350.9430874    -5164273.54145025      210502.8322744      1684487.07936706 
  -2795071.47150581  -9973799.89185343    3136338.28229777    5268842.6423251  ]
[  7039617.2712649      2595842.99586403  11857328.65813996    2719043.79271492 
    6466077.55527433    9471799.27601306    3335442.0422093      5672857.09807273 
  13548570.53939015  15874150.7517038      -762047.27619488    4619307.53782279]
[  2975482.22241939  -5480218.41806125    5547587.99397586    8304360.12009665 
    4235565.88472123    1252629.71854863  -2465621.83044089    4746686.34196762 
  11646933.03182757    4373596.89711146  -2566905.28543032    7847107.07883481]
increment_20
[-1.10202857e+08  -1.06603099e+08  -1.06797976e+08  -1.06722768e+08 
  -1.13155755e+08  -1.10414295e+08  -1.20243536e+08  -1.20088736e+08 
  -1.06149717e+08  -1.00830154e+08  -1.17394092e+08  -1.16491163e+08]
[-1625593.6772791    -1199745.25532949  -3142867.63040178    7123288.65649327 
    6948398.9988103      2524537.16445007    6477684.02619799  10929591.82462341 
  -4107971.02481135  -8958820.72220982  10653133.05504787  11742257.482564    ]
[    2855698.23558269    -2428182.39210253    -3260114.60041802 
      1225678.25278776      -703660.99086595    -5095879.38099485 
      1747436.46606291      4136179.23904858    -3147141.30804439 
  -12330488.3397087        5510491.30540246      8299664.52003577]
[-1625593.6772791    -1199745.25532949  -3142867.63040178    7123288.65649327 
    6948398.9988103      2524537.16445007    6477684.02619799  10929591.82462341 
  -4107971.02481135  -8958820.72220982  10653133.05504787  11742257.482564    ]
[-1774747.98402848    4359405.44757349    8467713.9422245    15015704.31488572 
  10475353.18574557  12185539.94757687      943580.67946478    5959847.09131447 
  11588255.88010735  17265872.00326394    3770115.29746833    6221492.83818875]
[  6808909.33294748    1449379.63247679  12038852.7373599      3165470.19842366 
    4959099.29750053    8902822.55374359    3667447.48912836    3996318.63242727 
  14362670.16751501  18320436.39312378      986783.69076131    3534739.12957885]
[    2855698.23558269    -2428182.39210253    -3260114.60041802 
      1225678.25278776      -703660.99086595    -5095879.38099485 
      1747436.46606291      4136179.23904858    -3147141.30804439 
  -12330488.3397087        5510491.30540246      8299664.52003577]
[  6808909.33294748    1449379.63247679  12038852.7373599      3165470.19842366 
    4959099.29750053    8902822.55374359    3667447.48912836    3996318.63242727 
  14362670.16751501  18320436.39312378      986783.69076131    3534739.12957885]
[  1976522.46396517  -9040235.42354911    2999251.49691977    9109708.99512638 
      510574.88133363    -452177.31365916  -3034751.23573865    2437076.48792899 
  10932574.97388305    2197817.33298298    1143259.71934581    8739527.94007679]
increment_30
[-1.10990033e+08  -1.08920810e+08  -1.09837943e+08  -1.09561952e+08 
  -1.15798696e+08  -1.11857210e+08  -1.22596839e+08  -1.21975292e+08 
  -1.07991243e+08  -1.02704017e+08  -1.18760058e+08  -1.16522122e+08]
[  -2901198.41137749      -639271.2423582      -2130196.69824948 
      7105910.71342171      8229490.00007491      2475163.05571621 
      7411494.67306622    12030431.68013205    -4976619.2892093 
  -10133646.99484667    11890317.72355109    12367218.02001841]
[    2518056.50278881    -2317379.55185626    -3071978.31277251 
        681399.90632335      -534405.96279833    -5704900.62537338 
      2599047.03186469      4090443.73802074    -4239750.93023091 
  -12701385.41865534      6133512.94181716      8459189.28693749]
[  -2901198.41137749      -639271.2423582      -2130196.69824948 
      7105910.71342171      8229490.00007491      2475163.05571621 
      7411494.67306622    12030431.68013205    -4976619.2892093 
  -10133646.99484667    11890317.72355109    12367218.02001841]
[-4632262.17466048    1825731.4314176      6879273.58485351  12886725.54785673 
    9729733.48358048  11866729.77220356    -624997.32422671    6057129.03777439 
  10941828.60840713  16388794.31610274    2854671.38988236    6679440.63721451]
[  7788292.25533713    1879642.86912203  12178792.64107349    3621060.55730543 
    4879878.18265037    9304867.42422907    3876375.497602        4089800.3390242 
  15750010.33178191  19464588.48778797    1178042.14710727    3884877.02631358]
[    2518056.50278881    -2317379.55185626    -3071978.31277251 
        681399.90632335      -534405.96279833    -5704900.62537338 
      2599047.03186469      4090443.73802074    -4239750.93023091 
  -12701385.41865534      6133512.94181716      8459189.28693749]
[  7788292.25533713    1879642.86912203  12178792.64107349    3621060.55730543 
    4879878.18265037    9304867.42422907    3876375.497602        4089800.3390242 
  15750010.33178191  19464588.48778797    1178042.14710727    3884877.02631358]
[    744997.56238888  -9599824.35711631    1681422.68342563    7676662.66458587 
    -812731.6508834      -931228.43683987  -2077030.7313973      1752116.28736878 
    9972366.77073633    1901350.01871774    2769152.28611222  10039508.08527224]
increment_40
[-1.11923510e+08  -1.10610326e+08  -1.12184488e+08  -1.12010809e+08 
  -1.17758932e+08  -1.12927851e+08  -1.23905590e+08  -1.22925346e+08 
  -1.09366554e+08  -1.04380598e+08  -1.19055114e+08  -1.16500849e+08]
[  -4850224.29384785      -853234.26811976    -1509891.59700164 
      6540624.43441759      8692847.07160805      1984850.80684469 
      7310881.68931428    12162919.59427901    -5811272.22842775 
  -10980897.30797735    12205494.29861467    12277407.19450373]
[  2.18899285e+06  -2.23681242e+06  -3.30346930e+06  -7.09225737e+03 
  -7.73276784e+05  -6.38469428e+06    2.52943705e+06    3.70562678e+06 
  -5.42044730e+06  -1.29009977e+07    6.00668833e+06    8.22139773e+06]
[  -4850224.29384785      -853234.26811976    -1509891.59700164 
      6540624.43441759      8692847.07160805      1984850.80684469 
      7310881.68931428    12162919.59427901    -5811272.22842775 
  -10980897.30797735    12205494.29861467    12277407.19450373]
[-8148310.83970465    -964805.22454265    5907970.90805563  10634001.69967712 
    9182468.60015514  11502983.65247755  -1770808.0929213      6390985.70557403 
  10815796.25188176  15667613.03910475    2458591.34160697    6690158.61045047]
[  9449914.69832719    2899022.46388264  12525688.02921873    4498840.43942013 
    5284677.78852238    9860288.54781286    4743407.02453501    4620736.59711946 
  17082114.22174234  20459971.5966273      1892716.61309566    4644556.71679619]
[  2.18899285e+06  -2.23681242e+06  -3.30346930e+06  -7.09225737e+03 
  -7.73276784e+05  -6.38469428e+06    2.52943705e+06    3.70562678e+06 
  -5.42044730e+06  -1.29009977e+07    6.00668833e+06    8.22139773e+06]
[  9449914.69832719    2899022.46388264  12525688.02921873    4498840.43942013 
    5284677.78852238    9860288.54781286    4743407.02453501    4620736.59711946 
  17082114.22174234  20459971.5966273      1892716.61309566    4644556.71679619]
[    131131.43748722  -9491923.20238257      692144.66797241    6790257.88165827 
  -1756204.54588568  -1000345.62731447  -1151515.9309469      1620029.36785773 
    9293954.41644398    1680580.99547397    4513117.01528154  11082124.56715997]
increment_50
[-1.13067845e+08  -1.11842535e+08  -1.14082870e+08  -1.14063851e+08 
  -1.19163785e+08  -1.13740099e+08  -1.24455029e+08  -1.23457157e+08 
  -1.10482593e+08  -1.05822181e+08  -1.18639688e+08  -1.16596310e+08]
[  -7262221.27227635    -1705150.62768116    -1366236.24114971 
      5545213.70692685      8623692.35498223      1355423.94473037 
      6449771.08800351    11824717.6744625      -6552605.53676707 
  -11594405.59828879    11577605.85568092    11841754.4505593  ]
[    2057674.60807571    -2089255.79828867    -3939899.5904694 
      -985452.73652379    -1164157.51482168    -7120936.79745501 
      1853222.98902019      3089965.60617973    -6581846.17643229 
  -12974053.62527835      5301489.02768817      7724040.87397391]
[  -7262221.27227635    -1705150.62768116    -1366236.24114971 
      5545213.70692685      8623692.35498223      1355423.94473037 
      6449771.08800351    11824717.6744625      -6552605.53676707 
  -11594405.59828879    11577605.85568092    11841754.4505593  ]
[-12282728.23510612    -4015162.36797062      5253781.13813482 
      8463674.56480435      8851879.22913684    11181656.91590871 
    -2616580.10048751      6815030.93813637    10974639.64278614 
    15120797.20195577      2231051.89579252      6321372.65436791]
[11474974.38404666    4320758.44446228  13108458.16772956    5795456.41046662 
    5952288.54435161  10413973.81143663    6146725.16972358    5345200.45499459 
  18306917.52875531  21400519.22675123    3250917.7357911      5545912.29375372]
[    2057674.60807571    -2089255.79828867    -3939899.5904694 
      -985452.73652379    -1164157.51482168    -7120936.79745501 
      1853222.98902019      3089965.60617973    -6581846.17643229 
  -12974053.62527835      5301489.02768817      7724040.87397391]
[11474974.38404666    4320758.44446228  13108458.16772956    5795456.41046662 
    5952288.54435161  10413973.81143663    6146725.16972358    5345200.45499459 
  18306917.52875531  21400519.22675123    3250917.7357911      5545912.29375372]
[    -96442.6346982    -9005878.72037704    -228472.74423249    6181081.07692701 
  -2132302.18077679    -931734.49886647      -82245.09815189    1630895.08285638 
    8803923.41338091    1607807.36169315    6434034.08742442  11678401.43055441]
increment_60
[-1.14405868e+08  -1.12763497e+08  -1.15794279e+08  -1.15878479e+08 
  -1.20070226e+08  -1.14150359e+08  -1.24512824e+08  -1.23692253e+08 
  -1.11362137e+08  -1.07116569e+08  -1.17746487e+08  -1.16731711e+08]
[  -9904458.75647807    -2959986.58381454    -1731211.3771607 
      4228244.60848074      8152647.71747826        626435.06336938 
      5077471.58712406    11224140.11431713    -7209071.33761083 
  -12027411.95678898    10092748.6004531      11261633.47464867]
[    2183518.2181429      -1663795.34560734    -4936766.47450311 
    -2229699.6167578      -1567046.27886554    -7878106.77076257 
        763894.99582769      2264778.60877927    -7747639.02483856 
  -12836829.34268548      4206355.0145541        7068919.903456    ]
[  -9904458.75647807    -2959986.58381454    -1731211.3771607 
      4228244.60848074      8152647.71747826        626435.06336938 
      5077471.58712406    11224140.11431713    -7209071.33761083 
  -12027411.95678898    10092748.6004531      11261633.47464867]
[-16818950.56335077    -7274819.54359392      4628552.98110614 
      6298817.37276709      8748927.27980824    11047033.56421915 
    -3293767.56423536      7385511.97596003    11384329.53917818 
    14615957.29081779      1972580.08760101      5804600.467382    ]
[13521176.02183276    5910327.72401452  13911223.45146926    7398903.67019789 
    6770532.04049326  10957597.71948841    7886718.35130374    6181234.20529043 
  19417679.92448522  22321649.40831006    5152642.67411117    6513624.29881043]
[    2183518.2181429      -1663795.34560734    -4936766.47450311 
    -2229699.6167578      -1567046.27886554    -7878106.77076257 
        763894.99582769      2264778.60877927    -7747639.02483856 
  -12836829.34268548      4206355.0145541        7068919.903456    ]
[13521176.02183276    5910327.72401452  13911223.45146926    7398903.67019789 
    6770532.04049326  10957597.71948841    7886718.35130374    6181234.20529043 
  19417679.92448522  22321649.40831006    5152642.67411117    6513624.29881043]
[  -113508.73805609  -8122575.08911326  -1265143.51498873    5569581.27064499 
  -1769398.38851022    -561056.04647993    1061282.7399285      1664705.91546274 
    8460551.91441217    1772634.49034743    8470205.31100552  11981905.13620017]
increment_70
[-1.15992482e+08  -1.13501701e+08  -1.17406530e+08  -1.17547746e+08 
  -1.20603900e+08  -1.14251641e+08  -1.24397181e+08  -1.23832407e+08 
  -1.12044965e+08  -1.08412566e+08  -1.16722970e+08  -1.16980172e+08]
[-12490225.00407792    -4380563.12301869    -2500270.46310926 
      2784177.00854339      7509509.50809085      -116543.33329791 
      3431932.45802427    10576553.98098742    -7740529.67874475 
  -12263174.98949733      8044407.72303243    10792242.42363542]
[    2551970.76512168      -926955.0535797      -6204850.6804392 
    -3625369.66413885    -1927938.97309724    -8621524.354011 
      -606462.59119731      1357724.69974054    -8915594.35485518 
  -12473095.74027283      2984823.6450719        6407800.62135602]
[-12490225.00407792    -4380563.12301869    -2500270.46310926 
      2784177.00854339      7509509.50809085      -116543.33329791 
      3431932.45802427    10576553.98098742    -7740529.67874475 
  -12263174.98949733      8044407.72303243    10792242.42363542]
[-21529238.1652169    -10567452.19899244      3960359.7417716 
      4159494.52245006      8868035.2924664      11055320.32582301 
    -3965496.90604267      8027373.37437921    12027058.9528813 
    14049912.71508064      1500729.62083024      5240318.16024414]
[15288629.26930345    7419992.22048585  14877822.67027698    9165294.20280465 
    7596076.48141978  11509613.67825215    9788026.10510313    7000730.5142173 
  20407381.64297174  23225219.26717255    7405683.81559318    7439939.41205576]
[    2551970.76512168      -926955.0535797      -6204850.6804392 
    -3625369.66413885    -1927938.97309724    -8621524.354011 
      -606462.59119731      1357724.69974054    -8915594.35485518 
  -12473095.74027283      2984823.6450719        6407800.62135602]
[15288629.26930345    7419992.22048585  14877822.67027698    9165294.20280465 
    7596076.48141978  11509613.67825215    9788026.10510313    7000730.5142173 
  20407381.64297174  23225219.26717255    7405683.81559318    7439939.41205576]
[  -134010.17998202  -6965859.92609799  -2489995.14078368    4861468.77465225 
    -837591.95737979      113964.93883365    2065726.16394402    1701891.84008793 
    8228665.40717692    2097667.68342548  10480115.49023171  12149231.65571159]
increment_80
[-1.17829745e+08  -1.14173886e+08  -1.18777236e+08  -1.19007172e+08 
  -1.20840525e+08  -1.14176744e+08  -1.24318587e+08  -1.24022385e+08 
  -1.12577017e+08  -1.09750112e+08  -1.15943079e+08  -1.17399192e+08]
[-14749614.07727772    -5807717.62542968    -3602872.64763683 
      1354746.72971908      6807365.19091461      -758199.74070228 
      1648231.50981458      9946113.03406418    -8084084.17931311 
  -12338541.35478292      5751188.29956342    10494773.36065758]
[    3194577.10878061          38696.88542639    -7653351.35390268 
    -5077393.02931004    -2296839.02447637    -9309774.99682602 
    -2156016.94658453        469973.99408681  -10009228.41980207 
  -11983862.41419041      1856592.63018747      5858177.81657884]
[-14749614.07727772    -5807717.62542968    -3602872.64763683 
      1354746.72971908      6807365.19091461      -758199.74070228 
      1648231.50981458      9946113.03406418    -8084084.17931311 
  -12338541.35478292      5751188.29956342    10494773.36065758]
[-26166494.65841068  -13728556.05671064      3382422.4118218 
      2210173.79920288      9203188.00338807    11142106.03827395 
    -4746870.01662327      8611806.51461285    12847003.51585905 
    13464392.3389606          633765.21928393      4577654.8383491  ]
[16649390.66322619    8712132.42507746  16013030.88766898  10977997.38424367 
    8411323.05941429  12066499.28917752  11753014.40495824    7753166.17399957 
  21260790.26830313  24086765.21495655    9787378.30722011    8323151.99803396]
[    3194577.10878061          38696.88542639    -7653351.35390268 
    -5077393.02931004    -2296839.02447637    -9309774.99682602 
    -2156016.94658453        469973.99408681  -10009228.41980207 
  -11983862.41419041      1856592.63018747      5858177.81657884]
[16649390.66322619    8712132.42507746  16013030.88766898  10977997.38424367 
    8411323.05941429  12066499.28917752  11753014.40495824    7753166.17399957 
  21260790.26830313  24086765.21495655    9787378.30722011    8323151.99803396]
[    -46968.73403388  -5644583.23789918  -3709419.87622514    4137564.27724573 
      417323.79849458    1087789.64935653    2804778.81008542    1784686.87290903 
    8150171.4842868      2508188.58719978  12270357.59492104  12330240.61184149]
increment_90
[-1.19877118e+08  -1.14904944e+08  -1.19940996e+08  -1.20249712e+08 
  -1.20950202e+08  -1.14059916e+08  -1.24419900e+08  -1.24327045e+08 
  -1.12897810e+08  -1.11106780e+08  -1.15600059e+08  -1.17886331e+08]
[-16537135.90027832    -7178301.65012213    -4979664.97454271 
          41255.25066593      6097097.86242655    -1337970.13831474 
      -177771.10423259      9251338.63356096    -8272917.90522315 
  -12275914.63109935      3444550.75687912    10230565.78679935]
[    4065739.47475126      1057274.81596896    -9230002.38633626 
    -6402455.29518339    -2716052.38096436    -9934270.29559788 
    -3783193.57369036      -417159.73257305  -10914263.3633792 
  -11490221.17317308        987780.77048853      5324080.16763735]
[-16537135.90027832    -7178301.65012213    -4979664.97454271 
          41255.25066593      6097097.86242655    -1337970.13831474 
      -177771.10423259      9251338.63356096    -8272917.90522315 
  -12275914.63109935      3444550.75687912    10230565.78679935]
[-30491274.53462771  -16738168.29314093      2870481.1539217 
        445150.56703718      9635574.37954118    11106391.52831627 
    -5771863.20381361      9019046.30611867    13767272.90837145 
    12944530.39857651      -721308.82833217      3895189.42501352]
[17592879.43326008    9712051.26094508  17275841.13235068  12746681.37928736 
    9228854.99877891  12637837.84665855  13680224.0316146      8478627.55298634 
  21991795.82168683  24908805.63852098  12110410.81721527    9239234.97741929]
[    4065739.47475126      1057274.81596896    -9230002.38633626 
    -6402455.29518339    -2716052.38096436    -9934270.29559788 
    -3783193.57369036      -417159.73257305  -10914263.3633792 
  -11490221.17317308        987780.77048853      5324080.16763735]
[17592879.43326008    9712051.26094508  17275841.13235068  12746681.37928736 
    9228854.99877891  12637837.84665855  13680224.0316146      8478627.55298634 
  21991795.82168683  24908805.63852098  12110410.81721527    9239234.97741929]
[    195855.51169512  -4368158.37181892  -4860181.19798444    3579032.37734259 
    1751155.42563703    2201136.02685983    3220291.88197101    1854837.13163289 
    8387753.76897659    2875604.24921428  13865592.40477809  12599924.3811798  ]
increment_100
[-1.21928319e+08  -1.15807241e+08  -1.21065059e+08  -1.21333645e+08 
  -1.21054496e+08  -1.13936809e+08  -1.24966367e+08  -1.24797352e+08 
  -1.13086566e+08  -1.12504787e+08  -1.15783160e+08  -1.18394849e+08]
[-17945364.81210024    -8406294.8930368      -6333491.0515746 
    -1082156.51077518      5434119.27775819    -1899843.61438559 
    -1887645.15555861      8485467.60684979    -8319015.67526284 
  -12050716.23601782      1326932.56848539      9823792.97928994]
[    5074747.1219306        2033567.79482048  -10721685.33629804 
    -7443871.8120784      -3192376.76898349  -10554107.5006746 
    -5330191.5609256      -1306463.2278737    -11535159.19543174 
  -11075097.2045112          596933.33008691      4661694.22843397]
[-17945364.81210024    -8406294.8930368      -6333491.0515746 
    -1082156.51077518      5434119.27775819    -1899843.61438559 
    -1887645.15555861      8485467.60684979    -8319015.67526284 
  -12050716.23601782      1326932.56848539      9823792.97928994]
[-34274105.23420253  -19577219.48879795      2300262.26592977 
    -1209109.72559632    10044386.37539255    10911473.85890924 
    -7264077.58355038      9192218.04885212    14618333.96158464 
    12572776.25091235    -2626434.55130328      3223415.99481656]
[18243697.77941963  10425690.64289801  18536408.02621166  14434609.8391827 
  10010070.84316119  13300079.70804691  15475931.80031248    9212074.09350838 
  22615507.46633942  25611689.47028128  14248547.6861148    10236173.20761446]
[    5074747.1219306        2033567.79482048  -10721685.33629804 
    -7443871.8120784      -3192376.76898349  -10554107.5006746 
    -5330191.5609256      -1306463.2278737    -11535159.19543174 
  -11075097.2045112          596933.33008691      4661694.22843397]
[18243697.77941963  10425690.64289801  18536408.02621166  14434609.8391827 
  10010070.84316119  13300079.70804691  15475931.80031248    9212074.09350838 
  22615507.46633942  25611689.47028128  14248547.6861148    10236173.20761446]
[    727925.18778076  -3228783.37238975  -5903363.29849121    3335102.2832571 
    2988238.1040406      3401147.82158706    3157553.70737808    1875299.36302484 
    8997199.44138376    3158591.43125096  15378481.92333326  12933265.44698472]
increment_110
[-1.23725985e+08  -1.16859942e+08  -1.22347823e+08  -1.22320342e+08 
  -1.21438510e+08  -1.13919008e+08  -1.26167527e+08  -1.25505858e+08 
  -1.13199247e+08  -1.13695143e+08  -1.16528101e+08  -1.19009589e+08]
[-18982202.84005396    -9264868.73594072    -7266066.3225215 
    -1904290.07520956      5002072.52794917    -2394342.9244731 
    -3301131.98304929      7807571.01652463    -8178874.57294137 
  -11619601.49318646      -357369.20741832      9310784.1245485  ]
[    5927199.78621118      2746653.76315396  -11789672.94471146 
    -8190832.56160046    -3568695.93524875  -11203498.96775456 
    -6677051.49674001    -2091691.9183369    -11954654.23580258 
  -10774396.10465793        701396.31449933      3863317.25145579]
[-18982202.84005396    -9264868.73594072    -7266066.3225215 
    -1904290.07520956      5002072.52794917    -2394342.9244731 
    -3301131.98304929      7807571.01652463    -8178874.57294137 
  -11619601.49318646      -357369.20741832      9310784.1245485  ]
[-37076052.00948302  -21896838.23706331      1513319.21114456 
    -2682740.16286517    10138145.36707978    10518759.70853752 
    -9354597.90852538      9085809.75247443    15406626.77710715 
    12661324.41517063    -4944826.37547173      2501890.50495239]
[18699998.94688272  10890433.34185918  19611052.94113395  15971222.12599668 
  10615393.73967953  14033079.3811774    17022787.27515634    9830712.75247753 
  23112757.32373282  26128149.599035      16045427.26534991  11232233.12751715]
[    5927199.78621118      2746653.76315396  -11789672.94471146 
    -8190832.56160046    -3568695.93524875  -11203498.96775456 
    -6677051.49674001    -2091691.9183369    -11954654.23580258 
  -10774396.10465793        701396.31449933      3863317.25145579]
[18699998.94688272  10890433.34185918  19611052.94113395  15971222.12599668 
  10615393.73967953  14033079.3811774    17022787.27515634    9830712.75247753 
  23112757.32373282  26128149.599035      16045427.26534991  11232233.12751715]
[  1559184.70444179  -2240512.18065274  -6633697.92217438    3335404.79470108 
    4011684.10963599    4537232.17622264    2482483.3239002      1896678.74689161 
    9831329.97826907    3598345.61781652  16921416.37348702  13251508.93200632]
increment_120
[-1.25120824e+08  -1.18036877e+08  -1.23714142e+08  -1.23191326e+08 
  -1.22300939e+08  -1.14113740e+08  -1.27919801e+08  -1.26463767e+08 
  -1.13385488e+08  -1.14570596e+08  -1.17766917e+08  -1.19877761e+08]
[-19618884.11840925    -9733701.73635235    -7758393.12855299 
    -2528375.64702768      4896424.17575328    -2667760.01123026 
    -4401060.01122189      7411487.72834989    -7854979.48827908 
  -11067047.15734862    -1578274.51178192      8819055.76153562]
[    6454527.13944289      3034882.62571861  -12389205.98935871 
    -8729267.24602211    -3757615.74747592  -11817359.96060572 
    -7710978.02872714    -2723276.94676844  -12277325.95055716 
  -10573496.28984665      1012880.5115184        3119808.86839781]
[-19618884.11840925    -9733701.73635235    -7758393.12855299 
    -2528375.64702768      4896424.17575328    -2667760.01123026 
    -4401060.01122189      7411487.72834989    -7854979.48827908 
  -11067047.15734862    -1578274.51178192      8819055.76153562]
[-38675421.64594065  -23572487.21140684        596930.55265598 
    -3945121.71063809      9688711.56455555      9900669.30547636 
  -11998314.54996995      8763509.00672454    16066972.11606924 
    13243736.0034319      -7444593.39822444      1519738.83259407]
[19044996.65862737  11256627.87005179  20580046.08698672  17395838.15768253 
  11045116.04352008  14719099.29738284  18296393.16222778  10272620.04493601 
  23496705.62491338  26537134.7767827    17446361.22983047  12183094.35040145]
[    6454527.13944289      3034882.62571861  -12389205.98935871 
    -8729267.24602211    -3757615.74747592  -11817359.96060572 
    -7710978.02872714    -2723276.94676844  -12277325.95055716 
  -10573496.28984665      1012880.5115184        3119808.86839781]
[19044996.65862737  11256627.87005179  20580046.08698672  17395838.15768253 
  11045116.04352008  14719099.29738284  18296393.16222778  10272620.04493601 
  23496705.62491338  26537134.7767827    17446361.22983047  12183094.35040145]
[  2742294.8443689    -1426804.97814828  -6854205.95709084    3548493.62613334 
    4744746.15550542    5583938.64658172    1439845.14853          1914734.42959361 
  10692225.39028584    4320430.86529325  18343143.20477292  13530731.65298311]
