inc
quat_01
quat_02
quat_03
quat_04
increment_0
[0.42069271  0.42069271  0.42069271  0.42069271  0.42069271  0.42069271 
  0.42069271  0.42069271  0.42069271  0.42069271  0.42069271  0.42069271 
  0.42069271  0.42069271  0.42069271  0.42069271  0.42069271  0.42069271 
  0.42069271  0.42069271  0.42069271  0.42069271  0.42069271  0.42069271 
  0.42069271  0.42069271  0.42069271  0.42069271  0.42069271  0.42069271 
  0.42069271  0.42069271  0.42069271  0.42069271  0.42069271  0.42069271]
[0.68680209  0.68680209  0.68680209  0.68680209  0.68680209  0.68680209 
  0.68680209  0.68680209  0.68680209  0.68680209  0.68680209  0.68680209 
  0.68680209  0.68680209  0.68680209  0.68680209  0.68680209  0.68680209 
  0.68680209  0.68680209  0.68680209  0.68680209  0.68680209  0.68680209 
  0.68680209  0.68680209  0.68680209  0.68680209  0.68680209  0.68680209 
  0.68680209  0.68680209  0.68680209  0.68680209  0.68680209  0.68680209]
[-0.55508466  -0.55508466  -0.55508466  -0.55508466  -0.55508466  -0.55508466 
  -0.55508466  -0.55508466  -0.55508466  -0.55508466  -0.55508466  -0.55508466 
  -0.55508466  -0.55508466  -0.55508466  -0.55508466  -0.55508466  -0.55508466 
  -0.55508466  -0.55508466  -0.55508466  -0.55508466  -0.55508466  -0.55508466 
  -0.55508466  -0.55508466  -0.55508466  -0.55508466  -0.55508466  -0.55508466 
  -0.55508466  -0.55508466  -0.55508466  -0.55508466  -0.55508466  -0.55508466]
[0.20784983  0.20784983  0.20784983  0.20784983  0.20784983  0.20784983 
  0.20784983  0.20784983  0.20784983  0.20784983  0.20784983  0.20784983 
  0.20784983  0.20784983  0.20784983  0.20784983  0.20784983  0.20784983 
  0.20784983  0.20784983  0.20784983  0.20784983  0.20784983  0.20784983 
  0.20784983  0.20784983  0.20784983  0.20784983  0.20784983  0.20784983 
  0.20784983  0.20784983  0.20784983  0.20784983  0.20784983  0.20784983]
increment_10
[0.42791118  0.42659367  0.42350791  0.42558355  0.42501494  0.42609975 
  0.42209994  0.4239065    0.42634004  0.42695062  0.42639777  0.42844175 
  0.42693423  0.42557037  0.42274062  0.42503416  0.42635407  0.42634065 
  0.42730348  0.42804344  0.42817627  0.42777643  0.42536824  0.42830823 
  0.42383785  0.42735491  0.43063276  0.42986065  0.42931135  0.42803408 
  0.42576847  0.42297512  0.42623494  0.42758646  0.42474778  0.42327965]
[0.68559714  0.68411426  0.68519076  0.68308931  0.68366344  0.68196189 
  0.68752662  0.68591156  0.68259926  0.68248259  0.68306515  0.68090613 
  0.68374989  0.68526523  0.68632539  0.68546899  0.68558847  0.68268084 
  0.68234442  0.68097515  0.68022191  0.68192224  0.68595754  0.68174562 
  0.68455408  0.68351023  0.68019752  0.6801878    0.68014635  0.68068924 
  0.68500269  0.68668797  0.68157047  0.68024547  0.68236472  0.68490727]
[-0.55043278  -0.55270247  -0.553247      -0.5549318    -0.5546075    -0.55621142 
  -0.55133045  -0.55204434  -0.55504984  -0.55467128  -0.55472514  -0.55627922 
  -0.5540431    -0.55281069  -0.55357703  -0.55205131  -0.55139903  -0.5547086 
  -0.5546232    -0.55611321  -0.55719414  -0.55551595  -0.55213379  -0.55552376 
  -0.55353482  -0.55319205  -0.55499981  -0.55641684  -0.55679682  -0.55684028 
  -0.55309522  -0.55281687  -0.55655844  -0.55781253  -0.55736935  -0.55650108]
[0.20945725  0.21101066  0.21230267  0.21051921  0.21065877  0.20975188 
  0.21254063  0.21231028  0.21026671  0.21040545  0.20949215  0.20822568 
  0.20796513  0.20904969  0.20928523  0.21146529  0.21011847  0.21090019 
  0.21026394  0.20926002  0.20856158  0.20830606  0.20897939  0.20776989 
  0.21294692  0.21014306  0.2094325    0.20727921  0.20753314  0.20827356 
  0.20875396  0.20963105  0.20982891  0.20804111  0.20810362  0.20504369]
increment_20
[0.43566118  0.43299681  0.42572493  0.43068544  0.42953328  0.43247995 
  0.42291153  0.42662996  0.43177078  0.43356221  0.43232462  0.43672062 
  0.4339926    0.43077195  0.42501243  0.42988363  0.43215122  0.43274854 
  0.43462956  0.43656113  0.43648399  0.43614564  0.43022148  0.43761604 
  0.42780346  0.43464486  0.44111491  0.43912606  0.43830756  0.43632534 
  0.43156507  0.42439747  0.4331584    0.4347211    0.4281001    0.42429762]
[0.68487724  0.68124844  0.68428752  0.67871025  0.68061217  0.67566011 
  0.68893844  0.68549718  0.67850305  0.67790363  0.6790564    0.67446814 
  0.67981835  0.68367332  0.68456909  0.68378231  0.6849391    0.67831831 
  0.67765175  0.67380589  0.67277681  0.67547541  0.68570657  0.6746865 
  0.68202675  0.68041263  0.67310556  0.67320213  0.67300452  0.6734757 
  0.68264224  0.68735548  0.67474216  0.67309725  0.67641245  0.68519407]
[-0.54473156  -0.54997158  -0.55062581  -0.55518266  -0.55364625  -0.55815872 
  -0.54684697  -0.54849955  -0.5548328    -0.55406967  -0.55427446  -0.55750059 
  -0.55334225  -0.55016419  -0.55332489  -0.54899461  -0.54688247  -0.55389901 
  -0.55362013  -0.55777514  -0.55948565  -0.55674401  -0.54810029  -0.55703204 
  -0.55157343  -0.55046064  -0.55494348  -0.55789098  -0.5585111    -0.55900479 
  -0.5511772    -0.55009481  -0.55879937  -0.56103455  -0.56212066  -0.55656993]
[0.21073686  0.21434923  0.21753181  0.2136227    0.21387864  0.21190411 
  0.21787167  0.21732174  0.21299804  0.213254      0.21156004  0.20871251 
  0.20811001  0.21058415  0.21109515  0.21505052  0.21218697  0.21403004 
  0.21304933  0.21044453  0.20935351  0.20867695  0.21048051  0.20737801 
  0.21815239  0.21240429  0.21067575  0.2066999    0.20740481  0.20872069 
  0.20965412  0.21171901  0.21175476  0.20784102  0.20788668  0.20176849]
increment_30
[0.44352058  0.43894671  0.42722008  0.43483028  0.43354913  0.43859682 
  0.42329056  0.4285499    0.43651126  0.43948648  0.43804388  0.44444777 
  0.44121691  0.4360993    0.42803888  0.43448881  0.43785363  0.43905879 
  0.44156411  0.4449559    0.44507215  0.44469512  0.43513098  0.44690845 
  0.43185236  0.44160592  0.45086214  0.44794842  0.44693079  0.44442072 
  0.43775973  0.4258452    0.44008953  0.44199397  0.43152382  0.42526723]
[0.68427977  0.67861488  0.68415875  0.67519504  0.67802011  0.66925159 
  0.69057958  0.68541954  0.67512073  0.6739533    0.67516433  0.66836912 
  0.67557704  0.68213301  0.68211104  0.68200573  0.68429337  0.67413016 
  0.67351624  0.66677982  0.66563385  0.66865923  0.68530464  0.66771345 
  0.67961037  0.67752496  0.66643508  0.66662229  0.66611256  0.66628641 
  0.67989945  0.68821712  0.66767687  0.66633551  0.66987982  0.68577941]
[-0.53869108  -0.54715172  -0.54746779  -0.55485154  -0.55236976  -0.56022943 
  -0.54224786  -0.54496298  -0.55407424  -0.55306087  -0.5537429    -0.55849025 
  -0.5527453    -0.54738265  -0.55332335  -0.5461317    -0.54235633  -0.55283832 
  -0.55214057  -0.55923328  -0.56096514  -0.55818512  -0.54420178  -0.55832058 
  -0.54933781  -0.54751903  -0.55480024  -0.55902307  -0.55996632  -0.5610657 
  -0.54941651  -0.54708191  -0.5611615    -0.563584      -0.56737314  -0.55612397]
[0.21180796  0.21779032  0.22290988  0.21719587  0.21728214  0.21419178 
  0.22336564  0.22262163  0.21603624  0.21624581  0.213634      0.20937417 
  0.20831689  0.21185889  0.21293313  0.21869574  0.21418778  0.2171306 
  0.21572622  0.21136947  0.21014393  0.20873538  0.21180889  0.20666332 
  0.22329635  0.21486519  0.21162303  0.20603433  0.20732738  0.20918394 
  0.21034415  0.21380936  0.21360378  0.20739187  0.20769194  0.19894851]
increment_40
[0.45161025  0.4443792    0.42799422  0.43784663  0.43712074  0.44431987 
  0.42323114  0.42970434  0.44050586  0.44478536  0.44353274  0.45167722 
  0.44847788  0.44160876  0.43198787  0.43883293  0.44349701  0.44523216 
  0.4481298    0.45313485  0.4538858    0.45324897  0.44027841  0.45608827 
  0.43586036  0.4482793    0.45974681  0.45640332  0.45526905  0.45227022 
  0.44418464  0.42737323  0.44686782  0.44925926  0.43491179  0.42632375]
[0.68363585  0.67624257  0.68478616  0.67284659  0.67575047  0.66296472 
  0.69235385  0.68560942  0.6726225    0.67063684  0.67144146  0.66255355 
  0.67118153  0.68051036  0.67903629  0.68010709  0.68355348  0.67024786 
  0.66996063  0.66004374  0.65874443  0.66176861  0.68448391  0.66100392 
  0.67730313  0.67485584  0.66020533  0.66044396  0.65936263  0.65924353 
  0.67693322  0.68905686  0.66051633  0.66009492  0.66303664  0.68629399]
[-0.53240557  -0.54428204  -0.54378167  -0.55368333  -0.55090823  -0.5622711 
  -0.53765766  -0.54147947  -0.55261184  -0.55163394  -0.55309195  -0.55929607 
  -0.55211683  -0.54457802  -0.55330221  -0.54351104  -0.53791637  -0.55138662 
  -0.55017659  -0.56039027  -0.56174976  -0.55958762  -0.54065598  -0.55924447 
  -0.5468786    -0.54430474  -0.55472756  -0.55979055  -0.56127068  -0.5629538 
  -0.54770318  -0.54398427  -0.56360533  -0.56538183  -0.57281077  -0.55554324]
[0.21268408  0.22131467  0.22845208  0.22136523  0.22087751  0.21658449 
  0.22901045  0.22824084  0.21943956  0.21934496  0.21571828  0.21023412 
  0.20868625  0.21288996  0.21483215  0.22243146  0.21612732  0.2202474 
  0.21826169  0.21207032  0.21090439  0.20854105  0.21290329  0.20567678 
  0.22849512  0.21759507  0.21222424  0.20529083  0.20723475  0.20960114 
  0.2109091    0.21594879  0.21535172  0.20684343  0.20765829  0.19652054]
increment_50
[0.4600012    0.44923937  0.42799642  0.43963008  0.44022607  0.44950647 
  0.42261436  0.43001592  0.44370604  0.44956087  0.44874835  0.45845124 
  0.45559007  0.44728784  0.43688961  0.44293104  0.44905708  0.45123193 
  0.45426314  0.46088854  0.46269516  0.46165162  0.44568227  0.46513873 
  0.43970107  0.45458758  0.46771199  0.46452739  0.46331213  0.45984874 
  0.45067678  0.42902993  0.45337799  0.45641529  0.43827428  0.42748852]
[0.6828439    0.67421563  0.6861364    0.67176593  0.67381394  0.65704362 
  0.69424514  0.68612806  0.67108025  0.66791084  0.66792738  0.6570525 
  0.6668409    0.67878129  0.67533317  0.67807262  0.68274732  0.66677948 
  0.66690447  0.65370968  0.65208164  0.65500822  0.68316808  0.65455146 
  0.67510397  0.6724387    0.65440072  0.65467433  0.6527767    0.65238604 
  0.67386442  0.68981331  0.65341852  0.65448573  0.65613007  0.68640528]
[-0.52592388  -0.54132943  -0.53963405  -0.55160801  -0.54925694  -0.56408719 
  -0.53316346  -0.5380122    -0.55040256  -0.54978622  -0.55229872  -0.55987036 
  -0.55137965  -0.54176748  -0.55326033  -0.54112758  -0.5335495    -0.54943558 
  -0.54789211  -0.5612721    -0.5620747    -0.56079796  -0.53755148  -0.55981755 
  -0.54425225  -0.54084661  -0.55484684  -0.56018664  -0.56242533  -0.5646551 
  -0.54597188  -0.5407382    -0.56602814  -0.56635432  -0.57806155  -0.55530244]
[0.213371      0.22489935  0.23416019  0.22623999  0.22470558  0.21918773 
  0.23485636  0.23421672  0.22323366  0.22254268  0.21786247  0.21130463 
  0.2091444    0.21372305  0.21669236  0.22629749  0.21801091  0.22341759 
  0.22067548  0.21264766  0.21160048  0.20820103  0.21374537  0.20448141 
  0.23385267  0.22059301  0.21248567  0.20446701  0.20712846  0.20999097 
  0.21145186  0.21838751  0.21703635  0.20634024  0.20797556  0.1942693  ]
increment_60
[0.46878499  0.45350164  0.42724521  0.44013049  0.44281833  0.45407787 
  0.42132183  0.42940274  0.44611874  0.45388405  0.45366678  0.46482292 
  0.46245417  0.4530313    0.44249709  0.44677152  0.4545039    0.45702919 
  0.4599606    0.46815288  0.47135646  0.46979702  0.45132752  0.47405905 
  0.44329708  0.46050594  0.47480345  0.47233757  0.47101236  0.46714844 
  0.45718132  0.43083267  0.45961742  0.46347495  0.44166451  0.42883534]
[0.68178996  0.67259625  0.68807165  0.67194739  0.67224201  0.65164861 
  0.69625808  0.68704243  0.67043933  0.66568719  0.66467472  0.65184773 
  0.66267729  0.67703161  0.67111276  0.67591421  0.68192652  0.66370807 
  0.66422828  0.64784753  0.64565678  0.64851136  0.68137803  0.64832138 
  0.67298902  0.67026369  0.64900486  0.64932103  0.64644735  0.64573427 
  0.67070197  0.6905122    0.64646426  0.6494035    0.64929724  0.68583233]
[-0.51928818  -0.53827372  -0.5351871    -0.54863854  -0.54739884  -0.56554862 
  -0.52883346  -0.53453341  -0.54752096  -0.54759336  -0.5513196    -0.5602202 
  -0.55049738  -0.53889272  -0.55324368  -0.53896039  -0.5292186    -0.54703368 
  -0.54544013  -0.56183172  -0.56207663  -0.5617563    -0.53486472  -0.56007701 
  -0.54152774  -0.53720219  -0.55516465  -0.56021177  -0.56338715  -0.56616721 
  -0.54424909  -0.53725709  -0.56835518  -0.56665532  -0.58291605  -0.55573474]
[0.2138758    0.22849933  0.23998689  0.23187843  0.22881677  0.22208589 
  0.24093103  0.2405411    0.22739827  0.22581263  0.22009238  0.21257358 
  0.20963676  0.21444226  0.21846148  0.2303408    0.21984109  0.22664967 
  0.22300695  0.21324064  0.21217983  0.20773452  0.21435294  0.20312837 
  0.23941842  0.2238184    0.21247727  0.20357356  0.20699779  0.21036701 
  0.21198357  0.22120339  0.21865083  0.20583445  0.20869699  0.19207592]
increment_70
[0.4779891    0.45726953  0.42587448  0.43940087  0.44485518  0.45806617 
  0.41926263  0.42783818  0.44778906  0.45784453  0.45831062  0.47088941 
  0.46907641  0.45865349  0.44838241  0.45029397  0.45978634  0.46262499 
  0.4652438    0.47493344  0.47971728  0.47761166  0.45722919  0.48284231 
  0.44659885  0.46602113  0.48112808  0.47984481  0.47834611  0.47420121 
  0.46369443  0.43281475  0.46566171  0.47052984  0.445163      0.43048183]
[0.68042442  0.67136534  0.69036967  0.67328018  0.67106777  0.64676878 
  0.69849483  0.68839067  0.67060256  0.66382611  0.66171158  0.64682854 
  0.65866369  0.67542044  0.66663359  0.67373107  0.6811798    0.66095108 
  0.66184055  0.64249505  0.63949971  0.64234249  0.67910202  0.64229135 
  0.67094235  0.66833575  0.6439882    0.64440092  0.64040298  0.63927945 
  0.66740252  0.69117393  0.63966552  0.64457603  0.64256681  0.68438701]
[-0.51250748  -0.53511219  -0.53065452  -0.54484795  -0.54531212  -0.56667204 
  -0.52465897  -0.53104468  -0.54406578  -0.54517996  -0.55011637  -0.56044097 
  -0.54951606  -0.53586307  -0.55323652  -0.53691851  -0.52486147  -0.54429799 
  -0.54291073  -0.56202136  -0.56188685  -0.56246822  -0.53255303  -0.56005357 
  -0.53876681  -0.53340615  -0.55562752  -0.55984846  -0.56416527  -0.56749925 
  -0.54260365  -0.53351785  -0.57054675  -0.56660336  -0.58731507  -0.55699338]
[0.21420811  0.23200883  0.24581788  0.23824648  0.23325224  0.22527391 
  0.24709671  0.24711197  0.23188268  0.22911154  0.2223986    0.21396709 
  0.21014652  0.21516266  0.22018679  0.2346067    0.2216101    0.22991627 
  0.22530697  0.21394        0.21259025  0.20715389  0.21482362  0.20165593 
  0.24518594  0.22722126  0.2123041    0.20264775  0.20684914  0.21071212 
  0.21246795  0.224296      0.2201445    0.20514396  0.20975893  0.18988994]
increment_80
[0.48755852  0.46073219  0.4240638    0.43761914  0.44631825  0.46154622 
  0.41649879  0.42538946  0.4487794    0.46151864  0.46271208  0.47672313 
  0.47545048  0.46412078  0.45426435  0.45342551  0.46487808  0.46800517 
  0.47014909  0.48124497  0.48767767  0.48514226  0.46347947  0.49142331 
  0.44955404  0.47114004  0.48683873  0.4871259    0.48539486  0.481063 
  0.47008444  0.43497512  0.47155363  0.47755132  0.44881752  0.4325435  ]
[0.67877764  0.67048701  0.69284015  0.67551408  0.67033972  0.64237819 
  0.70102129  0.69016072  0.6714693    0.66221915  0.65901602  0.64198966 
  0.65480286  0.6738802    0.66218844  0.67170128  0.68061704  0.65840788 
  0.65971635  0.63767347  0.63362976  0.63645552  0.67622825  0.636479 
  0.66899499  0.66665262  0.63931472  0.63986229  0.63455747  0.63297799 
  0.66408852  0.69176958  0.63304481  0.63990728  0.63590652  0.68193641]
[-0.50555622  -0.53178647  -0.52621346  -0.5404054    -0.54294969  -0.56745954 
  -0.52057855  -0.52759904  -0.54013129  -0.5426422    -0.54869538  -0.56050895 
  -0.54843479  -0.53277843  -0.55312401  -0.53483967  -0.52037546  -0.54139026 
  -0.54030069  -0.56182619  -0.56159885  -0.56295955  -0.53068258  -0.55978539 
  -0.53600993  -0.52950117  -0.55615468  -0.5591152    -0.56481943  -0.56867651 
  -0.54096396  -0.52960251  -0.57256617  -0.56631483  -0.59133211  -0.55917854]
[0.21438405  0.23532141  0.25147925  0.24521871  0.23801325  0.22872477 
  0.25317164  0.25369517  0.23660985  0.23239143  0.2247861    0.21543923 
  0.21071149  0.21592712  0.22182021  0.23910087  0.22328948  0.23316693 
  0.22761663  0.21477233  0.21281574  0.20648946  0.21512352  0.2000948 
  0.25107812  0.23071596  0.21202999  0.20167995  0.20665831  0.21100776 
  0.21299074  0.22753608  0.22149362  0.20433042  0.21097881  0.18758524]
increment_90
[0.49736647  0.46398066  0.42198872  0.43502232  0.44721647  0.4645551 
  0.413308      0.42224546  0.44916353  0.46494771  0.46689593  0.48243983 
  0.48153443  0.46954101  0.46008131  0.45621678  0.46982771  0.4731146 
  0.47476336  0.48714744  0.49522644  0.49241472  0.47017763  0.49971304 
  0.45214293  0.47592253  0.49211894  0.49426175  0.49225525  0.48775461 
  0.47622402  0.43720828  0.47729227  0.48440303  0.45261008  0.43510497]
[0.6768694    0.6700191    0.69533412  0.67831333  0.67006927  0.63850186 
  0.70363402  0.69222421  0.6729485    0.66078032  0.65655555  0.63728802 
  0.65118557  0.67218591  0.65796436  0.66989308  0.68024295  0.65601765 
  0.65780737  0.63336241  0.62805795  0.63084979  0.67265536  0.63092624 
  0.66715513  0.66517568  0.63495345  0.63561274  0.62885241  0.62682723 
  0.66086271  0.69230182  0.62662084  0.6354627    0.62925714  0.67832575]
[-0.49849968  -0.52817669  -0.52201903  -0.53556434  -0.54029126  -0.56786416 
  -0.51662913  -0.52434316  -0.53578246  -0.54007106  -0.54707355  -0.56041135 
  -0.54717769  -0.52984322  -0.55276694  -0.53262443  -0.51572549  -0.53845237 
  -0.53759937  -0.56124519  -0.56122976  -0.56323347  -0.52931492  -0.55931127 
  -0.53331061  -0.5255349    -0.55662424  -0.55808097  -0.56537216  -0.56969805 
  -0.53926439  -0.52560886  -0.57440561  -0.56576356  -0.5951265    -0.56243995]
[0.21441194  0.2383815    0.2567725    0.25262115  0.24308426  0.23245264 
  0.25917175  0.25999743  0.24151519  0.23561887  0.22727415  0.21692142 
  0.21137297  0.21671064  0.22328637  0.24376367  0.22485254  0.23637357 
  0.2299481    0.2157389    0.21287352  0.20572883  0.21515923  0.19846878 
  0.2570031    0.23420529  0.21171331  0.20061751  0.20635829  0.2112515 
  0.21369389  0.23087321  0.22270294  0.20359879  0.2121415    0.18498416]
increment_100
[0.50724153  0.46705728  0.41977996  0.43190033  0.44753801  0.46706867 
  0.40993894  0.41871195  0.4490283    0.46809759  0.47082959  0.4881027 
  0.48727737  0.47498551  0.46584229  0.45879204  0.47469238  0.47787045 
  0.47912924  0.4927157    0.50239167  0.49946041  0.47736934  0.50769131 
  0.4544088    0.48042265  0.49712778  0.50130476  0.49899664  0.49427591 
  0.48204397  0.43941724  0.48284999  0.49097204  0.45652542  0.43822014]
[0.67470108  0.670005      0.69778308  0.68129564  0.67028032  0.63516577 
  0.70610479  0.69434651  0.67494652  0.65951023  0.65430419  0.63272551 
  0.64788889  0.67020898  0.65404609  0.66827475  0.67999761  0.65377154 
  0.65608018  0.62952492  0.62278255  0.62552699  0.66836782  0.62563026 
  0.66535721  0.66384954  0.63088555  0.631556      0.62326471  0.6208505 
  0.65777844  0.69273824  0.62041157  0.63131799  0.6225695    0.67347183]
[-0.4914912    -0.5242126    -0.51817771  -0.5306478    -0.53730472  -0.56787067 
  -0.51290774  -0.5214379    -0.53107551  -0.5374942    -0.54530247  -0.56010822 
  -0.54569423  -0.5271685    -0.55207818  -0.53024215  -0.51094149  -0.53557494 
  -0.53481691  -0.56027448  -0.56077797  -0.56328794  -0.52842696  -0.5586647 
  -0.53073769  -0.52156324  -0.55692088  -0.55683749  -0.56581989  -0.57054764 
  -0.53747122  -0.52167189  -0.57607877  -0.56491836  -0.59881865  -0.5668281  ]
[0.21429162  0.24114715  0.26148696  0.26021389  0.24847064  0.23650414 
  0.26512588  0.2658303    0.24653515  0.23881142  0.22989291  0.21838719 
  0.21217578  0.21749037  0.22455369  0.24851958  0.2262945    0.23954558 
  0.23230333  0.21684585  0.21277353  0.20484625  0.2148672    0.19679955 
  0.26292571  0.23763342  0.21139189  0.19940552  0.20589149  0.21145065 
  0.2146761    0.23427477  0.22378253  0.20310416  0.21309151  0.18194699]
increment_110
[0.51698245  0.47001994  0.41750094  0.42850657  0.44727496  0.46904084 
  0.40648894  0.41508426  0.44844493  0.47093707  0.47443293  0.49370991 
  0.49266571  0.48048844  0.47157273  0.46118585  0.47954424  0.48224351 
  0.48323283  0.4980202    0.50925838  0.50630638  0.4850325    0.5153848 
  0.45641239  0.48466714  0.50196372  0.50828054  0.50562467  0.50062694 
  0.48751954  0.44157908  0.48818034  0.49722531  0.46051306  0.44186466]
[0.67228536  0.6703995    0.70018229  0.68415565  0.67098547  0.63237825 
  0.70835305  0.69631758  0.67737337  0.6584559    0.65226747  0.62833808 
  0.64494439  0.66792554  0.65043588  0.6669046    0.67978475  0.65167109 
  0.6545239    0.6261288    0.61777722  0.62047502  0.66341771  0.62056159 
  0.66353114  0.66262027  0.62710189  0.62761719  0.6178113    0.6150851 
  0.65488105  0.69301389  0.61446546  0.62748041  0.61585603  0.6674387  ]
[-0.48472651  -0.51990978  -0.51473805  -0.52593864  -0.53396408  -0.56749645 
  -0.50945342  -0.51894219  -0.52608225  -0.53486996  -0.54343458  -0.55955764 
  -0.5439676    -0.52476585  -0.55104502  -0.52762828  -0.50608489  -0.53278637 
  -0.53198991  -0.55890463  -0.56021477  -0.56313511  -0.52794386  -0.5578679 
  -0.52833609  -0.51764481  -0.55697511  -0.5554649    -0.56614492  -0.57119528 
  -0.53554648  -0.51790877  -0.57758688  -0.5637953    -0.60246332  -0.57221932]
[0.21401345  0.24359717  0.26548536  0.26777175  0.25417706  0.24092783 
  0.27103488  0.27119344  0.25159475  0.24200874  0.23267875  0.21985684 
  0.21313487  0.21823641  0.22561409  0.25328694  0.22761392  0.24270287 
  0.23467263  0.21809223  0.21252441  0.20382212  0.21423282  0.19510311 
  0.26884036  0.2409896    0.21107908  0.1980058    0.20526283  0.21161037 
  0.21597562  0.23771868  0.2247344    0.20290435  0.2137452    0.17845522]
increment_120
[0.52645823  0.47298431  0.41519132  0.42497337  0.44648166  0.47048476 
  0.40299094  0.41152289  0.44745317  0.47351437  0.47765653  0.49919564 
  0.49774092  0.48605141  0.47732416  0.4633534    0.48447025  0.48626713 
  0.48706559  0.5031019    0.51592366  0.51297665  0.49306008  0.52282876 
  0.45819456  0.48867378  0.50666067  0.51518159  0.51208565  0.50677634 
  0.49266329  0.44368546  0.49325794  0.5031972    0.46439571  0.44581447]
[0.66962753  0.67105236  0.70252962  0.68675369  0.67213745  0.63011808 
  0.71036426  0.69805132  0.68015012  0.65760165  0.65048221  0.62417886 
  0.64233894  0.66540792  0.64704083  0.66587954  0.67946006  0.64971279 
  0.65311794  0.6231571    0.61300728  0.61566823  0.65797143  0.61569703 
  0.66163741  0.66144472  0.62359853  0.62375917  0.61252825  0.60960998 
  0.65222583  0.6931106    0.60884735  0.62387084  0.60916231  0.66059634]
[-0.47837617  -0.51535521  -0.51169575  -0.52156544  -0.53029311  -0.56674957 
  -0.50625876  -0.51681522  -0.52088643  -0.53217623  -0.54146598  -0.55875361 
  -0.54199814  -0.5225583    -0.5497443    -0.52474141  -0.50126602  -0.53007436 
  -0.52916856  -0.55712649  -0.55951111  -0.56279927  -0.52771335  -0.55692968 
  -0.52612761  -0.51381685  -0.55675345  -0.55402666  -0.56634691  -0.57160662 
  -0.53342599  -0.51435528  -0.57890087  -0.56250607  -0.60615664  -0.578232    ]
[0.21353443  0.24573071  0.26876712  0.27520263  0.26014341  0.2457442 
  0.27691694  0.27617982  0.25662969  0.24521966  0.23565167  0.22135687 
  0.21422578  0.21890442  0.2264531    0.25798161  0.22881212  0.24584292 
  0.23703313  0.21948526  0.21211358  0.20264394  0.21326969  0.19338197 
  0.27474248  0.24429709  0.21082084  0.19638452  0.20452046  0.21170568 
  0.21758001  0.2412044    0.22555551  0.20289077  0.21408418  0.17467023]
