inc
quat_01
quat_02
quat_03
quat_04
increment_0
[0.43609444  0.43609444  0.43609444  0.43609444  0.43609444  0.43609444 
  0.43609444  0.43609444  0.43609444  0.43609444  0.43609444  0.43609444 
  0.43609444  0.43609444  0.43609444  0.43609444  0.43609444  0.43609444 
  0.43609444  0.43609444  0.43609444  0.43609444  0.43609444]
[0.07044185  0.07044185  0.07044185  0.07044185  0.07044185  0.07044185 
  0.07044185  0.07044185  0.07044185  0.07044185  0.07044185  0.07044185 
  0.07044185  0.07044185  0.07044185  0.07044185  0.07044185  0.07044185 
  0.07044185  0.07044185  0.07044185  0.07044185  0.07044185]
[-0.66819387  -0.66819387  -0.66819387  -0.66819387  -0.66819387  -0.66819387 
  -0.66819387  -0.66819387  -0.66819387  -0.66819387  -0.66819387  -0.66819387 
  -0.66819387  -0.66819387  -0.66819387  -0.66819387  -0.66819387  -0.66819387 
  -0.66819387  -0.66819387  -0.66819387  -0.66819387  -0.66819387]
[-0.59864559  -0.59864559  -0.59864559  -0.59864559  -0.59864559  -0.59864559 
  -0.59864559  -0.59864559  -0.59864559  -0.59864559  -0.59864559  -0.59864559 
  -0.59864559  -0.59864559  -0.59864559  -0.59864559  -0.59864559  -0.59864559 
  -0.59864559  -0.59864559  -0.59864559  -0.59864559  -0.59864559]
increment_10
[0.43546598  0.43480707  0.43436671  0.43544348  0.4348064    0.43430272 
  0.43439822  0.43814211  0.43483639  0.43495062  0.43582002  0.43617446 
  0.43515157  0.43485945  0.43446052  0.43807569  0.43641577  0.43530221 
  0.43431082  0.44132256  0.43670078  0.4379958    0.43529114]
[0.06655261  0.06722024  0.06769365  0.06801149  0.0682138    0.06875157 
  0.06767912  0.06887417  0.0683497    0.06891665  0.07001359  0.06982743 
  0.07101203  0.07093881  0.07093089  0.06711548  0.07032543  0.06987337 
  0.07033873  0.0745579    0.07558161  0.06929891  0.06819066]
[-0.6724625    -0.67291593  -0.67306369  -0.67244291  -0.67291087  -0.67322163 
  -0.67311569  -0.67056355  -0.67206878  -0.67280769  -0.67233506  -0.67220504 
  -0.6728925    -0.67301789  -0.67303012  -0.6704373    -0.67198335  -0.67262281 
  -0.67325177  -0.66934683  -0.671922      -0.67085478  -0.67218431]
[-0.59475568  -0.59464981  -0.5947507    -0.59462925  -0.59454288  -0.59449727 
  -0.59467049  -0.59466997  -0.59545713  -0.5944731    -0.59424286  -0.59415179 
  -0.59398324  -0.59406386  -0.59434277  -0.59506221  -0.59416663  -0.59431326 
  -0.59427151  -0.59300113  -0.59338072  -0.59439987  -0.59501253]
increment_20
[0.43475641  0.43311106  0.43185765  0.43457129  0.43285677  0.43245156 
  0.4327762    0.44057106  0.43340857  0.43362561  0.43508528  0.43635303 
  0.43478082  0.43327856  0.43214086  0.44011363  0.43631036  0.43460852 
  0.43168552  0.44718288  0.43715163  0.4399006    0.43417002]
[0.06201983  0.06382009  0.06485746  0.06529855  0.06564117  0.06643827 
  0.06414262  0.06682529  0.06595728  0.06686061  0.06940342  0.06920192 
  0.07181686  0.0716821    0.07165476  0.06227482  0.06982243  0.06916926 
  0.07069964  0.07863853  0.08070969  0.06794001  0.06518373]
[-0.67696289  -0.67791685  -0.67872976  -0.67717701  -0.67823304  -0.67834697 
  -0.67822253  -0.6730769    -0.67587129  -0.67784528  -0.67711776  -0.67642826 
  -0.67747231  -0.67836727  -0.67881186  -0.67298551  -0.67639298  -0.67734634 
  -0.67919176  -0.67025438  -0.67617317  -0.67403113  -0.67683744]
[-0.59064512  -0.59056799  -0.59043916  -0.59018234  -0.59019166  -0.59026857 
  -0.59042754  -0.59025334  -0.59245645  -0.58993582  -0.58940267  -0.58928087 
  -0.58893059  -0.58902395  -0.58935078  -0.59119569  -0.58927977  -0.58951929 
  -0.58936213  -0.58702854  -0.58751531  -0.58953681  -0.59087947]
increment_30
[0.43427184  0.4314071    0.42924262  0.43336523  0.43089865  0.43058848 
  0.43113663  0.44289496  0.43201635  0.43201737  0.43423976  0.43654402 
  0.43438822  0.43136937  0.42960997  0.44225232  0.43601406  0.43362781 
  0.42889403  0.45303214  0.43736444  0.44157702  0.43305238]
[0.05768974  0.06067423  0.06220008  0.0627072    0.06328579  0.06425903 
  0.06068216  0.06466136  0.06338788  0.06494912  0.06891586  0.06883147 
  0.07287133  0.07272319  0.0724998    0.0571189    0.0691558    0.06861417 
  0.07112156  0.08226149  0.08507879  0.06628759  0.06195538]
[-0.68100993  -0.68263378  -0.68429399  -0.68198482  -0.68339687  -0.68331907 
  -0.68318327  -0.67575079  -0.67972885  -0.68291815  -0.6818455    -0.68054291 
  -0.68194436  -0.68379106  -0.68459827  -0.67557497  -0.68078349  -0.68212592 
  -0.68506976  -0.67090605  -0.68041725  -0.67722151  -0.68151443]
[-0.58677537  -0.58670066  -0.58619422  -0.58579783  -0.58590953  -0.58612233 
  -0.5862589    -0.58568237  -0.58933228  -0.5854617    -0.58461368  -0.58442527 
  -0.58390799  -0.58400479  -0.58438366  -0.58715311  -0.5845024    -0.58477623 
  -0.58452636  -0.58127446  -0.58181296  -0.58479631  -0.58665598]
increment_40
[0.43402189  0.42982258  0.42653269  0.43186706  0.42891584  0.42894062 
  0.42952686  0.44518343  0.43054797  0.43010776  0.43330683  0.43673857 
  0.43415378  0.42907065  0.42686484  0.44459126  0.43560025  0.43229578 
  0.42597472  0.45878644  0.43752109  0.44301709  0.43187366]
[0.05365965  0.0576564    0.05966204  0.06012374  0.06124656  0.06213294 
  0.05724905  0.06258806  0.06068049  0.06330707  0.0685793    0.06889834 
  0.07420236  0.07410722  0.07347258  0.05185056  0.06841826  0.06812453 
  0.07173315  0.08551478  0.08870331  0.06434091  0.05867936]
[-0.68457923  -0.68699866  -0.68975965  -0.68682461  -0.68837747  -0.68800756 
  -0.68797903  -0.67842467  -0.68376385  -0.68804179  -0.68651012  -0.68456263 
  -0.68622067  -0.6893264    -0.690376      -0.67801432  -0.68512587  -0.68698937 
  -0.69085925  -0.67138629  -0.68455391  -0.68042392  -0.68613167]
[-0.58317828  -0.58306185  -0.58201541  -0.58150488  -0.58173578  -0.58206103 
  -0.58216327  -0.58106318  -0.58601478  -0.58103186  -0.57986717  -0.57955711 
  -0.57888315  -0.57899534  -0.57945593  -0.5830495    -0.57980505  -0.58010777 
  -0.57975288  -0.57571058  -0.57627508  -0.58018911  -0.58246477]
increment_50
[0.43397185  0.42842009  0.42373902  0.43021142  0.42699889  0.42756176 
  0.42796034  0.44754765  0.42898761  0.42797275  0.43231595  0.43688176 
  0.43404113  0.42646481  0.42379216  0.44714841  0.43510281  0.43065592 
  0.42306274  0.46448977  0.43771243  0.44417671  0.43064786]
[0.0499001    0.0547136    0.05721118  0.05755088  0.05948528  0.06007088 
  0.05382884  0.06066377  0.05776803  0.06192733  0.06839748  0.06942694 
  0.07577404  0.07578415  0.07454434  0.04657917  0.06771282  0.06767429 
  0.07257983  0.08835364  0.09158199  0.06216208  0.05544782]
[-0.68770342  -0.69098659  -0.6951257    -0.69162224  -0.69308826  -0.69240597 
  -0.69261007  -0.6809778    -0.68808042  -0.6931743    -0.69109759  -0.68852154 
  -0.69033294  -0.69491972  -0.69620346  -0.68023062  -0.68941263  -0.69191324 
  -0.6964802    -0.67169086  -0.68852856  -0.68367344  -0.69065126]
[-0.57986414  -0.57965523  -0.57790344  -0.57729084  -0.57772149  -0.57806263 
  -0.57813812  -0.57644622  -0.58238975  -0.57664002  -0.57515983  -0.57467584 
  -0.57385279  -0.57399573  -0.57458167  -0.57894298  -0.57516149  -0.57550997 
  -0.57503515  -0.57032822  -0.57091942  -0.57570266  -0.57833277]
increment_60
[0.43409923  0.42714861  0.42093109  0.42866476  0.42531256  0.4263552 
  0.42638177  0.44996798  0.42732147  0.42578211  0.4314153    0.43690584 
  0.43400005  0.42368148  0.42025723  0.44976958  0.43455696  0.4288593 
  0.42041306  0.4703046    0.43793608  0.44491323  0.42933185]
[0.04625419  0.05179942  0.05478045  0.05503809  0.05794687  0.05814838 
  0.05046444  0.05883237  0.05468473  0.06077319  0.06840357  0.0702348 
  0.0774897    0.07765777  0.07563813  0.0415674    0.06713971  0.06730457 
  0.07360864  0.09061816  0.09375948  0.05978572  0.05233215]
[-0.69045369  -0.69471581  -0.70036072  -0.69623206  -0.69744036  -0.69661164 
  -0.6971196    -0.68340623  -0.69266581  -0.69821331  -0.69553012  -0.69245655 
  -0.69431197  -0.70049126  -0.70214949  -0.6823212    -0.69363682  -0.69682222 
  -0.70180543  -0.67173385  -0.69234146  -0.68706121  -0.69510186]
[-0.57679469  -0.57639468  -0.57385623  -0.57313022  -0.57387136  -0.57408383 
  -0.57417436  -0.57185969  -0.5784635    -0.57228873  -0.57047317  -0.56981075 
  -0.56883231  -0.56901254  -0.56977963  -0.57481933  -0.57054401  -0.5709541 
  -0.57035407  -0.56513323  -0.56576007  -0.57133596  -0.57425509]
increment_70
[0.43433899  0.42583416  0.41818459  0.42758347  0.42396424  0.4251826 
  0.42466902  0.45228225  0.42551449  0.42385068  0.43070694  0.4367472 
  0.43403374  0.4208013    0.41626566  0.45218941  0.43394651  0.42723482 
  0.41818163  0.47630612  0.43815258  0.44511124  0.42788918]
[0.04258131  0.04893472  0.05232235  0.05263005  0.05671135  0.05641629 
  0.0472695    0.05702468  0.05162312  0.05989879  0.06862849  0.07109126 
  0.0792308    0.07959932  0.07679392  0.03713872  0.06691612  0.06703707 
  0.07470588  0.09224716  0.09531465  0.05720733  0.04952059]
[-0.69298131  -0.69838336  -0.70542777  -0.70043688  -0.70141945  -0.70074342 
  -0.7015889    -0.68579995  -0.69735893  -0.70295798  -0.69975871  -0.69640311 
  -0.69815373  -0.70599206  -0.70820694  -0.68446551  -0.69782216  -0.70153504 
  -0.70679098  -0.67147602  -0.69600887  -0.69065561  -0.69951827]
[-0.57385833  -0.57317654  -0.56987339  -0.56902604  -0.5701306    -0.57008387 
  -0.57025856  -0.56733357  -0.57442406  -0.56799016  -0.56579096  -0.56499612 
  -0.56384267  -0.56406155  -0.56503852  -0.57065963  -0.56591244  -0.56641418 
  -0.5656763    -0.56012758  -0.5608111    -0.56709623  -0.57020413]
increment_80
[0.43456233  0.42437094  0.41552142  0.4270938    0.42295409  0.42403649 
  0.42265381  0.45430055  0.42355549  0.42235391  0.43010024  0.43638442 
  0.4341094    0.41784254  0.4119884    0.45425385  0.43318226  0.42609988 
  0.41623715  0.48246796  0.43828349  0.44482291  0.42643345]
[0.03893877  0.04620465  0.04984991  0.05036909  0.05586606  0.05488603 
  0.04444683  0.05527307  0.04871848  0.05941487  0.06906139  0.07196375 
  0.08088908  0.08150043  0.07816672  0.03342501  0.06723876  0.0668266 
  0.07573886  0.09328467  0.0963978    0.05440699  0.04719476]
[-0.69544333  -0.70207417  -0.71031585  -0.70415709  -0.7050572    -0.70481188 
  -0.70611398  -0.68827626  -0.70203901  -0.70729238  -0.70384319  -0.70037689 
  -0.70187976  -0.71141157  -0.71427897  -0.68676924  -0.70202184  -0.70587499 
  -0.7115318    -0.67093013  -0.69957472  -0.69441818  -0.70382758]
[-0.57096228  -0.56997043  -0.56595788  -0.5649926    -0.56646551  -0.56605723 
  -0.56638439  -0.56287804  -0.57041081  -0.56375929  -0.56111414  -0.56023395 
  -0.55890141  -0.55915907  -0.56032229  -0.56646644  -0.56124631  -0.56188397 
  -0.56101048  -0.55531559  -0.55606678  -0.56298832  -0.5661748  ]
increment_90
[0.43466312  0.42285794  0.41297072  0.42700788  0.42229482  0.42299118 
  0.42018172  0.45594892  0.42153431  0.421186      0.42950176  0.43593901 
  0.43410154  0.41482812  0.40757583  0.45595617  0.43221251  0.42552908 
  0.41443672  0.48869393  0.43800239  0.44416705  0.42518896]
[0.03543934  0.04362335  0.04738363  0.04814308  0.05531589  0.05355833 
  0.0421937    0.05365938  0.04586781  0.05930435  0.06967979  0.07286522 
  0.08241564  0.08335155  0.07976041  0.03024682  0.0680318    0.06668569 
  0.076656      0.09382493  0.0972026    0.05138114  0.0453663  ]
[-0.69793538  -0.70573009  -0.7150028    -0.70751227  -0.70837928  -0.70876975 
  -0.71077618  -0.69088807  -0.70663303  -0.71130199  -0.70784267  -0.70430798 
  -0.70556816  -0.71673993  -0.72026581  -0.68923213  -0.70624646  -0.70980877 
  -0.7161047    -0.67014527  -0.7032694    -0.69826507  -0.70785954]
[-0.56806534  -0.56677439  -0.56212185  -0.56104626  -0.56285525  -0.56201015 
  -0.56255155  -0.5584845    -0.56645806  -0.55958452  -0.55644561  -0.55551607 
  -0.55401903  -0.55430499  -0.55564142  -0.56227055  -0.5565788    -0.55735942 
  -0.55638128  -0.55070904  -0.55146868  -0.55901834  -0.56221982]
increment_100
[0.43462178  0.42160213  0.41054136  0.42704383  0.4220216    0.42208317 
  0.41727272  0.45724029  0.4196075    0.42006937  0.42887797  0.43555605 
  0.43392317  0.41185037  0.40324649  0.45734221  0.43104599  0.42534508 
  0.41274662  0.49486373  0.43697536  0.44335683  0.42419315]
[0.03212604  0.04122754  0.04494801  0.04580284  0.05490418  0.05225356 
  0.04045894  0.0521693    0.04290228  0.05950212  0.07035169  0.07379174 
  0.08391172  0.08520862  0.08132657  0.02719869  0.06912843  0.0665849 
  0.07748987  0.09397381  0.09775561  0.04812993  0.04403709]
[-0.70043532  -0.70912957  -0.71948526  -0.71064435  -0.71140945  -0.71258295 
  -0.71556563  -0.69363422  -0.7110439    -0.71518017  -0.71177119  -0.70811479 
  -0.70927504  -0.72193052  -0.72601538  -0.69179634  -0.71047455  -0.71343863 
  -0.72052071  -0.66918254  -0.70733276  -0.70203979  -0.71162289]
[-0.56520986  -0.56363746  -0.55836944  -0.55724347  -0.55926728  -0.5579793 
  -0.55875968  -0.55414912  -0.56258823  -0.55544446  -0.55181165  -0.55083496 
  -0.54917977  -0.5494862    -0.55107161  -0.55813633  -0.55194794  -0.55285924 
  -0.551802      -0.54632732  -0.54697051  -0.55521019  -0.55831332]
increment_110
[0.43450679  0.42084303  0.40838956  0.42706021  0.4220475    0.42135559 
  0.41401259  0.45818213  0.41804036  0.41896439  0.42822988  0.43527132 
  0.43364757  0.4089426    0.39911509  0.45852639  0.42974578  0.42527043 
  0.41125627  0.50082423  0.4351205    0.44266699  0.42332357]
[0.02894057  0.03911391  0.04254087  0.04336283  0.05456801  0.05084083 
  0.03911185  0.05074337  0.03986334  0.0600371    0.07092812  0.07466338 
  0.08546609  0.08710908  0.0827033    0.02417506  0.07042784  0.06642737 
  0.07827838  0.09383312  0.0980601    0.04475057  0.04317432]
[-0.70281974  -0.71205258  -0.7236665    -0.71366992  -0.71421864  -0.71621299 
  -0.72043616  -0.69651866  -0.71496701  -0.71896208  -0.71562425  -0.71177662 
  -0.7129571    -0.72697029  -0.73144961  -0.69431605  -0.7146572    -0.71691304 
  -0.72472694  -0.66812179  -0.71183565  -0.70553598  -0.71521565]
[-0.56250397  -0.56066244  -0.55472069  -0.55354719  -0.55568874  -0.55399786 
  -0.55500953  -0.54986907  -0.55899495  -0.55132377  -0.5472388    -0.54620352 
  -0.5443689    -0.54469455  -0.54667063  -0.55416093  -0.54737882  -0.54842333 
  -0.54727657  -0.54220266  -0.54253514  -0.55159977  -0.55443639]
increment_120
[0.43446716  0.42057212  0.40680313  0.42694868  0.42228117  0.42084267 
  0.41049164  0.45883146  0.41711709  0.41792432  0.42754077  0.43498596 
  0.43336432  0.40605535  0.39509989  0.45970114  0.428442      0.42507528 
  0.41003215  0.50630002  0.43259175  0.44216827  0.42245195]
[0.02586429  0.03717472  0.04018389  0.04087884  0.0544686    0.04942163 
  0.03806201  0.04942841  0.03680607  0.06090302  0.07137393  0.07534436 
  0.08697929  0.08904632  0.08395127  0.02127627  0.07173233  0.06618892 
  0.07907699  0.09359918  0.09828163  0.04141387  0.04258253]
[-0.70487225  -0.71445999  -0.72738551  -0.7167202    -0.71682362  -0.7196381 
  -0.72532525  -0.69951021  -0.7180905    -0.72261507  -0.71940988  -0.71534408 
  -0.71655535  -0.73188838  -0.73662401  -0.69658442  -0.71872583  -0.72034812 
  -0.72868517  -0.66711031  -0.71669087  -0.70878173  -0.71871168]
[-0.56011109  -0.55792836  -0.55118671  -0.54986898  -0.55215548  -0.55006359 
  -0.55131768  -0.54563357  -0.5558819    -0.54722715  -0.54273758  -0.54165791 
  -0.53960948  -0.53993445  -0.54243279  -0.5504474    -0.54288591  -0.54408512 
  -0.54280603  -0.53838956  -0.53810715  -0.5480881    -0.55061294]
