inc
quat_01
quat_02
quat_03
quat_04
increment_0
[0.84974338  0.84974338  0.84974338  0.84974338  0.84974338  0.84974338 
  0.84974338  0.84974338  0.84974338  0.84974338  0.84974338  0.84974338 
  0.84974338  0.84974338]
[0.42641828  0.42641828  0.42641828  0.42641828  0.42641828  0.42641828 
  0.42641828  0.42641828  0.42641828  0.42641828  0.42641828  0.42641828 
  0.42641828  0.42641828]
[0.05570675  0.05570675  0.05570675  0.05570675  0.05570675  0.05570675 
  0.05570675  0.05570675  0.05570675  0.05570675  0.05570675  0.05570675 
  0.05570675  0.05570675]
[-0.30495966  -0.30495966  -0.30495966  -0.30495966  -0.30495966  -0.30495966 
  -0.30495966  -0.30495966  -0.30495966  -0.30495966  -0.30495966  -0.30495966 
  -0.30495966  -0.30495966]
increment_10
[0.8496929    0.85196686  0.85036223  0.85032546  0.85181604  0.85147007 
  0.85169042  0.85214125  0.85189503  0.8520658    0.85200625  0.85232423 
  0.85244324  0.85217193]
[0.42304341  0.42137675  0.4249876    0.42462177  0.42248228  0.4228201 
  0.42247493  0.42210939  0.42148253  0.42223717  0.4215162    0.42146977 
  0.42061266  0.42042783]
[0.06028446  0.05215922  0.05329106  0.05897522  0.05486733  0.05559754 
  0.0546614    0.0511011    0.05479045  0.04984586  0.05445575  0.0512806 
  0.0515929    0.05407197]
[-0.30890458  -0.30638786  -0.30566268  -0.30522925  -0.30480769  -0.30517338 
  -0.30520565  -0.30506989  -0.30598259  -0.30531137  -0.30568612  -0.30541274 
  -0.30620856  -0.3067893  ]
increment_20
[0.84912471  0.85446882  0.85089863  0.85087449  0.85440684  0.85368188 
  0.85426849  0.85500749  0.85457697  0.85483709  0.8546648    0.85536171 
  0.85555069  0.85496946]
[0.42042081  0.4159661    0.42363739  0.42271271  0.41721062  0.41798957 
  0.41682049  0.41655868  0.41528713  0.41695216  0.4157179    0.41537838 
  0.41391699  0.41366989]
[0.06409557  0.04694561  0.04947498  0.06318729  0.05331304  0.05494025 
  0.05323429  0.04556425  0.05325452  0.04295        0.05265231  0.0459651 
  0.046347      0.05149125]
[-0.31324963  -0.30765458  -0.30668406  -0.30550602  -0.30509337  -0.30576713 
  -0.30602636  -0.3055568    -0.30724379  -0.30587538  -0.30651988  -0.30611167 
  -0.30750236  -0.30863102]
increment_30
[0.84849443  0.85696388  0.85145877  0.85134619  0.85702617  0.85592964 
  0.85684544  0.85784277  0.857231      0.85751194  0.85716599  0.85830749 
  0.85848434  0.85766261]
[0.41778607  0.41043365  0.42210905  0.42077846  0.41174136  0.4129554 
  0.41091826  0.41086937  0.40933349  0.41152856  0.41037838  0.40932412 
  0.40756937  0.40687698]
[0.06820127  0.04164988  0.04560997  0.06753706  0.05114291  0.0540708 
  0.05161575  0.03964552  0.05104059  0.03642561  0.05086588  0.04027437 
  0.04097863  0.04899695]
[-0.31758557  -0.30890517  -0.3078338    -0.3059312    -0.30554804  -0.30647779 
  -0.3070796    -0.30613784  -0.30821416  -0.30657902  -0.3070321    -0.3068224 
  -0.30856539  -0.31058858]
increment_40
[0.84787752  0.85949208  0.85199907  0.85174989  0.85966351  0.85818711 
  0.85937097  0.86060873  0.8598641    0.86010857  0.85946965  0.86111846 
  0.86123488  0.86024105]
[0.41488479  0.40468596  0.42048754  0.41886594  0.4062593    0.40783932 
  0.40489569  0.40506913  0.40375759  0.4059364    0.40552536  0.40340023 
  0.4015631    0.40010419]
[0.07291835  0.03639508  0.04176258  0.07175263  0.04811777  0.05307017 
  0.04998573  0.03354422  0.04781655  0.03031467  0.0492518    0.03439415 
  0.03555241  0.04669017]
[-0.32195844  -0.31012584  -0.30910144  -0.30647189  -0.30596848  -0.30718973 
  -0.30828953  -0.30683287  -0.30875091  -0.30742465  -0.30730338  -0.30750657 
  -0.30944721  -0.31260518]
increment_50
[0.847316      0.86204022  0.8524532    0.85207354  0.86228823  0.86041165 
  0.8618174    0.86326194  0.86247018  0.86259008  0.86157047  0.86373825 
  0.86377888  0.86269741]
[0.41157342  0.39875923  0.41896088  0.41707367  0.40096876  0.40278321 
  0.39884571  0.39923902  0.39857546  0.4002632    0.40116411  0.39771162 
  0.39584373  0.39347034]
[0.07843983  0.03118617  0.03785969  0.07552828  0.04414793  0.05195715 
  0.04844768  0.02751553  0.043485      0.0246493    0.04777325  0.02850313 
  0.03027164  0.04457236]
[-0.32635888  -0.31129593  -0.31042224  -0.30710863  -0.30616014  -0.30782778 
  -0.30958957  -0.30761977  -0.30885571  -0.30841554  -0.30737827  -0.30817087 
  -0.31028603  -0.31455932]
increment_60
[0.84678592  0.86452399  0.85286939  0.85232288  0.86484008  0.86255513 
  0.86419158  0.86570971  0.86501744  0.86488235  0.86345813  0.8661035 
  0.86609447  0.8649976  ]
[0.40793222  0.39281754  0.4174926    0.41538622  0.39598177  0.39783663 
  0.39276879  0.39358595  0.39378295  0.39470798  0.39733788  0.39239931 
  0.39032319  0.38715428]
[0.08450081  0.02607779  0.03388235  0.07878981  0.03946192  0.05083312 
  0.0469623    0.02181158  0.0381013    0.01940287  0.04642592  0.02268449 
  0.02544495  0.04281224]
[-0.33076354  -0.31243015  -0.31171416  -0.30788337  -0.30609285  -0.30844878 
  -0.31096645  -0.30848185  -0.30859051  -0.30952814  -0.30725771  -0.30882507 
  -0.31125669  -0.31631919]
increment_70
[0.8462123    0.86688138  0.85334776  0.85254544  0.8672476    0.86458563 
  0.86649903  0.86789464  0.8674407    0.86693777  0.86511464  0.8682253 
  0.86816328  0.86714287]
[0.40420316  0.3869622    0.41584541  0.4136254    0.39121762  0.39306675 
  0.38659058  0.38827534  0.38938168  0.38944147  0.39405816  0.38746102 
  0.38493999  0.38123626]
[0.09052201  0.02115588  0.02997991  0.08175469  0.03448343  0.04951861 
  0.0455583    0.01657605  0.03190719  0.01445317  0.04520798  0.01694718 
  0.02134388  0.04146741]
[-0.33518698  -0.31357511  -0.31300383  -0.30886319  -0.30600861  -0.30909244 
  -0.31249256  -0.30939682  -0.30807542  -0.31071746  -0.30700338  -0.30946984 
  -0.31250305  -0.31780909]
increment_80
[0.84553095  0.86907617  0.85395289  0.85276407  0.86947485  0.86646652 
  0.86872901  0.86982839  0.86967572  0.86874038  0.86657225  0.87013296 
  0.86999094  0.8691918  ]
[0.40060999  0.38120472  0.41379828  0.41170384  0.3865467    0.38865963 
  0.38025331  0.38335364  0.38537955  0.384528      0.3912278    0.38279126 
  0.37969874  0.37558052]
[0.09600576  0.0166088    0.0262968    0.08453748  0.0294875    0.04774009 
  0.04441145  0.0118187    0.02529385  0.00975841  0.04403931  0.01143351 
  0.0179815    0.04033813]
[-0.33966445  -0.3148233    -0.31439452  -0.31007548  -0.3061464    -0.30967781 
  -0.31423711  -0.3103206    -0.30741985  -0.31198261  -0.30668206  -0.31017537 
  -0.31404028  -0.31908888]
increment_90
[0.84473484  0.87108609  0.85471452  0.85300527  0.87154271  0.86812994 
  0.87087211  0.87155198  0.87168707  0.87030613  0.8678952    0.87186369 
  0.87160823  0.87118678]
[0.39731542  0.37551435  0.41124242  0.40957083  0.38189623  0.38483492 
  0.37374039  0.378828      0.38179018  0.37995711  0.38868273  0.37833778 
  0.37461833  0.37007279]
[0.10053698  0.01269021  0.02297806  0.08704259  0.02450136  0.04539878 
  0.04368723  0.00745042  0.0186252    0.0052987    0.04288678  0.00617547 
  0.01521995  0.03918718]
[-0.34417411  -0.31628618  -0.31593477  -0.31154026  -0.30654243  -0.31014744 
  -0.31621404  -0.31117676  -0.30667739  -0.31332372  -0.3063403    -0.3109278 
  -0.31579828  -0.32022507]
increment_100
[0.84387496  0.87290842  0.8556614    0.85324992  0.87347393  0.86953601 
  0.87292678  0.87310298  0.87346936  0.87166269  0.86913144  0.87344603 
  0.87303178  0.87314231]
[0.39436419  0.36988639  0.40813927  0.40729694  0.37724207  0.38163235 
  0.3670753    0.37466964  0.37856488  0.37571415  0.38631243  0.37415395 
  0.36970801  0.36468043]
[0.10398304  0.00949626  0.02007692  0.0889708    0.01959169  0.04259345 
  0.0434012    0.00341009  0.01216894  0.00100663  0.04165465  0.00104389 
  0.01297268  0.03777512]
[-0.34862511  -0.3180012    -0.31758908  -0.31330174  -0.30716101  -0.31056347 
  -0.31838795  -0.31193303  -0.3059278    -0.31470942  -0.30600349  -0.31160834 
  -0.31774709  -0.32125337]
increment_110
[0.84302027  0.87455535  0.85683703  0.85344666  0.8752739    0.87073045 
  0.87489407  0.8744904    0.87504039  0.87281116  0.87027842  0.87490726 
  0.87425317  0.87504655]
[0.39168654  0.364307      0.40446259  0.4050202    0.37259426  0.37883353 
  0.36028207  0.37082489  0.37562464  0.37185388  0.38410545  0.37029822 
  0.36501196  0.35941119]
[  0.10645763    0.00704641    0.01763048    0.09014508    0.01490284    0.03963083 
    0.04350328  -0.00021998    0.00595661  -0.00321907    0.04021584  -0.00414365 
    0.01120379    0.03594872]
[-0.35293802  -0.31997452  -0.31926398  -0.31537485  -0.30797244  -0.31103543 
  -0.3207252    -0.31265859  -0.30524574  -0.31609334  -0.30571418  -0.31208868 
  -0.31987833  -0.32221859]
increment_120
[0.84222397  0.87602382  0.85826145  0.8535921    0.87693806  0.87180148 
  0.87677667  0.87571351  0.87639483  0.87373161  0.87131518  0.87627676 
  0.87527421  0.87686617]
[0.38912739  0.35879158  0.40025081  0.40279782  0.36803189  0.37617642 
  0.35337088  0.36728869  0.37301149  0.36844433  0.3821069    0.36674636 
  0.36059661  0.35432436]
[  1.08243072e-01    5.35634942e-03    1.56247964e-02    9.06347267e-02 
    1.05144128e-02    3.68246013e-02    4.39555196e-02  -3.39460028e-03 
  -1.00325101e-04  -7.41005812e-03    3.85315887e-02  -9.44133870e-03 
    9.85958543e-03    3.37482649e-02]
[-0.35710236  -0.32221451  -0.32084644  -0.31767876  -0.30890389  -0.31160461 
  -0.32320211  -0.31339008  -0.30462192  -0.3174696    -0.3054824    -0.31232515 
  -0.32213029  -0.32314241]
