inc
quat_01
quat_02
quat_03
quat_04
increment_0
[0.28928432  0.28928432  0.28928432  0.28928432  0.28928432  0.28928432 
  0.28928432  0.28928432  0.28928432  0.28928432  0.28928432  0.28928432 
  0.28928432  0.28928432  0.28928432  0.28928432  0.28928432  0.28928432 
  0.28928432  0.28928432  0.28928432  0.28928432]
[0.4597452  0.4597452  0.4597452  0.4597452  0.4597452  0.4597452  0.4597452 
  0.4597452  0.4597452  0.4597452  0.4597452  0.4597452  0.4597452  0.4597452 
  0.4597452  0.4597452  0.4597452  0.4597452  0.4597452  0.4597452  0.4597452 
  0.4597452]
[0.08585734  0.08585734  0.08585734  0.08585734  0.08585734  0.08585734 
  0.08585734  0.08585734  0.08585734  0.08585734  0.08585734  0.08585734 
  0.08585734  0.08585734  0.08585734  0.08585734  0.08585734  0.08585734 
  0.08585734  0.08585734  0.08585734  0.08585734]
[0.83521102  0.83521102  0.83521102  0.83521102  0.83521102  0.83521102 
  0.83521102  0.83521102  0.83521102  0.83521102  0.83521102  0.83521102 
  0.83521102  0.83521102  0.83521102  0.83521102  0.83521102  0.83521102 
  0.83521102  0.83521102  0.83521102  0.83521102]
increment_10
[0.28634909  0.28790143  0.28681414  0.28795933  0.28770305  0.2874458 
  0.28872745  0.2865538    0.28771742  0.2882301    0.28838061  0.28778318 
  0.28633071  0.28446323  0.28480869  0.28628449  0.28504759  0.28816726 
  0.28864016  0.28767054  0.28738086  0.28762363]
[0.45909473  0.46222714  0.46384106  0.4639995    0.45403927  0.46137899 
  0.46150378  0.46308195  0.46372607  0.46339041  0.46336134  0.46369967 
  0.46397421  0.46540562  0.46200239  0.46218917  0.46207679  0.46273526 
  0.46463187  0.46236438  0.46269925  0.46419701]
[0.08362043  0.08030383  0.08379123  0.08167159  0.08004488  0.08126323 
  0.07879873  0.08226534  0.08104575  0.07943632  0.07917565  0.08015421 
  0.08272253  0.08629823  0.08624516  0.08274623  0.08513378  0.08144047 
  0.07989927  0.08353111  0.08244825  0.08117935]
[0.83680574  0.83487133  0.83400728  0.83373475  0.83944512  0.83540447 
  0.83512962  0.83467026  0.83403142  0.83419578  0.8341847    0.83410956 
  0.83420599  0.83368513  0.83546369  0.83520981  0.83545506  0.8343879 
  0.83331878  0.8345582    0.83458009  0.83378876]
increment_20
[0.28313637  0.28651018  0.28357972  0.28663403  0.28613059  0.28555885 
  0.28808837  0.28315171  0.28599234  0.28730166  0.28736955  0.28615557 
  0.28232843  0.27876581  0.280025      0.28226215  0.28025108  0.28743427 
  0.28801658  0.28608987  0.28526657  0.28595693]
[0.45848415  0.4653315    0.46867506  0.46873244  0.44722971  0.46342592 
  0.46353103  0.46690006  0.46867978  0.46769273  0.46831375  0.46903315 
  0.46875569  0.47255235  0.46508404  0.46464665  0.46482341  0.46672059 
  0.46983658  0.46577688  0.46621298  0.46880492]
[0.08082478  0.07378128  0.08251315  0.07736628  0.07363358  0.07638965 
  0.07102366  0.07877645  0.07565935  0.07209707  0.0722315    0.0738306 
  0.07999069  0.08760231  0.08748523  0.08124882  0.08430397  0.07596094 
  0.07362144  0.08085229  0.07892918  0.07582955]
[0.83850667  0.83422709  0.83253697  0.8319527    0.84421145  0.83537847 
  0.83492498  0.8340406    0.83236008  0.83278045  0.83239629  0.83226915 
  0.8331628    0.83145038  0.83524198  0.83536232  0.8356383    0.83293659 
  0.83119187  0.83346709  0.83368977  0.83228628]
increment_30
[0.2801258    0.28517567  0.2801321    0.28546891  0.28484279  0.28322526 
  0.28750731  0.27947281  0.28439583  0.28641107  0.2864183    0.28447916 
  0.27847614  0.27310531  0.2747856    0.27833679  0.27543605  0.28686513 
  0.28749314  0.28431782  0.28311812  0.28461732]
[0.45808868  0.46853934  0.4735173    0.47329352  0.44042911  0.46571746 
  0.4652855    0.47047684  0.47363913  0.4715313    0.47264511  0.47445753 
  0.47356245  0.47953687  0.46802472  0.46718823  0.46750021  0.47085107 
  0.47478767  0.46927949  0.4697918    0.47314048]
[0.07801275  0.06715499  0.08102659  0.07291409  0.06682508  0.07218506 
  0.06337851  0.07583152  0.07006856  0.06475904  0.06514674  0.06752816 
  0.07690006  0.08892441  0.08915697  0.07956835  0.08347867  0.07001277 
  0.0674506    0.07794529  0.07546047  0.07014865]
[0.839999      0.83344821  0.83110894  0.83017123  0.84877629  0.83527242 
  0.83476471  0.83354428  0.83058737  0.83152462  0.83085923  0.83030212 
  0.83203127  0.82918654  0.83516272  0.83542364  0.83582884  0.83132778 
  0.82908068  0.83238493  0.83273376  0.83078892]
increment_40
[0.27740809  0.28397588  0.27654716  0.28463823  0.28385872  0.28052078 
  0.28697721  0.27567805  0.28302898  0.28553809  0.28551055  0.28280598 
  0.27497662  0.26743797  0.26912982  0.27461939  0.27073447  0.28648428 
  0.28703675  0.28258175  0.28089864  0.28359081]
[0.45802953  0.47180862  0.47833496  0.47767424  0.43372847  0.46850352 
  0.46674894  0.47389545  0.47857871  0.47493494  0.47630307  0.47991736 
  0.47855848  0.48617033  0.47073652  0.46986097  0.47017548  0.47503254 
  0.47947644  0.47292022  0.47343602  0.47720302]
[0.07504904  0.06049163  0.07929715  0.06806021  0.05960271  0.0683541 
  0.0559859    0.07323281  0.06429151  0.05742597  0.0579176    0.06128696 
  0.07327335  0.09021158  0.0912181    0.07745131  0.08253173  0.06368135 
  0.06146917  0.07463689  0.0720989    0.0642366  ]
[0.84120232  0.83252333  0.8297164    0.82835753  0.85308345  0.83494926 
  0.83465866  0.83310364  0.82868789  0.83042583  0.82961718  0.82821737 
  0.83066279  0.82702915  0.83525776  0.83535391  0.83595836  0.82958757 
  0.82700289  0.831218      0.83171872  0.82929318]
increment_50
[0.27488889  0.28293221  0.27289982  0.284206      0.28301514  0.27752501 
  0.28641179  0.27200356  0.28193883  0.28468061  0.28461405  0.28116673 
  0.27199275  0.26174791  0.2630412    0.27108948  0.26617505  0.28630198 
  0.28663892  0.2809215    0.27870128  0.28279153]
[0.45826157  0.47509787  0.48308636  0.48192717  0.42726003  0.47179114 
  0.46794486  0.4773208    0.48350625  0.47794382  0.47933407  0.48533795 
  0.48371342  0.49240085  0.47315312  0.47271625  0.47282464  0.47909819 
  0.48404748  0.47666299  0.47710506  0.48109229]
[0.07199995  0.05384541  0.07736659  0.06264219  0.05219996  0.06474141 
  0.04900939  0.07063042  0.05836041  0.05010905  0.05057858  0.05515118 
  0.06889988  0.09145659  0.09371507  0.07502915  0.08144969  0.05718446 
  0.05576869  0.07102084  0.06874874  0.05819388]
[0.84216889  0.8314638    0.82835238  0.82646785  0.85710353  0.83438692 
  0.83462206  0.83258048  0.82663551  0.82946714  0.82865886  0.82604521 
  0.82903201  0.82502432  0.83555547  0.83511704  0.83603448  0.82778381 
  0.82487939  0.82995876  0.83064431  0.82776364]
increment_60
[0.27249431  0.28205211  0.26933345  0.28399078  0.28219673  0.27430267 
  0.28571588  0.2687387    0.28114926  0.28385469  0.28372011  0.27962973 
  0.26958526  0.25615856  0.25642104  0.26768532  0.26176116  0.28633272 
  0.28628299  0.27933105  0.27674135  0.28212391]
[0.45870892  0.47831915  0.48778047  0.48611333  0.42118752  0.47537352 
  0.4689203    0.48088795  0.48842458  0.48062848  0.48187406  0.49066346 
  0.48892927  0.49828024  0.47523922  0.47585416  0.47536314  0.48287714 
  0.48877982  0.48046821  0.48072997  0.48495131]
[0.06884837  0.04722716  0.07529626  0.05670131  0.04473938  0.06136451 
  0.04257204  0.06766595  0.05230761  0.04283153  0.04320492  0.04911367 
  0.06372503  0.09250907  0.0967097    0.07241631  0.08024653  0.05069477 
  0.05046559  0.06725321  0.06513564  0.05208426]
[0.84296671  0.8303174    0.82695839  0.82451684  0.86079293  0.83367407 
  0.83466629  0.83183388  0.82441521  0.8286062    0.82790919  0.82379878 
  0.82717052  0.82312919  0.83608802  0.83466356  0.83610494  0.82599835 
  0.82255064  0.82861418  0.82950002  0.826145    ]
increment_70
[0.27022631  0.28130085  0.26597564  0.2837183    0.28131351  0.27089267 
  0.28486456  0.26609198  0.28061678  0.28307194  0.28287675  0.27824917 
  0.26766657  0.25078443  0.2492302    0.26435243  0.25749342  0.28656298 
  0.28599416  0.27782935  0.27515175  0.28152057]
[0.45925132  0.48134284  0.49246373  0.49021082  0.41564066  0.47890546 
  0.46976165  0.48459985  0.49329278  0.483051      0.48411896  0.49583787 
  0.49405679  0.50390055  0.47698208  0.47937625  0.47768304  0.48629673 
  0.49382263  0.48432177  0.48424453  0.48887844]
[0.06549958  0.04065237  0.07309727  0.05040503  0.03729598  0.05834905 
  0.03662567  0.06414421  0.04622031  0.03562217  0.03592086  0.04311125 
  0.05786624  0.09316353  0.10023525  0.06963657  0.07892483  0.04431656 
  0.04551713  0.06342246  0.06107891  0.04593754]
[0.84366805  0.82917205  0.82546546  0.8225914    0.86412647  0.83298386 
  0.83476627  0.83080899  0.82205848  0.82780618  0.82723592  0.82150084 
  0.82517513  0.82128677  0.8368544    0.83394661  0.83623377  0.82427737 
  0.81992362  0.82717644  0.82829229  0.82439904]
increment_80
[0.26816968  0.28063875  0.2628694    0.28330952  0.28030421  0.26728266 
  0.28386792  0.26409702  0.28024047  0.28232437  0.28210492  0.2770274 
  0.26609311  0.24564357  0.24149909  0.26110038  0.25334264  0.28698811 
  0.28584085  0.27646109  0.27396783  0.28102799]
[0.45976108  0.48403486  0.4971553    0.49416865  0.41070089  0.48207645 
  0.47054144  0.48837758  0.49804367  0.48524132  0.48618066  0.50081332 
  0.49895527  0.50939025  0.47836842  0.48330614  0.4796824    0.48933639 
  0.49917395  0.48818842  0.48764545  0.49289299]
[0.06184845  0.03409772  0.07070238  0.0439419    0.02993871  0.05576301 
  0.03107233  0.06004475  0.04015359  0.02851627  0.02880747  0.03713538 
  0.05149044  0.09331206  0.10428211  0.06668679  0.07749216  0.03805196 
  0.04080421  0.05954531  0.05656832  0.03969819]
[0.84432194  0.82812408  0.82385524  0.82073271  0.86709746  0.8324979 
  0.83489177  0.82953886  0.8196374    0.8270554    0.82656839  0.81918423 
  0.82315663  0.81943497  0.83783476  0.83294336  0.83649105  0.82264195 
  0.81697943  0.82564864  0.82700881  0.82249852]
increment_90
[0.26634818  0.28003404  0.25987271  0.28287795  0.27909043  0.26341572 
  0.28273118  0.26265445  0.2799494    0.28160489  0.28138099  0.27595185 
  0.26475846  0.24083939  0.2333262    0.25796603  0.24920531  0.28762197 
  0.28588909  0.27524772  0.27313703  0.28071471]
[0.46014512  0.48632958  0.50182665  0.49801704  0.40635305  0.48476029 
  0.47129476  0.4922279    0.50262964  0.48721353  0.48810217  0.50558334 
  0.5036164    0.51480368  0.47940218  0.48760525  0.48127859  0.4920645 
  0.50479744  0.49203689  0.49100913  0.49693838]
[0.05790052  0.0275033    0.06815708  0.03755073  0.02278403  0.05366816 
  0.02586453  0.05533799  0.03414562  0.02155522  0.02187549  0.0312471 
  0.04481236  0.09283071  0.10886341  0.063583      0.07604709  0.031823 
  0.03623572  0.05565989  0.05175013  0.03337204]
[0.84496902  0.82722913  0.8221866    0.81887058  0.86975089  0.83230965 
  0.83503015  0.82804713  0.81720613  0.82635164  0.82589495  0.81685965 
  0.82113661  0.81753044  0.83897628  0.83165609  0.8369495    0.82105629 
  0.81371613  0.82403906  0.82560773  0.82044976]
increment_100
[0.26466377  0.27942573  0.25670084  0.2824728    0.2776178    0.25924647 
  0.28149197  0.26174562  0.279849      0.28092068  0.28069257  0.27504931 
  0.26366944  0.23654813  0.22484498  0.2549776    0.2448599    0.28846069 
  0.28606301  0.27414026  0.27240249  0.28050836]
[0.46031225  0.48823991  0.50644762  0.50196935  0.4024946    0.48708061 
  0.47202115  0.49642764  0.50706988  0.48896644  0.48989397  0.51013759 
  0.50805239  0.52017577  0.48007794  0.49226806  0.48245326  0.4945885 
  0.51068229  0.49582642  0.49439154  0.50098519]
[0.05382897  0.02092272  0.06568409  0.03168557  0.01594113  0.05213222 
  0.02096266  0.0497532    0.02847367  0.01479785  0.01512441  0.02537853 
  0.03813783  0.09158224  0.11396672  0.06033568  0.07482874  0.02559335 
  0.03179149  0.05185952  0.04695818  0.02711159]
[0.84567616  0.82650184  0.82054926  0.81684265  0.87216531  0.83236169 
  0.83517595  0.82618003  0.81471095  0.82569754  0.82521927  0.81453266 
  0.81908894  0.81552121  0.84022705  0.83007119  0.83766529  0.81946179 
  0.81016101  0.82238305  0.82411699  0.81828715]
increment_110
[0.26303304  0.27876011  0.25320448  0.28212868  0.27593221  0.25474428 
  0.28018813  0.26127736  0.28005295  0.28027115  0.28002129  0.27428537 
  0.26303008  0.23294283  0.21619333  0.25207056  0.24021281  0.28947665 
  0.28625302  0.27302412  0.27161561  0.28032185]
[0.4602385    0.48982007  0.51109659  0.5060667    0.39897151  0.48921898 
  0.47273544  0.50108941  0.5114155    0.49051626  0.49155761  0.51446866 
  0.51235884  0.52550625  0.48046758  0.49722028  0.48328832  0.49695918 
  0.51680197  0.49949257  0.49781536  0.50498049]
[0.04984554  0.01453534  0.06350075  0.02638558  0.00937617  0.05115037 
  0.01631729  0.04340493  0.0232518    0.0083424    0.00854643  0.01945354 
  0.03190763  0.08939319  0.11948201  0.05695112  0.07391076  0.01940612 
  0.02750436  0.04830828  0.04234831  0.0209756  ]
[0.84646888  0.82592846  0.81892333  0.81461875  0.87441137  0.83255858 
  0.83531405  0.82386865  0.81208614  0.82508926  0.82455209  0.81222601 
  0.81687545  0.81338163  0.84150781  0.82824452  0.8386104    0.81783754 
  0.80636124  0.82075046  0.82256395  0.81607254]
increment_120
[0.26147571  0.27804091  0.24949073  0.28173084  0.27412443  0.2499198 
  0.27884954  0.26100502  0.28052406  0.27963788  0.27933375  0.27353806 
  0.26280759  0.22999997  0.20755909  0.24897936  0.23542396  0.29057724 
  0.28639583  0.27188128  0.27074022  0.28010796]
[0.46004592  0.49116963  0.5158757    0.51028226  0.39562377  0.49137654 
  0.47348842  0.50589632  0.51567237  0.49197514  0.4931334    0.5185807 
  0.5166101    0.53078303  0.480748      0.50229302  0.48388481  0.49934244 
  0.52308871  0.50310915  0.5013021    0.50891765]
[0.04592912  0.00844604  0.06156731  0.02167742  0.00297894  0.05055968 
  0.0118251    0.03683985  0.0183132    0.002226      0.00207879  0.01352128 
  0.02629854  0.08635903  0.12527037  0.05333497  0.0731006    0.01349255 
  0.02347016  0.04505571  0.03796817  0.01498655]
[0.84727724  0.825454      0.8172124    0.81226217  0.87654364  0.83278623 
  0.83541117  0.82133313  0.80935337  0.82447448  0.82388578  0.80998035 
  0.81446581  0.81111744  0.84267901  0.8263573    0.8396948    0.8161127 
  0.80237446  0.81910423  0.82094723  0.81382907]
