inc
quat_01
quat_02
quat_03
quat_04
increment_0
[0.54765551  0.54765551  0.54765551  0.54765551  0.54765551  0.54765551 
  0.54765551  0.54765551  0.54765551  0.54765551  0.54765551  0.54765551 
  0.54765551  0.54765551  0.54765551  0.54765551  0.54765551  0.54765551 
  0.54765551  0.54765551  0.54765551  0.54765551  0.54765551  0.54765551 
  0.54765551  0.54765551  0.54765551  0.54765551  0.54765551  0.54765551 
  0.54765551  0.54765551  0.54765551  0.54765551  0.54765551  0.54765551 
  0.54765551  0.54765551  0.54765551  0.54765551  0.54765551  0.54765551 
  0.54765551  0.54765551  0.54765551  0.54765551  0.54765551  0.54765551 
  0.54765551  0.54765551  0.54765551  0.54765551]
[-0.30866859  -0.30866859  -0.30866859  -0.30866859  -0.30866859  -0.30866859 
  -0.30866859  -0.30866859  -0.30866859  -0.30866859  -0.30866859  -0.30866859 
  -0.30866859  -0.30866859  -0.30866859  -0.30866859  -0.30866859  -0.30866859 
  -0.30866859  -0.30866859  -0.30866859  -0.30866859  -0.30866859  -0.30866859 
  -0.30866859  -0.30866859  -0.30866859  -0.30866859  -0.30866859  -0.30866859 
  -0.30866859  -0.30866859  -0.30866859  -0.30866859  -0.30866859  -0.30866859 
  -0.30866859  -0.30866859  -0.30866859  -0.30866859  -0.30866859  -0.30866859 
  -0.30866859  -0.30866859  -0.30866859  -0.30866859  -0.30866859  -0.30866859 
  -0.30866859  -0.30866859  -0.30866859  -0.30866859]
[-0.10167316  -0.10167316  -0.10167316  -0.10167316  -0.10167316  -0.10167316 
  -0.10167316  -0.10167316  -0.10167316  -0.10167316  -0.10167316  -0.10167316 
  -0.10167316  -0.10167316  -0.10167316  -0.10167316  -0.10167316  -0.10167316 
  -0.10167316  -0.10167316  -0.10167316  -0.10167316  -0.10167316  -0.10167316 
  -0.10167316  -0.10167316  -0.10167316  -0.10167316  -0.10167316  -0.10167316 
  -0.10167316  -0.10167316  -0.10167316  -0.10167316  -0.10167316  -0.10167316 
  -0.10167316  -0.10167316  -0.10167316  -0.10167316  -0.10167316  -0.10167316 
  -0.10167316  -0.10167316  -0.10167316  -0.10167316  -0.10167316  -0.10167316 
  -0.10167316  -0.10167316  -0.10167316  -0.10167316]
[-0.77101213  -0.77101213  -0.77101213  -0.77101213  -0.77101213  -0.77101213 
  -0.77101213  -0.77101213  -0.77101213  -0.77101213  -0.77101213  -0.77101213 
  -0.77101213  -0.77101213  -0.77101213  -0.77101213  -0.77101213  -0.77101213 
  -0.77101213  -0.77101213  -0.77101213  -0.77101213  -0.77101213  -0.77101213 
  -0.77101213  -0.77101213  -0.77101213  -0.77101213  -0.77101213  -0.77101213 
  -0.77101213  -0.77101213  -0.77101213  -0.77101213  -0.77101213  -0.77101213 
  -0.77101213  -0.77101213  -0.77101213  -0.77101213  -0.77101213  -0.77101213 
  -0.77101213  -0.77101213  -0.77101213  -0.77101213  -0.77101213  -0.77101213 
  -0.77101213  -0.77101213  -0.77101213  -0.77101213]
increment_10
[0.54527628  0.54578196  0.54547221  0.54532758  0.54487172  0.54500117 
  0.54615289  0.54493173  0.54555916  0.54576432  0.54244202  0.54487318 
  0.5446063    0.54480428  0.5452036    0.5451133    0.54556609  0.54370365 
  0.54367073  0.54500916  0.54490928  0.54478113  0.5448483    0.54505384 
  0.54512456  0.5446          0.54481515  0.54448875  0.5445466    0.54499327 
  0.54485614  0.54553205  0.54498855  0.54572961  0.54474756  0.54553105 
  0.54519434  0.54580082  0.54644409  0.54658754  0.54608739  0.54657024 
  0.54663902  0.54736425  0.54558198  0.54616845  0.54625708  0.54693558 
  0.54624891  0.54611955  0.54664243  0.54574835]
[-0.30884807  -0.31051775  -0.31070663  -0.31016185  -0.30643409  -0.30876555 
  -0.30985858  -0.30943647  -0.31083135  -0.31129861  -0.30917846  -0.30868537 
  -0.30811792  -0.30864382  -0.30907785  -0.30905105  -0.31142969  -0.31152437 
  -0.30749815  -0.30920871  -0.30798103  -0.30939128  -0.30905979  -0.31000118 
  -0.30972926  -0.31143603  -0.30858591  -0.30915207  -0.30885788  -0.30864062 
  -0.30946105  -0.31057064  -0.31153069  -0.31236477  -0.30824338  -0.31035621 
  -0.30764345  -0.30877585  -0.31243425  -0.31201073  -0.31065395  -0.30935377 
  -0.30917822  -0.30885653  -0.31096661  -0.31120646  -0.31005311  -0.31107532 
  -0.31113729  -0.3115301    -0.31106212  -0.31029622]
[-0.09788098  -0.09852178  -0.09950195  -0.09890874  -0.09974485  -0.09962031 
  -0.09837803  -0.09945591  -0.09915678  -0.10075428  -0.10759851  -0.09905438 
  -0.1002137    -0.09933141  -0.09918805  -0.1001715    -0.09984756  -0.10392948 
  -0.10303102  -0.09879806  -0.10053671  -0.09975149  -0.10052647  -0.09999817 
  -0.10195097  -0.10269337  -0.09938076  -0.10048348  -0.1003413    -0.10034974 
  -0.10071235  -0.100789      -0.09873723  -0.0998126    -0.10037852  -0.09969096 
  -0.10097567  -0.10085291  -0.09971387  -0.09917657  -0.09891932  -0.09966489 
  -0.10030073  -0.10094523  -0.10213517  -0.09919664  -0.09889997  -0.09919838 
  -0.09996531  -0.10034491  -0.09855826  -0.09893523]
[-0.77311445  -0.77200663  -0.77202385  -0.77242121  -0.77412139  -0.77311924 
  -0.77202749  -0.77292108  -0.77195661  -0.77141626  -0.77368462  -0.77331416 
  -0.77357905  -0.77334375  -0.77290727  -0.77285484  -0.77162145  -0.77235845 
  -0.77411345  -0.773042      -0.77337826  -0.77300724  -0.77299211  -0.77253864 
  -0.77234254  -0.77192779  -0.77335286  -0.77321412  -0.77330941  -0.77308036 
  -0.77280183  -0.77186931  -0.77213151  -0.77113221  -0.77340822  -0.77209884 
  -0.77325452  -0.77239085  -0.7706107    -0.77074988  -0.77168495  -0.77176948 
  -0.77170873  -0.77123932  -0.77149756  -0.77136929  -0.77180896  -0.77087826 
  -0.77124098  -0.77112472  -0.77117357  -0.77206659]
increment_20
[0.54270826  0.54404745  0.542835      0.54281227  0.5418389    0.54239448 
  0.54463604  0.54157285  0.54289259  0.54366118  0.53653206  0.54175651 
  0.54112465  0.5417544    0.54233888  0.54210262  0.54315651  0.53926283 
  0.53927368  0.54226155  0.541913      0.54160996  0.54151076  0.54195093 
  0.5421784    0.5409242    0.54160536  0.54086275  0.54085711  0.54189191 
  0.54151711  0.54309323  0.54239053  0.54355149  0.54134519  0.54316398 
  0.5425675    0.54357579  0.54554787  0.5456302    0.54455843  0.54571269 
  0.54592665  0.54733135  0.543446      0.54491536  0.54484271  0.54651377 
  0.54511826  0.54479349  0.54557848  0.54427314]
[-0.30885637  -0.31269504  -0.31293206  -0.31197188  -0.30348472  -0.30909347 
  -0.31105757  -0.30997791  -0.31256552  -0.31400404  -0.30938782  -0.30863341 
  -0.30719524  -0.30858109  -0.30924921  -0.30939181  -0.31453949  -0.31504129 
  -0.30586425  -0.30971789  -0.30709919  -0.30986867  -0.30918037  -0.31123074 
  -0.3110073    -0.31495983  -0.30845305  -0.30937746  -0.30882979  -0.30875799 
  -0.31027869  -0.31323406  -0.31533121  -0.31712496  -0.30782174  -0.31223438 
  -0.30638652  -0.30871319  -0.31725929  -0.31675375  -0.31365512  -0.31011798 
  -0.30995776  -0.30902029  -0.31355595  -0.31519641  -0.31156658  -0.31328118 
  -0.3136836    -0.31427568  -0.31335597  -0.31270674]
[-0.09395753  -0.09524013  -0.09786678  -0.09555104  -0.09767472  -0.09738604 
  -0.09491172  -0.09729245  -0.09697463  -0.09974443  -0.11461936  -0.09617596 
  -0.0988249    -0.09641748  -0.09673281  -0.09880897  -0.09817783  -0.10662619 
  -0.10447332  -0.09547063  -0.0993125    -0.09752063  -0.09971819  -0.09854077 
  -0.10257032  -0.103949      -0.09672933  -0.09927031  -0.09912993  -0.09917722 
  -0.09979475  -0.10028605  -0.09484977  -0.09824558  -0.09928468  -0.09755705 
  -0.10024663  -0.1006122    -0.09713978  -0.0967182    -0.09600421  -0.09733248 
  -0.09866284  -0.100319      -0.10245401  -0.0965873    -0.09594946  -0.09642991 
  -0.09799639  -0.09903403  -0.09515772  -0.09614067]
[-0.77540149  -0.77276355  -0.77319194  -0.77388525  -0.77766785  -0.77510349 
  -0.77305015  -0.77533652  -0.77341215  -0.7719359    -0.77670775  -0.77588368 
  -0.77656219  -0.77587599  -0.77516207  -0.77500854  -0.77227394  -0.77367658 
  -0.77763506  -0.77518552  -0.77598803  -0.7753256    -0.77539014  -0.77441225 
  -0.77381934  -0.77291392  -0.77599213  -0.77582116  -0.77606121  -0.77536155 
  -0.77493701  -0.77257807  -0.77290508  -0.77092888  -0.77610162  -0.7732821 
  -0.77569222  -0.77401468  -0.76960245  -0.76980539  -0.77191954  -0.77236707 
  -0.77211134  -0.77127878  -0.77191469  -0.77096651  -0.77257129  -0.77063537 
  -0.7712622    -0.77111809  -0.77142541  -0.77248832]
increment_30
[0.54016692  0.54233518  0.54027264  0.54036292  0.53886462  0.53985188 
  0.5431787    0.53819651  0.54027024  0.54165211  0.53049836  0.53864031 
  0.53771576  0.53871246  0.53962245  0.53914819  0.54084222  0.53481332 
  0.53498912  0.53947211  0.53898542  0.53849784  0.53834591  0.53893137 
  0.5391718    0.53726802  0.53833517  0.53727993  0.53716378  0.53895468 
  0.53823672  0.54070277  0.53985026  0.54122588  0.53801307  0.54092495 
  0.53997656  0.54136157  0.54477541  0.54455054  0.54322951  0.54477505 
  0.54526023  0.54732975  0.5415524    0.54375052  0.54344812  0.5461064 
  0.54382515  0.54341043  0.54463057  0.54287138]
[-0.30880829  -0.31485279  -0.31522662  -0.31379155  -0.30050407  -0.30947563 
  -0.31233627  -0.31052053  -0.31433969  -0.31670827  -0.30929409  -0.30864353 
  -0.30632235  -0.30860404  -0.30972291  -0.30990946  -0.31793164  -0.3185857 
  -0.3041851    -0.31025784  -0.30631057  -0.31032396  -0.3095567    -0.31256153 
  -0.31229848  -0.31876002  -0.30816018  -0.30969426  -0.30877445  -0.30917875 
  -0.31119823  -0.31616296  -0.31933746  -0.32168728  -0.30747621  -0.31414097 
  -0.30502674  -0.30880148  -0.32235553  -0.32151086  -0.3170392    -0.31077698 
  -0.31082768  -0.30915596  -0.31623925  -0.31906309  -0.31316004  -0.31558378 
  -0.31639389  -0.31691445  -0.31564619  -0.31498386]
[-0.09012533  -0.09206939  -0.09633352  -0.09213331  -0.09567232  -0.09521793 
  -0.09148711  -0.09530338  -0.09490695  -0.09881728  -0.12164793  -0.0933998 
  -0.09750405  -0.09371891  -0.09428699  -0.09759366  -0.09658475  -0.10941486 
  -0.10573759  -0.09253809  -0.09816058  -0.09547237  -0.09893315  -0.09732428 
  -0.10323955  -0.1052056    -0.09442215  -0.09814993  -0.09809947  -0.09794732 
  -0.09894281  -0.09992025  -0.09107161  -0.09682529  -0.09834266  -0.0955346 
  -0.09960242  -0.10060122  -0.09452167  -0.09429076  -0.09322079  -0.0950184 
  -0.09697064  -0.09984046  -0.10261889  -0.09396575  -0.09318164  -0.09367894 
  -0.09598417  -0.0977048    -0.09187835  -0.09346111]
[-0.77764681  -0.77347495  -0.77424641  -0.77527687  -0.78113317  -0.77699313 
  -0.77397226  -0.77771382  -0.77478468  -0.77236262  -0.77981436  -0.77838439 
  -0.77943655  -0.77831176  -0.77716748  -0.77701405  -0.77270987  -0.77492338 
  -0.78107466  -0.77726869  -0.77848125  -0.77756295  -0.77754135  -0.77613546 
  -0.77530963  -0.77373569  -0.7786636    -0.77832277  -0.77877462  -0.7773948 
  -0.77696024  -0.77310895  -0.77349289  -0.77085453  -0.77867133  -0.77433119 
  -0.77811526  -0.77553123  -0.7683569    -0.76889838  -0.77181457  -0.77305195 
  -0.77244684  -0.77128764  -0.77212894  -0.77052226  -0.77324777  -0.77032392 
  -0.77132105  -0.77118358  -0.77155907  -0.77287829]
increment_40
[0.53767272  0.54063889  0.53780025  0.5379805    0.53596791  0.53735227 
  0.54179783  0.53483151  0.53773693  0.5397217    0.52437416  0.53553283 
  0.53433503  0.53567667  0.53706577  0.53624564  0.53860736  0.53038868 
  0.53077045  0.53663234  0.536131      0.53540323  0.53540388  0.53598917 
  0.53614637  0.53366459  0.53500232  0.53380783  0.53350836  0.53620571 
  0.53507364  0.53838141  0.53735841  0.53873492  0.53478096  0.53888109 
  0.53743959  0.53915239  0.54408274  0.54337958  0.54207098  0.54374774 
  0.54465256  0.54730501  0.53990394  0.54266453  0.54205067  0.54577128 
  0.54234206  0.54196916  0.54386125  0.54149443]
[-0.30873741  -0.31698069  -0.31767937  -0.3156537    -0.29760865  -0.30983975 
  -0.31377315  -0.31108494  -0.31629434  -0.31949728  -0.30899735  -0.30867041 
  -0.30547891  -0.30870353  -0.31050969  -0.31061027  -0.32159159  -0.32214863 
  -0.30252844  -0.31087788  -0.3056256    -0.31074439  -0.31024408  -0.31402187 
  -0.3136227    -0.32285429  -0.30764064  -0.31017716  -0.30868692  -0.30990765 
  -0.31218177  -0.31932431  -0.32357203  -0.32595981  -0.30719403  -0.31606166 
  -0.30363267  -0.30903514  -0.32757178  -0.32628028  -0.32072374  -0.31139642 
  -0.31179849  -0.30922135  -0.31897431  -0.32272059  -0.31478001  -0.31803503 
  -0.31915672  -0.31938013  -0.31792336  -0.31707247]
[-0.08633187  -0.08902466  -0.09486196  -0.08872937  -0.09367704  -0.09310072 
  -0.08806153  -0.09350433  -0.0929086    -0.09804275  -0.12860361  -0.09070751 
  -0.09628552  -0.09128105  -0.09180781  -0.09654573  -0.09505994  -0.11229322 
  -0.1070196    -0.08998736  -0.0971053    -0.09363301  -0.09813625  -0.09636604 
  -0.1039585    -0.10649019  -0.09251701  -0.09709398  -0.09723168  -0.0966725 
  -0.09812801  -0.09970287  -0.08745142  -0.09559151  -0.09751534  -0.0935677 
  -0.09905238  -0.10079693  -0.09192463  -0.09186607  -0.09058438  -0.09269423 
  -0.09524928  -0.09948375  -0.10266222  -0.09138492  -0.09059284  -0.09095077 
  -0.09395104  -0.0964018    -0.08876852  -0.0908882  ]
[-0.77983079  -0.7741495    -0.77514638  -0.77657377  -0.78446931  -0.77883511 
  -0.77475589  -0.78002459  -0.77599283  -0.77266395  -0.78295178  -0.78083245 
  -0.78223897  -0.78065383  -0.7789194    -0.77887149  -0.77294539  -0.77607883 
  -0.78441448  -0.77928362  -0.78085024  -0.77975263  -0.77939757  -0.77770139 
  -0.77677571  -0.7743559    -0.78139001  -0.7806485    -0.7814264    -0.77916309 
  -0.77885148  -0.77345768  -0.77388587  -0.77095859  -0.78110941  -0.77521435 
  -0.78048352  -0.77695042  -0.76695539  -0.7680107    -0.77142064  -0.77380776 
  -0.77269843  -0.77132507  -0.77215258  -0.77007495  -0.77387825  -0.76988011 
  -0.77147733  -0.77134457  -0.77153083  -0.77329695]
increment_50
[0.53523499  0.53893089  0.53543861  0.53569184  0.53315318  0.53485156 
  0.54048146  0.53149908  0.53531649  0.53783209  0.51819847  0.53241337 
  0.53096014  0.53264935  0.5346596    0.53338156  0.53644347  0.52603569 
  0.52657636  0.53371662  0.53334107  0.53231301  0.53270539  0.53311698 
  0.53314586  0.53013034  0.53160793  0.53049175  0.52993946  0.53363796 
  0.5320497    0.53615024  0.53491367  0.53612575  0.53167949  0.53703755 
  0.53496596  0.53695827  0.54345673  0.54213822  0.54105416  0.54264247 
  0.54411251  0.54723262  0.53852764  0.54167708  0.54066183  0.54552155 
  0.54072772  0.54049004  0.54327857  0.54013142]
[-0.30870553  -0.3190554    -0.32036338  -0.31766858  -0.29489158  -0.31008869 
  -0.3153873    -0.31167093  -0.31847205  -0.32241684  -0.30853268  -0.30863575 
  -0.30463089  -0.30883699  -0.31159721  -0.31149591  -0.32547787  -0.3256625 
  -0.30097858  -0.31155713  -0.30506416  -0.31111862  -0.31122933  -0.31557736 
  -0.31503333  -0.32724146  -0.3069152    -0.31086247  -0.30856929  -0.31093104 
  -0.31321171  -0.3226497    -0.32802974  -0.32992916  -0.30701853  -0.31793293 
  -0.30227316  -0.30941401  -0.33273166  -0.33106347  -0.32460061  -0.31205541 
  -0.31287713  -0.30917745  -0.32172263  -0.32617418  -0.31638503  -0.32063901 
  -0.32184481  -0.32171213  -0.32017509  -0.31900716]
[-0.08257643  -0.08613868  -0.09340809  -0.08539074  -0.0916877    -0.09104535 
  -0.08462056  -0.09192936  -0.09096268  -0.09747118  -0.13544959  -0.08818098 
  -0.09520459  -0.08915786  -0.08930301  -0.09568503  -0.09360897  -0.11524332 
  -0.108449      -0.08780721  -0.09614833  -0.09202693  -0.09733772  -0.09567247 
  -0.10474705  -0.10782943  -0.09103497  -0.0961187    -0.0965016    -0.09540432 
  -0.09739028  -0.09961301  -0.08402376  -0.09452234  -0.09678674  -0.09168686 
  -0.09863109  -0.10118628  -0.08939569  -0.08947247  -0.08812324  -0.09034781 
  -0.09356035  -0.09922187  -0.10258093  -0.08888703  -0.08819484  -0.08827922 
  -0.09193855  -0.09519038  -0.08585271  -0.08842377]
[-0.78192425  -0.77481435  -0.7758529    -0.77770776  -0.78764205  -0.78069812 
  -0.77540312  -0.78225249  -0.77700553  -0.77284111  -0.78608609  -0.78326502 
  -0.78499518  -0.78291459  -0.78043018  -0.78058874  -0.77300059  -0.77714179 
  -0.78763446  -0.78126091  -0.78309556  -0.78190735  -0.7809524    -0.77913028 
  -0.77816293  -0.77475652  -0.78416114  -0.78275425  -0.78398763  -0.78067307 
  -0.7806002    -0.77363902  -0.7740826    -0.77122075  -0.78338297  -0.77595286 
  -0.78276067  -0.77826738  -0.76547556  -0.76712307  -0.77079772  -0.77459528 
  -0.77284923  -0.77142776  -0.77198425  -0.76960733  -0.77447206  -0.76928775 
  -0.77173619  -0.77156375  -0.77134015  -0.77374008]
increment_60
[0.53285415  0.53719078  0.53319674  0.53352802  0.53041382  0.53227015 
  0.53922003  0.5282333    0.53301972  0.5359329    0.51204961  0.52925114 
  0.52759627  0.52963395  0.53238203  0.53055684  0.53432277  0.52180035 
  0.52237663  0.53069712  0.53061363  0.52923731  0.53022273  0.53032134 
  0.53022107  0.52667421  0.52816356  0.52737793  0.52649468  0.53122848 
  0.52917781  0.5340321    0.53252778  0.53346692  0.52873615  0.535358 
  0.53256563  0.53480062  0.54290732  0.5408425    0.54014857  0.54148995 
  0.54364466  0.54710529  0.53739344  0.54081472  0.53929571  0.54536178 
  0.53904193  0.53901157  0.54286895  0.53880547]
[-0.30875629  -0.32115248  -0.32333913  -0.31992653  -0.29242491  -0.3101093 
  -0.31719304  -0.31230788  -0.32094754  -0.32546901  -0.30793434  -0.30852373 
  -0.30377871  -0.30898287  -0.31296536  -0.31256367  -0.32953815  -0.32905388 
  -0.29958444  -0.31228341  -0.30464844  -0.31146275  -0.31246802  -0.31720522 
  -0.31659953  -0.33194697  -0.30604746  -0.31180164  -0.30845171  -0.31220237 
  -0.31432084  -0.32608264  -0.33269352  -0.33361532  -0.30697444  -0.31967722 
  -0.30098301  -0.30995645  -0.33771912  -0.33586211  -0.32858167  -0.31281554 
  -0.31407787  -0.30898574  -0.324468      -0.32945963  -0.31796162  -0.32338517 
  -0.32438166  -0.3239444    -0.32239311  -0.32084159]
[-0.07885691  -0.08340503  -0.09195205  -0.08214848  -0.08970933  -0.08909304 
  -0.08116962  -0.0905728    -0.08906412  -0.09712748  -0.14210483  -0.08591678 
  -0.09424595  -0.08738714  -0.08680279  -0.09500177  -0.09221631  -0.11822607 
  -0.11006424  -0.0859961    -0.09526721  -0.09065066  -0.09656077  -0.09522099 
  -0.10562486  -0.10927612  -0.08995872  -0.09521421  -0.09588553  -0.09417612 
  -0.09677828  -0.09959248  -0.08082896  -0.09358061  -0.09614319  -0.08996149 
  -0.09837946  -0.10175046  -0.08696799  -0.08715645  -0.08587283  -0.08796952 
  -0.09193742  -0.09902344  -0.10239977  -0.0865038    -0.08598212  -0.08571246 
  -0.0899753    -0.09413645  -0.08315044  -0.08606624]
[-0.78391172  -0.77545519  -0.77633618  -0.77861832  -0.79063334  -0.78267691 
  -0.77591354  -0.78436594  -0.77778547  -0.77292438  -0.78916909  -0.7857001 
  -0.78770449  -0.78509933  -0.78172075  -0.78216881  -0.77291651  -0.77811987 
  -0.79073237  -0.78322686  -0.78521505  -0.78401612  -0.78224268  -0.78043134 
  -0.77940602  -0.77490916  -0.78694704  -0.78459321  -0.78642664  -0.78195706 
  -0.78218106  -0.77366735  -0.77407742  -0.7715935    -0.78546882  -0.77659849 
  -0.78492328  -0.77946272  -0.76395942  -0.76621784  -0.76999965  -0.77536858 
  -0.7728862    -0.77162035  -0.77164959  -0.76908574  -0.7750275    -0.76854143 
  -0.7720847    -0.77179329  -0.77100065  -0.77417178]
increment_70
[0.53052954  0.53542308  0.53107368  0.53150862  0.52773362  0.52955613 
  0.538002      0.52506433  0.53085201  0.53395773  0.50601313  0.52602207 
  0.52426964  0.5266327    0.5302022    0.52778565  0.532213      0.51771282 
  0.5181588    0.52758071  0.527954      0.52620715  0.5278978    0.52760892 
  0.52738879  0.52325829  0.5246812    0.52449873  0.52319381  0.52891204 
  0.52647002  0.53202076  0.53020612  0.53080326  0.52596221  0.53380266 
  0.5302388    0.5326873    0.54245719  0.53951315  0.53931861  0.5403249 
  0.54323227  0.54692799  0.53642472  0.54008178  0.53795844  0.54528681 
  0.53731862  0.53756852  0.54261426  0.53755008]
[-0.30891498  -0.32341236  -0.32663405  -0.32243789  -0.2902062    -0.30984913 
  -0.31916721  -0.31305176  -0.32383849  -0.32864396  -0.30723147  -0.30836421 
  -0.30294249  -0.30915013  -0.3145888    -0.31378356  -0.33369157  -0.33225108 
  -0.29834893  -0.31308643  -0.3043976    -0.31180758  -0.31392866  -0.31891975 
  -0.31837428  -0.33694785  -0.30508587  -0.31303651  -0.30839541  -0.31364172 
  -0.31556831  -0.32956665  -0.33755731  -0.33702876  -0.30706915  -0.32123897 
  -0.29977238  -0.31065527  -0.34256804  -0.34070918  -0.33261064  -0.31371491 
  -0.31540651  -0.30861739  -0.32717932  -0.33261719  -0.31954697  -0.32625312 
  -0.32677753  -0.3260697    -0.32456764  -0.32262243]
[-0.07516351  -0.0807975    -0.09049113  -0.07904353  -0.08776563  -0.08728556 
  -0.07773871  -0.08941376  -0.08720995  -0.09703484  -0.14847198  -0.08399543 
  -0.09336896  -0.08598487  -0.08435959  -0.09447587  -0.09085346  -0.12122656 
  -0.11183624  -0.08451525  -0.09444384  -0.08948167  -0.0958418    -0.09497832 
  -0.10660148  -0.11093176  -0.08928043  -0.09433467  -0.09537629  -0.09302571 
  -0.09630915  -0.09959701  -0.07792648  -0.09275071  -0.09557708  -0.08845586 
  -0.09834721  -0.1024581    -0.08464356  -0.08495653  -0.08385574  -0.0855675 
  -0.09036747  -0.09888578  -0.10212762  -0.08424136  -0.08394183  -0.08327797 
  -0.08809823  -0.09328085  -0.08067689  -0.08380857]
[-0.78578647  -0.77601439  -0.77658374  -0.77928462  -0.79345748  -0.78482167 
  -0.77630074  -0.78632768  -0.77827964  -0.77295959  -0.79215883  -0.78813518 
  -0.79034766  -0.78720442  -0.78281733  -0.78361757  -0.77275152  -0.77902938 
  -0.79372037  -0.78517047  -0.78720203  -0.78605032  -0.78331798  -0.78159973 
  -0.78047102  -0.7748297    -0.78972226  -0.78613624  -0.78871026  -0.7830882 
  -0.7835627    -0.77357622  -0.77386303  -0.77204717  -0.78736098  -0.7771974 
  -0.78696326  -0.7805382    -0.7623797    -0.76526152  -0.76907334  -0.77608644 
  -0.77282026  -0.77191106  -0.77121473  -0.7684926    -0.77552835  -0.76764964 
  -0.77249197  -0.77200863  -0.77053024  -0.774552    ]
increment_80
[0.52825723  0.53364559  0.52905884  0.52965608  0.52509252  0.526723 
  0.53682229  0.52201118  0.52882735  0.53185583  0.50016131  0.52271546 
  0.52099956  0.52365264  0.52808577  0.525071      0.53009282  0.51377608 
  0.51393221  0.52439805  0.5253421    0.52325116  0.52568504  0.52498665 
  0.52463548  0.51981476  0.52117179  0.52186515  0.520041      0.52660059 
  0.52392406  0.5300792    0.52794156  0.52814254  0.52335524  0.53233195 
  0.52798159  0.53060756  0.54212297  0.53818603  0.53851598  0.53918086 
  0.54283413  0.54671164  0.5355493    0.53946586  0.53664506  0.5452893 
  0.53558953  0.53617113  0.54248929  0.53639216]
[-0.30916834  -0.32594119  -0.33024002  -0.32520084  -0.28816982  -0.30935097 
  -0.3212445    -0.31391558  -0.3271897    -0.33193613  -0.30643081  -0.30814192 
  -0.30210225  -0.30934916  -0.31644957  -0.31512013  -0.33785924  -0.33517463 
  -0.29727614  -0.31402793  -0.30430958  -0.31217904  -0.31558908  -0.32074569 
  -0.32038286  -0.34214248  -0.30405722  -0.31459472  -0.30846645  -0.3151904 
  -0.31700053  -0.33304759  -0.3426317    -0.34018603  -0.30732958  -0.3225838 
  -0.29866154  -0.31149198  -0.34737408  -0.34566215  -0.33664557  -0.31480705 
  -0.31683858  -0.3080531    -0.32979219  -0.33567155  -0.32118147  -0.32920057 
  -0.32912076  -0.3280838    -0.32670301  -0.32441496]
[-0.0715101    -0.07831245  -0.08901082  -0.07610439  -0.08590342  -0.08564408 
  -0.07437388  -0.0884499    -0.08538791  -0.09722134  -0.15447247  -0.08249067 
  -0.09257078  -0.08494188  -0.08201932  -0.09410439  -0.08948844  -0.12427238 
  -0.11368946  -0.08327707  -0.09370625  -0.08851928  -0.09521643  -0.09491979 
  -0.10766854  -0.11287554  -0.08903129  -0.09341686  -0.09499831  -0.09199405 
  -0.09597027  -0.09961365  -0.07535331  -0.09204964  -0.09509312  -0.08721408 
  -0.09858021  -0.10327352  -0.08240343  -0.0828908    -0.08207524  -0.08317376 
  -0.08883204  -0.09883988  -0.10174073  -0.08209452  -0.08207805  -0.0809892 
  -0.08636551  -0.09266631  -0.07841603  -0.08166763]
[-0.78755669  -0.77643537  -0.77660501  -0.7796903    -0.79615112  -0.78710225 
  -0.77659019  -0.78812306  -0.77845837  -0.77297853  -0.79503275  -0.79057725 
  -0.7929214    -0.78922486  -0.78374608  -0.78494848  -0.77255715  -0.77990287 
  -0.79660234  -0.78705659  -0.78906939  -0.78798275  -0.78421464  -0.78262472 
  -0.78135774  -0.77459038  -0.79246615  -0.78737553  -0.79081042  -0.78414534 
  -0.78473177  -0.7734161    -0.77343591  -0.7725709    -0.78905331  -0.77778923 
  -0.78887177  -0.78151324  -0.76068628  -0.76420062  -0.76807158  -0.77669984 
  -0.77269224  -0.77229551  -0.77076124  -0.7678292    -0.77596246  -0.76663375 
  -0.77289351  -0.77220107  -0.76994898  -0.77483468]
increment_90
[0.52604033  0.53187518  0.52713898  0.52800975  0.5224834    0.52380718 
  0.53567729  0.51908623  0.52694927  0.5296135    0.49454735  0.51933755 
  0.51779514  0.5207138    0.52601558  0.52239271  0.52796303  0.50999087 
  0.50972734  0.52116788  0.52274258  0.52038532  0.52355169  0.52246547 
  0.52193326  0.51628924  0.51767354  0.51945399  0.51702948  0.52423919 
  0.52150952  0.52818174  0.52572483  0.52548451  0.5208883    0.53091617 
  0.52580596  0.52855672  0.54191492  0.53690466  0.5377055    0.53807247 
  0.54241869  0.54646018  0.53472919  0.53895003  0.53533822  0.54534673 
  0.53389621  0.53480097  0.54245375  0.53535565]
[-0.30948891  -0.32877159  -0.3341345    -0.32824226  -0.28628331  -0.30869002 
  -0.3233686    -0.31487137  -0.33094036  -0.33534634  -0.30553806  -0.30780665 
  -0.30122161  -0.30957385  -0.3185249    -0.31652367  -0.34197599  -0.33775146 
  -0.2963684    -0.31514675  -0.30436852  -0.31259334  -0.31740044  -0.32268915 
  -0.32262834  -0.34734698  -0.30301085  -0.31646406  -0.30869837  -0.31682004 
  -0.31861853  -0.336458      -0.3479377    -0.34314952  -0.30778051  -0.32372186 
  -0.29766972  -0.31245758  -0.35217582  -0.35075373  -0.34065001  -0.31610915 
  -0.31834355  -0.307301      -0.3322578    -0.33861399  -0.32286833  -0.33217186 
  -0.33150011  -0.32997149  -0.32880529  -0.32629836]
[-0.06792954  -0.07596974  -0.08747686  -0.07332103  -0.08417567  -0.08419342 
  -0.07112303  -0.08769708  -0.08356109  -0.09765537  -0.16005128  -0.08145415 
  -0.09188844  -0.08423366  -0.07979459  -0.09390977  -0.08810417  -0.12738158 
  -0.11553748  -0.08222704  -0.09311509  -0.08777363  -0.09469107  -0.09500372 
  -0.10880126  -0.11512476  -0.08919828  -0.09246137  -0.09476096  -0.09111855 
  -0.09575717  -0.09963888  -0.07310958  -0.09149769  -0.09472798  -0.08622734 
  -0.09907487  -0.10415844  -0.08022295  -0.08094178  -0.08051973  -0.08084059 
  -0.08734928  -0.09888726  -0.10122958  -0.08005428  -0.08040802  -0.07883466 
  -0.08480659  -0.09231017  -0.07631965  -0.07970587]
[-0.78922985  -0.77668953  -0.77641898  -0.77979917  -0.79872863  -0.78946056 
  -0.77680378  -0.78975612  -0.77834471  -0.77299147  -0.79778005  -0.7930377 
  -0.79543086  -0.79115476  -0.78452681  -0.78619309  -0.77236333  -0.78077346 
  -0.79937156  -0.78886328  -0.79084106  -0.78979764  -0.78497401  -0.78350229 
  -0.78208625  -0.77430084  -0.79513659  -0.78833302  -0.79272075  -0.78517243 
  -0.78571026  -0.77323487  -0.77279218  -0.77313816  -0.79055243  -0.77839388 
  -0.79063582  -0.78239956  -0.75885749  -0.76298993  -0.76703777  -0.77718584 
  -0.77253443  -0.7727669    -0.7703389    -0.76711456  -0.77633986  -0.76553504 
  -0.77322077  -0.77238952  -0.76928949  -0.77496496]
increment_100
[0.5238994    0.53011251  0.52529812  0.52660179  0.51990171  0.52084552 
  0.53457293  0.51631774  0.52520539  0.52726309  0.48919859  0.51590627 
  0.51466548  0.51784478  0.5239821    0.51972802  0.52582928  0.50635682 
  0.50559265  0.51786789  0.52012354  0.51762833  0.52146984  0.52005523 
  0.51925223  0.512723      0.51424034  0.51719555  0.51412362  0.52181383 
  0.51917214  0.52631759  0.5235508    0.52282029  0.51851666  0.5295234 
  0.52372795  0.52652499  0.54183074  0.53572838  0.53686746  0.53700336 
  0.54197352  0.5461551    0.53394809  0.53851427  0.5340261    0.54544631 
  0.53226621  0.53342976  0.54247581  0.53443512]
[-0.30991531  -0.33191513  -0.33830165  -0.33158143  -0.28453588  -0.30788721 
  -0.32549946  -0.31589188  -0.33497808  -0.33887979  -0.30453407  -0.30730441 
  -0.30027786  -0.30981353  -0.32076497  -0.31794215  -0.34598518  -0.33996463 
  -0.29564633  -0.31640483  -0.30454971  -0.31306063  -0.31931105  -0.32472063 
  -0.32508587  -0.35240009  -0.30200834  -0.3185696    -0.3090589    -0.31853544 
  -0.32038913  -0.33976738  -0.35352625  -0.34604967  -0.30843983  -0.32469931 
  -0.29680363  -0.31354733  -0.35696334  -0.35600249  -0.34460272  -0.31761257 
  -0.31990299  -0.3063748    -0.33450955  -0.34138419  -0.32458802  -0.33513616 
  -0.33395043  -0.33171585  -0.33088169  -0.32830631]
[-0.06443329  -0.07379178  -0.08588385  -0.07065558  -0.0826689    -0.08297324 
  -0.06803985  -0.08716091  -0.08170825  -0.09826086  -0.16520077  -0.08093194 
  -0.09137637  -0.08382936  -0.07770801  -0.09390707  -0.08671231  -0.13053631 
  -0.1172856    -0.08143807  -0.09272591  -0.08723883  -0.0942664    -0.09518577 
  -0.10999598  -0.11761041  -0.08973317  -0.09154797  -0.09468409  -0.09040513 
  -0.09568439  -0.09965206  -0.07117696  -0.09109145  -0.09453511  -0.08545743 
  -0.09980399  -0.10509722  -0.07805008  -0.07906388  -0.07918123  -0.07861111 
  -0.08596345  -0.09899711  -0.10064777  -0.07809955  -0.07893354  -0.07680448 
  -0.0834217    -0.09220314  -0.07435051  -0.07797721]
[-0.79077827  -0.77676756  -0.77603985  -0.77958457  -0.80119124  -0.79185911 
  -0.77695075  -0.79122139  -0.77799277  -0.77298055  -0.80040768  -0.79552168 
  -0.79787406  -0.79298487  -0.78518409  -0.7873862    -0.77219091  -0.78165663 
  -0.80200587  -0.79061284  -0.79254204  -0.79148174  -0.78563573  -0.78424406 
  -0.78268588  -0.77401363  -0.79768151  -0.78907613  -0.79447745  -0.78617581 
  -0.78654663  -0.77305717  -0.77191165  -0.7736995    -0.79187654  -0.77902013 
  -0.79224731  -0.78320756  -0.75690476  -0.7615814    -0.7659978    -0.77754095 
  -0.77235812  -0.77333606  -0.76998235  -0.76639394  -0.77667769  -0.76437762 
  -0.77344076  -0.77260331  -0.76857615  -0.77492814]
increment_110
[0.52185969  0.52834975  0.52352719  0.52545177  0.51733022  0.51788266 
  0.53352187  0.51373905  0.52355738  0.52487529  0.48412639  0.51246008 
  0.51159941  0.51508809  0.52197797  0.51709332  0.5236817    0.5028619 
  0.50158713  0.51446305  0.5174506    0.51500892  0.51938519  0.51777442 
  0.51656706  0.50923259  0.51093453  0.51501301  0.51127866  0.5193555 
  0.51684641  0.52447287  0.5214002    0.52013218  0.51617319  0.52809743 
  0.52175022  0.52449382  0.54184175  0.53472285  0.53598707  0.53599732 
  0.54149053  0.54576672  0.53321121  0.5381356    0.53271232  0.54557133 
  0.5307138    0.53203366  0.54253061  0.53361801]
[-0.31055993  -0.33540814  -0.34271301  -0.33521828  -0.28289658  -0.30692115 
  -0.32759181  -0.3169942    -0.33919318  -0.34257143  -0.30336305  -0.30657107 
  -0.29924146  -0.31006284  -0.32308612  -0.31932944  -0.34984213  -0.34185649 
  -0.29518674  -0.31773014  -0.30479163  -0.31361981  -0.32126439  -0.32682492 
  -0.32767929  -0.35716885  -0.30110343  -0.32079036  -0.30946336  -0.32033541 
  -0.32224732  -0.34298241  -0.35942511  -0.34904125  -0.3093086    -0.32559094 
  -0.29606995  -0.31474688  -0.36168509  -0.36142433  -0.34847243  -0.3192908 
  -0.32147594  -0.30529375  -0.33648723  -0.34389212  -0.32633645  -0.33807872 
  -0.33646501  -0.33332849  -0.33291282  -0.33042488]
[-0.06100716  -0.07178868  -0.08426414  -0.06808132  -0.08149247  -0.08201561 
  -0.06517341  -0.08682266  -0.07983197  -0.09895803  -0.1699599    -0.08095463 
  -0.09110012  -0.08368745  -0.07580598  -0.09410474  -0.08536214  -0.13369241 
  -0.11882398  -0.0810605    -0.09256531  -0.08688968  -0.09394781  -0.09543866 
  -0.1112788    -0.12024333  -0.09054841  -0.09078742  -0.09480337  -0.08985808 
  -0.09578044  -0.09962063  -0.06953        -0.0908095    -0.0945672    -0.08484772 
  -0.10074421  -0.10610484  -0.07583342  -0.0771957    -0.07807703  -0.07652415 
  -0.08473402  -0.09912745  -0.10011991  -0.07621625  -0.07763665  -0.07488949 
  -0.08219604  -0.0923284    -0.07250274  -0.07651908]
[-0.79214463  -0.77665585  -0.77547833  -0.77903407  -0.80355332  -0.7942735 
  -0.77703954  -0.79249523  -0.77747187  -0.77288942  -0.80293595  -0.79802581 
  -0.80026331  -0.79469598  -0.78575302  -0.78853503  -0.77206299  -0.78255376 
  -0.80446007  -0.79234116  -0.79421571  -0.79300606  -0.78625825  -0.78484813 
  -0.78319971  -0.77372742  -0.80005225  -0.78969158  -0.79613999  -0.78713443 
  -0.78730716  -0.77289521  -0.77079245  -0.77420046  -0.79306398  -0.77968231 
  -0.79370643  -0.78395305  -0.75487794  -0.75992418  -0.76497634  -0.77775595 
  -0.77217962  -0.77402078  -0.76970004  -0.765728      -0.7769779    -0.76318168 
  -0.77354894  -0.77285689  -0.76783653  -0.77473612]
increment_120
[0.51993447  0.52658053  0.52183203  0.52456676  0.51476333  0.51497356 
  0.5325423    0.51135901  0.52196198  0.52249738  0.47932858  0.50906551 
  0.50854698  0.51248544  0.52000374  0.5145178    0.52151737  0.49948662 
  0.49775617  0.51095824  0.51468486  0.51255287  0.51723014  0.51563328 
  0.51385323  0.50590558  0.50779629  0.51285545  0.50845704  0.51690083 
  0.51448801  0.52263765  0.51922796  0.51741087  0.5137737    0.52657572 
  0.51983778  0.52244194  0.54186987  0.53392995  0.53503686  0.53508487 
  0.54095916  0.54528708  0.53254775  0.537809      0.53141184  0.54568824 
  0.52923417  0.53058922  0.54257733  0.53290194]
[-0.31153018  -0.339255      -0.34733736  -0.33914787  -0.28137976  -0.30580069 
  -0.32963246  -0.31821508  -0.34350827  -0.34646628  -0.30201464  -0.3055402 
  -0.29805821  -0.31030608  -0.32542039  -0.32064236  -0.35353169  -0.34346372 
  -0.29509918  -0.31906788  -0.30502098  -0.31430789  -0.32321076  -0.3290083 
  -0.33033477  -0.36153314  -0.3003043    -0.32300227  -0.30980595  -0.32217907 
  -0.32410889  -0.34610673  -0.3656247    -0.3522223    -0.31035384  -0.32646108 
  -0.2954709    -0.31603661  -0.36622831  -0.36701712  -0.35221058  -0.32110948 
  -0.32298526  -0.30408716  -0.33819929  -0.34606293  -0.32813737  -0.34097103 
  -0.33901968  -0.33484275  -0.33485421  -0.33263721]
[-0.05766263  -0.06994635  -0.08264108  -0.06557807  -0.08073498  -0.08131416 
  -0.06254426  -0.08666645  -0.07793348  -0.09969921  -0.17436064  -0.08150096 
  -0.09114666  -0.08375154  -0.07411412  -0.09450464  -0.08409996  -0.13682501 
  -0.12007426  -0.08117521  -0.09265579  -0.0867074    -0.09373603  -0.09575469 
  -0.11265604  -0.12299764  -0.09156487  -0.09026033  -0.09513803  -0.08950374 
  -0.09606469  -0.09953908  -0.06812415  -0.09063641  -0.09487318  -0.08435956 
  -0.10187783  -0.10718933  -0.07358154  -0.07527347  -0.07723067  -0.07462343 
  -0.08371566  -0.09926253  -0.09976886  -0.07441479  -0.07650343  -0.07309103 
  -0.08112242  -0.09261893  -0.07077856  -0.07535624]
[-0.79327934  -0.77635462  -0.77473772  -0.77814392  -0.80580768  -0.79666566 
  -0.77706458  -0.79356162  -0.77684241  -0.77266919  -0.80537546  -0.80053425 
  -0.80264161  -0.79627539  -0.78625999  -0.78963839  -0.77198587  -0.78346966 
  -0.80668299  -0.7940579    -0.79591243  -0.79434371  -0.78690618  -0.78530688 
  -0.78367239  -0.77345001  -0.80223197  -0.79025432  -0.79777219  -0.7880376 
  -0.78805272  -0.7727561    -0.76946735  -0.77460344  -0.7941764    -0.78040031 
  -0.7950387    -0.78465644  -0.75288752  -0.75799152  -0.76401485  -0.77782018 
  -0.77203329  -0.77481608  -0.76945456  -0.76515643  -0.77722233  -0.76198478 
  -0.7735606    -0.77316049  -0.76711987  -0.77439619]
