inc
eps_11
eps_12
eps_13
eps_21
eps_22
eps_23
eps_31
eps_32
eps_33
increment_0
[1.11022302e-16  1.11022302e-16  1.11022302e-16  1.11022302e-16 
  1.11022302e-16  1.11022302e-16  1.11022302e-16  1.11022302e-16 
  1.11022302e-16  1.11022302e-16  1.11022302e-16  1.11022302e-16 
  1.11022302e-16  1.11022302e-16  1.11022302e-16  1.11022302e-16 
  1.11022302e-16  1.11022302e-16  1.11022302e-16  1.11022302e-16 
  1.11022302e-16  1.11022302e-16  1.11022302e-16  1.11022302e-16 
  1.11022302e-16  1.11022302e-16  1.11022302e-16  1.11022302e-16 
  1.11022302e-16  1.11022302e-16  1.11022302e-16  1.11022302e-16 
  1.11022302e-16  1.11022302e-16  1.11022302e-16  1.11022302e-16 
  1.11022302e-16  1.11022302e-16  1.11022302e-16  1.11022302e-16 
  1.11022302e-16  1.11022302e-16  1.11022302e-16  1.11022302e-16 
  1.11022302e-16  1.11022302e-16  1.11022302e-16  1.11022302e-16 
  1.11022302e-16  1.11022302e-16  1.11022302e-16  1.11022302e-16 
  1.11022302e-16  1.11022302e-16  1.11022302e-16  1.11022302e-16 
  1.11022302e-16]
[0.  0.  0.  0.  0.  0.  0.  0.  0.  0.  0.  0.  0.  0.  0.  0.  0.  0.  0.  0.  0.  0.  0.  0. 
  0.  0.  0.  0.  0.  0.  0.  0.  0.  0.  0.  0.  0.  0.  0.  0.  0.  0.  0.  0.  0.  0.  0.  0. 
  0.  0.  0.  0.  0.  0.  0.  0.  0.]
[0.  0.  0.  0.  0.  0.  0.  0.  0.  0.  0.  0.  0.  0.  0.  0.  0.  0.  0.  0.  0.  0.  0.  0. 
  0.  0.  0.  0.  0.  0.  0.  0.  0.  0.  0.  0.  0.  0.  0.  0.  0.  0.  0.  0.  0.  0.  0.  0. 
  0.  0.  0.  0.  0.  0.  0.  0.  0.]
[0.  0.  0.  0.  0.  0.  0.  0.  0.  0.  0.  0.  0.  0.  0.  0.  0.  0.  0.  0.  0.  0.  0.  0. 
  0.  0.  0.  0.  0.  0.  0.  0.  0.  0.  0.  0.  0.  0.  0.  0.  0.  0.  0.  0.  0.  0.  0.  0. 
  0.  0.  0.  0.  0.  0.  0.  0.  0.]
[-2.76467114e-16  -2.76467114e-16  -2.76467114e-16  -2.76467114e-16 
  -2.76467114e-16  -2.76467114e-16  -2.76467114e-16  -2.76467114e-16 
  -2.76467114e-16  -2.76467114e-16  -2.76467114e-16  -2.76467114e-16 
  -2.76467114e-16  -2.76467114e-16  -2.76467114e-16  -2.76467114e-16 
  -2.76467114e-16  -2.76467114e-16  -2.76467114e-16  -2.76467114e-16 
  -2.76467114e-16  -2.76467114e-16  -2.76467114e-16  -2.76467114e-16 
  -2.76467114e-16  -2.76467114e-16  -2.76467114e-16  -2.76467114e-16 
  -2.76467114e-16  -2.76467114e-16  -2.76467114e-16  -2.76467114e-16 
  -2.76467114e-16  -2.76467114e-16  -2.76467114e-16  -2.76467114e-16 
  -2.76467114e-16  -2.76467114e-16  -2.76467114e-16  -2.76467114e-16 
  -2.76467114e-16  -2.76467114e-16  -2.76467114e-16  -2.76467114e-16 
  -2.76467114e-16  -2.76467114e-16  -2.76467114e-16  -2.76467114e-16 
  -2.76467114e-16  -2.76467114e-16  -2.76467114e-16  -2.76467114e-16 
  -2.76467114e-16  -2.76467114e-16  -2.76467114e-16  -2.76467114e-16 
  -2.76467114e-16]
[2.05386756e-17  2.05386756e-17  2.05386756e-17  2.05386756e-17 
  2.05386756e-17  2.05386756e-17  2.05386756e-17  2.05386756e-17 
  2.05386756e-17  2.05386756e-17  2.05386756e-17  2.05386756e-17 
  2.05386756e-17  2.05386756e-17  2.05386756e-17  2.05386756e-17 
  2.05386756e-17  2.05386756e-17  2.05386756e-17  2.05386756e-17 
  2.05386756e-17  2.05386756e-17  2.05386756e-17  2.05386756e-17 
  2.05386756e-17  2.05386756e-17  2.05386756e-17  2.05386756e-17 
  2.05386756e-17  2.05386756e-17  2.05386756e-17  2.05386756e-17 
  2.05386756e-17  2.05386756e-17  2.05386756e-17  2.05386756e-17 
  2.05386756e-17  2.05386756e-17  2.05386756e-17  2.05386756e-17 
  2.05386756e-17  2.05386756e-17  2.05386756e-17  2.05386756e-17 
  2.05386756e-17  2.05386756e-17  2.05386756e-17  2.05386756e-17 
  2.05386756e-17  2.05386756e-17  2.05386756e-17  2.05386756e-17 
  2.05386756e-17  2.05386756e-17  2.05386756e-17  2.05386756e-17 
  2.05386756e-17]
[0.  0.  0.  0.  0.  0.  0.  0.  0.  0.  0.  0.  0.  0.  0.  0.  0.  0.  0.  0.  0.  0.  0.  0. 
  0.  0.  0.  0.  0.  0.  0.  0.  0.  0.  0.  0.  0.  0.  0.  0.  0.  0.  0.  0.  0.  0.  0.  0. 
  0.  0.  0.  0.  0.  0.  0.  0.  0.]
[2.05386756e-17  2.05386756e-17  2.05386756e-17  2.05386756e-17 
  2.05386756e-17  2.05386756e-17  2.05386756e-17  2.05386756e-17 
  2.05386756e-17  2.05386756e-17  2.05386756e-17  2.05386756e-17 
  2.05386756e-17  2.05386756e-17  2.05386756e-17  2.05386756e-17 
  2.05386756e-17  2.05386756e-17  2.05386756e-17  2.05386756e-17 
  2.05386756e-17  2.05386756e-17  2.05386756e-17  2.05386756e-17 
  2.05386756e-17  2.05386756e-17  2.05386756e-17  2.05386756e-17 
  2.05386756e-17  2.05386756e-17  2.05386756e-17  2.05386756e-17 
  2.05386756e-17  2.05386756e-17  2.05386756e-17  2.05386756e-17 
  2.05386756e-17  2.05386756e-17  2.05386756e-17  2.05386756e-17 
  2.05386756e-17  2.05386756e-17  2.05386756e-17  2.05386756e-17 
  2.05386756e-17  2.05386756e-17  2.05386756e-17  2.05386756e-17 
  2.05386756e-17  2.05386756e-17  2.05386756e-17  2.05386756e-17 
  2.05386756e-17  2.05386756e-17  2.05386756e-17  2.05386756e-17 
  2.05386756e-17]
[1.09933661e-16  1.09933661e-16  1.09933661e-16  1.09933661e-16 
  1.09933661e-16  1.09933661e-16  1.09933661e-16  1.09933661e-16 
  1.09933661e-16  1.09933661e-16  1.09933661e-16  1.09933661e-16 
  1.09933661e-16  1.09933661e-16  1.09933661e-16  1.09933661e-16 
  1.09933661e-16  1.09933661e-16  1.09933661e-16  1.09933661e-16 
  1.09933661e-16  1.09933661e-16  1.09933661e-16  1.09933661e-16 
  1.09933661e-16  1.09933661e-16  1.09933661e-16  1.09933661e-16 
  1.09933661e-16  1.09933661e-16  1.09933661e-16  1.09933661e-16 
  1.09933661e-16  1.09933661e-16  1.09933661e-16  1.09933661e-16 
  1.09933661e-16  1.09933661e-16  1.09933661e-16  1.09933661e-16 
  1.09933661e-16  1.09933661e-16  1.09933661e-16  1.09933661e-16 
  1.09933661e-16  1.09933661e-16  1.09933661e-16  1.09933661e-16 
  1.09933661e-16  1.09933661e-16  1.09933661e-16  1.09933661e-16 
  1.09933661e-16  1.09933661e-16  1.09933661e-16  1.09933661e-16 
  1.09933661e-16]
increment_10
[-2.06901757e-03  -4.27891341e-03  -6.83899300e-03  -2.42655055e-03 
  -2.97086070e-03  -3.03415630e-03  -3.90593284e-03  -6.32761989e-03 
  -2.54631640e-03  -3.58010262e-03  -3.73984057e-03  -3.49022297e-03 
  -4.54538273e-03  -3.80385881e-03  -6.28630684e-03  -9.49649353e-06 
  -1.04172643e-03  -3.22291610e-03  -4.54474088e-03  -4.90388332e-03 
  -5.05178507e-03  -5.30799573e-03  -4.96704409e-03  -1.12553829e-05 
  -8.54813196e-05  -5.30470773e-04  -2.79084762e-03  -4.08665530e-03 
  -6.56447705e-03  -5.58596676e-03  -7.08120248e-03  -6.97936656e-06 
  -1.64966634e-05  -7.41684524e-04  -1.21735025e-03  -2.27493506e-03 
  -4.12896237e-03  -5.85995799e-03  -7.51599186e-03  -5.33655642e-06 
  -2.36172469e-05  -4.53448094e-04  -1.16810404e-03  -2.60696864e-03 
  -2.76880725e-03  -3.72704661e-03  -4.42815521e-03  -4.34721738e-04 
  -4.39997400e-04  -1.16895999e-03  -1.91657205e-03  -3.15169579e-03 
  -2.80230136e-03  -3.28374605e-03  -2.20192752e-03  -2.87707386e-03 
  -4.21399022e-03]
[-0.00300195  -0.00442059  -0.00392004  -0.00274393  -0.00318386  -0.0029258 
  -0.00363125  -0.00360884  -0.0028887    -0.00368474  -0.00343713  -0.00367931 
  -0.00302707  -0.00321098  -0.00237541  -0.00173794  -0.00232325  -0.00324287 
  -0.00369947  -0.00369284  -0.00359832  -0.00263328  -0.00217739  -0.00171128 
  -0.00184159  -0.0022688    -0.00302932  -0.00365313  -0.00344887  -0.00381409 
  -0.00308571  -0.00142816  -0.00150486  -0.00222866  -0.00231969  -0.00305409 
  -0.0035041    -0.00428863  -0.00395362  -0.00137226  -0.00162288  -0.00210501 
  -0.00236016  -0.00329688  -0.00294522  -0.00396183  -0.00344772  -0.00148104 
  -0.00200206  -0.00243777  -0.00300452  -0.00367346  -0.00345117  -0.00358033 
  -0.00263481  -0.0034073    -0.00411838]
[0.00204193  0.00234157  0.002125      0.00190393  0.00211881  0.00204625 
  0.00218496  0.00207841  0.00202404  0.00213874  0.00214087  0.00223949 
  0.00209168  0.00209583  0.00192741  0.00181416  0.00213948  0.00219463 
  0.00218376  0.00217412  0.00215937  0.00199371  0.00196102  0.00175765 
  0.00198895  0.00212026  0.00220115  0.0021696    0.00211305  0.00218744 
  0.00209863  0.00170104  0.00187256  0.00202655  0.00204967  0.00217693 
  0.00214289  0.00225097  0.00214286  0.00166501  0.00182234  0.00198808 
  0.00205673  0.00213853  0.00220432  0.00227275  0.00212104  0.00183103 
  0.00200222  0.00201309  0.00215119  0.00225671  0.00219563  0.00217233 
  0.0020176    0.00212916  0.00222089]
[-0.00300195  -0.00442059  -0.00392004  -0.00274393  -0.00318386  -0.0029258 
  -0.00363125  -0.00360884  -0.0028887    -0.00368474  -0.00343713  -0.00367931 
  -0.00302707  -0.00321098  -0.00237541  -0.00173794  -0.00232325  -0.00324287 
  -0.00369947  -0.00369284  -0.00359832  -0.00263328  -0.00217739  -0.00171128 
  -0.00184159  -0.0022688    -0.00302932  -0.00365313  -0.00344887  -0.00381409 
  -0.00308571  -0.00142816  -0.00150486  -0.00222866  -0.00231969  -0.00305409 
  -0.0035041    -0.00428863  -0.00395362  -0.00137226  -0.00162288  -0.00210501 
  -0.00236016  -0.00329688  -0.00294522  -0.00396183  -0.00344772  -0.00148104 
  -0.00200206  -0.00243777  -0.00300452  -0.00367346  -0.00345117  -0.00358033 
  -0.00263481  -0.0034073    -0.00411838]
[-0.00409507  -0.00466163  -0.00421864  -0.00381327  -0.0042345    -0.00409836 
  -0.00436181  -0.00416195  -0.00402734  -0.00426981  -0.00428141  -0.00447813 
  -0.00419714  -0.00419809  -0.0038695    -0.00363787  -0.00416484  -0.00435829 
  -0.00437263  -0.00434798  -0.0043412    -0.00399784  -0.00396584  -0.00352444 
  -0.00398911  -0.00422167  -0.00435821  -0.00436051  -0.00425268  -0.00442534 
  -0.00426823  -0.00340972  -0.00375414  -0.00406729  -0.00411586  -0.00435733 
  -0.00433624  -0.00456128  -0.00437076  -0.00333724  -0.00365395  -0.00399183 
  -0.00413173  -0.00432288  -0.00437062  -0.00462081  -0.00429022  -0.00367026 
  -0.00401904  -0.00404554  -0.00433995  -0.004581      -0.00444119  -0.00440401 
  -0.00406891  -0.00430435  -0.00451688]
[-7.22492688e-04  -1.87256882e-03  -2.63323462e-03  -1.09880813e-03 
  -1.30641402e-03  -9.05904815e-04  -1.50147892e-03  -1.34400023e-03 
  -1.23524769e-03  -1.46550908e-03  -1.18890951e-03  -1.08798541e-03 
  -8.16713679e-04  -1.01409813e-03  -9.47475816e-04  -1.65095342e-05 
  -3.54425847e-04  -1.15258373e-03  -1.07562125e-03  -1.32777948e-03 
  -5.43412133e-04  -1.14020414e-03    7.16484404e-04  -1.39489259e-05 
    7.08446400e-06  -1.30033920e-04  -1.30964907e-04  -5.20834496e-04 
  -5.87030518e-04    1.46058055e-04    1.13925517e-03  -1.21231314e-05 
  -1.20154518e-05  -6.97634348e-05    6.95160523e-05  -1.32687002e-04 
    4.48042120e-04    1.92059524e-04    7.78205672e-04  -1.17579613e-05 
  -1.01233863e-05    1.07768594e-04    3.60313805e-05    5.71139620e-04 
    3.28559034e-04    1.15129476e-03    4.20130454e-04  -9.61143953e-05 
    8.16521971e-05    8.58642313e-05    4.79623621e-04    1.03666116e-03 
    5.50770632e-04    7.29359942e-04    4.67553754e-04    4.83578657e-04 
    7.30778944e-04]
[0.00204193  0.00234157  0.002125      0.00190393  0.00211881  0.00204625 
  0.00218496  0.00207841  0.00202404  0.00213874  0.00214087  0.00223949 
  0.00209168  0.00209583  0.00192741  0.00181416  0.00213948  0.00219463 
  0.00218376  0.00217412  0.00215937  0.00199371  0.00196102  0.00175765 
  0.00198895  0.00212026  0.00220115  0.0021696    0.00211305  0.00218744 
  0.00209863  0.00170104  0.00187256  0.00202655  0.00204967  0.00217693 
  0.00214289  0.00225097  0.00214286  0.00166501  0.00182234  0.00198808 
  0.00205673  0.00213853  0.00220432  0.00227275  0.00212104  0.00183103 
  0.00200222  0.00201309  0.00215119  0.00225671  0.00219563  0.00217233 
  0.0020176    0.00212916  0.00222089]
[-7.22492688e-04  -1.87256882e-03  -2.63323462e-03  -1.09880813e-03 
  -1.30641402e-03  -9.05904815e-04  -1.50147892e-03  -1.34400023e-03 
  -1.23524769e-03  -1.46550908e-03  -1.18890951e-03  -1.08798541e-03 
  -8.16713679e-04  -1.01409813e-03  -9.47475816e-04  -1.65095342e-05 
  -3.54425847e-04  -1.15258373e-03  -1.07562125e-03  -1.32777948e-03 
  -5.43412133e-04  -1.14020414e-03    7.16484404e-04  -1.39489259e-05 
    7.08446400e-06  -1.30033920e-04  -1.30964907e-04  -5.20834496e-04 
  -5.87030518e-04    1.46058055e-04    1.13925517e-03  -1.21231314e-05 
  -1.20154518e-05  -6.97634348e-05    6.95160523e-05  -1.32687002e-04 
    4.48042120e-04    1.92059524e-04    7.78205672e-04  -1.17579613e-05 
  -1.01233863e-05    1.07768594e-04    3.60313805e-05    5.71139620e-04 
    3.28559034e-04    1.15129476e-03    4.20130454e-04  -9.61143953e-05 
    8.16521971e-05    8.58642313e-05    4.79623621e-04    1.03666116e-03 
    5.50770632e-04    7.29359942e-04    4.67553754e-04    4.83578657e-04 
    7.30778944e-04]
[0.00616408  0.00894054  0.01105764  0.00623982  0.00720536  0.00713252 
  0.00826774  0.01048957  0.00657366  0.00784991  0.00802125  0.00796836 
  0.00874252  0.00800195  0.0101558    0.00364737  0.00520657  0.0075812 
  0.00891737  0.00925186  0.00939299  0.00930583  0.00893288  0.0035357 
  0.00407459  0.00475214  0.00714906  0.00844716  0.01081715  0.0100113 
  0.01134943  0.0034167    0.00377063  0.00480897  0.00533321  0.00663226 
  0.0084652    0.01042124  0.01188675  0.00334258  0.00367757  0.00444528 
  0.00529984  0.00692985  0.00713943  0.00834785  0.00871838  0.00410498 
  0.00445904  0.0052145    0.00625652  0.0077327    0.00724349  0.00768776 
  0.00627083  0.00718143  0.00873087]
increment_20
[-5.35971361e-03  -1.01010464e-02  -1.51145664e-02  -5.36024854e-03 
  -6.22482763e-03  -6.86157716e-03  -8.66151831e-03  -1.43767142e-02 
  -5.43199779e-03  -7.59591681e-03  -8.37831417e-03  -7.20699099e-03 
  -9.34561864e-03  -8.47525713e-03  -1.46293072e-02  -2.25548333e-05 
  -2.61016348e-03  -6.79199035e-03  -9.66726011e-03  -1.04829860e-02 
  -1.06630823e-02  -1.13361904e-02  -1.17501730e-02  -3.04484069e-05 
  -2.39537274e-04  -1.39944609e-03  -5.90146404e-03  -8.89313143e-03 
  -1.40054084e-02  -1.25469977e-02  -1.50147962e-02  -2.64409768e-05 
  -4.23798673e-05  -1.65955269e-03  -2.88298320e-03  -4.95182944e-03 
  -9.42115380e-03  -1.30151001e-02  -1.56659804e-02  -1.88623946e-05 
  -5.47301540e-05  -1.04598439e-03  -2.67288880e-03  -5.83805922e-03 
  -6.73110308e-03  -8.17897180e-03  -9.48732424e-03  -1.18169721e-03 
  -1.47167071e-03  -3.00458853e-03  -4.80557645e-03  -7.06980291e-03 
  -5.70035968e-03  -7.15749312e-03  -4.84137060e-03  -6.21186237e-03 
  -8.97847455e-03]
[-0.00695207  -0.00989761  -0.00876637  -0.00639048  -0.00690656  -0.00642889 
  -0.00792734  -0.00821643  -0.00637334  -0.00802952  -0.00777374  -0.00774993 
  -0.00663203  -0.00700593  -0.00484753  -0.00378495  -0.00503982  -0.00706467 
  -0.0081049    -0.008024      -0.00768365  -0.00527174  -0.00563944  -0.0037272 
  -0.00399432  -0.00487034  -0.00659259  -0.00794838  -0.00736512  -0.00842519 
  -0.00691809  -0.00328652  -0.00315864  -0.00481292  -0.00510442  -0.00653983 
  -0.0075772    -0.00939177  -0.00853612  -0.003233      -0.00365951  -0.00453236 
  -0.00513852  -0.00715387  -0.00645523  -0.00859499  -0.00749598  -0.0034824 
  -0.00461786  -0.00546678  -0.00671858  -0.00801687  -0.0071762    -0.00774437 
  -0.00567171  -0.00731979  -0.00890651]
[0.00432594  0.00493301  0.00459045  0.00414451  0.00439944  0.00426613 
  0.00453584  0.00442089  0.00427276  0.0044931    0.00449846  0.00460793 
  0.00432577  0.00433003  0.00394573  0.00383306  0.00484279  0.00462653 
  0.00454013  0.00450554  0.00442659  0.00403214  0.00407562  0.00373622 
  0.00407852  0.00466291  0.00452579  0.00447397  0.00430419  0.00447877 
  0.00423532  0.00368782  0.00392989  0.00414006  0.00421167  0.00439537 
  0.00434369  0.00457242  0.0043656    0.00365896  0.00391813  0.00407961 
  0.00418312  0.00433357  0.0046702    0.0045629    0.00435808  0.00387023 
  0.00411864  0.00413437  0.00434133  0.00451824  0.0043972    0.00440471 
  0.00414315  0.00434684  0.00450836]
[-0.00695207  -0.00989761  -0.00876637  -0.00639048  -0.00690656  -0.00642889 
  -0.00792734  -0.00821643  -0.00637334  -0.00802952  -0.00777374  -0.00774993 
  -0.00663203  -0.00700593  -0.00484753  -0.00378495  -0.00503982  -0.00706467 
  -0.0081049    -0.008024      -0.00768365  -0.00527174  -0.00563944  -0.0037272 
  -0.00399432  -0.00487034  -0.00659259  -0.00794838  -0.00736512  -0.00842519 
  -0.00691809  -0.00328652  -0.00315864  -0.00481292  -0.00510442  -0.00653983 
  -0.0075772    -0.00939177  -0.00853612  -0.003233      -0.00365951  -0.00453236 
  -0.00513852  -0.00715387  -0.00645523  -0.00859499  -0.00749598  -0.0034824 
  -0.00461786  -0.00546678  -0.00671858  -0.00801687  -0.0071762    -0.00774437 
  -0.00567171  -0.00731979  -0.00890651]
[-0.00867135  -0.00973071  -0.0090148    -0.0083001    -0.00877381  -0.00857241 
  -0.00903203  -0.00888785  -0.0084521    -0.00896233  -0.00900433  -0.00911273 
  -0.00871827  -0.00869753  -0.00794887  -0.00770982  -0.00846013  -0.0089244 
  -0.00909927  -0.00902068  -0.0089342    -0.00813457  -0.00841007  -0.00751448 
  -0.00819376  -0.00854085  -0.00884978  -0.00904743  -0.00872829  -0.00918175 
  -0.0087943    -0.00741349  -0.00790017  -0.00834429  -0.0084615    -0.00880228 
  -0.00891383  -0.00944712  -0.00912963  -0.00735488  -0.0078806    -0.00823002 
  -0.00845585  -0.00887823  -0.00887199  -0.00945866  -0.00893685  -0.00777749 
  -0.0083085    -0.00837067  -0.00887599  -0.00935461  -0.00902128  -0.00908422 
  -0.0084412    -0.00889391  -0.00937318]
[-2.17556823e-03  -4.62389919e-03  -5.95875609e-03  -2.57551195e-03 
  -2.95563514e-03  -1.98136296e-03  -3.48952492e-03  -2.90174832e-03 
  -2.72361298e-03  -3.19347130e-03  -2.69005909e-03  -2.55512984e-03 
  -1.78218531e-03  -2.24448952e-03  -2.76993789e-03  -7.90227861e-05 
  -8.82665459e-04  -2.62870096e-03  -2.54529946e-03  -2.86303407e-03 
  -1.60738087e-03  -2.15776232e-03    1.74382072e-03  -7.05121640e-05 
    8.78478872e-07  -4.20450919e-04  -4.60347014e-04  -1.29843181e-03 
  -1.49524774e-03    4.87378874e-05    2.00039147e-03  -6.16259836e-05 
  -6.01717064e-05  -2.33145622e-04    1.40864281e-04  -4.27949022e-04 
    7.75271804e-04    4.76571713e-04    1.64405805e-03  -5.92495249e-05 
  -6.97058361e-05    2.00843563e-04    1.12109033e-04    1.16618499e-03 
    9.82407328e-04    2.16966503e-03    6.49120704e-04  -4.73247923e-04 
    1.41456183e-04    2.63847130e-04    1.19551141e-03    2.21583686e-03 
    1.31779525e-03    1.61260294e-03    9.89855579e-04    8.58871560e-04 
    1.72964538e-03]
[0.00432594  0.00493301  0.00459045  0.00414451  0.00439944  0.00426613 
  0.00453584  0.00442089  0.00427276  0.0044931    0.00449846  0.00460793 
  0.00432577  0.00433003  0.00394573  0.00383306  0.00484279  0.00462653 
  0.00454013  0.00450554  0.00442659  0.00403214  0.00407562  0.00373622 
  0.00407852  0.00466291  0.00452579  0.00447397  0.00430419  0.00447877 
  0.00423532  0.00368782  0.00392989  0.00414006  0.00421167  0.00439537 
  0.00434369  0.00457242  0.0043656    0.00365896  0.00391813  0.00407961 
  0.00418312  0.00433357  0.0046702    0.0045629    0.00435808  0.00387023 
  0.00411864  0.00413437  0.00434133  0.00451824  0.0043972    0.00440471 
  0.00414315  0.00434684  0.00450836]
[-2.17556823e-03  -4.62389919e-03  -5.95875609e-03  -2.57551195e-03 
  -2.95563514e-03  -1.98136296e-03  -3.48952492e-03  -2.90174832e-03 
  -2.72361298e-03  -3.19347130e-03  -2.69005909e-03  -2.55512984e-03 
  -1.78218531e-03  -2.24448952e-03  -2.76993789e-03  -7.90227861e-05 
  -8.82665459e-04  -2.62870096e-03  -2.54529946e-03  -2.86303407e-03 
  -1.60738087e-03  -2.15776232e-03    1.74382072e-03  -7.05121640e-05 
    8.78478872e-07  -4.20450919e-04  -4.60347014e-04  -1.29843181e-03 
  -1.49524774e-03    4.87378874e-05    2.00039147e-03  -6.16259836e-05 
  -6.01717064e-05  -2.33145622e-04    1.40864281e-04  -4.27949022e-04 
    7.75271804e-04    4.76571713e-04    1.64405805e-03  -5.92495249e-05 
  -6.97058361e-05    2.00843563e-04    1.12109033e-04    1.16618499e-03 
    9.82407328e-04    2.16966503e-03    6.49120704e-04  -4.73247923e-04 
    1.41456183e-04    2.63847130e-04    1.19551141e-03    2.21583686e-03 
    1.31779525e-03    1.61260294e-03    9.89855579e-04    8.58871560e-04 
    1.72964538e-03]
[0.01403107  0.01983176  0.02412936  0.01366035  0.01499864  0.01543399 
  0.01769354  0.02326457  0.0138841    0.01655825  0.01738265  0.01631972 
  0.01806389  0.01717279  0.02257817  0.00773237  0.01107029  0.01571639 
  0.01876653  0.01950366  0.01959728  0.01947076  0.02016025  0.00754493 
  0.00843329  0.00994029  0.01475124  0.01794056  0.0227337    0.02172875 
  0.0238091    0.00743993  0.00794255  0.01000384  0.01134448  0.01375411 
  0.01833499  0.02246222  0.02479561  0.00737374  0.00793533  0.00927601 
  0.01112874  0.01471629  0.0156031    0.01763763  0.01842417  0.00895919 
  0.00978017  0.01137526  0.01368156  0.01642441  0.01472164  0.01624172 
  0.01328257  0.01510577  0.01835165]
increment_30
[-8.64004149e-03  -1.53975759e-02  -2.22907730e-02  -7.96804554e-03 
  -9.27897305e-03  -1.02172428e-02  -1.29489640e-02  -2.17797129e-02 
  -8.24465783e-03  -1.16702173e-02  -1.26774470e-02  -1.06130895e-02 
  -1.38769523e-02  -1.28523779e-02  -2.20793072e-02  -2.86548574e-05 
  -4.39354456e-03  -1.02986295e-02  -1.42991473e-02  -1.59117305e-02 
  -1.58707799e-02  -1.69573854e-02  -1.82337984e-02  -5.59399884e-05 
  -5.38756324e-04  -2.51704261e-03  -9.07306763e-03  -1.35081853e-02 
  -2.04442499e-02  -1.95117092e-02  -2.22831201e-02  -5.95469758e-05 
  -1.29436181e-04  -2.52498154e-03  -5.16167085e-03  -7.59516413e-03 
  -1.47686878e-02  -1.95671949e-02  -2.28060966e-02  -2.37116072e-05 
  -1.31404948e-04  -1.78497410e-03  -4.26980828e-03  -9.03202917e-03 
  -1.12342164e-02  -1.23953186e-02  -1.44226312e-02  -1.91806567e-03 
  -2.86564864e-03  -4.72181741e-03  -7.97987653e-03  -1.07063322e-02 
  -8.65218324e-03  -1.13938700e-02  -7.43472842e-03  -9.64546505e-03 
  -1.38374288e-02]
[-0.01088231  -0.01502748  -0.01363899  -0.00991203  -0.01059635  -0.00983032 
  -0.01215348  -0.0127681    -0.00995447  -0.01243441  -0.01201412  -0.01167107 
  -0.01035474  -0.01084466  -0.00699194  -0.00586189  -0.00790351  -0.01092419 
  -0.01242884  -0.01234022  -0.01169175  -0.00762326  -0.00910859  -0.00577134 
  -0.00621776  -0.00756911  -0.01027076  -0.01227374  -0.01110825  -0.01307852 
  -0.01070057  -0.00510342  -0.0048753    -0.00735456  -0.00818547  -0.00999665 
  -0.01164325  -0.01431532  -0.01319415  -0.00510385  -0.00573149  -0.0070319 
  -0.00795892  -0.01102636  -0.01015356  -0.01311322  -0.01163229  -0.00549209 
  -0.00739986  -0.00841382  -0.01059151  -0.01219414  -0.0109372    -0.01204206 
  -0.00871284  -0.01128282  -0.01375777]
[0.00658465  0.00744941  0.00711238  0.00636122  0.00662863  0.00642919 
  0.00685932  0.00672774  0.00660257  0.00684511  0.00679865  0.00699091 
  0.00651979  0.00654963  0.00590773  0.00585553  0.00762428  0.00728963 
  0.0068646    0.00681856  0.00665301  0.00601704  0.00609753  0.00571784 
  0.00613314  0.00741939  0.00685114  0.00674235  0.00646598  0.00670801 
  0.00626776  0.00565611  0.00594272  0.00620207  0.006371      0.00656121 
  0.00650387  0.00679674  0.00654287  0.00562607  0.00596938  0.00613702 
  0.0062602    0.00649658  0.00703437  0.00677126  0.00653012  0.00589374 
  0.00618917  0.00621538  0.00648048  0.00667339  0.0065424    0.00658139 
  0.00623579  0.0065112    0.00670759]
[-0.01088231  -0.01502748  -0.01363899  -0.00991203  -0.01059635  -0.00983032 
  -0.01215348  -0.0127681    -0.00995447  -0.01243441  -0.01201412  -0.01167107 
  -0.01035474  -0.01084466  -0.00699194  -0.00586189  -0.00790351  -0.01092419 
  -0.01242884  -0.01234022  -0.01169175  -0.00762326  -0.00910859  -0.00577134 
  -0.00621776  -0.00756911  -0.01027076  -0.01227374  -0.01110825  -0.01307852 
  -0.01070057  -0.00510342  -0.0048753    -0.00735456  -0.00818547  -0.00999665 
  -0.01164325  -0.01431532  -0.01319415  -0.00510385  -0.00573149  -0.0070319 
  -0.00795892  -0.01102636  -0.01015356  -0.01311322  -0.01163229  -0.00549209 
  -0.00739986  -0.00841382  -0.01059151  -0.01219414  -0.0109372    -0.01204206 
  -0.00871284  -0.01128282  -0.01375777]
[-0.01318766  -0.01458162  -0.01386857  -0.01274682  -0.01320608  -0.0129701 
  -0.01364989  -0.01360639  -0.01291635  -0.013643      -0.01363021  -0.01364811 
  -0.01320997  -0.0131961    -0.01195675  -0.01181347  -0.01271108  -0.0134387 
  -0.01377185  -0.01367556  -0.01348981  -0.01221133  -0.01284396  -0.01153493 
  -0.01234253  -0.01276646  -0.01334967  -0.01372297  -0.01321417  -0.01394232 
  -0.01334119  -0.01140243  -0.0119768    -0.01255382  -0.01281822  -0.01321858 
  -0.01353061  -0.01430687  -0.01397092  -0.01134091  -0.01204325  -0.01244447 
  -0.0127345    -0.01347114  -0.01338438  -0.01428552  -0.01360829  -0.01187483 
  -0.01255195  -0.01267436  -0.0134421    -0.01407196  -0.0136061    -0.01379183 
  -0.01281783  -0.01347844  -0.01424459]
[-3.73306546e-03  -7.16403136e-03  -8.82322208e-03  -3.92296160e-03 
  -4.55263266e-03  -2.91814598e-03  -5.25405073e-03  -4.22652375e-03 
  -4.21685099e-03  -4.92448641e-03  -4.03171521e-03  -4.01522245e-03 
  -2.64176488e-03  -3.43319707e-03  -4.46905768e-03  -1.95790721e-04 
  -1.33822012e-03  -4.06794330e-03  -3.86270881e-03  -4.21951461e-03 
  -2.65772690e-03  -3.12503816e-03    2.71445265e-03  -1.72994730e-04 
    8.57355817e-06  -8.03695548e-04  -8.53426306e-04  -2.07811657e-03 
  -2.35237368e-03  -1.34836318e-04    3.01300613e-03  -1.45934654e-04 
  -1.46241800e-04  -4.11834239e-04    1.98767645e-04  -7.87672001e-04 
    9.41266781e-04    6.62462710e-04    2.09922605e-03  -1.43080923e-04 
  -1.83667806e-04    2.99107489e-04    1.47843721e-04    1.52493683e-03 
    1.54399433e-03    2.85446520e-03    9.93730152e-04  -8.93045197e-04 
    1.12473346e-04    3.69503472e-04    1.86954117e-03    3.13869466e-03 
    1.93947549e-03    2.23025772e-03    1.27478768e-03    1.08054830e-03 
    2.54136002e-03]
[0.00658465  0.00744941  0.00711238  0.00636122  0.00662863  0.00642919 
  0.00685932  0.00672774  0.00660257  0.00684511  0.00679865  0.00699091 
  0.00651979  0.00654963  0.00590773  0.00585553  0.00762428  0.00728963 
  0.0068646    0.00681856  0.00665301  0.00601704  0.00609753  0.00571784 
  0.00613314  0.00741939  0.00685114  0.00674235  0.00646598  0.00670801 
  0.00626776  0.00565611  0.00594272  0.00620207  0.006371      0.00656121 
  0.00650387  0.00679674  0.00654287  0.00562607  0.00596938  0.00613702 
  0.0062602    0.00649658  0.00703437  0.00677126  0.00653012  0.00589374 
  0.00618917  0.00621538  0.00648048  0.00667339  0.0065424    0.00658139 
  0.00623579  0.0065112    0.00670759]
[-3.73306546e-03  -7.16403136e-03  -8.82322208e-03  -3.92296160e-03 
  -4.55263266e-03  -2.91814598e-03  -5.25405073e-03  -4.22652375e-03 
  -4.21685099e-03  -4.92448641e-03  -4.03171521e-03  -4.01522245e-03 
  -2.64176488e-03  -3.43319707e-03  -4.46905768e-03  -1.95790721e-04 
  -1.33822012e-03  -4.06794330e-03  -3.86270881e-03  -4.21951461e-03 
  -2.65772690e-03  -3.12503816e-03    2.71445265e-03  -1.72994730e-04 
    8.57355817e-06  -8.03695548e-04  -8.53426306e-04  -2.07811657e-03 
  -2.35237368e-03  -1.34836318e-04    3.01300613e-03  -1.45934654e-04 
  -1.46241800e-04  -4.11834239e-04    1.98767645e-04  -7.87672001e-04 
    9.41266781e-04    6.62462710e-04    2.09922605e-03  -1.43080923e-04 
  -1.83667806e-04    2.99107489e-04    1.47843721e-04    1.52493683e-03 
    1.54399433e-03    2.85446520e-03    9.93730152e-04  -8.93045197e-04 
    1.12473346e-04    3.69503472e-04    1.86954117e-03    3.13869466e-03 
    1.93947549e-03    2.23025772e-03    1.27478768e-03    1.08054830e-03 
    2.54136002e-03]
[0.0218277    0.0299792    0.03615934  0.02071486  0.02248505  0.02318734 
  0.02659886  0.0353861    0.02116101  0.02531322  0.02630766  0.0242612 
  0.02708692  0.02604848  0.03403606  0.01184212  0.01710462  0.02373733 
  0.028071      0.02958729  0.02936059  0.02916872  0.03107775  0.01159087 
  0.01288129  0.0152835    0.02242273  0.02723115  0.03365842  0.03345403 
  0.03562431  0.01146198  0.01210624  0.0150788    0.01797989  0.02081375 
  0.0282993    0.03387407  0.03677702  0.01136463  0.01217465  0.01422944 
  0.01700431  0.02250317  0.0246186    0.02668084  0.02803093  0.01379289 
  0.0154176    0.01739617  0.02142198  0.02477829  0.02225828  0.0251857 
  0.02025255  0.02312391  0.02808202]
increment_40
[-1.18285549e-02  -2.01372650e-02  -2.83396499e-02  -1.02873513e-02 
  -1.21531035e-02  -1.31842375e-02  -1.70229264e-02  -2.84898349e-02 
  -1.11067760e-02  -1.58006514e-02  -1.65800150e-02  -1.37399271e-02 
  -1.84216497e-02  -1.69665385e-02  -2.89580382e-02  -4.82374464e-05 
  -6.31797507e-03  -1.38216496e-02  -1.88138306e-02  -2.10674661e-02 
  -2.08349509e-02  -2.23689019e-02  -2.45118968e-02  -9.97629653e-05 
  -1.00278630e-03  -3.86385692e-03  -1.23478406e-02  -1.80611159e-02 
  -2.63236613e-02  -2.63787771e-02  -2.91333265e-02  -1.05982692e-04 
  -3.90116291e-04  -3.42065872e-03  -7.86402427e-03  -1.02470182e-02 
  -2.01999950e-02  -2.57477817e-02  -2.94321964e-02  -1.82324701e-05 
  -2.98552620e-04  -2.64657374e-03  -5.94010691e-03  -1.23579883e-02 
  -1.61239432e-02  -1.65235216e-02  -1.95828215e-02  -2.66229938e-03 
  -4.46816161e-03  -6.36665570e-03  -1.13764160e-02  -1.41775678e-02 
  -1.19991927e-02  -1.58893361e-02  -1.02018369e-02  -1.32881416e-02 
  -1.87881068e-02]
[-0.01476282  -0.01984208  -0.0183403    -0.01327887  -0.01422762  -0.01319664 
  -0.01638433  -0.01718451  -0.01362489  -0.01689179  -0.01613367  -0.01546448 
  -0.01424261  -0.01469659  -0.00911502  -0.00795195  -0.01089823  -0.01481974 
  -0.01678242  -0.01654614  -0.01575392  -0.00982638  -0.01257085  -0.00783828 
  -0.00852036  -0.01037743  -0.01404215  -0.01665625  -0.01482294  -0.01776712 
  -0.01446156  -0.00692633  -0.00664526  -0.00989879  -0.01146778  -0.01345388 
  -0.01577898  -0.01912593  -0.01805476  -0.00697944  -0.00785246  -0.0095881 
  -0.01081159  -0.01499022  -0.01400458  -0.01760011  -0.01592402  -0.00750967 
  -0.01027672  -0.01132356  -0.01458693  -0.01628354  -0.01493111  -0.01643641 
  -0.01191384  -0.01534535  -0.01866302]
[0.00882813  0.00992035  0.00960582  0.00852997  0.00882702  0.00855639 
  0.00916779  0.00897861  0.00909333  0.00920476  0.00905733  0.00936461 
  0.00868615  0.00875119  0.00783839  0.00785551  0.01029263  0.01023342 
  0.00917928  0.00910438  0.00885028  0.00795518  0.00804002  0.00768804 
  0.0081562    0.01032346  0.00919603  0.00898155  0.00859285  0.00887918 
  0.00819097  0.00760527  0.00790588  0.00822322  0.00853171  0.0086916 
  0.00861325  0.00894499  0.00869386  0.00757235  0.00797387  0.00815712 
  0.00829435  0.00862304  0.00924996  0.00891672  0.008628      0.00788043 
  0.00822558  0.00825866  0.00856301  0.00874919  0.00865006  0.00870597 
  0.0083044    0.00862165  0.00883334]
[-0.01476282  -0.01984208  -0.0183403    -0.01327887  -0.01422762  -0.01319664 
  -0.01638433  -0.01718451  -0.01362489  -0.01689179  -0.01613367  -0.01546448 
  -0.01424261  -0.01469659  -0.00911502  -0.00795195  -0.01089823  -0.01481974 
  -0.01678242  -0.01654614  -0.01575392  -0.00982638  -0.01257085  -0.00783828 
  -0.00852036  -0.01037743  -0.01404215  -0.01665625  -0.01482294  -0.01776712 
  -0.01446156  -0.00692633  -0.00664526  -0.00989879  -0.01146778  -0.01345388 
  -0.01577898  -0.01912593  -0.01805476  -0.00697944  -0.00785246  -0.0095881 
  -0.01081159  -0.01499022  -0.01400458  -0.01760011  -0.01592402  -0.00750967 
  -0.01027672  -0.01132356  -0.01458693  -0.01628354  -0.01493111  -0.01643641 
  -0.01191384  -0.01534535  -0.01866302]
[-0.01766559  -0.01931821  -0.01868398  -0.01711546  -0.0175863    -0.01732375 
  -0.01824613  -0.01828089  -0.01736668  -0.01832456  -0.01818943  -0.01811418 
  -0.01771113  -0.01768317  -0.01595231  -0.01589637  -0.01694373  -0.01790251 
  -0.01842437  -0.01828182  -0.01805477  -0.01623751  -0.01727026  -0.01555753 
  -0.01645672  -0.0169455    -0.01784359  -0.01839495  -0.01770386  -0.01871111 
  -0.01792278  -0.01537528  -0.01596821  -0.0167151    -0.01719649  -0.01761539 
  -0.01817208  -0.01914319  -0.01889926  -0.01530642  -0.01613557  -0.01663105 
  -0.01697548  -0.01808724  -0.01792015  -0.01912654  -0.01832506  -0.01591904 
  -0.01677517  -0.01695393  -0.0180291    -0.01877297  -0.01825114  -0.01851928 
  -0.01721263  -0.01806116  -0.01913007]
[-5.33261535e-03  -9.52836422e-03  -1.12020800e-02  -5.17437107e-03 
  -6.09850563e-03  -3.86219939e-03  -6.93333879e-03  -5.43748728e-03 
  -5.78715155e-03  -6.72390663e-03  -5.34589855e-03  -5.45625175e-03 
  -3.45956941e-03  -4.63781034e-03  -5.94175938e-03  -3.56219086e-04 
  -1.81632322e-03  -5.49709229e-03  -5.05557894e-03  -5.49491659e-03 
  -3.61723001e-03  -4.10275232e-03    3.50014570e-03  -3.16773769e-04 
    3.41409464e-05  -1.31206892e-03  -1.31322632e-03  -2.91489327e-03 
  -3.16542792e-03  -4.29719215e-04    4.16840207e-03  -2.65940078e-04 
  -2.71142808e-04  -6.37363650e-04    2.31681955e-04  -1.22707206e-03 
    1.01099991e-03    6.45440072e-04    2.20816846e-03  -2.71815068e-04 
  -3.69178060e-04    3.76117821e-04    8.55108785e-05    1.70391168e-03 
    1.90563945e-03    3.35988568e-03    1.46995247e-03  -1.34713504e-03 
    9.94337922e-06    3.70882728e-04    2.44810560e-03    3.88237968e-03 
    2.47921347e-03    2.59489842e-03    1.36415425e-03    1.20265009e-03 
    3.08862874e-03]
[0.00882813  0.00992035  0.00960582  0.00852997  0.00882702  0.00855639 
  0.00916779  0.00897861  0.00909333  0.00920476  0.00905733  0.00936461 
  0.00868615  0.00875119  0.00783839  0.00785551  0.01029263  0.01023342 
  0.00917928  0.00910438  0.00885028  0.00795518  0.00804002  0.00768804 
  0.0081562    0.01032346  0.00919603  0.00898155  0.00859285  0.00887918 
  0.00819097  0.00760527  0.00790588  0.00822322  0.00853171  0.0086916 
  0.00861325  0.00894499  0.00869386  0.00757235  0.00797387  0.00815712 
  0.00829435  0.00862304  0.00924996  0.00891672  0.008628      0.00788043 
  0.00822558  0.00825866  0.00856301  0.00874919  0.00865006  0.00870597 
  0.0083044    0.00862165  0.00883334]
[-5.33261535e-03  -9.52836422e-03  -1.12020800e-02  -5.17437107e-03 
  -6.09850563e-03  -3.86219939e-03  -6.93333879e-03  -5.43748728e-03 
  -5.78715155e-03  -6.72390663e-03  -5.34589855e-03  -5.45625175e-03 
  -3.45956941e-03  -4.63781034e-03  -5.94175938e-03  -3.56219086e-04 
  -1.81632322e-03  -5.49709229e-03  -5.05557894e-03  -5.49491659e-03 
  -3.61723001e-03  -4.10275232e-03    3.50014570e-03  -3.16773769e-04 
    3.41409464e-05  -1.31206892e-03  -1.31322632e-03  -2.91489327e-03 
  -3.16542792e-03  -4.29719215e-04    4.16840207e-03  -2.65940078e-04 
  -2.71142808e-04  -6.37363650e-04    2.31681955e-04  -1.22707206e-03 
    1.01099991e-03    6.45440072e-04    2.20816846e-03  -2.71815068e-04 
  -3.69178060e-04    3.76117821e-04    8.55108785e-05    1.70391168e-03 
    1.90563945e-03    3.35988568e-03    1.46995247e-03  -1.34713504e-03 
    9.94337922e-06    3.70882728e-04    2.44810560e-03    3.88237968e-03 
    2.47921347e-03    2.59489842e-03    1.36415425e-03    1.20265009e-03 
    3.08862874e-03]
[0.02949414  0.03945547  0.04702363  0.02740281  0.02973941  0.03050799 
  0.03526905  0.04677073  0.02847345  0.03412521  0.03476945  0.03185411 
  0.03613278  0.03464971  0.04491035  0.01594461  0.02326171  0.03172416 
  0.0372382    0.03934928  0.03888972  0.03860641  0.04178216  0.01565729 
  0.0174595    0.02080935  0.03019143  0.03645606  0.04402752  0.04508989 
  0.0470561    0.01548126  0.01635833  0.02013576  0.02506051  0.02786241 
  0.03837208  0.04489097  0.04833146  0.01532465  0.01643412  0.01927763 
  0.02291558  0.03044522  0.03404409  0.03565006  0.03790789  0.01858134 
  0.02124334  0.02332058  0.02940552  0.03295053  0.03025033  0.03440861 
  0.02741447  0.03134931  0.03791818]
increment_50
[-1.49136549e-02  -2.44534247e-02  -3.35473947e-02  -1.23295339e-02 
  -1.48413468e-02  -1.58384011e-02  -2.10572469e-02  -3.47926415e-02 
  -1.39696827e-02  -1.99429094e-02  -2.00595120e-02  -1.66473423e-02 
  -2.30062025e-02  -2.08892442e-02  -3.55806933e-02  -8.46725128e-05 
  -8.27070307e-03  -1.73328253e-02  -2.33168585e-02  -2.59275465e-02 
  -2.56657125e-02  -2.74848289e-02  -3.07194307e-02  -1.71339012e-04 
  -1.61288112e-03  -5.46530589e-03  -1.56261442e-02  -2.25757885e-02 
  -3.17316249e-02  -3.31089087e-02  -3.56355159e-02  -1.66700124e-04 
  -8.33794491e-04  -4.38146245e-03  -1.08963576e-02  -1.29324194e-02 
  -2.55844637e-02  -3.16215011e-02  -3.57173143e-02  -1.78418405e-05 
  -5.90728982e-04  -3.56644394e-03  -7.69982941e-03  -1.58115063e-02 
  -2.12834382e-02  -2.06184187e-02  -2.50255953e-02  -3.39424677e-03 
  -6.20884235e-03  -8.00495296e-03  -1.48918438e-02  -1.75782021e-02 
  -1.57974884e-02  -2.05558889e-02  -1.32266186e-02  -1.71554595e-02 
  -2.37478891e-02]
[-0.01858096  -0.02443102  -0.0229209    -0.01647107  -0.01777841  -0.01653698 
  -0.02066815  -0.02156181  -0.0173216    -0.02137292  -0.02009739  -0.01914891 
  -0.01827467  -0.01858105  -0.01139707  -0.01003673  -0.01394796  -0.01871496 
  -0.02117584  -0.02061521  -0.01989791  -0.011951      -0.01606145  -0.00992041 
  -0.01089116  -0.01331266  -0.01783401  -0.02107921  -0.01855396  -0.02246329 
  -0.01824039  -0.00879206  -0.0083877    -0.01246216  -0.01491546  -0.01692342 
  -0.01994635  -0.0238229    -0.0231062    -0.00886803  -0.01003508  -0.01216089 
  -0.01370998  -0.01902925  -0.01797928  -0.02207806  -0.02035982  -0.009479 
  -0.01321404  -0.01423666  -0.01864844  -0.02033808  -0.01918954  -0.02086299 
  -0.01532487  -0.01950701  -0.02357011]
[0.0110476    0.01236303  0.0120461    0.0106325    0.01099437  0.01065367 
  0.01146554  0.0111831    0.01174222  0.01156658  0.01127818  0.01171161 
  0.01081706  0.01093402  0.00975304  0.00981636  0.01284028  0.01338985 
  0.01148845  0.01136713  0.01100797  0.00985168  0.0099186    0.00963305 
  0.01015308  0.01338378  0.01156424  0.01118556  0.01067937  0.01099553 
  0.01000629  0.00953434  0.00981861  0.01020587  0.01069576  0.01079641 
  0.01066484  0.01102834  0.01082823  0.00949325  0.00993894  0.01013363 
  0.01029067  0.01070553  0.01136204  0.01100297  0.01063586  0.00982336 
  0.01022677  0.01026428  0.01058791  0.01075206  0.01071411  0.01077368 
  0.01034936  0.0106789    0.01088721]
[-0.01858096  -0.02443102  -0.0229209    -0.01647107  -0.01777841  -0.01653698 
  -0.02066815  -0.02156181  -0.0173216    -0.02137292  -0.02009739  -0.01914891 
  -0.01827467  -0.01858105  -0.01139707  -0.01003673  -0.01394796  -0.01871496 
  -0.02117584  -0.02061521  -0.01989791  -0.011951      -0.01606145  -0.00992041 
  -0.01089116  -0.01331266  -0.01783401  -0.02107921  -0.01855396  -0.02246329 
  -0.01824039  -0.00879206  -0.0083877    -0.01246216  -0.01491546  -0.01692342 
  -0.01994635  -0.0238229    -0.0231062    -0.00886803  -0.01003508  -0.01216089 
  -0.01370998  -0.01902925  -0.01797928  -0.02207806  -0.02035982  -0.009479 
  -0.01321404  -0.01423666  -0.01864844  -0.02033808  -0.01918954  -0.02086299 
  -0.01532487  -0.01950701  -0.02357011]
[-0.02209254  -0.02399069  -0.02344976  -0.02137652  -0.02191816  -0.02164452 
  -0.02283356  -0.02293628  -0.0217708    -0.02300391  -0.02268858  -0.02251371 
  -0.022223      -0.02215892  -0.01997024  -0.01992391  -0.02114888  -0.0223059 
  -0.02306125  -0.02283087  -0.02262859  -0.02022219  -0.02169691  -0.019555 
  -0.02054503  -0.02108717  -0.02230704  -0.0230525    -0.02219434  -0.02348248 
  -0.02254319  -0.01933049  -0.01987971  -0.02083123  -0.02158592  -0.02199051 
  -0.02281612  -0.02394597  -0.02389331  -0.01924192  -0.02017053  -0.02077473 
  -0.02118741  -0.02270321  -0.02247595  -0.02397318  -0.02308813  -0.01989585 
  -0.02097582  -0.02120621  -0.02262548  -0.02346815  -0.02296346  -0.02323899 
  -0.02163085  -0.02264086  -0.02401399]
[-6.94142219e-03  -1.17595758e-02  -1.32252625e-02  -6.34054583e-03 
  -7.59016096e-03  -4.82265052e-03  -8.57983452e-03  -6.58975070e-03 
  -7.42006862e-03  -8.54737787e-03  -6.65500592e-03  -6.86046995e-03 
  -4.23429914e-03  -5.85847100e-03  -7.22890617e-03  -5.56858219e-04 
  -2.33855257e-03  -6.88674556e-03  -6.12461465e-03  -6.71742161e-03 
  -4.48673501e-03  -5.06918002e-03    4.05601434e-03  -5.00851658e-04 
    6.52426301e-05  -1.94826073e-03  -1.84311599e-03  -3.79968526e-03 
  -3.92957937e-03  -8.54894908e-04    5.35569319e-03  -4.23813862e-04 
  -4.23900887e-04  -9.19067532e-04    1.98435899e-04  -1.72648247e-03 
    9.66853410e-04    4.21096804e-04    1.99890280e-03  -4.47094736e-04 
  -6.35432009e-04    4.01543825e-04  -6.65503009e-05    1.71389222e-03 
    2.04934672e-03    3.74343082e-03    2.04812229e-03  -1.81975854e-03 
  -1.63622528e-04    2.77763167e-04    2.88690931e-03    4.49713820e-03 
    2.94305674e-03    2.72953453e-03    1.30524042e-03    1.21088408e-03 
    3.40360101e-03]
[0.0110476    0.01236303  0.0120461    0.0106325    0.01099437  0.01065367 
  0.01146554  0.0111831    0.01174222  0.01156658  0.01127818  0.01171161 
  0.01081706  0.01093402  0.00975304  0.00981636  0.01284028  0.01338985 
  0.01148845  0.01136713  0.01100797  0.00985168  0.0099186    0.00963305 
  0.01015308  0.01338378  0.01156424  0.01118556  0.01067937  0.01099553 
  0.01000629  0.00953434  0.00981861  0.01020587  0.01069576  0.01079641 
  0.01066484  0.01102834  0.01082823  0.00949325  0.00993894  0.01013363 
  0.01029067  0.01070553  0.01136204  0.01100297  0.01063586  0.00982336 
  0.01022677  0.01026428  0.01058791  0.01075206  0.01071411  0.01077368 
  0.01034936  0.0106789    0.01088721]
[-6.94142219e-03  -1.17595758e-02  -1.32252625e-02  -6.34054583e-03 
  -7.59016096e-03  -4.82265052e-03  -8.57983452e-03  -6.58975070e-03 
  -7.42006862e-03  -8.54737787e-03  -6.65500592e-03  -6.86046995e-03 
  -4.23429914e-03  -5.85847100e-03  -7.22890617e-03  -5.56858219e-04 
  -2.33855257e-03  -6.88674556e-03  -6.12461465e-03  -6.71742161e-03 
  -4.48673501e-03  -5.06918002e-03    4.05601434e-03  -5.00851658e-04 
    6.52426301e-05  -1.94826073e-03  -1.84311599e-03  -3.79968526e-03 
  -3.92957937e-03  -8.54894908e-04    5.35569319e-03  -4.23813862e-04 
  -4.23900887e-04  -9.19067532e-04    1.98435899e-04  -1.72648247e-03 
    9.66853410e-04    4.21096804e-04    1.99890280e-03  -4.47094736e-04 
  -6.35432009e-04    4.01543825e-04  -6.65503009e-05    1.71389222e-03 
    2.04934672e-03    3.74343082e-03    2.04812229e-03  -1.81975854e-03 
  -1.63622528e-04    2.77763167e-04    2.88690931e-03    4.49713820e-03 
    2.94305674e-03    2.72953453e-03    1.30524042e-03    1.21088408e-03 
    3.40360101e-03]
[0.03700619  0.04844412  0.05699715  0.03370605  0.03675951  0.03748292 
  0.04389081  0.05772892  0.03574049  0.04294682  0.0427481    0.03916105 
  0.0452292    0.04304817  0.05555094  0.02000858  0.02941958  0.03963873 
  0.04637811  0.04875842  0.04829431  0.04770702  0.05241635  0.01972634 
  0.02215791  0.02655247  0.03793318  0.04562828  0.05392597  0.05659138 
  0.0581787    0.01949719  0.02071351  0.02521269  0.03248228  0.03492293 
  0.04840059  0.05556747  0.05961062  0.01925976  0.02076126  0.02434117 
  0.02888724  0.03851472  0.04375939  0.0445916    0.04811373  0.02329009 
  0.02718466  0.02921117  0.03751732  0.04104635  0.03876095  0.04379488 
  0.03485746  0.03979632  0.04776188]
increment_60
[-1.79026771e-02  -2.84939327e-02  -3.81496270e-02  -1.41198838e-02 
  -1.73883644e-02  -1.82202226e-02  -2.50951557e-02  -4.08657187e-02 
  -1.67111852e-02  -2.40306798e-02  -2.31500707e-02  -1.94119785e-02 
  -2.76234911e-02  -2.46494849e-02  -4.21194685e-02  -1.27875191e-04 
  -1.01354931e-02  -2.07599810e-02  -2.78099708e-02  -3.04767989e-02 
  -3.04556212e-02  -3.22267270e-02  -3.69185137e-02  -2.81897534e-04 
  -2.33332990e-03  -7.27301125e-03  -1.87999605e-02  -2.70330400e-02 
  -3.67123094e-02  -3.96443575e-02  -4.18545413e-02  -2.42560515e-04 
  -1.38539295e-03  -5.43693528e-03  -1.41311039e-02  -1.56273833e-02 
  -3.07688944e-02  -3.72052497e-02  -4.18076356e-02  -3.41977490e-05 
  -1.03500419e-03  -4.48293211e-03  -9.55634148e-03  -1.93460849e-02 
  -2.65366391e-02  -2.47472628e-02  -3.06567586e-02  -4.11336623e-03 
  -8.05917452e-03  -9.67578729e-03  -1.83846781e-02  -2.10412107e-02 
  -1.99966501e-02  -2.52719810e-02  -1.65375855e-02  -2.11704366e-02 
  -2.86091526e-02]
[-0.02234055  -0.02887487  -0.02740302  -0.01949814  -0.02125662  -0.01982702 
  -0.02500049  -0.02595559  -0.02095347  -0.02583453  -0.02389485  -0.02275656 
  -0.02241816  -0.02248385  -0.01390155  -0.01210405  -0.01697223  -0.02255312 
  -0.0255908    -0.02455236  -0.02412845  -0.01405209  -0.01957392  -0.01201831 
  -0.01331556  -0.01635245  -0.0215801    -0.02550517  -0.02230139  -0.02712656 
  -0.02205534  -0.0107116    -0.01006232  -0.01506183  -0.01846888  -0.02040065 
  -0.02409673  -0.02841123  -0.028296      -0.0107652    -0.01229537  -0.0147168 
  -0.01666182  -0.02311311  -0.0220159    -0.02658323  -0.02486651  -0.01137131 
  -0.0161956    -0.01717706  -0.02269649  -0.02443796  -0.02368193  -0.02523061 
  -0.01894476  -0.02371853  -0.02841687]
[0.0132413    0.01479138  0.01442829  0.01266931  0.01312881  0.01271656 
  0.01375033  0.01334088  0.01446488  0.01391591  0.01346533  0.01401931 
  0.01290449  0.0130924    0.01165474  0.0117339    0.01530426  0.016681 
  0.01379177  0.01362304  0.01311832  0.01171367  0.01174213  0.01154887 
  0.01213463  0.01654707  0.0139317    0.01334594  0.01272057  0.01306197 
  0.01172046  0.01144178  0.0116842    0.01215476  0.01285758  0.01288581 
  0.0126589    0.013053      0.01295097  0.01138535  0.01187418  0.01206601 
  0.01225132  0.01274413  0.01340443  0.01304616  0.01254205  0.0117253 
  0.01219312  0.01223482  0.01255498  0.01269068  0.01272268  0.01278544 
  0.01236251  0.01268376  0.01286782]
[-0.02234055  -0.02887487  -0.02740302  -0.01949814  -0.02125662  -0.01982702 
  -0.02500049  -0.02595559  -0.02095347  -0.02583453  -0.02389485  -0.02275656 
  -0.02241816  -0.02248385  -0.01390155  -0.01210405  -0.01697223  -0.02255312 
  -0.0255908    -0.02455236  -0.02412845  -0.01405209  -0.01957392  -0.01201831 
  -0.01331556  -0.01635245  -0.0215801    -0.02550517  -0.02230139  -0.02712656 
  -0.02205534  -0.0107116    -0.01006232  -0.01506183  -0.01846888  -0.02040065 
  -0.02409673  -0.02841123  -0.028296      -0.0107652    -0.01229537  -0.0147168 
  -0.01666182  -0.02311311  -0.0220159    -0.02658323  -0.02486651  -0.01137131 
  -0.0161956    -0.01717706  -0.02269649  -0.02443796  -0.02368193  -0.02523061 
  -0.01894476  -0.02371853  -0.02841687]
[-0.02646983  -0.02861355  -0.02816459  -0.02553699  -0.02619864  -0.02592868 
  -0.02741266  -0.02759197  -0.02610761  -0.02766691  -0.02712669  -0.02685338 
  -0.02674668  -0.02661651  -0.02402759  -0.02388508  -0.02530899  -0.02663631 
  -0.02768289  -0.02732323  -0.0272103    -0.02418014  -0.02612161  -0.02351836 
  -0.02461445  -0.02519231  -0.02672389  -0.02768789  -0.02668292  -0.02824992 
  -0.02720088  -0.02326536  -0.02372331  -0.02491173  -0.02597373  -0.02634089 
  -0.02744894  -0.02871193  -0.0289272    -0.02314038  -0.02416654  -0.02487005 
  -0.02537269  -0.02731143  -0.02703809  -0.02883162  -0.02787645  -0.02381013 
  -0.02515087  -0.02543674  -0.02720887  -0.02818473  -0.027734      -0.02792991 
  -0.0260697    -0.02720901  -0.02888414]
[-8.54862958e-03  -1.39081853e-02  -1.50289083e-02  -7.42729804e-03 
  -9.04860966e-03  -5.78137978e-03  -1.02103049e-02  -7.68206541e-03 
  -9.05608327e-03  -1.03470679e-02  -7.95883593e-03  -8.22939538e-03 
  -4.96283346e-03  -7.08724486e-03  -8.36517448e-03  -8.00514618e-04 
  -2.89947371e-03  -8.21779571e-03  -7.08532721e-03  -7.90412112e-03 
  -5.29510530e-03  -6.00047345e-03    4.37718896e-03  -7.31562565e-04 
    8.10924128e-05  -2.68680956e-03  -2.42236149e-03  -4.71308627e-03 
  -4.64524426e-03  -1.41353841e-03    6.47529648e-03  -6.21276986e-04 
  -6.00035286e-04  -1.25504938e-03    6.30877552e-05  -2.26131438e-03 
    7.96778656e-04    2.61259815e-05    1.52781410e-03  -6.63074969e-04 
  -9.84408093e-04    3.61571590e-04  -3.06178190e-04    1.56940350e-03 
    1.97324357e-03    4.04084616e-03    2.64391593e-03  -2.30534360e-03 
  -4.21666695e-04    1.06643045e-04    3.15160746e-03    5.01451162e-03 
    3.32084138e-03    2.65293473e-03    1.15796645e-03    1.08179416e-03 
    3.53511420e-03]
[0.0132413    0.01479138  0.01442829  0.01266931  0.01312881  0.01271656 
  0.01375033  0.01334088  0.01446488  0.01391591  0.01346533  0.01401931 
  0.01290449  0.0130924    0.01165474  0.0117339    0.01530426  0.016681 
  0.01379177  0.01362304  0.01311832  0.01171367  0.01174213  0.01154887 
  0.01213463  0.01654707  0.0139317    0.01334594  0.01272057  0.01306197 
  0.01172046  0.01144178  0.0116842    0.01215476  0.01285758  0.01288581 
  0.0126589    0.013053      0.01295097  0.01138535  0.01187418  0.01206601 
  0.01225132  0.01274413  0.01340443  0.01304616  0.01254205  0.0117253 
  0.01219312  0.01223482  0.01255498  0.01269068  0.01272268  0.01278544 
  0.01236251  0.01268376  0.01286782]
[-8.54862958e-03  -1.39081853e-02  -1.50289083e-02  -7.42729804e-03 
  -9.04860966e-03  -5.78137978e-03  -1.02103049e-02  -7.68206541e-03 
  -9.05608327e-03  -1.03470679e-02  -7.95883593e-03  -8.22939538e-03 
  -4.96283346e-03  -7.08724486e-03  -8.36517448e-03  -8.00514618e-04 
  -2.89947371e-03  -8.21779571e-03  -7.08532721e-03  -7.90412112e-03 
  -5.29510530e-03  -6.00047345e-03    4.37718896e-03  -7.31562565e-04 
    8.10924128e-05  -2.68680956e-03  -2.42236149e-03  -4.71308627e-03 
  -4.64524426e-03  -1.41353841e-03    6.47529648e-03  -6.21276986e-04 
  -6.00035286e-04  -1.25504938e-03    6.30877552e-05  -2.26131438e-03 
    7.96778656e-04    2.61259815e-05    1.52781410e-03  -6.63074969e-04 
  -9.84408093e-04    3.61571590e-04  -3.06178190e-04    1.56940350e-03 
    1.97324357e-03    4.04084616e-03    2.64391593e-03  -2.30534360e-03 
  -4.21666695e-04    1.06643045e-04    3.15160746e-03    5.01451162e-03 
    3.32084138e-03    2.65293473e-03    1.15796645e-03    1.08179416e-03 
    3.53511420e-03]
[0.04437251  0.05710749  0.06631422  0.03965687  0.04358701  0.0441489 
  0.05250782  0.06845769  0.0428188    0.05169759  0.05027676  0.04626536 
  0.05437017  0.05126599  0.06614706  0.02401295  0.03544448  0.04739629 
  0.05549286  0.05780003  0.05766592  0.05640687  0.06304012  0.02380026 
  0.02694778  0.03246532  0.04552385  0.05472093  0.06339523  0.06789428 
  0.06905542  0.02350792  0.02510871  0.03034867  0.04010483  0.04196828 
  0.05821783  0.06591718  0.07073484  0.02317458  0.02520155  0.02935298 
  0.03492903  0.04665752  0.05357473  0.05357889  0.05853321  0.02792349 
  0.03321005  0.03511253  0.04559355  0.04922594  0.04773065  0.05320189 
  0.04260728  0.04837945  0.05749329]
increment_70
[-2.07821937e-02  -3.23060528e-02  -4.22358618e-02  -1.57048669e-02 
  -1.98488567e-02  -2.03756815e-02  -2.90773025e-02  -4.66938385e-02 
  -1.92378648e-02  -2.80202511e-02  -2.59139446e-02  -2.20693621e-02 
  -3.22679630e-02  -2.82492486e-02  -4.86102186e-02  -1.66733296e-04 
  -1.18391138e-02  -2.40665782e-02  -3.22759476e-02  -3.46952389e-02 
  -3.52204097e-02  -3.66360364e-02  -4.30668184e-02  -4.58558325e-04 
  -3.15255849e-03  -9.20758680e-03  -2.18165557e-02  -3.14053427e-02 
  -4.13623690e-02  -4.58926910e-02  -4.78280674e-02  -3.34257746e-04 
  -2.00207007e-03  -6.61493454e-03  -1.74398413e-02  -1.83130814e-02 
  -3.56757997e-02  -4.25198255e-02  -4.78384258e-02  -7.19322815e-05 
  -1.63809069e-03  -5.38248922e-03  -1.15168895e-02  -2.29396702e-02 
  -3.17242266e-02  -2.90016786e-02  -3.63382819e-02  -4.84652410e-03 
  -9.99410312e-03  -1.14246965e-02  -2.17705482e-02  -2.46994241e-02 
  -2.45086287e-02  -2.99169619e-02  -2.01523755e-02  -2.52056868e-02 
  -3.33114265e-02]
[-0.02603217  -0.03319182  -0.03174524  -0.02239009  -0.02468638  -0.02304727 
  -0.02932504  -0.03036381  -0.02445661  -0.03024665  -0.0275272    -0.02630103 
  -0.02665402  -0.02636443  -0.0166194    -0.01415284  -0.01991585  -0.02630881 
  -0.03001337  -0.02835323  -0.02843288  -0.01618348  -0.02305585  -0.01414456 
  -0.01579063  -0.0194538    -0.02524823  -0.02990588  -0.02606556  -0.0317097 
  -0.02591769  -0.01269056  -0.01167386  -0.01771485  -0.02206894  -0.02387633 
  -0.02820946  -0.03288142  -0.03357753  -0.01266421  -0.01463606  -0.01724921 
  -0.01966805  -0.02723088  -0.0260528    -0.03116695  -0.02934535  -0.0131986 
  -0.01920517  -0.02016957  -0.02668225  -0.02866333  -0.02835771  -0.02948331 
  -0.02276861  -0.02790899  -0.03317181]
[0.01540445  0.01721585  0.01675065  0.01464843  0.01523389  0.01474098 
  0.01601183  0.01543883  0.0171898    0.01623994  0.01562688  0.01627528 
  0.01494261  0.01522046  0.01353297  0.01361503  0.01769926  0.02006272 
  0.0160866    0.01589578  0.01517407  0.01354681  0.01350894  0.0134369 
  0.01411879  0.01972814  0.01627774  0.01545845  0.01471608  0.01508335 
  0.01334617  0.0133281    0.01350725  0.01407513  0.01500963  0.01497115 
  0.01459639  0.01501808  0.01506135  0.01324723  0.01378312  0.01395666 
  0.01417929  0.01474216  0.01539407  0.01507018  0.0143404    0.01358988 
  0.01412617  0.01417194  0.0144676    0.01457101  0.01466509  0.0147458 
  0.01433557  0.01463137  0.0147757  ]
[-0.02603217  -0.03319182  -0.03174524  -0.02239009  -0.02468638  -0.02304727 
  -0.02932504  -0.03036381  -0.02445661  -0.03024665  -0.0275272    -0.02630103 
  -0.02665402  -0.02636443  -0.0166194    -0.01415284  -0.01991585  -0.02630881 
  -0.03001337  -0.02835323  -0.02843288  -0.01618348  -0.02305585  -0.01414456 
  -0.01579063  -0.0194538    -0.02524823  -0.02990588  -0.02606556  -0.0317097 
  -0.02591769  -0.01269056  -0.01167386  -0.01771485  -0.02206894  -0.02387633 
  -0.02820946  -0.03288142  -0.03357753  -0.01266421  -0.01463606  -0.01724921 
  -0.01966805  -0.02723088  -0.0260528    -0.03116695  -0.02934535  -0.0131986 
  -0.01920517  -0.02016957  -0.02668225  -0.02866333  -0.02835771  -0.02948331 
  -0.02276861  -0.02790899  -0.03317181]
[-0.03079345  -0.03317648  -0.03281394  -0.02961593  -0.03043252  -0.03016818 
  -0.03196528  -0.03224877  -0.03036045  -0.03230128  -0.03149247  -0.03113632 
  -0.03128638  -0.0310442    -0.02812205  -0.02778966  -0.02940687  -0.03088599 
  -0.03228785  -0.03175174  -0.0317994    -0.02812687  -0.0305287    -0.02744769 
  -0.0286642    -0.02925377  -0.03108699  -0.03229852  -0.03116673  -0.03299668 
  -0.03189542  -0.02718138  -0.02750637  -0.02896717  -0.03034669  -0.03065997 
  -0.0320656    -0.03343925  -0.03398037  -0.02699869  -0.02813161  -0.0289172 
  -0.02953406  -0.03191512  -0.03159026  -0.03371302  -0.03266288  -0.02766736 
  -0.02929933  -0.0296516    -0.0317622    -0.03295078  -0.03255232  -0.03257971 
  -0.03052883  -0.03175367  -0.03373366]
[-1.01442459e-02  -1.59978448e-02  -1.67020961e-02  -8.45101657e-03 
  -1.04994190e-02  -6.74392791e-03  -1.18301844e-02  -8.69802524e-03 
  -1.06465404e-02  -1.20946344e-02  -9.26141450e-03  -9.57351716e-03 
  -5.65164758e-03  -8.33067037e-03  -9.36027967e-03  -1.09186072e-03 
  -3.49325480e-03  -9.49973334e-03  -7.95898120e-03  -9.07492378e-03 
  -6.06020545e-03  -6.87985790e-03    4.49627075e-03  -1.02301637e-03 
    6.71199122e-05  -3.50572323e-03  -3.03946362e-03  -5.65177420e-03 
  -5.32196049e-03  -2.11417164e-03    7.44950578e-03  -8.60147752e-04 
  -8.02920350e-04  -1.64684337e-03  -1.75719864e-04  -2.81770490e-03 
    5.16675748e-04  -4.88291793e-04    8.73983851e-04  -9.13827315e-04 
  -1.40476220e-03    2.49326857e-04  -6.36584313e-04    1.28938007e-03 
    1.69765921e-03    4.25891419e-03    3.20244464e-03  -2.81273378e-03 
  -7.68488984e-04  -1.29381538e-04    3.23050349e-03    5.44575637e-03 
    3.60797514e-03    2.38465057e-03    9.56775824e-04    7.87209545e-04 
    3.49859135e-03]
[0.01540445  0.01721585  0.01675065  0.01464843  0.01523389  0.01474098 
  0.01601183  0.01543883  0.0171898    0.01623994  0.01562688  0.01627528 
  0.01494261  0.01522046  0.01353297  0.01361503  0.01769926  0.02006272 
  0.0160866    0.01589578  0.01517407  0.01354681  0.01350894  0.0134369 
  0.01411879  0.01972814  0.01627774  0.01545845  0.01471608  0.01508335 
  0.01334617  0.0133281    0.01350725  0.01407513  0.01500963  0.01497115 
  0.01459639  0.01501808  0.01506135  0.01324723  0.01378312  0.01395666 
  0.01417929  0.01474216  0.01539407  0.01507018  0.0143404    0.01358988 
  0.01412617  0.01417194  0.0144676    0.01457101  0.01466509  0.0147458 
  0.01433557  0.01463137  0.0147757  ]
[-1.01442459e-02  -1.59978448e-02  -1.67020961e-02  -8.45101657e-03 
  -1.04994190e-02  -6.74392791e-03  -1.18301844e-02  -8.69802524e-03 
  -1.06465404e-02  -1.20946344e-02  -9.26141450e-03  -9.57351716e-03 
  -5.65164758e-03  -8.33067037e-03  -9.36027967e-03  -1.09186072e-03 
  -3.49325480e-03  -9.49973334e-03  -7.95898120e-03  -9.07492378e-03 
  -6.06020545e-03  -6.87985790e-03    4.49627075e-03  -1.02301637e-03 
    6.71199122e-05  -3.50572323e-03  -3.03946362e-03  -5.65177420e-03 
  -5.32196049e-03  -2.11417164e-03    7.44950578e-03  -8.60147752e-04 
  -8.02920350e-04  -1.64684337e-03  -1.75719864e-04  -2.81770490e-03 
    5.16675748e-04  -4.88291793e-04    8.73983851e-04  -9.13827315e-04 
  -1.40476220e-03    2.49326857e-04  -6.36584313e-04    1.28938007e-03 
    1.69765921e-03    4.25891419e-03    3.20244464e-03  -2.81273378e-03 
  -7.68488984e-04  -1.29381538e-04    3.23050349e-03    5.44575637e-03 
    3.60797514e-03    2.38465057e-03    9.56775824e-04    7.87209545e-04 
    3.49859135e-03]
[0.05157564  0.06548253  0.07504981  0.0453208    0.05028138  0.05054386 
  0.06104258  0.07894261  0.04959832  0.06032153  0.05740642  0.05320568 
  0.06355435  0.05929345  0.07673227  0.02795639  0.04124599  0.05495256 
  0.0645638    0.06644698  0.06701981  0.06476291  0.07359551  0.02790625 
  0.03181676  0.03846136  0.05290355  0.06370386  0.0725291    0.07888937 
  0.07972349  0.02751564  0.02950844  0.0355821    0.04778653  0.04897306 
  0.0677414    0.07595907  0.08181879  0.02707063  0.0297697    0.03429969 
  0.04105095  0.05485479  0.06331448  0.06271469  0.06900116  0.03251388 
  0.03929343  0.0410763    0.05353275  0.0576502    0.05706095  0.06249667 
  0.05068121  0.05695936  0.06704509]
increment_80
[-0.0235146    -0.03587404  -0.04588696  -0.01712364  -0.02228573  -0.022366 
  -0.03293893  -0.05220707  -0.02148765  -0.03187757  -0.02838819  -0.02465574 
  -0.03693672  -0.03172481  -0.05502594  -0.0001979    -0.01333426  -0.02726366 
  -0.03666887  -0.03859071  -0.03993193  -0.04084937  -0.0490983    -0.00073994 
  -0.00406603  -0.01116491  -0.02469724  -0.03565454  -0.04580396  -0.05176135 
  -0.05359581  -0.00044207  -0.00265897  -0.00794019  -0.02069218  -0.02101323 
  -0.04029108  -0.04760217  -0.05391182  -0.00012997  -0.00238256  -0.00628192 
  -0.01359633  -0.02655436  -0.03673117  -0.03347796  -0.04194455  -0.00563434 
  -0.01198768  -0.01329732  -0.02503243  -0.0286415    -0.02919583  -0.03440266 
  -0.02406707  -0.02913855  -0.037831    ]
[-0.02963453  -0.03736671  -0.0359195    -0.0251749    -0.02810294  -0.02619778 
  -0.03359048  -0.03478209  -0.02778778  -0.03458185  -0.03099267  -0.02979947 
  -0.03097458  -0.03021049  -0.01951401  -0.01618607  -0.02274101  -0.02998198 
  -0.03441952  -0.0320248    -0.03278719  -0.01840559  -0.02646058  -0.01631756 
  -0.01831256  -0.02255954  -0.0288469    -0.03425358  -0.02985737  -0.03617581 
  -0.02984254  -0.01471943  -0.01325003  -0.0204356    -0.02565263  -0.02736039 
  -0.03227422  -0.03723338  -0.03892362  -0.01455657  -0.01704632  -0.01976784 
  -0.02273553  -0.03136028  -0.03006244  -0.03588443  -0.03371408  -0.01498348 
  -0.02222828  -0.02323452  -0.03059732  -0.03306817  -0.03313614  -0.03362368 
  -0.02676198  -0.03202725  -0.03782278]
[0.01753057  0.01965208  0.01902265  0.01657693  0.01731859  0.01672602 
  0.01824131  0.01746235  0.0198566    0.01852818  0.01778073  0.01848006 
  0.01692939  0.01731698  0.01537824  0.01546864  0.0200249    0.02351912 
  0.01836222  0.01820928  0.01717102  0.01535261  0.01521707  0.01529965 
  0.0161312    0.02283203  0.01860382  0.01751849  0.01667501  0.01706804 
  0.01489831  0.01519125  0.01529532  0.01597115  0.01713429  0.01706562 
  0.01647787  0.01691446  0.01714495  0.01507666  0.0156651    0.01580916 
  0.01608002  0.0166958    0.01733835  0.01708046  0.0160362    0.01542104 
  0.01602723  0.01607542  0.01633366  0.01639452  0.01653227  0.01666223 
  0.01626042  0.01648046  0.01659731]
[-0.02963453  -0.03736671  -0.0359195    -0.0251749    -0.02810294  -0.02619778 
  -0.03359048  -0.03478209  -0.02778778  -0.03458185  -0.03099267  -0.02979947 
  -0.03097458  -0.03021049  -0.01951401  -0.01618607  -0.02274101  -0.02998198 
  -0.03441952  -0.0320248    -0.03278719  -0.01840559  -0.02646058  -0.01631756 
  -0.01831256  -0.02255954  -0.0288469    -0.03425358  -0.02985737  -0.03617581 
  -0.02984254  -0.01471943  -0.01325003  -0.0204356    -0.02565263  -0.02736039 
  -0.03227422  -0.03723338  -0.03892362  -0.01455657  -0.01704632  -0.01976784 
  -0.02273553  -0.03136028  -0.03006244  -0.03588443  -0.03371408  -0.01498348 
  -0.02222828  -0.02323452  -0.03059732  -0.03306817  -0.03313614  -0.03362368 
  -0.02676198  -0.03202725  -0.03782278]
[-0.03506024  -0.03766491  -0.03738387  -0.03362861  -0.03463168  -0.03435893 
  -0.0364742    -0.03690543  -0.03451411  -0.03689008  -0.03577267  -0.0353678 
  -0.03584933  -0.03543771  -0.03224633  -0.03164663  -0.03342875  -0.03505005 
  -0.0368694    -0.0361105    -0.03639299  -0.03207868  -0.03490527  -0.03134351 
  -0.03268459  -0.03326458  -0.03539786  -0.0368782    -0.03564345  -0.03770423 
  -0.03662875  -0.03107439  -0.03124027  -0.03300595  -0.03468644  -0.03494854 
  -0.03666077  -0.03813292  -0.03904316  -0.03081176  -0.0320684    -0.03291915 
  -0.03368084  -0.03650893  -0.0361252    -0.03863158  -0.03742304  -0.03147276 
  -0.03342104  -0.03385344  -0.03628307  -0.03778699  -0.03739575  -0.03719292 
  -0.03500002  -0.03627357  -0.03855548]
[-1.17097496e-02  -1.80332969e-02  -1.82931612e-02  -9.42842301e-03 
  -1.19716535e-02  -7.71982732e-03  -1.34426272e-02  -9.63187256e-03 
  -1.21552557e-02  -1.37702204e-02  -1.05595306e-02  -1.09062935e-02 
  -6.32001214e-03  -9.59774087e-03  -1.02494373e-02  -1.43527225e-03 
  -4.11936184e-03  -1.07576511e-02  -8.76822783e-03  -1.02450650e-02 
  -6.80709265e-03  -7.68514328e-03    4.44845045e-03  -1.39367033e-03 
    7.71205707e-06  -4.38016997e-03  -3.69367124e-03  -6.61369674e-03 
  -5.96520211e-03  -2.96904424e-03    8.22872390e-03  -1.14056996e-03 
  -1.04350368e-03  -2.09431232e-03  -5.04089244e-04  -3.39333751e-03 
    1.38321512e-04  -1.05673494e-03    1.13572606e-04  -1.19544839e-03 
  -1.87011464e-03    6.06096942e-05  -1.05670246e-03    9.02487579e-04 
    1.26067489e-03    4.37761831e-03    3.67226505e-03  -3.35701397e-03 
  -1.19878537e-03  -4.23979929e-04    3.12205521e-03    5.78936232e-03 
    3.78874070e-03    1.95197041e-03    7.04592945e-04    3.20455101e-04 
    3.30180672e-03]
[0.01753057  0.01965208  0.01902265  0.01657693  0.01731859  0.01672602 
  0.01824131  0.01746235  0.0198566    0.01852818  0.01778073  0.01848006 
  0.01692939  0.01731698  0.01537824  0.01546864  0.0200249    0.02351912 
  0.01836222  0.01820928  0.01717102  0.01535261  0.01521707  0.01529965 
  0.0161312    0.02283203  0.01860382  0.01751849  0.01667501  0.01706804 
  0.01489831  0.01519125  0.01529532  0.01597115  0.01713429  0.01706562 
  0.01647787  0.01691446  0.01714495  0.01507666  0.0156651    0.01580916 
  0.01608002  0.0166958    0.01733835  0.01708046  0.0160362    0.01542104 
  0.01602723  0.01607542  0.01633366  0.01639452  0.01653227  0.01666223 
  0.01626042  0.01648046  0.01659731]
[-1.17097496e-02  -1.80332969e-02  -1.82931612e-02  -9.42842301e-03 
  -1.19716535e-02  -7.71982732e-03  -1.34426272e-02  -9.63187256e-03 
  -1.21552557e-02  -1.37702204e-02  -1.05595306e-02  -1.09062935e-02 
  -6.32001214e-03  -9.59774087e-03  -1.02494373e-02  -1.43527225e-03 
  -4.11936184e-03  -1.07576511e-02  -8.76822783e-03  -1.02450650e-02 
  -6.80709265e-03  -7.68514328e-03    4.44845045e-03  -1.39367033e-03 
    7.71205707e-06  -4.38016997e-03  -3.69367124e-03  -6.61369674e-03 
  -5.96520211e-03  -2.96904424e-03    8.22872390e-03  -1.14056996e-03 
  -1.04350368e-03  -2.09431232e-03  -5.04089244e-04  -3.39333751e-03 
    1.38321512e-04  -1.05673494e-03    1.13572606e-04  -1.19544839e-03 
  -1.87011464e-03    6.06096942e-05  -1.05670246e-03    9.02487579e-04 
    1.26067489e-03    4.37761831e-03    3.67226505e-03  -3.35701397e-03 
  -1.19878537e-03  -4.23979929e-04    3.12205521e-03    5.78936232e-03 
    3.78874070e-03    1.95197041e-03    7.04592945e-04    3.20455101e-04 
    3.30180672e-03]
[0.05857484  0.07353895  0.08327084  0.05075225  0.05691741  0.05672494 
  0.06941313  0.0891125    0.05600177  0.06876765  0.06416086  0.06002354 
  0.07278605  0.06716252  0.08727226  0.03184453  0.04676301  0.0623137 
  0.07353828  0.07470121  0.07632491  0.07292805  0.08400357  0.03208345 
  0.03675062  0.04442949  0.0600951    0.07253274  0.08144741  0.08946558 
  0.09022455  0.03151646  0.03389925  0.04094613  0.05537863  0.05596177 
  0.07695185  0.08573509  0.09295499  0.03094173  0.03445096  0.03920107 
  0.04727717  0.0630633    0.07285637  0.07210954  0.07936759  0.0371071 
  0.04540872  0.04715077  0.0613155    0.06642849  0.06659158  0.07159558 
  0.05906708  0.06541211  0.07638648]
increment_90
[-0.02607745  -0.03917598  -0.04920208  -0.01841516  -0.02475117  -0.02425622 
  -0.03665506  -0.05737235  -0.02342873  -0.03557489  -0.03060257  -0.02721108 
  -0.0416083    -0.0351379    -0.06130731  -0.000235      -0.01459861  -0.03039094 
  -0.04092316  -0.04222123  -0.04452474  -0.04502084  -0.05497817  -0.001144 
  -0.00506569  -0.01303705  -0.02752582  -0.0397167    -0.05014824  -0.05717962 
  -0.0592216    -0.00056563  -0.00333228  -0.00943229  -0.02377639  -0.02378218 
  -0.04464018  -0.05252226  -0.06006871  -0.00020572  -0.00324659  -0.00721097 
  -0.01578679  -0.03012549  -0.04150916  -0.03823917  -0.04738048  -0.00652927 
  -0.01401511  -0.01531488  -0.02820849  -0.0328768    -0.03388113  -0.03869643 
  -0.02824107  -0.03289297  -0.04216365]
[-0.03313303  -0.0413816    -0.03992528  -0.02788002  -0.03153686  -0.02929227 
  -0.03777177  -0.03920355  -0.03092189  -0.03881566  -0.03429527  -0.03327252 
  -0.03537159  -0.03403221  -0.02255101  -0.01821197  -0.02542628  -0.03358567 
  -0.03877292  -0.03559379  -0.0371424    -0.02076414  -0.02976469  -0.01854491 
  -0.02087407  -0.02560864  -0.03241874  -0.03851078  -0.03369641  -0.04050962 
  -0.03384333  -0.0167774    -0.01482626  -0.02323204  -0.02915565  -0.0308781 
  -0.03627297  -0.04148528  -0.04429553  -0.01643991  -0.0195111    -0.02228973 
  -0.02586269  -0.03546149  -0.03406127  -0.04077371  -0.03791413  -0.01674982 
  -0.02525474  -0.02637523  -0.03446361  -0.03765773  -0.03790968  -0.03769659 
  -0.03084705  -0.03605647  -0.04236681]
[0.01961264  0.02211956  0.02127398  0.01846058  0.01939207  0.01867142 
  0.02043275  0.01939728  0.02241225  0.02078329  0.01994678  0.0206481 
  0.01886663  0.01938643  0.01719127  0.0173093    0.02226847  0.02704676 
  0.02059054  0.02057653  0.01910476  0.01712403  0.0168687    0.01713851 
  0.01819668  0.02576958  0.02093725  0.01952033  0.0186254    0.01902849 
  0.01639206  0.01702616  0.017056      0.01784388  0.01920021  0.01917729 
  0.01830071  0.01872501  0.01915925  0.01687407  0.01751663  0.01762793 
  0.01795732  0.01859649  0.01924135  0.01904835  0.01764642  0.01722326 
  0.01789797  0.01794457  0.01816079  0.01815723  0.01832102  0.01854297 
  0.01813622  0.01818076  0.01829478]
[-0.03313303  -0.0413816    -0.03992528  -0.02788002  -0.03153686  -0.02929227 
  -0.03777177  -0.03920355  -0.03092189  -0.03881566  -0.03429527  -0.03327252 
  -0.03537159  -0.03403221  -0.02255101  -0.01821197  -0.02542628  -0.03358567 
  -0.03877292  -0.03559379  -0.0371424    -0.02076414  -0.02976469  -0.01854491 
  -0.02087407  -0.02560864  -0.03241874  -0.03851078  -0.03369641  -0.04050962 
  -0.03384333  -0.0167774    -0.01482626  -0.02323204  -0.02915565  -0.0308781 
  -0.03627297  -0.04148528  -0.04429553  -0.01643991  -0.0195111    -0.02228973 
  -0.02586269  -0.03546149  -0.03406127  -0.04077371  -0.03791413  -0.01674982 
  -0.02525474  -0.02637523  -0.03446361  -0.03765773  -0.03790968  -0.03769659 
  -0.03084705  -0.03605647  -0.04236681]
[-0.03926554  -0.04206364  -0.04185922  -0.03758535  -0.03880673  -0.03849656 
  -0.04092798  -0.04155742  -0.0385581    -0.0414143    -0.03995497  -0.0395531 
  -0.04043866  -0.03979845  -0.03639291  -0.0354583    -0.03736536  -0.03912732 
  -0.04141545  -0.0403995    -0.04097757  -0.03604754  -0.03924119  -0.03520476 
  -0.0366644    -0.03721705  -0.03966427  -0.04141471  -0.0401123    -0.04235696 
  -0.04139902  -0.03493345  -0.03493723  -0.03703099  -0.03897347  -0.03921199 
  -0.04122418  -0.04280297  -0.0441093    -0.0345798    -0.03597522  -0.03688084 
  -0.03781915  -0.04107787  -0.04064659  -0.04360057  -0.04213263  -0.03523189 
  -0.0375174    -0.03803774  -0.04077598  -0.04269552  -0.04222682  -0.04178246 
  -0.03946413  -0.04076986  -0.04334575]
[-0.0132335    -0.02002155  -0.01983357  -0.01037758  -0.0134888    -0.0087182 
  -0.01504765  -0.01049344  -0.01355888  -0.01537244  -0.01185261  -0.01224366 
  -0.00700239  -0.01090653  -0.01110188  -0.00183775  -0.00477778  -0.01202033 
  -0.00953912  -0.01142224  -0.00756094  -0.00838354    0.00425841  -0.00185127 
  -0.00011908  -0.00528557  -0.00439548  -0.0075974    -0.00659502  -0.00398954 
    0.00877982  -0.00146052  -0.00133516  -0.00258937  -0.00090428  -0.00399671 
  -0.00032375  -0.0016117    -0.0006949    -0.0015063    -0.00235574  -0.00020937 
  -0.00156482    0.00043432    0.00069019    0.00434821    0.00399337  -0.00395723 
  -0.00170561  -0.0007888      0.00283222    0.00603284    0.00383146    0.00137581 
    0.00036219  -0.00030356    0.00295899]
[0.01961264  0.02211956  0.02127398  0.01846058  0.01939207  0.01867142 
  0.02043275  0.01939728  0.02241225  0.02078329  0.01994678  0.0206481 
  0.01886663  0.01938643  0.01719127  0.0173093    0.02226847  0.02704676 
  0.02059054  0.02057653  0.01910476  0.01712403  0.0168687    0.01713851 
  0.01819668  0.02576958  0.02093725  0.01952033  0.0186254    0.01902849 
  0.01639206  0.01702616  0.017056      0.01784388  0.01920021  0.01917729 
  0.01830071  0.01872501  0.01915925  0.01687407  0.01751663  0.01762793 
  0.01795732  0.01859649  0.01924135  0.01904835  0.01764642  0.01722326 
  0.01789797  0.01794457  0.01816079  0.01815723  0.01832102  0.01854297 
  0.01813622  0.01818076  0.01829478]
[-0.0132335    -0.02002155  -0.01983357  -0.01037758  -0.0134888    -0.0087182 
  -0.01504765  -0.01049344  -0.01355888  -0.01537244  -0.01185261  -0.01224366 
  -0.00700239  -0.01090653  -0.01110188  -0.00183775  -0.00477778  -0.01202033 
  -0.00953912  -0.01142224  -0.00756094  -0.00838354    0.00425841  -0.00185127 
  -0.00011908  -0.00528557  -0.00439548  -0.0075974    -0.00659502  -0.00398954 
    0.00877982  -0.00146052  -0.00133516  -0.00258937  -0.00090428  -0.00399671 
  -0.00032375  -0.0016117    -0.0006949    -0.0015063    -0.00235574  -0.00020937 
  -0.00156482    0.00043432    0.00069019    0.00434821    0.00399337  -0.00395723 
  -0.00170561  -0.0007888      0.00283222    0.00603284    0.00383146    0.00137581 
    0.00036219  -0.00030356    0.00295899]
[0.06534298  0.08123963  0.09106129  0.05600051  0.0635579    0.06275278 
  0.07758303  0.09892977  0.06198683  0.07698919  0.07055754  0.06676419 
  0.08204695  0.07493634  0.09770022  0.0356933    0.05196397  0.06951826 
  0.08233861  0.08262073  0.08550232  0.08106839  0.09421936  0.03634876 
  0.04173009  0.05025409  0.06719009  0.08113142  0.09026054  0.09953658 
  0.10062062  0.03549907  0.03826951  0.04646328  0.06274986  0.06299417 
  0.08586436  0.09532522  0.10417801  0.03478552  0.03922181  0.04409181 
  0.05360594  0.07120336  0.08215574  0.08183974  0.08951312  0.04176117 
  0.05153251  0.05335261  0.06898447  0.07557232  0.07610795  0.08047889 
  0.0677052    0.07366283  0.0855094  ]
increment_100
[-0.02847846  -0.04221229  -0.05228112  -0.01962121  -0.0272776    -0.02610277 
  -0.0402389    -0.06221474  -0.02506158  -0.03910976  -0.03259144  -0.02976813 
  -0.04624308  -0.03855473  -0.06739384  -0.00031078  -0.01564123  -0.03349881 
  -0.0449779    -0.04568055  -0.04890765  -0.04925668  -0.06072336  -0.00165674 
  -0.00615462  -0.01475266  -0.03039916  -0.04353049  -0.05447339  -0.06214125 
  -0.06476715  -0.00070403  -0.00399339  -0.01110083  -0.02664386  -0.02665909 
  -0.04876072  -0.05738101  -0.06629511  -0.00029906  -0.00421361  -0.00818922 
  -0.01805532  -0.03360032  -0.0460964    -0.04328221  -0.05258002  -0.00756874 
  -0.01605614  -0.01745472  -0.03135967  -0.03737374  -0.03837581  -0.04286088 
  -0.03259674  -0.03648306  -0.0463227  ]
[-0.03652999  -0.04523096  -0.04378596  -0.03053263  -0.03500523  -0.03235197 
  -0.04186839  -0.04361764  -0.0338554    -0.04293862  -0.03744924  -0.03673764 
  -0.03982594  -0.03785179  -0.02569193  -0.0202447    -0.0279739    -0.03714566 
  -0.04303796  -0.03910122  -0.0414328    -0.02328597  -0.03295706  -0.02081807 
  -0.02347523  -0.02855767  -0.03601503  -0.04263967  -0.03760923  -0.04469694 
  -0.03792697  -0.01884361  -0.01644238  -0.02610249  -0.03254595  -0.03444424 
  -0.04019562  -0.0456572    -0.04962862  -0.01832626  -0.02201857  -0.02482527 
  -0.02903696  -0.03950109  -0.03809748  -0.04583302  -0.04190565  -0.01851718 
  -0.02828701  -0.02957307  -0.03831306  -0.04241146  -0.04256419  -0.04176956 
  -0.03492162  -0.04001653  -0.04680616]
[0.02164775  0.02463014  0.0235463    0.02030493  0.02145939  0.0205788 
  0.02258374  0.02123287  0.02482885  0.02303228  0.02212745  0.02280215 
  0.02075678  0.02143814  0.01897525  0.01916974  0.02441214  0.03064777 
  0.02272973  0.02300273  0.02096802  0.01885188  0.01846655  0.01895299 
  0.02032704  0.02848806  0.02330752  0.02145868  0.02060439  0.02097046 
  0.01784211  0.01882698  0.01879523  0.01969234  0.02118429  0.02130667 
  0.02006103  0.02043532  0.02105317  0.01864255  0.01933459  0.01941646 
  0.01981035  0.02043987  0.02110658  0.02093594  0.01918944  0.0190008 
  0.01974189  0.01978011  0.01995679  0.01985424  0.020043      0.02039405 
  0.01997272  0.01977837  0.01982357]
[-0.03652999  -0.04523096  -0.04378596  -0.03053263  -0.03500523  -0.03235197 
  -0.04186839  -0.04361764  -0.0338554    -0.04293862  -0.03744924  -0.03673764 
  -0.03982594  -0.03785179  -0.02569193  -0.0202447    -0.0279739    -0.03714566 
  -0.04303796  -0.03910122  -0.0414328    -0.02328597  -0.03295706  -0.02081807 
  -0.02347523  -0.02855767  -0.03601503  -0.04263967  -0.03760923  -0.04469694 
  -0.03792697  -0.01884361  -0.01644238  -0.02610249  -0.03254595  -0.03444424 
  -0.04019562  -0.0456572    -0.04962862  -0.01832626  -0.02201857  -0.02482527 
  -0.02903696  -0.03950109  -0.03809748  -0.04583302  -0.04190565  -0.01851718 
  -0.02828701  -0.02957307  -0.03831306  -0.04241146  -0.04256419  -0.04176956 
  -0.03492162  -0.04001653  -0.04680616]
[-0.04340772  -0.04635889  -0.04622938  -0.04149374  -0.04296011  -0.04258147 
  -0.04532238  -0.04619865  -0.04249115  -0.04585568  -0.04403607  -0.04369526 
  -0.04504813  -0.04413132  -0.04055165  -0.03921942  -0.04121912  -0.04312197 
  -0.0459147    -0.04462481  -0.04553238  -0.04004085  -0.04352719  -0.0390293 
  -0.04059846  -0.0411041    -0.04389561  -0.04589269  -0.04457481  -0.04693915 
  -0.04619611  -0.03874546  -0.03860858  -0.0410411    -0.04319905  -0.04345379 
  -0.04574864  -0.04745693  -0.0491669    -0.03830914  -0.03985176  -0.04080391 
  -0.04194741  -0.04560637  -0.04516633  -0.04861953  -0.04676874  -0.03895111 
  -0.04159293  -0.04219686  -0.04524374  -0.04766708  -0.0470061    -0.04635812 
  -0.04389794  -0.04523348  -0.04809551]
[-1.47185216e-02  -2.19771217e-02  -2.13546013e-02  -1.13179223e-02 
  -1.50642515e-02  -9.74436808e-03  -1.66462727e-02  -1.13033134e-02 
  -1.48520257e-02  -1.69254068e-02  -1.31416801e-02  -1.36033398e-02 
  -7.73387550e-03  -1.22808157e-02  -1.19708520e-02  -2.32084055e-03 
  -5.46360277e-03  -1.33143276e-02  -1.02953179e-02  -1.26109125e-02 
  -8.33199523e-03  -8.96692507e-03    3.95141685e-03  -2.38815445e-03 
  -3.30574077e-04  -6.20433586e-03  -5.15331615e-03  -8.60285373e-03 
  -7.24101198e-03  -5.16320965e-03    9.07757035e-03  -1.81692905e-03 
  -1.68174507e-03  -3.11811545e-03  -1.36210612e-03  -4.63949926e-03 
  -8.51289582e-04  -2.11729584e-03  -1.51288418e-03  -1.84682216e-03 
  -2.84374937e-03  -5.68186307e-04  -2.15224599e-03  -1.08779689e-04 
    3.44206437e-06    4.12492728e-03    4.12891055e-03  -4.62347740e-03 
  -2.28805743e-03  -1.24129244e-03    2.37034492e-03    6.15917442e-03 
    3.68952834e-03    6.66777154e-04  -1.28739488e-04  -1.06825662e-03 
    2.48984870e-03]
[0.02164775  0.02463014  0.0235463    0.02030493  0.02145939  0.0205788 
  0.02258374  0.02123287  0.02482885  0.02303228  0.02212745  0.02280215 
  0.02075678  0.02143814  0.01897525  0.01916974  0.02441214  0.03064777 
  0.02272973  0.02300273  0.02096802  0.01885188  0.01846655  0.01895299 
  0.02032704  0.02848806  0.02330752  0.02145868  0.02060439  0.02097046 
  0.01784211  0.01882698  0.01879523  0.01969234  0.02118429  0.02130667 
  0.02006103  0.02043532  0.02105317  0.01864255  0.01933459  0.01941646 
  0.01981035  0.02043987  0.02110658  0.02093594  0.01918944  0.0190008 
  0.01974189  0.01978011  0.01995679  0.01985424  0.020043      0.02039405 
  0.01997272  0.01977837  0.01982357]
[-1.47185216e-02  -2.19771217e-02  -2.13546013e-02  -1.13179223e-02 
  -1.50642515e-02  -9.74436808e-03  -1.66462727e-02  -1.13033134e-02 
  -1.48520257e-02  -1.69254068e-02  -1.31416801e-02  -1.36033398e-02 
  -7.73387550e-03  -1.22808157e-02  -1.19708520e-02  -2.32084055e-03 
  -5.46360277e-03  -1.33143276e-02  -1.02953179e-02  -1.26109125e-02 
  -8.33199523e-03  -8.96692507e-03    3.95141685e-03  -2.38815445e-03 
  -3.30574077e-04  -6.20433586e-03  -5.15331615e-03  -8.60285373e-03 
  -7.24101198e-03  -5.16320965e-03    9.07757035e-03  -1.81692905e-03 
  -1.68174507e-03  -3.11811545e-03  -1.36210612e-03  -4.63949926e-03 
  -8.51289582e-04  -2.11729584e-03  -1.51288418e-03  -1.84682216e-03 
  -2.84374937e-03  -5.68186307e-04  -2.15224599e-03  -1.08779689e-04 
    3.44206437e-06    4.12492728e-03    4.12891055e-03  -4.62347740e-03 
  -2.28805743e-03  -1.24129244e-03    2.37034492e-03    6.15917442e-03 
    3.68952834e-03    6.66777154e-04  -1.28739488e-04  -1.06825662e-03 
    2.48984870e-03]
[0.07188619  0.08857118  0.0985105    0.06111496  0.07023772  0.06868424 
  0.08556128  0.10841339  0.06755273  0.08496544  0.07662751  0.07346339 
  0.09129122  0.08268604  0.10794549  0.0395302    0.05686035  0.07662078 
  0.09089261  0.09030536  0.09444003  0.08929753  0.10425055  0.04068604 
  0.04675309  0.05585676  0.07429477  0.08942318  0.0990482    0.1090804 
  0.11096325  0.03944949  0.04260197  0.05214193  0.06984291  0.07011288 
  0.09450936  0.10483794  0.11546201  0.0386082    0.04406537  0.04899314 
  0.06000273  0.07920668  0.09126274  0.09190174  0.09934876  0.04651985 
  0.05764907  0.05965158  0.07660341  0.08504082  0.08538191  0.08921901 
  0.07649469  0.08171653  0.09441821]
increment_110
[-0.03072477  -0.04500501  -0.05520087  -0.0207711    -0.02987204  -0.02793411 
  -0.04370992  -0.06679618  -0.02642117  -0.04251043  -0.03438988  -0.03234476 
  -0.0507936    -0.04202023  -0.07322834  -0.00045529  -0.0165087    -0.03662861 
  -0.04880195  -0.04906555  -0.05299064  -0.05360458  -0.06636766  -0.00225343 
  -0.00733301  -0.01630573  -0.03338457  -0.04707748  -0.05882463  -0.06671011 
  -0.07026806  -0.00085655  -0.00462227  -0.01294763  -0.02931957  -0.02965901 
  -0.05269047  -0.06228697  -0.0725491    -0.00041181  -0.00528326  -0.00922237 
  -0.02037837  -0.0369635    -0.05060114  -0.04855339  -0.05751024  -0.00877628 
  -0.01811387  -0.01967526  -0.03455978  -0.04208917  -0.04254407  -0.04701432 
  -0.03704478  -0.03997887  -0.05033303]
[-0.03982899  -0.04892286  -0.04753569  -0.03314884  -0.03850872  -0.03539236 
  -0.04588596  -0.04801724  -0.03661095  -0.04696321  -0.04047646  -0.04020425 
  -0.04430784  -0.04168457  -0.02889591  -0.02229682  -0.03041351  -0.04069488 
  -0.04719421  -0.04259186  -0.04560027  -0.02599577  -0.03602238  -0.02312573 
  -0.02611778  -0.03140165  -0.03967415  -0.04662405  -0.04161504  -0.04870783 
  -0.04208487  -0.02090589  -0.01813315  -0.02903523  -0.03584306  -0.03805805 
  -0.04406453  -0.04976526  -0.05484969  -0.02023515  -0.0245666    -0.02738015 
  -0.03225084  -0.04346998  -0.042217      -0.05102858  -0.04566703  -0.02029896 
  -0.03134341  -0.03280486  -0.04218813  -0.04729995  -0.04701949  -0.04591188 
  -0.03889709  -0.04394109  -0.05114448]
[0.02363493  0.02717062  0.02587126  0.02211306  0.02352066  0.02245127 
  0.02469452  0.02297045  0.02712399  0.02531006  0.02432324  0.02495963 
  0.02260136  0.02347775  0.02072865  0.02108729  0.0264653    0.03431384 
  0.02475051  0.02548074  0.02275545  0.02053422  0.02001153  0.02074385 
  0.0225036    0.03099851  0.02571249  0.02333306  0.02262752  0.02288512 
  0.01926093  0.02059143  0.02051775  0.02151576  0.02308896  0.02345157 
  0.02176254  0.02204375  0.02279827  0.02038592  0.02111703  0.02117993 
  0.02163652  0.02223091  0.02293205  0.02273298  0.02067738  0.02075766 
  0.02156254  0.02158495  0.02173133  0.0214892    0.02172062  0.02222257 
  0.0217804    0.02134963  0.02115927]
[-0.03982899  -0.04892286  -0.04753569  -0.03314884  -0.03850872  -0.03539236 
  -0.04588596  -0.04801724  -0.03661095  -0.04696321  -0.04047646  -0.04020425 
  -0.04430784  -0.04168457  -0.02889591  -0.02229682  -0.03041351  -0.04069488 
  -0.04719421  -0.04259186  -0.04560027  -0.02599577  -0.03602238  -0.02312573 
  -0.02611778  -0.03140165  -0.03967415  -0.04662405  -0.04161504  -0.04870783 
  -0.04208487  -0.02090589  -0.01813315  -0.02903523  -0.03584306  -0.03805805 
  -0.04406453  -0.04976526  -0.05484969  -0.02023515  -0.0245666    -0.02738015 
  -0.03225084  -0.04346998  -0.042217      -0.05102858  -0.04566703  -0.02029896 
  -0.03134341  -0.03280486  -0.04218813  -0.04729995  -0.04701949  -0.04591188 
  -0.03889709  -0.04394109  -0.05114448]
[-0.04748797  -0.05054435  -0.05049792  -0.04535662  -0.04708682  -0.04662129 
  -0.04965836  -0.05082701  -0.04632494  -0.05020521  -0.04802453  -0.04779446 
  -0.04966682  -0.04844112  -0.04471533  -0.04292354  -0.0450043    -0.04704234 
  -0.05036347  -0.04879775  -0.05004017  -0.04406727  -0.04775671  -0.04281943 
  -0.04449045  -0.04492703  -0.0481029    -0.05030658  -0.04903585  -0.05143698 
  -0.05100737  -0.04250459  -0.04226601  -0.04503452  -0.04737328  -0.04767697 
  -0.05024125  -0.05210226  -0.05419787  -0.04200831  -0.04370172  -0.04469401 
  -0.04606509  -0.05008966  -0.0497004    -0.05367331  -0.05132338  -0.04263814 
  -0.04565503  -0.0463286    -0.049698      -0.05268488  -0.05170809  -0.05093261 
  -0.04828609  -0.04966247  -0.05279496]
[-0.01616945  -0.02391306  -0.02288386  -0.01226244  -0.01669908  -0.01079637 
  -0.01824277  -0.01209712  -0.01605276  -0.01847219  -0.0144318    -0.01500327 
  -0.00853702  -0.01372633  -0.01286607  -0.0029122    -0.00617276  -0.01466643 
  -0.01105412  -0.01381695  -0.00912396  -0.00946966    0.00355576  -0.00299208 
  -0.00062758  -0.00713319  -0.00596556  -0.00963024  -0.00791173  -0.00644526 
    0.00911669  -0.00220727  -0.00207649  -0.00366691  -0.00186679  -0.00532774 
  -0.00144262  -0.00257677  -0.00231922  -0.00221901  -0.00331859  -0.0010203 
  -0.00280235  -0.00073591  -0.00077094    0.00368113    0.00408334  -0.00535535 
  -0.00294247  -0.00178833    0.00175644    0.00613204    0.00333047  -0.00017184 
  -0.00079343  -0.00195522    0.00191692]
[0.02363493  0.02717062  0.02587126  0.02211306  0.02352066  0.02245127 
  0.02469452  0.02297045  0.02712399  0.02531006  0.02432324  0.02495963 
  0.02260136  0.02347775  0.02072865  0.02108729  0.0264653    0.03431384 
  0.02475051  0.02548074  0.02275545  0.02053422  0.02001153  0.02074385 
  0.0225036    0.03099851  0.02571249  0.02333306  0.02262752  0.02288512 
  0.01926093  0.02059143  0.02051775  0.02151576  0.02308896  0.02345157 
  0.02176254  0.02204375  0.02279827  0.02038592  0.02111703  0.02117993 
  0.02163652  0.02223091  0.02293205  0.02273298  0.02067738  0.02075766 
  0.02156254  0.02158495  0.02173133  0.0214892    0.02172062  0.02222257 
  0.0217804    0.02134963  0.02115927]
[-0.01616945  -0.02391306  -0.02288386  -0.01226244  -0.01669908  -0.01079637 
  -0.01824277  -0.01209712  -0.01605276  -0.01847219  -0.0144318    -0.01500327 
  -0.00853702  -0.01372633  -0.01286607  -0.0029122    -0.00617276  -0.01466643 
  -0.01105412  -0.01381695  -0.00912396  -0.00946966    0.00355576  -0.00299208 
  -0.00062758  -0.00713319  -0.00596556  -0.00963024  -0.00791173  -0.00644526 
    0.00911669  -0.00220727  -0.00207649  -0.00366691  -0.00186679  -0.00532774 
  -0.00144262  -0.00257677  -0.00231922  -0.00221901  -0.00331859  -0.0010203 
  -0.00280235  -0.00073591  -0.00077094    0.00368113    0.00408334  -0.00535535 
  -0.00294247  -0.00178833    0.00175644    0.00613204    0.00333047  -0.00017184 
  -0.00079343  -0.00195522    0.00191692]
[0.07821274  0.09554936  0.1056988    0.06612772  0.07695885  0.0745554 
  0.09336828  0.11762319  0.07274611  0.09271564  0.0824144    0.08013922 
  0.10046041  0.09046135  0.11794367  0.04337883  0.061513      0.08367095 
  0.09916542  0.0978633    0.1030308    0.09767185  0.11412437  0.04507286 
  0.05182347  0.06123275  0.08148747  0.09738406  0.10786048  0.11814709 
  0.12127543  0.04336113  0.04688828  0.05798216  0.07669285  0.07733598 
  0.10293172  0.11438922  0.12674696  0.04242011  0.04898498  0.05391638 
  0.06644346  0.08705316  0.10030154  0.1022267    0.10883363  0.05141442 
  0.06376889  0.06600386  0.08425778  0.09477405  0.09425216  0.09794693 
  0.08533087  0.08964134  0.10312799]
increment_120
[-0.03281732  -0.04759373  -0.05797461  -0.02187033  -0.03251057  -0.02974364 
  -0.04709246  -0.07117105  -0.02755904  -0.04580859  -0.03603126  -0.03493988 
  -0.05521905  -0.04553535  -0.0787998    -0.00065674  -0.01726718  -0.03981163 
  -0.05239692  -0.0524392    -0.05674093  -0.0580358    -0.07198648  -0.00291781 
  -0.00857721  -0.01772627  -0.03651353  -0.05039283  -0.0632167    -0.07099625 
  -0.07569729  -0.00102325  -0.00521378  -0.01495828  -0.03187058  -0.03278304 
  -0.05648527  -0.06729452  -0.0787862    -0.00054594  -0.00645999  -0.01031843 
  -0.02274148  -0.04022915  -0.05513341  -0.05396621  -0.06216146  -0.01017287 
  -0.02021469  -0.02193306  -0.03788915  -0.04692995  -0.0463224    -0.05125075 
  -0.04149873  -0.04344931  -0.05420547]
[-0.04303004  -0.05248108  -0.05117976  -0.03572774  -0.04203553  -0.03840865 
  -0.04983872  -0.05237769  -0.03922134  -0.05091482  -0.04339745  -0.04367498 
  -0.04877687  -0.04553567  -0.03212587  -0.02436515  -0.03278543  -0.04426685 
  -0.05123638  -0.04609907  -0.04961925  -0.02890621  -0.03893821  -0.02546308 
  -0.0287899    -0.03415818  -0.04341475  -0.05048123  -0.04571064  -0.052535 
  -0.0462624    -0.02296264  -0.01991473  -0.03200408  -0.03909498  -0.04171124 
  -0.04792151  -0.05380711  -0.05987939  -0.02218531  -0.02715109  -0.02996472 
  -0.03549357  -0.04738062  -0.04643163  -0.05630978  -0.04918091  -0.02210944 
  -0.03444477  -0.03604984  -0.04613702  -0.05226282  -0.05123887  -0.05015909 
  -0.042723      -0.04785667  -0.05537301]
[0.02557266  0.02971726  0.02824716  0.02388348  0.02557521  0.02428743 
  0.02677152  0.02461655  0.02932107  0.02764397  0.02652936  0.02713939 
  0.02439695  0.02550813  0.02243908  0.02306215  0.02845853  0.03803435 
  0.02664343  0.02798991  0.02446715  0.02217292  0.02150077  0.02251388 
  0.02468079  0.0333445    0.02813614  0.02514689  0.02469256  0.02476047 
  0.02066481  0.02232245  0.02222569  0.02331118  0.02493215  0.02560824 
  0.02341448  0.02355804  0.02439418  0.02210908  0.02286191  0.02292486 
  0.02343205  0.02397975  0.02470913  0.02447151  0.02211464  0.02249807 
  0.02336062  0.02336448  0.02349084  0.02307947  0.02337072  0.02403515 
  0.02356189  0.0229427    0.02231488]
[-0.04303004  -0.05248108  -0.05117976  -0.03572774  -0.04203553  -0.03840865 
  -0.04983872  -0.05237769  -0.03922134  -0.05091482  -0.04339745  -0.04367498 
  -0.04877687  -0.04553567  -0.03212587  -0.02436515  -0.03278543  -0.04426685 
  -0.05123638  -0.04609907  -0.04961925  -0.02890621  -0.03893821  -0.02546308 
  -0.0287899    -0.03415818  -0.04341475  -0.05048123  -0.04571064  -0.052535 
  -0.0462624    -0.02296264  -0.01991473  -0.03200408  -0.03909498  -0.04171124 
  -0.04792151  -0.05380711  -0.05987939  -0.02218531  -0.02715109  -0.02996472 
  -0.03549357  -0.04738062  -0.04643163  -0.05630978  -0.04918091  -0.02210944 
  -0.03444477  -0.03604984  -0.04613702  -0.05226282  -0.05123887  -0.05015909 
  -0.042723      -0.04785667  -0.05537301]
[-0.05150639  -0.05462892  -0.05466497  -0.04917032  -0.05118767  -0.05061539 
  -0.05394797  -0.05542957  -0.05007288  -0.05447347  -0.05192758  -0.051854 
  -0.05427435  -0.05273705  -0.04887608  -0.04657456  -0.04873475  -0.05089888 
  -0.05476127  -0.0529322    -0.05449154  -0.0481344    -0.0519228    -0.04658164 
  -0.04834506  -0.04869188  -0.05229562  -0.05466518  -0.05349768  -0.05585331 
  -0.05580369  -0.04621612  -0.04591739  -0.04900882  -0.05151712  -0.05188538 
  -0.05471907  -0.0567383    -0.05918041  -0.04568851  -0.04752551  -0.04856356 
  -0.05016945  -0.05453592  -0.0542573    -0.05874357  -0.05579296  -0.04630333 
  -0.04971014  -0.05043388  -0.05415601  -0.05771805  -0.05631923  -0.05551804 
  -0.05262378  -0.05406419  -0.05743505]
[-0.01758883  -0.02584115  -0.02443456  -0.01321251  -0.01838207  -0.01186646 
  -0.01984558  -0.0129095    -0.0171864    -0.02006378  -0.01572882  -0.01646456 
  -0.00941856  -0.01523479  -0.01376234  -0.00361405  -0.00690979  -0.01609668 
  -0.01183577  -0.01504273  -0.00994351  -0.00993793    0.00309914  -0.0036553 
  -0.00100296  -0.00807892  -0.00683826  -0.01067743  -0.00861222  -0.00778662 
    0.00888883  -0.00263065  -0.00250888  -0.00422724  -0.00240514  -0.00606663 
  -0.00210702  -0.00301741  -0.00310385  -0.002626      -0.00377877  -0.00156095 
  -0.00350149  -0.00145561  -0.00160346    0.00299784    0.00387834  -0.00614503 
  -0.00365781  -0.00243682    0.00101453    0.00589516    0.00275852  -0.00113656 
  -0.0016116    -0.00294516    0.0012568  ]
[0.02557266  0.02971726  0.02824716  0.02388348  0.02557521  0.02428743 
  0.02677152  0.02461655  0.02932107  0.02764397  0.02652936  0.02713939 
  0.02439695  0.02550813  0.02243908  0.02306215  0.02845853  0.03803435 
  0.02664343  0.02798991  0.02446715  0.02217292  0.02150077  0.02251388 
  0.02468079  0.0333445    0.02813614  0.02514689  0.02469256  0.02476047 
  0.02066481  0.02232245  0.02222569  0.02331118  0.02493215  0.02560824 
  0.02341448  0.02355804  0.02439418  0.02210908  0.02286191  0.02292486 
  0.02343205  0.02397975  0.02470913  0.02447151  0.02211464  0.02249807 
  0.02336062  0.02336448  0.02349084  0.02307947  0.02337072  0.02403515 
  0.02356189  0.0229427    0.02231488]
[-0.01758883  -0.02584115  -0.02443456  -0.01321251  -0.01838207  -0.01186646 
  -0.01984558  -0.0129095    -0.0171864    -0.02006378  -0.01572882  -0.01646456 
  -0.00941856  -0.01523479  -0.01376234  -0.00361405  -0.00690979  -0.01609668 
  -0.01183577  -0.01504273  -0.00994351  -0.00993793    0.00309914  -0.0036553 
  -0.00100296  -0.00807892  -0.00683826  -0.01067743  -0.00861222  -0.00778662 
    0.00888883  -0.00263065  -0.00250888  -0.00422724  -0.00240514  -0.00606663 
  -0.00210702  -0.00301741  -0.00310385  -0.002626      -0.00377877  -0.00156095 
  -0.00350149  -0.00145561  -0.00160346    0.00299784    0.00387834  -0.00614503 
  -0.00365781  -0.00243682    0.00101453    0.00589516    0.00275852  -0.00113656 
  -0.0016116    -0.00294516    0.0012568  ]
[0.08432372  0.10222265  0.11263958  0.07104065  0.08369824  0.08035904 
  0.10104043  0.12660062  0.07763193  0.10028206  0.08795884  0.08679388 
  0.1094934    0.0982724    0.12767588  0.0472313    0.06600193  0.09071051 
  0.10715819  0.1053714    0.11123247  0.1061702    0.12390928  0.04949945 
  0.05692227  0.06641815  0.08880916  0.10505801  0.11671438  0.12684957 
  0.13150098  0.04723937  0.05113117  0.0639671    0.0833877    0.08466842 
  0.11120434  0.12403282  0.13796661  0.04623445  0.0539855    0.05888199 
  0.07291093  0.09476507  0.10939071  0.11270978  0.11795442  0.0564762 
  0.06992483  0.07236695  0.09204516  0.10464799  0.10264163  0.10676879 
  0.09412251  0.0975135    0.11164052]
