inc
eps_11
eps_12
eps_13
eps_21
eps_22
eps_23
eps_31
eps_32
eps_33
increment_0
[-5.55111512e-17  -5.55111512e-17  -5.55111512e-17  -5.55111512e-17 
  -5.55111512e-17  -5.55111512e-17  -5.55111512e-17  -5.55111512e-17 
  -5.55111512e-17  -5.55111512e-17  -5.55111512e-17  -5.55111512e-17 
  -5.55111512e-17  -5.55111512e-17  -5.55111512e-17  -5.55111512e-17 
  -5.55111512e-17]
[0.  0.  0.  0.  0.  0.  0.  0.  0.  0.  0.  0.  0.  0.  0.  0.  0.]
[0.  0.  0.  0.  0.  0.  0.  0.  0.  0.  0.  0.  0.  0.  0.  0.  0.]
[0.  0.  0.  0.  0.  0.  0.  0.  0.  0.  0.  0.  0.  0.  0.  0.  0.]
[-1.07010848e-16  -1.07010848e-16  -1.07010848e-16  -1.07010848e-16 
  -1.07010848e-16  -1.07010848e-16  -1.07010848e-16  -1.07010848e-16 
  -1.07010848e-16  -1.07010848e-16  -1.07010848e-16  -1.07010848e-16 
  -1.07010848e-16  -1.07010848e-16  -1.07010848e-16  -1.07010848e-16 
  -1.07010848e-16]
[-2.95741448e-17  -2.95741448e-17  -2.95741448e-17  -2.95741448e-17 
  -2.95741448e-17  -2.95741448e-17  -2.95741448e-17  -2.95741448e-17 
  -2.95741448e-17  -2.95741448e-17  -2.95741448e-17  -2.95741448e-17 
  -2.95741448e-17  -2.95741448e-17  -2.95741448e-17  -2.95741448e-17 
  -2.95741448e-17]
[0.  0.  0.  0.  0.  0.  0.  0.  0.  0.  0.  0.  0.  0.  0.  0.  0.]
[-2.95741448e-17  -2.95741448e-17  -2.95741448e-17  -2.95741448e-17 
  -2.95741448e-17  -2.95741448e-17  -2.95741448e-17  -2.95741448e-17 
  -2.95741448e-17  -2.95741448e-17  -2.95741448e-17  -2.95741448e-17 
  -2.95741448e-17  -2.95741448e-17  -2.95741448e-17  -2.95741448e-17 
  -2.95741448e-17]
[1.07010848e-16  1.07010848e-16  1.07010848e-16  1.07010848e-16 
  1.07010848e-16  1.07010848e-16  1.07010848e-16  1.07010848e-16 
  1.07010848e-16  1.07010848e-16  1.07010848e-16  1.07010848e-16 
  1.07010848e-16  1.07010848e-16  1.07010848e-16  1.07010848e-16 
  1.07010848e-16]
increment_10
[-5.86888301e-04  -1.30964277e-03  -1.67368767e-03  -7.24902736e-04 
  -4.79963581e-04  -7.85596316e-04  -1.64687884e-03    1.42975378e-03 
  -1.96879121e-04  -1.49037736e-03  -3.84733236e-04  -7.94612281e-06 
  -3.41995211e-04  -6.51192288e-04    6.44663090e-04    8.53572812e-04 
    1.39290301e-04]
[-1.64095131e-03  -1.76721751e-03    5.98811403e-04    2.21389084e-04 
  -1.71948371e-03  -2.58299717e-03  -1.64372129e-03  -1.78158853e-03 
  -2.06900062e-03  -2.19910977e-03    1.99384347e-04    1.78510247e-04 
  -1.48631584e-03  -1.17176041e-03    1.74916737e-05  -1.60587846e-04 
    1.01890260e-04]
[0.00361104  0.00324649  0.00137382  0.00199675  0.00352966  0.00396566 
  0.00299904  0.00281583  0.0033221    0.00411405  0.00225609  0.00222175 
  0.00317543  0.00307264  0.00201789  0.00197251  0.0020538  ]
[-1.64095131e-03  -1.76721751e-03    5.98811403e-04    2.21389084e-04 
  -1.71948371e-03  -2.58299717e-03  -1.64372129e-03  -1.78158853e-03 
  -2.06900062e-03  -2.19910977e-03    1.99384347e-04    1.78510247e-04 
  -1.48631584e-03  -1.17176041e-03    1.74916737e-05  -1.60587846e-04 
    1.01890260e-04]
[-0.00280517  -0.00411607  -0.00265279  -0.00400152  -0.00420414  -0.00552898 
  -0.00388091  -0.00530323  -0.00425418  -0.00328801  -0.00278099  -0.00444449 
  -0.0040125    -0.00438225  -0.0040106    -0.00336353  -0.00290971]
[-2.01171632e-03  -1.40353937e-03  -1.01466744e-03  -3.85111028e-04 
  -1.22230615e-03  -1.04603640e-03  -1.48141589e-03  -9.67332025e-04 
  -1.51305233e-03  -1.88668420e-03  -7.62355377e-04  -2.78365234e-05 
  -1.19681305e-03  -7.89095762e-04  -3.44343345e-04  -8.66908489e-04 
  -8.12292061e-04]
[0.00361104  0.00324649  0.00137382  0.00199675  0.00352966  0.00396566 
  0.00299904  0.00281583  0.0033221    0.00411405  0.00225609  0.00222175 
  0.00317543  0.00307264  0.00201789  0.00197251  0.0020538  ]
[-2.01171632e-03  -1.40353937e-03  -1.01466744e-03  -3.85111028e-04 
  -1.22230615e-03  -1.04603640e-03  -1.48141589e-03  -9.67332025e-04 
  -1.51305233e-03  -1.88668420e-03  -7.62355377e-04  -2.78365234e-05 
  -1.19681305e-03  -7.89095762e-04  -3.44343345e-04  -8.66908489e-04 
  -8.12292061e-04]
[0.00339206  0.00542572  0.00432647  0.00472642  0.0046841    0.00631457 
  0.00552779  0.00387347  0.00445106  0.00477839  0.00316572  0.00445243 
  0.00435449  0.00503344  0.00336594  0.00250996  0.00277042]
increment_20
[-0.00177651  -0.00354548  -0.00456006  -0.00221242  -0.00171466  -0.0020014 
  -0.0044027      0.0033683    -0.00084718  -0.00388989  -0.0013035    -0.00011068 
  -0.00068101  -0.00151518    0.00157811    0.00209093  -0.00015385]
[-0.00395446  -0.00392029    0.00203657    0.0006973    -0.00411831  -0.00573417 
  -0.00358721  -0.00360416  -0.00476292  -0.00476849    0.00040724    0.00088259 
  -0.00273194  -0.00259367    0.00049913  -0.00039528    0.00056038]
[0.00839526  0.00752073  0.00260584  0.00415014  0.00840026  0.00918544 
  0.00667939  0.00615222  0.00774348  0.0095921    0.00549347  0.00481401 
  0.00705583  0.00716508  0.00444121  0.00463474  0.00498138]
[-0.00395446  -0.00392029    0.00203657    0.0006973    -0.00411831  -0.00573417 
  -0.00358721  -0.00360416  -0.00476292  -0.00476849    0.00040724    0.00088259 
  -0.00273194  -0.00259367    0.00049913  -0.00039528    0.00056038]
[-0.00609442  -0.00854337  -0.00492336  -0.00832415  -0.00876173  -0.01168467 
  -0.00801221  -0.01085275  -0.00915444  -0.00596275  -0.00527737  -0.00960595 
  -0.00758535  -0.00950823  -0.00833494  -0.00682109  -0.00598507]
[-4.81344843e-03  -3.70158694e-03  -2.79121431e-03  -1.32671065e-03 
  -3.32344103e-03  -2.83615276e-03  -4.08420839e-03  -2.68713421e-03 
  -3.88707598e-03  -4.92485908e-03  -2.40965170e-03  -6.49903659e-05 
  -3.26542962e-03  -2.10599330e-03  -1.08393390e-03  -2.66003184e-03 
  -2.11087838e-03]
[0.00839526  0.00752073  0.00260584  0.00415014  0.00840026  0.00918544 
  0.00667939  0.00615222  0.00774348  0.0095921    0.00549347  0.00481401 
  0.00705583  0.00716508  0.00444121  0.00463474  0.00498138]
[-4.81344843e-03  -3.70158694e-03  -2.79121431e-03  -1.32671065e-03 
  -3.32344103e-03  -2.83615276e-03  -4.08420839e-03  -2.68713421e-03 
  -3.88707598e-03  -4.92485908e-03  -2.40965170e-03  -6.49903659e-05 
  -3.26542962e-03  -2.10599330e-03  -1.08393390e-03  -2.66003184e-03 
  -2.11087838e-03]
[0.00787094  0.01208885  0.00948342  0.01053656  0.01047638  0.01368607 
  0.01241491  0.00748445  0.01000162  0.00985264  0.00658087  0.00971663 
  0.00826636  0.01102341  0.00675684  0.00473015  0.00613892]
increment_30
[-0.00295784  -0.00559614  -0.00739916  -0.00361162  -0.00283248  -0.00314754 
  -0.00706682    0.00508229  -0.00130429  -0.00627324  -0.0024629    -0.00033442 
  -0.00114722  -0.00225137    0.00225033    0.00334174  -0.00065587]
[-0.00629162  -0.00605022    0.00337291    0.00107018  -0.00661674  -0.00900682 
  -0.00557775  -0.00553539  -0.00740618  -0.00735927    0.00061048    0.00156932 
  -0.00418776  -0.0041239      0.00103747  -0.00075781    0.00089573]
[0.01309915  0.01174594  0.00383877  0.00631946  0.01322797  0.0143677 
  0.0102898    0.00954232  0.01201856  0.01497033  0.00877417  0.00738097 
  0.01105671  0.01125182  0.00691844  0.00731763  0.00802346]
[-0.00629162  -0.00605022    0.00337291    0.00107018  -0.00661674  -0.00900682 
  -0.00557775  -0.00553539  -0.00740618  -0.00735927    0.00061048    0.00156932 
  -0.00418776  -0.0041239      0.00103747  -0.00075781    0.00089573]
[-0.00932541  -0.01283685  -0.00722462  -0.01268021  -0.01314198  -0.01774125 
  -0.01206536  -0.01625123  -0.01397561  -0.00847565  -0.00750435  -0.01466534 
  -0.01122947  -0.01463987  -0.01237934  -0.01034922  -0.00902569]
[-0.00759322  -0.00606939  -0.00457717  -0.00234        -0.00561926  -0.00482379 
  -0.00680204  -0.00452575  -0.00632095  -0.00799558  -0.00415165  -0.00013262 
  -0.0053868    -0.00350962  -0.00188853  -0.00446416  -0.00341956]
[0.01309915  0.01174594  0.00383877  0.00631946  0.01322797  0.0143677 
  0.0102898    0.00954232  0.01201856  0.01497033  0.00877417  0.00738097 
  0.01105671  0.01125182  0.00691844  0.00731763  0.00802346]
[-0.00759322  -0.00606939  -0.00457717  -0.00234        -0.00561926  -0.00482379 
  -0.00680204  -0.00452575  -0.00632095  -0.00799558  -0.00415165  -0.00013262 
  -0.0053868    -0.00350962  -0.00188853  -0.00446416  -0.00341956]
[0.01228325  0.01843299  0.01462378  0.01629183  0.01597446  0.02088878 
  0.01913218  0.01116894  0.0152799    0.01474889  0.00996725  0.01499976 
  0.01237668  0.01689123  0.01012901  0.00700748  0.00968157]
increment_40
[-0.00392881  -0.00740187  -0.0101376    -0.00498566  -0.0037914    -0.00408685 
  -0.00952272    0.00654012  -0.0014662    -0.00859819  -0.0036709    -0.00068721 
  -0.00170071  -0.0029095      0.00285365    0.00458884  -0.00120174]
[-0.00852985  -0.00819395    0.00463072    0.00146858  -0.00913472  -0.01227518 
  -0.00750641  -0.00758847  -0.0099294    -0.00990487    0.00073156    0.00222627 
  -0.00587816  -0.00557059    0.00159582  -0.00119089    0.00111843]
[0.01763711  0.01593873  0.00508347  0.00844849  0.01794357  0.01938983 
  0.01385843  0.0129895    0.01610725  0.02021966  0.0120617    0.00992886 
  0.01515407  0.01523194  0.00938453  0.00999414  0.01110924]
[-0.00852985  -0.00819395    0.00463072    0.00146858  -0.00913472  -0.01227518 
  -0.00750641  -0.00758847  -0.0099294    -0.00990487    0.00073156    0.00222627 
  -0.00587816  -0.00557059    0.00159582  -0.00119089    0.00111843]
[-0.01246458  -0.01701842  -0.00947708  -0.01696679  -0.01734252  -0.02369149 
  -0.01598569  -0.02151449  -0.01869562  -0.01080671  -0.00963917  -0.01962599 
  -0.01498375  -0.01966361  -0.01633099  -0.01383425  -0.01203037]
[-0.01034213  -0.00849918  -0.00638508  -0.00333294  -0.00805246  -0.00695733 
  -0.00952608  -0.00648951  -0.00875372  -0.011095      -0.00597086  -0.00024199 
  -0.00757514  -0.00493712  -0.00269649  -0.00630305  -0.00477672]
[0.01763711  0.01593873  0.00508347  0.00844849  0.01794357  0.01938983 
  0.01385843  0.0129895    0.01610725  0.02021966  0.0120617    0.00992886 
  0.01515407  0.01523194  0.00938453  0.00999414  0.01110924]
[-0.01034213  -0.00849918  -0.00638508  -0.00333294  -0.00805246  -0.00695733 
  -0.00952608  -0.00648951  -0.00875372  -0.011095      -0.00597086  -0.00024199 
  -0.00757514  -0.00493712  -0.00269649  -0.00630305  -0.00477672]
[0.01639338  0.0244203    0.01961468  0.02195245  0.02113392  0.02777834 
  0.02550841  0.01497437  0.02016182  0.0194049    0.01331007  0.0203132 
  0.01668446  0.02257311  0.01347734  0.00924541  0.01323211]
increment_50
[-0.00464671  -0.0090212    -0.01273534  -0.00634926  -0.00460418  -0.00478825 
  -0.01179324    0.0077488    -0.00137979  -0.01080757  -0.00488781  -0.001143 
  -0.00227729  -0.00352695    0.0034179      0.00579286  -0.00173086]
[-0.01065648  -0.01038348    0.00580186    0.00192428  -0.01168551  -0.01552224 
  -0.00939913  -0.00974717  -0.01235406  -0.01236959    0.00074428    0.00285739 
  -0.00779167  -0.00690573    0.00216503  -0.00164157    0.00127839]
[0.02198516  0.02010785  0.00636089  0.01052002  0.02255762  0.02423824 
  0.01743272  0.01648539  0.02003187  0.02531204  0.01535406  0.01245451 
  0.01931463  0.01910215  0.01182908  0.01265872  0.01418945]
[-0.01065648  -0.01038348    0.00580186    0.00192428  -0.01168551  -0.01552224 
  -0.00939913  -0.00974717  -0.01235406  -0.01236959    0.00074428    0.00285739 
  -0.00779167  -0.00690573    0.00216503  -0.00164157    0.00127839]
[-0.01553812  -0.0211316    -0.01167076  -0.02115052  -0.02142699  -0.02950186 
  -0.0198188    -0.02662799  -0.02335018  -0.01296175  -0.01174239  -0.02449175 
  -0.01881826  -0.02456444  -0.02022577  -0.017227      -0.01500609]
[-0.01305123  -0.01098789  -0.00822461  -0.00429535  -0.01059222  -0.00924082 
  -0.01222513  -0.00857683  -0.01116609  -0.01420897  -0.00785858  -0.00038349 
  -0.00985499  -0.0063712    -0.00349481  -0.00815918  -0.00616277]
[0.02198516  0.02010785  0.00636089  0.01052002  0.02255762  0.02423824 
  0.01743272  0.01648539  0.02003187  0.02531204  0.01535406  0.01245451 
  0.01931463  0.01910215  0.01182908  0.01265872  0.01418945]
[-0.01305123  -0.01098789  -0.00822461  -0.00429535  -0.01059222  -0.00924082 
  -0.01222513  -0.00857683  -0.01116609  -0.01420897  -0.00785858  -0.00038349 
  -0.00985499  -0.0063712    -0.00349481  -0.00815918  -0.00616277]
[0.02018483  0.0301528    0.0244061    0.02749978  0.02603118  0.03429011 
  0.03161204  0.0188792    0.02472997  0.02376931  0.0166302    0.02563475 
  0.02109554  0.02809138  0.01680787  0.01143414  0.01673695]
increment_60
[-0.00508792  -0.01049722  -0.01516641  -0.00770822  -0.00534078  -0.00522657 
  -0.01390657    0.00874725  -0.00113372  -0.01284351  -0.00611856  -0.00166971 
  -0.00282857  -0.00412327    0.00396192    0.00691899  -0.00223055]
[-0.01265546  -0.01266156    0.00687965    0.00242967  -0.01429006  -0.01872247 
  -0.01131846  -0.01198402  -0.01472982  -0.01473424    0.00063198    0.00347 
  -0.00989012  -0.00816355    0.00274548  -0.00208763    0.00141643]
[0.02612348  0.02426507  0.00768157  0.01253527  0.02710815  0.02889709 
  0.02105877  0.0200199    0.0238362    0.03022568  0.01866777  0.01496136 
  0.02350333  0.02289026  0.01424562  0.01532328  0.01723961]
[-0.01265546  -0.01266156    0.00687965    0.00242967  -0.01429006  -0.01872247 
  -0.01131846  -0.01198402  -0.01472982  -0.01473424    0.00063198    0.00347 
  -0.00989012  -0.00816355    0.00274548  -0.00208763    0.00141643]
[-0.01854432  -0.02523141  -0.01381971  -0.02523062  -0.02543607  -0.03514244 
  -0.02361904  -0.03158207  -0.02797487  -0.01497471  -0.01384554  -0.02927259 
  -0.02268183  -0.02934885  -0.02409478  -0.02051634  -0.01795175]
[-0.01572023  -0.01354297  -0.01009958  -0.00523633  -0.01322214  -0.01166452 
  -0.01490647  -0.01077741  -0.01356768  -0.01731763  -0.00980831  -0.0005444 
  -0.01223766  -0.00782678  -0.00427024  -0.0100193    -0.00755882]
[0.02612348  0.02426507  0.00768157  0.01253527  0.02710815  0.02889709 
  0.02105877  0.0200199    0.0238362    0.03022568  0.01866777  0.01496136 
  0.02350333  0.02289026  0.01424562  0.01532328  0.01723961]
[-0.01572023  -0.01354297  -0.01009958  -0.00523633  -0.01322214  -0.01166452 
  -0.01490647  -0.01077741  -0.01356768  -0.01731763  -0.00980831  -0.0005444 
  -0.01223766  -0.00782678  -0.00427024  -0.0100193    -0.00755882]
[0.02363224  0.03572863  0.02898613  0.03293884  0.03077685  0.04036901 
  0.03752561  0.02283483  0.02910859  0.02781822  0.0199641    0.0309423 
  0.02551039  0.03347212  0.02013286  0.01359735  0.02018231]
increment_70
[-0.00523253  -0.01185066  -0.01742971  -0.00907768  -0.0060899    -0.00541323 
  -0.01585238    0.0096021    -0.00085484  -0.01463525  -0.00737049  -0.00225804 
  -0.00333836  -0.00470709    0.00449651    0.00796938  -0.00271325]
[-0.01451537  -0.01507016    0.00785214    0.00297325  -0.01697038  -0.02184405 
  -0.01331659  -0.01428606  -0.01710225  -0.01700101    0.00039293    0.0040593 
  -0.0121162    -0.00941328    0.00333862  -0.0025357      0.00154215]
[0.03003964  0.02841683  0.00904893  0.01449801  0.03163744  0.03335731 
  0.02474768  0.02357909  0.02757956  0.03494156  0.02201022  0.01746397 
  0.02768722  0.02663486  0.01663185  0.01799797  0.02026114]
[-0.01451537  -0.01507016    0.00785214    0.00297325  -0.01697038  -0.02184405 
  -0.01331659  -0.01428606  -0.01710225  -0.01700101    0.00039293    0.0040593 
  -0.0121162    -0.00941328    0.00333862  -0.0025357      0.00154215]
[-0.02147945  -0.0293338    -0.01595967  -0.02920703  -0.0293977    -0.04060355 
  -0.0274428    -0.03641961  -0.03255406  -0.01693535  -0.01597257  -0.03397242 
  -0.02652738  -0.03405517  -0.02795583  -0.02372007  -0.02084893]
[-0.01834797  -0.01619239  -0.01200597  -0.00616915  -0.0159306    -0.01419539 
  -0.01758429  -0.01306367  -0.0159875    -0.02038997  -0.01180502  -0.00072511 
  -0.01471047  -0.00932822  -0.00501486  -0.01187757  -0.00896824]
[0.03003964  0.02841683  0.00904893  0.01449801  0.03163744  0.03335731 
  0.02474768  0.02357909  0.02757956  0.03494156  0.02201022  0.01746397 
  0.02768722  0.02663486  0.01663185  0.01799797  0.02026114]
[-0.01834797  -0.01619239  -0.01200597  -0.00616915  -0.0159306    -0.01419539 
  -0.01758429  -0.01306367  -0.0159875    -0.02038997  -0.01180502  -0.00072511 
  -0.01471047  -0.00932822  -0.00501486  -0.01187757  -0.00896824]
[0.02671198  0.04118447  0.03338938  0.03828471  0.03548759  0.04601677 
  0.04329518  0.02681751  0.0334089    0.0315706    0.02334305  0.03623046 
  0.02986574  0.03876226  0.02345932  0.01575069  0.02356218]
increment_80
[-0.00508286  -0.01307964  -0.0195669    -0.01049378  -0.00691491  -0.00538677 
  -0.01759937    0.01034612  -0.0006412    -0.01616423  -0.00864502  -0.00289619 
  -0.00382391  -0.00527269    0.00501502    0.00894564  -0.00318078]
[-1.62497990e-02  -1.76238858e-02    8.71273353e-03    3.54041095e-03 
  -1.97376989e-02  -2.48819223e-02  -1.54144185e-02  -1.66612179e-02 
  -1.95022001e-02  -1.91912524e-02    4.36372710e-05    4.61809445e-03 
  -1.44250639e-02  -1.07255093e-02    3.94379173e-03  -3.00027083e-03 
    1.63667841e-03]
[0.03375001  0.03255731  0.01045997  0.01641485  0.0361704    0.03763168 
  0.02847621  0.02715832  0.03131035  0.03946498  0.02537497  0.0199753 
  0.03184938  0.0303667    0.01899249  0.02068843  0.02326704]
[-1.62497990e-02  -1.76238858e-02    8.71273353e-03    3.54041095e-03 
  -1.97376989e-02  -2.48819223e-02  -1.54144185e-02  -1.66612179e-02 
  -1.95022001e-02  -1.91912524e-02    4.36372710e-05    4.61809445e-03 
  -1.44250639e-02  -1.07255093e-02    3.94379173e-03  -3.00027083e-03 
    1.63667841e-03]
[-0.024344      -0.03342096  -0.01811715  -0.03308866  -0.03331857  -0.04591177 
  -0.03132361  -0.04119092  -0.0370583    -0.01891543  -0.01812869  -0.03859831 
  -0.03032283  -0.03874845  -0.03180815  -0.02684802  -0.02369259]
[-0.02093531  -0.01896112  -0.01393928  -0.00710419  -0.01871208  -0.0167994 
  -0.02027227  -0.01541659  -0.01845562  -0.0234072    -0.01383351  -0.00092582 
  -0.01725572  -0.01089318  -0.00572837  -0.01373957  -0.01040685]
[0.03375001  0.03255731  0.01045997  0.01641485  0.0361704    0.03763168 
  0.02847621  0.02715832  0.03131035  0.03946498  0.02537497  0.0199753 
  0.03184938  0.0303667    0.01899249  0.02068843  0.02326704]
[-0.02093531  -0.01896112  -0.01393928  -0.00710419  -0.01871208  -0.0167994 
  -0.02027227  -0.01541659  -0.01845562  -0.0234072    -0.01383351  -0.00092582 
  -0.01725572  -0.01089318  -0.00572837  -0.01373957  -0.01040685]
[0.02942685  0.04650061  0.03768405  0.04358244  0.04023348  0.05129855 
  0.04892298  0.03084479  0.0376995    0.03507966  0.02677372  0.0414945 
  0.03414674  0.04402114  0.02679314  0.01790238  0.02687336]
increment_90
[-0.00467697  -0.01415304  -0.0216698    -0.01198384  -0.00782522  -0.0052046 
  -0.01910039    0.01096363  -0.00052946  -0.01748618  -0.00993236  -0.0035563 
  -0.00432802  -0.00579188    0.00550649    0.00983665  -0.00361857]
[-0.01790882  -0.02030006    0.00947067    0.0041121    -0.02258135  -0.02787029 
  -0.01761077  -0.01913194  -0.02194137  -0.02133483  -0.00040489    0.00514946 
  -0.01679794  -0.01216298    0.00456462  -0.00350428    0.00166926]
[0.03731191  0.03667405  0.01190535  0.01829434  0.04069985  0.04175836 
  0.03220158  0.03076445  0.03505293  0.043831      0.02875027  0.02249613 
  0.0359907    0.03410314  0.02132831  0.02340167  0.0262724  ]
[-0.01790882  -0.02030006    0.00947067    0.0041121    -0.02258135  -0.02787029 
  -0.01761077  -0.01913194  -0.02194137  -0.02133483  -0.00040489    0.00514946 
  -0.01679794  -0.01216298    0.00456462  -0.00350428    0.00166926]
[-0.02713562  -0.03746322  -0.0202853    -0.03690274  -0.03718825  -0.05112488 
  -0.03527217  -0.04592626  -0.04145655  -0.02092131  -0.02031108  -0.04315377 
  -0.03404843  -0.04351448  -0.03563798  -0.02989657  -0.02649303]
[-0.02349063  -0.02184599  -0.01589969  -0.00804121  -0.02156027  -0.01945873 
  -0.02298295  -0.01783926  -0.02099126  -0.02637468  -0.01589127  -0.00113926 
  -0.01986541  -0.01253074  -0.00641133  -0.01562508  -0.01189109]
[0.03731191  0.03667405  0.01190535  0.01829434  0.04069985  0.04175836 
  0.03220158  0.03076445  0.03505293  0.043831      0.02875027  0.02249613 
  0.0359907    0.03410314  0.02132831  0.02340167  0.0262724  ]
[-0.02349063  -0.02184599  -0.01589969  -0.00804121  -0.02156027  -0.01945873 
  -0.02298295  -0.01783926  -0.02099126  -0.02637468  -0.01589127  -0.00113926 
  -0.01986541  -0.01253074  -0.00641133  -0.01562508  -0.01189109]
[0.03181259  0.05161626  0.0419551    0.04888658  0.04501347  0.05632948 
  0.05437256  0.03496263  0.04198601  0.03840749  0.03024344  0.04671007 
  0.03837645  0.04930636  0.03013149  0.02005991  0.0301116  ]
increment_100
[-0.00400807  -0.01507591  -0.02379153  -0.01356851  -0.00878901  -0.00487411 
  -0.02032676    0.01144812  -0.00054063  -0.01862647  -0.01121165  -0.00421608 
  -0.00486664  -0.00625741    0.00595543    0.01064942  -0.00403522]
[-0.01953189  -0.02304472    0.01013616    0.00467944  -0.02548417  -0.03081837 
  -0.0198687    -0.02170791  -0.02442501  -0.02343726  -0.00093119    0.00564279 
  -0.01922574  -0.0137646      0.00519612  -0.00405903    0.0016103  ]
[0.04076049  0.04075618  0.01337534  0.02013443  0.04520461  0.0457463 
  0.03587733  0.03439849  0.03882122  0.04805303  0.03211779  0.02503403 
  0.04011095  0.03785618  0.02364611  0.02613293  0.02929906]
[-0.01953189  -0.02304472    0.01013616    0.00467944  -0.02548417  -0.03081837 
  -0.0198687    -0.02170791  -0.02442501  -0.02343726  -0.00093119    0.00564279 
  -0.01922574  -0.0137646      0.00519612  -0.00405903    0.0016103  ]
[-0.02987099  -0.04140411  -0.02246648  -0.04065738  -0.04101108  -0.05627947 
  -0.03926648  -0.05063886  -0.04570561  -0.02294273  -0.0225068    -0.0476419 
  -0.0377104    -0.0483975    -0.03942974  -0.03287359  -0.02924041]
[-0.02601018  -0.02482689  -0.01788033  -0.00898254  -0.02446645  -0.02215774 
  -0.02571256  -0.02033558  -0.02361237  -0.02929644  -0.01797565  -0.00136992 
  -0.02253053  -0.01425155  -0.00707112  -0.01754163  -0.0134417  ]
[0.04076049  0.04075618  0.01337534  0.02013443  0.04520461  0.0457463 
  0.03587733  0.03439849  0.03882122  0.04805303  0.03211779  0.02503403 
  0.04011095  0.03785618  0.02364611  0.02613293  0.02929906]
[-0.02601018  -0.02482689  -0.01788033  -0.00898254  -0.02446645  -0.02215774 
  -0.02571256  -0.02033558  -0.02361237  -0.02929644  -0.01797565  -0.00136992 
  -0.02253053  -0.01425155  -0.00707112  -0.01754163  -0.0134417  ]
[0.03387906  0.05648002  0.04625801  0.05422589  0.04980009  0.06115358 
  0.05959324  0.03919074  0.04624625  0.0415692    0.03371844  0.05185798 
  0.04257704  0.05465491  0.03347431  0.02222417  0.03327562]
increment_110
[-0.00304574  -0.01587382  -0.02595194  -0.01526093  -0.00972153  -0.0043985 
  -0.0212671      0.0117954    -0.00065137  -0.01957355  -0.01246279  -0.00484987 
  -0.00546182  -0.00667205    0.00635019    0.01138061  -0.00442102]
[-0.02113543  -0.02577421    0.01071334    0.00524619  -0.02840413  -0.0337184 
  -0.02211649  -0.02440075  -0.02692685  -0.02549532  -0.00150651    0.00609109 
  -0.02171983  -0.01551372    0.00583162  -0.00467007    0.00143838]
[0.04410022  0.04478105  0.01485625  0.02193328  0.0496366    0.04959678 
  0.03945848  0.03807301  0.04260146  0.05212796  0.0354643    0.02759553 
  0.04422878  0.04161829  0.02595542  0.02888486  0.03235644]
[-0.02113543  -0.02577421    0.01071334    0.00524619  -0.02840413  -0.0337184 
  -0.02211649  -0.02440075  -0.02692685  -0.02549532  -0.00150651    0.00609109 
  -0.02171983  -0.01551372    0.00583162  -0.00467007    0.00143838]
[-0.0325941    -0.04517239  -0.0246961    -0.04434451  -0.0447944    -0.06137216 
  -0.04325142  -0.05534511  -0.04975557  -0.02499527  -0.0247024    -0.05205859 
  -0.04133207  -0.05337688  -0.04317158  -0.03579256  -0.03192501]
[-0.02848334  -0.02786891  -0.01986559  -0.00993181  -0.02741219  -0.02488848 
  -0.02844314  -0.0229101    -0.0263207    -0.03216888  -0.02007672  -0.00163326 
  -0.02524828  -0.01605866  -0.00771852  -0.01948953  -0.01507845]
[0.04410022  0.04478105  0.01485625  0.02193328  0.0496366    0.04959678 
  0.03945848  0.03807301  0.04260146  0.05212796  0.0354643    0.02759553 
  0.04422878  0.04161829  0.02595542  0.02888486  0.03235644]
[-0.02848334  -0.02786891  -0.01986559  -0.00993181  -0.02741219  -0.02488848 
  -0.02844314  -0.0229101    -0.0263207    -0.03216888  -0.02007672  -0.00163326 
  -0.02524828  -0.01605866  -0.00771852  -0.01948953  -0.01507845]
[0.03563985  0.06104621  0.05064803  0.05960544  0.05451593  0.06577067 
  0.06451852  0.04354971  0.05040694  0.04456882  0.03716519  0.05690846 
  0.04679389  0.06004893  0.0368214    0.02441195  0.03634603]
increment_120
[-0.00180957  -0.01654652  -0.02817801  -0.01705209  -0.01053998  -0.00378959 
  -0.02193414    0.01200914  -0.00079543  -0.02033113  -0.01369949  -0.00542963 
  -0.006137      -0.00703825    0.00667957    0.01202331  -0.00476087]
[-0.02272811  -0.02841751    0.01120477    0.00581199  -0.03128848  -0.03657507 
  -0.02428406  -0.02722149  -0.02940003  -0.0275093    -0.00210864    0.00649549 
  -0.02429707  -0.01736068    0.00647276  -0.00534109    0.00113779]
[0.04734516  0.04871553  0.01633936  0.02369836  0.05394814  0.0533199 
  0.04291822  0.04180243  0.04636386  0.05606002  0.03878743  0.03017891 
  0.0483679    0.04537212  0.02826387  0.03166666  0.03544902]
[-0.02272811  -0.02841751    0.01120477    0.00581199  -0.03128848  -0.03657507 
  -0.02428406  -0.02722149  -0.02940003  -0.0275093    -0.00210864    0.00649549 
  -0.02429707  -0.01736068    0.00647276  -0.00534109    0.00113779]
[-0.0353053    -0.04873394  -0.02699389  -0.04796796  -0.04852323  -0.06640772 
  -0.04715796  -0.06006606  -0.05358113  -0.02708967  -0.02688603  -0.05639527 
  -0.04493075  -0.05839864  -0.04684477  -0.03867019  -0.03454703]
[-0.03091518  -0.03093465  -0.02185039  -0.01088796  -0.0303807    -0.02764833 
  -0.03115952  -0.02556309  -0.02909603  -0.03499392  -0.0221875    -0.00195127 
  -0.02802457  -0.01794743  -0.00836457  -0.02146536  -0.01681724]
[0.04734516  0.04871553  0.01633936  0.02369836  0.05394814  0.0533199 
  0.04291822  0.04180243  0.04636386  0.05606002  0.03878743  0.03017891 
  0.0483679    0.04537212  0.02826387  0.03166666  0.03544902]
[-0.03091518  -0.03093465  -0.02185039  -0.01088796  -0.0303807    -0.02764833 
  -0.03115952  -0.02556309  -0.02909603  -0.03499392  -0.0221875    -0.00195127 
  -0.02802457  -0.01794743  -0.00836457  -0.02146536  -0.01681724]
[0.03711487  0.06528046  0.0551719    0.06502005  0.05906321  0.07019731 
  0.0690921    0.04805692  0.05437656  0.0474208    0.04058552  0.0618249 
  0.05106775  0.06543689  0.0401652    0.02664688  0.0393079  ]
