inc
eps_11
eps_12
eps_13
eps_21
eps_22
eps_23
eps_31
eps_32
eps_33
increment_0
[0.  0.  0.  0.  0.  0.  0.  0.  0.  0.  0.  0.  0.  0.  0.  0.  0.  0.  0.  0.  0.  0.  0.  0. 
  0.  0.  0.  0.  0.  0.  0.  0.  0.  0.  0.  0.  0.  0.  0.  0.  0.  0.  0.  0.  0.]
[0.  0.  0.  0.  0.  0.  0.  0.  0.  0.  0.  0.  0.  0.  0.  0.  0.  0.  0.  0.  0.  0.  0.  0. 
  0.  0.  0.  0.  0.  0.  0.  0.  0.  0.  0.  0.  0.  0.  0.  0.  0.  0.  0.  0.  0.]
[0.  0.  0.  0.  0.  0.  0.  0.  0.  0.  0.  0.  0.  0.  0.  0.  0.  0.  0.  0.  0.  0.  0.  0. 
  0.  0.  0.  0.  0.  0.  0.  0.  0.  0.  0.  0.  0.  0.  0.  0.  0.  0.  0.  0.  0.]
[0.  0.  0.  0.  0.  0.  0.  0.  0.  0.  0.  0.  0.  0.  0.  0.  0.  0.  0.  0.  0.  0.  0.  0. 
  0.  0.  0.  0.  0.  0.  0.  0.  0.  0.  0.  0.  0.  0.  0.  0.  0.  0.  0.  0.  0.]
[-2.29395009e-16  -2.29395009e-16  -2.29395009e-16  -2.29395009e-16 
  -2.29395009e-16  -2.29395009e-16  -2.29395009e-16  -2.29395009e-16 
  -2.29395009e-16  -2.29395009e-16  -2.29395009e-16  -2.29395009e-16 
  -2.29395009e-16  -2.29395009e-16  -2.29395009e-16  -2.29395009e-16 
  -2.29395009e-16  -2.29395009e-16  -2.29395009e-16  -2.29395009e-16 
  -2.29395009e-16  -2.29395009e-16  -2.29395009e-16  -2.29395009e-16 
  -2.29395009e-16  -2.29395009e-16  -2.29395009e-16  -2.29395009e-16 
  -2.29395009e-16  -2.29395009e-16  -2.29395009e-16  -2.29395009e-16 
  -2.29395009e-16  -2.29395009e-16  -2.29395009e-16  -2.29395009e-16 
  -2.29395009e-16  -2.29395009e-16  -2.29395009e-16  -2.29395009e-16 
  -2.29395009e-16  -2.29395009e-16  -2.29395009e-16  -2.29395009e-16 
  -2.29395009e-16]
[-3.11322128e-16  -3.11322128e-16  -3.11322128e-16  -3.11322128e-16 
  -3.11322128e-16  -3.11322128e-16  -3.11322128e-16  -3.11322128e-16 
  -3.11322128e-16  -3.11322128e-16  -3.11322128e-16  -3.11322128e-16 
  -3.11322128e-16  -3.11322128e-16  -3.11322128e-16  -3.11322128e-16 
  -3.11322128e-16  -3.11322128e-16  -3.11322128e-16  -3.11322128e-16 
  -3.11322128e-16  -3.11322128e-16  -3.11322128e-16  -3.11322128e-16 
  -3.11322128e-16  -3.11322128e-16  -3.11322128e-16  -3.11322128e-16 
  -3.11322128e-16  -3.11322128e-16  -3.11322128e-16  -3.11322128e-16 
  -3.11322128e-16  -3.11322128e-16  -3.11322128e-16  -3.11322128e-16 
  -3.11322128e-16  -3.11322128e-16  -3.11322128e-16  -3.11322128e-16 
  -3.11322128e-16  -3.11322128e-16  -3.11322128e-16  -3.11322128e-16 
  -3.11322128e-16]
[0.  0.  0.  0.  0.  0.  0.  0.  0.  0.  0.  0.  0.  0.  0.  0.  0.  0.  0.  0.  0.  0.  0.  0. 
  0.  0.  0.  0.  0.  0.  0.  0.  0.  0.  0.  0.  0.  0.  0.  0.  0.  0.  0.  0.  0.]
[-3.11322128e-16  -3.11322128e-16  -3.11322128e-16  -3.11322128e-16 
  -3.11322128e-16  -3.11322128e-16  -3.11322128e-16  -3.11322128e-16 
  -3.11322128e-16  -3.11322128e-16  -3.11322128e-16  -3.11322128e-16 
  -3.11322128e-16  -3.11322128e-16  -3.11322128e-16  -3.11322128e-16 
  -3.11322128e-16  -3.11322128e-16  -3.11322128e-16  -3.11322128e-16 
  -3.11322128e-16  -3.11322128e-16  -3.11322128e-16  -3.11322128e-16 
  -3.11322128e-16  -3.11322128e-16  -3.11322128e-16  -3.11322128e-16 
  -3.11322128e-16  -3.11322128e-16  -3.11322128e-16  -3.11322128e-16 
  -3.11322128e-16  -3.11322128e-16  -3.11322128e-16  -3.11322128e-16 
  -3.11322128e-16  -3.11322128e-16  -3.11322128e-16  -3.11322128e-16 
  -3.11322128e-16  -3.11322128e-16  -3.11322128e-16  -3.11322128e-16 
  -3.11322128e-16]
[7.35040385e-18  7.35040385e-18  7.35040385e-18  7.35040385e-18 
  7.35040385e-18  7.35040385e-18  7.35040385e-18  7.35040385e-18 
  7.35040385e-18  7.35040385e-18  7.35040385e-18  7.35040385e-18 
  7.35040385e-18  7.35040385e-18  7.35040385e-18  7.35040385e-18 
  7.35040385e-18  7.35040385e-18  7.35040385e-18  7.35040385e-18 
  7.35040385e-18  7.35040385e-18  7.35040385e-18  7.35040385e-18 
  7.35040385e-18  7.35040385e-18  7.35040385e-18  7.35040385e-18 
  7.35040385e-18  7.35040385e-18  7.35040385e-18  7.35040385e-18 
  7.35040385e-18  7.35040385e-18  7.35040385e-18  7.35040385e-18 
  7.35040385e-18  7.35040385e-18  7.35040385e-18  7.35040385e-18 
  7.35040385e-18  7.35040385e-18  7.35040385e-18  7.35040385e-18 
  7.35040385e-18]
increment_10
[0.01659708  0.01256961  0.01035396  0.01072853  0.01853878  0.01416354 
  0.00856365  0.01113032  0.00728267  0.01307438  0.01640041  0.01096621 
  0.01018818  0.00804126  0.00984348  0.00711494  0.01374623  0.01307329 
  0.01248388  0.00892745  0.00785565  0.01057287  0.00759375  0.0084916 
  0.00726452  0.00963277  0.01774892  0.01197639  0.01119893  0.00615292 
  0.00594039  0.00735647  0.00922396  0.00672754  0.01069673  0.01027244 
  0.00953319  0.00454664  0.00597798  0.00777294  0.01117211  0.0078292 
  0.00214585  0.00473594  0.00743032]
[0.0089105    0.00698445  0.00535554  0.00540924  0.00938885  0.00723544 
  0.00493174  0.00565285  0.00401969  0.00647631  0.00832472  0.00604728 
  0.00536442  0.0043524    0.00510098  0.00402925  0.00683547  0.00608606 
  0.00596417  0.00307499  0.00418731  0.00539718  0.0042481    0.00454131 
  0.00391362  0.00499879  0.00981237  0.0056576    0.00521113  0.00186733 
  0.00345734  0.00421225  0.00496879  0.00375884  0.00576707  0.00591072 
  0.00494451  0.00285892  0.00359364  0.00449828  0.0063185    0.00414062 
  0.00192505  0.00343981  0.00452633]
[-6.94755345e-04  -8.64736127e-04  -3.09793013e-04  -1.16855996e-04 
  -9.43879869e-05  -4.86904287e-05  -7.43694110e-04  -1.67569645e-04 
  -4.76844444e-04    3.15615389e-05  -2.39866038e-04  -5.31510242e-04 
  -3.40545276e-04  -3.81987888e-04  -2.32171940e-04  -5.12280493e-04 
    3.54110609e-05  -1.20058473e-03  -5.90615743e-04  -1.24090074e-03 
  -3.04575098e-04  -2.05129392e-04  -5.49835697e-04  -3.15951219e-04 
  -5.62201130e-04  -1.89652625e-04  -1.09214851e-03  -1.81192500e-03 
  -1.37190413e-03  -1.34251896e-03  -5.29695148e-04  -5.83325062e-04 
  -3.99896342e-04  -6.06591242e-04  -4.45537137e-04  -1.21749220e-03 
  -3.09555353e-04  -6.00012976e-04  -6.59498417e-04  -6.52819030e-04 
  -8.26730770e-04  -5.75643892e-04  -8.38571398e-04  -1.08296281e-03 
  -9.10313884e-04]
[0.0089105    0.00698445  0.00535554  0.00540924  0.00938885  0.00723544 
  0.00493174  0.00565285  0.00401969  0.00647631  0.00832472  0.00604728 
  0.00536442  0.0043524    0.00510098  0.00402925  0.00683547  0.00608606 
  0.00596417  0.00307499  0.00418731  0.00539718  0.0042481    0.00454131 
  0.00391362  0.00499879  0.00981237  0.0056576    0.00521113  0.00186733 
  0.00345734  0.00421225  0.00496879  0.00375884  0.00576707  0.00591072 
  0.00494451  0.00285892  0.00359364  0.00449828  0.0063185    0.00414062 
  0.00192505  0.00343981  0.00452633]
[  1.31579626e-03    6.91518254e-04  -5.29516291e-04  -2.05161013e-04 
    3.75977705e-04    4.20492061e-04  -4.22368423e-04  -2.96051036e-04 
  -9.57653635e-04  -4.80326817e-05    3.55585046e-04    2.59639193e-04 
  -3.73721580e-04  -7.31768820e-04  -4.78995558e-04  -9.60774610e-04 
    8.05210665e-06  -8.80108579e-04  -6.13080628e-04  -2.71268307e-03 
  -7.35791898e-04  -3.37531914e-04  -9.39126878e-04  -6.54755801e-04 
  -1.12463551e-03  -4.70896573e-04    1.96792234e-03  -8.71884508e-04 
  -1.10293482e-03  -2.73489971e-03  -1.07692392e-03  -7.91002358e-04 
  -4.76493274e-04  -1.18413664e-03  -3.85369483e-06    1.54011035e-05 
  -6.05824620e-04  -1.20011262e-03  -1.11800021e-03  -5.87937640e-04 
    3.04613516e-04  -1.07758677e-03  -1.43272754e-03  -7.65323912e-04 
  -6.31870338e-04]
[-0.00024126  -0.00280753  -0.00179052  -0.00136453    0.00079656    0.0051832 
  -0.0026693    -0.00123755  -0.00029798    0.0009106    -0.00057728    0.00298266 
  -0.00123537  -0.00125469  -0.00024664  -0.00020867    0.00174756  -0.00120783 
  -0.00038973    0.00226563    0.00242563  -0.00200102  -0.00097212    0.0003126 
    0.00013751    0.00160104  -0.00066866    0.00069762    0.00018497  -0.00044272 
    0.00028203  -0.00148545  -0.00066775  -0.00067243    0.00058966    0.00024719 
  -0.00062929  -0.00128999  -0.00134515  -0.00095397    0.00100047  -0.00131489 
  -0.00070876  -0.00039433  -0.00253362]
[-6.94755345e-04  -8.64736127e-04  -3.09793013e-04  -1.16855996e-04 
  -9.43879869e-05  -4.86904287e-05  -7.43694110e-04  -1.67569645e-04 
  -4.76844444e-04    3.15615389e-05  -2.39866038e-04  -5.31510242e-04 
  -3.40545276e-04  -3.81987888e-04  -2.32171940e-04  -5.12280493e-04 
    3.54110609e-05  -1.20058473e-03  -5.90615743e-04  -1.24090074e-03 
  -3.04575098e-04  -2.05129392e-04  -5.49835697e-04  -3.15951219e-04 
  -5.62201130e-04  -1.89652625e-04  -1.09214851e-03  -1.81192500e-03 
  -1.37190413e-03  -1.34251896e-03  -5.29695148e-04  -5.83325062e-04 
  -3.99896342e-04  -6.06591242e-04  -4.45537137e-04  -1.21749220e-03 
  -3.09555353e-04  -6.00012976e-04  -6.59498417e-04  -6.52819030e-04 
  -8.26730770e-04  -5.75643892e-04  -8.38571398e-04  -1.08296281e-03 
  -9.10313884e-04]
[-0.00024126  -0.00280753  -0.00179052  -0.00136453    0.00079656    0.0051832 
  -0.0026693    -0.00123755  -0.00029798    0.0009106    -0.00057728    0.00298266 
  -0.00123537  -0.00125469  -0.00024664  -0.00020867    0.00174756  -0.00120783 
  -0.00038973    0.00226563    0.00242563  -0.00200102  -0.00097212    0.0003126 
    0.00013751    0.00160104  -0.00066866    0.00069762    0.00018497  -0.00044272 
    0.00028203  -0.00148545  -0.00066775  -0.00067243    0.00058966    0.00024719 
  -0.00062929  -0.00128999  -0.00134515  -0.00095397    0.00100047  -0.00131489 
  -0.00070876  -0.00039433  -0.00253362]
[-0.01791287  -0.01326113  -0.00982444  -0.01052337  -0.01891476  -0.01458403 
  -0.00814128  -0.01083427  -0.00632502  -0.01302634  -0.01675599  -0.01122585 
  -0.00981445  -0.0073095    -0.00936448  -0.00615416  -0.01375429  -0.01219318 
  -0.0118708    -0.00621477  -0.00711986  -0.01023534  -0.00665462  -0.00783684 
  -0.00613988  -0.00916187  -0.01971684  -0.0111045    -0.01009599  -0.00341802 
  -0.00486347  -0.00656547  -0.00874747  -0.0055434    -0.01069288  -0.01028784 
  -0.00892737  -0.00334653  -0.00485998  -0.007185      -0.01147672  -0.00675162 
  -0.00071312  -0.00397062  -0.00679845]
increment_20
[0.03509789  0.02644026  0.02153717  0.0222618    0.03801049  0.03035617 
  0.01849076  0.02329328  0.01414907  0.02791684  0.03407446  0.02354592 
  0.02103622  0.01759946  0.02157034  0.01293869  0.02948274  0.02771811 
  0.02640066  0.01842761  0.01654915  0.02312017  0.01611092  0.01799761 
  0.01584027  0.01942496  0.03849153  0.02593078  0.02410218  0.01348403 
  0.01182533  0.01476148  0.02006931  0.01461532  0.02344548  0.02096067 
  0.01939213  0.00934301  0.01186343  0.01700174  0.02452784  0.01553742 
  0.00412999  0.00994442  0.01407548]
[0.01835802  0.01564596  0.01137375  0.01155906  0.01918723  0.01514493 
  0.01162645  0.01204686  0.00825305  0.01374935  0.01698453  0.01358394 
  0.0115631    0.00972721  0.01132818  0.00790905  0.01444838  0.01258112 
  0.01226261  0.00584893  0.00912582  0.01194185  0.00938951  0.00988086 
  0.00862406  0.01037912  0.0206439    0.0116721    0.0110951    0.00366237 
  0.00734021  0.00929681  0.01113985  0.00830118  0.01295531  0.01250252 
  0.01036641  0.00629707  0.00768809  0.01026647  0.01384068  0.00872773 
  0.00490152  0.00819613  0.00988384]
[-1.11277288e-03  -3.24411684e-03  -1.12766797e-03  -7.21146737e-04 
    2.53160726e-04    5.35873273e-04  -2.86947454e-03  -7.04735202e-04 
  -1.44542573e-03    8.76663920e-05  -3.69534136e-04  -1.71511272e-03 
  -1.33109474e-03  -1.12922364e-03  -7.75529857e-04  -1.58242109e-03 
    3.19319199e-04  -2.83373021e-03  -1.60270659e-03  -2.31007394e-03 
  -8.14520094e-04  -7.67061841e-04  -1.61305958e-03  -9.63965163e-04 
  -1.48856280e-03  -6.40371903e-04  -2.17533285e-03  -4.14482618e-03 
  -3.53355428e-03  -3.02734645e-03  -1.48041004e-03  -2.10485369e-03 
  -1.29679561e-03  -1.59134873e-03  -1.39718365e-03  -3.84086159e-03 
  -1.03455383e-03  -1.54173760e-03  -1.88460568e-03  -1.92248042e-03 
  -1.92317259e-03  -1.65561168e-03  -2.56471232e-03  -3.29273799e-03 
  -3.13949615e-03]
[0.01835802  0.01564596  0.01137375  0.01155906  0.01918723  0.01514493 
  0.01162645  0.01204686  0.00825305  0.01374935  0.01698453  0.01358394 
  0.0115631    0.00972721  0.01132818  0.00790905  0.01444838  0.01258112 
  0.01226261  0.00584893  0.00912582  0.01194185  0.00938951  0.00988086 
  0.00862406  0.01037912  0.0206439    0.0116721    0.0110951    0.00366237 
  0.00734021  0.00929681  0.01113985  0.00830118  0.01295531  0.01250252 
  0.01036641  0.00629707  0.00768809  0.01026647  0.01384068  0.00872773 
  0.00490152  0.00819613  0.00988384]
[  0.00210391    0.00131279  -0.00179186  -0.00133299    0.00098084    0.00039969 
  -0.00077155  -0.00131417  -0.00288684  -0.00035423    0.00040671    0.0004351 
  -0.00131378  -0.00215806  -0.00158105  -0.00297137  -0.00018497  -0.00238211 
  -0.00208001  -0.00644145  -0.00221862  -0.00130461  -0.00236404  -0.00204823 
  -0.00295459  -0.00181494    0.0032984    -0.00267658  -0.00272905  -0.00710365 
  -0.00300158  -0.00196295  -0.00136168  -0.00305235  -0.00036502  -0.00042925 
  -0.00200175  -0.00332086  -0.00288257  -0.00149593    0.0001683    -0.00286449 
  -0.0033229    -0.00165904  -0.00137238]
[  6.68893072e-04  -6.95695182e-03  -3.66508746e-03  -2.61482440e-03 
    1.60383962e-03    1.25977617e-02  -6.55595595e-03  -1.98929120e-03 
  -5.41841909e-04    1.92589913e-03  -3.71161582e-04    6.15112054e-03 
  -2.34640526e-03  -2.22198833e-03  -6.14891006e-04  -7.13445119e-04 
    4.61322087e-03  -3.37557109e-03  -1.11980219e-03    5.76608414e-03 
    5.83358762e-03  -3.71531492e-03  -1.81958785e-03    9.53267923e-04 
    1.84034194e-04    4.41043181e-03  -1.95764986e-03    1.45917099e-03 
    3.93426879e-05  -4.12622757e-04    9.25873784e-04  -2.88101222e-03 
  -1.01181833e-03  -1.40524259e-03    9.69753736e-04    6.72538576e-04 
  -1.38396857e-03  -2.69195796e-03  -2.17680143e-03  -1.36945993e-03 
    2.14147796e-03  -2.95246029e-03  -1.09639293e-03  -1.39246427e-03 
  -4.83829213e-03]
[-1.11277288e-03  -3.24411684e-03  -1.12766797e-03  -7.21146737e-04 
    2.53160726e-04    5.35873273e-04  -2.86947454e-03  -7.04735202e-04 
  -1.44542573e-03    8.76663920e-05  -3.69534136e-04  -1.71511272e-03 
  -1.33109474e-03  -1.12922364e-03  -7.75529857e-04  -1.58242109e-03 
    3.19319199e-04  -2.83373021e-03  -1.60270659e-03  -2.31007394e-03 
  -8.14520094e-04  -7.67061841e-04  -1.61305958e-03  -9.63965163e-04 
  -1.48856280e-03  -6.40371903e-04  -2.17533285e-03  -4.14482618e-03 
  -3.53355428e-03  -3.02734645e-03  -1.48041004e-03  -2.10485369e-03 
  -1.29679561e-03  -1.59134873e-03  -1.39718365e-03  -3.84086159e-03 
  -1.03455383e-03  -1.54173760e-03  -1.88460568e-03  -1.92248042e-03 
  -1.92317259e-03  -1.65561168e-03  -2.56471232e-03  -3.29273799e-03 
  -3.13949615e-03]
[  6.68893072e-04  -6.95695182e-03  -3.66508746e-03  -2.61482440e-03 
    1.60383962e-03    1.25977617e-02  -6.55595595e-03  -1.98929120e-03 
  -5.41841909e-04    1.92589913e-03  -3.71161582e-04    6.15112054e-03 
  -2.34640526e-03  -2.22198833e-03  -6.14891006e-04  -7.13445119e-04 
    4.61322087e-03  -3.37557109e-03  -1.11980219e-03    5.76608414e-03 
    5.83358762e-03  -3.71531492e-03  -1.81958785e-03    9.53267923e-04 
    1.84034194e-04    4.41043181e-03  -1.95764986e-03    1.45917099e-03 
    3.93426879e-05  -4.12622757e-04    9.25873784e-04  -2.88101222e-03 
  -1.01181833e-03  -1.40524259e-03    9.69753736e-04    6.72538576e-04 
  -1.38396857e-03  -2.69195796e-03  -2.17680143e-03  -1.36945993e-03 
    2.14147796e-03  -2.95246029e-03  -1.09639293e-03  -1.39246427e-03 
  -4.83829213e-03]
[-0.0372018    -0.02775305  -0.01974532  -0.02092881  -0.03899133  -0.03075586 
  -0.01771922  -0.02197912  -0.01126223  -0.02756261  -0.03448118  -0.02398102 
  -0.01972244  -0.0154414    -0.01998929  -0.00996732  -0.02929778  -0.02533601 
  -0.02432065  -0.01198616  -0.01433053  -0.02181556  -0.01374688  -0.01594938 
  -0.01288568  -0.01761002  -0.04178992  -0.0232542    -0.02137313  -0.00638038 
  -0.00882375  -0.01279853  -0.01870763  -0.01156296  -0.02308046  -0.02053142 
  -0.01739037  -0.00602215  -0.00898086  -0.01550581  -0.02469614  -0.01267293 
  -0.00080709  -0.00828538  -0.0127031  ]
increment_30
[0.05278974  0.03979611  0.03155062  0.03356257  0.05666776  0.04649678 
  0.02820772  0.03537442  0.02071437  0.04238285  0.05111637  0.0360451 
  0.03259111  0.02780448  0.03319567  0.01790801  0.04479286  0.04197635 
  0.03932023  0.02825774  0.02563008  0.03639439  0.02489723  0.02754375 
  0.02490942  0.02817851  0.05823583  0.03988423  0.03675362  0.02142926 
  0.01765536  0.02191509  0.03201663  0.02330384  0.03570492  0.0307998 
  0.0284868    0.01435124  0.01804742  0.02649803  0.03809472  0.02293614 
  0.00606047  0.0148926    0.01995659]
[0.02685174  0.02391993  0.0168355    0.01751807  0.02831208  0.02267389 
  0.01821358  0.01831115  0.0122987    0.0208451    0.02502517  0.02085069 
  0.01787843  0.01528995  0.01740691  0.01137264  0.02174289  0.01879355 
  0.01779695  0.00870028  0.01416633  0.01864977  0.0145695    0.01516779 
  0.01329075  0.01528355  0.03039679  0.01750419  0.0168304    0.00544575 
  0.01119198  0.01418232  0.01752934  0.01303863  0.01994965  0.01856645 
  0.01544197  0.00982201  0.01184368  0.01611346  0.02103656  0.01316238 
  0.00801387  0.01305624  0.01499844]
[-0.00107464  -0.0059317    -0.00217738  -0.00141645    0.00083715    0.0017822 
  -0.00527456  -0.00127334  -0.00247283    0.00024193  -0.00028954  -0.00260977 
  -0.00222819  -0.00185703  -0.00136818  -0.00275705    0.00082485  -0.00409637 
  -0.00272331  -0.00319251  -0.00117678  -0.00134193  -0.002695      -0.00159814 
  -0.00244146  -0.00107982  -0.00289841  -0.00591367  -0.00538734  -0.00434771 
  -0.0024362    -0.00362092  -0.00198669  -0.00259163  -0.00252461  -0.00688806 
  -0.00178971  -0.00235699  -0.00306899  -0.00320322  -0.00273604  -0.00284414 
  -0.00433985  -0.00579003  -0.00558292]
[0.02685174  0.02391993  0.0168355    0.01751807  0.02831208  0.02267389 
  0.01821358  0.01831115  0.0122987    0.0208451    0.02502517  0.02085069 
  0.01787843  0.01528995  0.01740691  0.01137264  0.02174289  0.01879355 
  0.01779695  0.00870028  0.01416633  0.01864977  0.0145695    0.01516779 
  0.01329075  0.01528355  0.03039679  0.01750419  0.0168304    0.00544575 
  0.01119198  0.01418232  0.01752934  0.01303863  0.01994965  0.01856645 
  0.01544197  0.00982201  0.01184368  0.01611346  0.02103656  0.01316238 
  0.00801387  0.01305624  0.01499844]
[  0.00209158    0.00166684  -0.00323475  -0.00253371    0.00135482  -0.00024742 
  -0.00116221  -0.00241181  -0.00489728  -0.00106497    0.00013064    0.0002853 
  -0.00225228  -0.00352707  -0.0027402    -0.00517991  -0.00068094  -0.00396552 
  -0.00405214  -0.01017107  -0.00374935  -0.002244      -0.00375943  -0.00348503 
  -0.00489666  -0.00341798    0.00383379  -0.0045711    -0.00440742  -0.01170591 
  -0.00496533  -0.00326957  -0.00225346  -0.00488455  -0.00077683  -0.0011561 
  -0.00352126  -0.00544358  -0.0046575    -0.00238079  -0.00031371  -0.00470038 
  -0.00507307  -0.00244529  -0.00215631]
[  0.00176903  -0.01117521  -0.00555248  -0.00385403    0.00239543    0.02043179 
  -0.01048934  -0.00248993  -0.00103468    0.00293416    0.00033447    0.00946789 
  -0.00325118  -0.0030242    -0.00120986  -0.00138024    0.00808556  -0.00545968 
  -0.00191032    0.00938605    0.00925588  -0.00531033  -0.0026144      0.0014577 
    0.0001551      0.00735511  -0.0025498      0.00210214  -0.000107      -0.00031528 
    0.0015124    -0.00410683  -0.00125669  -0.00227051    0.0011188      0.00110912 
  -0.00161141  -0.00411642  -0.00297746  -0.00150594    0.00282031  -0.00471161 
  -0.00154182  -0.00275063  -0.00699252]
[-0.00107464  -0.0059317    -0.00217738  -0.00141645    0.00083715    0.0017822 
  -0.00527456  -0.00127334  -0.00247283    0.00024193  -0.00028954  -0.00260977 
  -0.00222819  -0.00185703  -0.00136818  -0.00275705    0.00082485  -0.00409637 
  -0.00272331  -0.00319251  -0.00117678  -0.00134193  -0.002695      -0.00159814 
  -0.00244146  -0.00107982  -0.00289841  -0.00591367  -0.00538734  -0.00434771 
  -0.0024362    -0.00362092  -0.00198669  -0.00259163  -0.00252461  -0.00688806 
  -0.00178971  -0.00235699  -0.00306899  -0.00320322  -0.00273604  -0.00284414 
  -0.00433985  -0.00579003  -0.00558292]
[  0.00176903  -0.01117521  -0.00555248  -0.00385403    0.00239543    0.02043179 
  -0.01048934  -0.00248993  -0.00103468    0.00293416    0.00033447    0.00946789 
  -0.00325118  -0.0030242    -0.00120986  -0.00138024    0.00808556  -0.00545968 
  -0.00191032    0.00938605    0.00925588  -0.00531033  -0.0026144      0.0014577 
    0.0001551      0.00735511  -0.0025498      0.00210214  -0.000107      -0.00031528 
    0.0015124    -0.00410683  -0.00125669  -0.00227051    0.0011188      0.00110912 
  -0.00161141  -0.00411642  -0.00297746  -0.00150594    0.00282031  -0.00471161 
  -0.00154182  -0.00275063  -0.00699252]
[-0.05488132  -0.04146295  -0.02831587  -0.03102886  -0.05802259  -0.04624936 
  -0.02704551  -0.03296261  -0.01581709  -0.04131788  -0.05124701  -0.0363304 
  -0.03033883  -0.02427741  -0.03045547  -0.0127281    -0.04411192  -0.03801083 
  -0.03526809  -0.01808667  -0.02188073  -0.03415039  -0.0211378    -0.02405872 
  -0.02001277  -0.02476053  -0.06206962  -0.03531313  -0.03234621  -0.00972336 
  -0.01269003  -0.01864552  -0.02976317  -0.0184193    -0.03492809  -0.0296437 
  -0.02496554  -0.00890767  -0.01338992  -0.02411724  -0.03778101  -0.01823576 
  -0.00098739  -0.01244732  -0.01780028]
increment_40
[0.06983481  0.05274981  0.04050851  0.04463701  0.07497933  0.06250496 
  0.03766534  0.04759598  0.02720321  0.05616271  0.06785552  0.04857072 
  0.04476393  0.03853186  0.04465636  0.02241867  0.0591082    0.05609692 
  0.0516688    0.03822492  0.03518561  0.05004076  0.03383681  0.03709744 
  0.03423203  0.03626792  0.0766686    0.05407932  0.04943823  0.02976469 
  0.02349312  0.02903963  0.04452726  0.03267154  0.04748388  0.0401722 
  0.03680661  0.01932065  0.02455337  0.03603512  0.05167748  0.03030603 
  0.0080554    0.01959368  0.02550789]
[0.03469241  0.03182522  0.02174935  0.02331215  0.03699828  0.02983055 
  0.02450748  0.0245314    0.01621843  0.02753662  0.03268692  0.0276369 
  0.02423027  0.02096483  0.02331018  0.01454319  0.02851845  0.02498117 
  0.02276129  0.0115281    0.01931002  0.0253568    0.0197139    0.02037414 
  0.01783281  0.01986158  0.03904842  0.02337544  0.02238021  0.00726093 
  0.0150097    0.01889828  0.02391243  0.01790031  0.02672769  0.02424361 
  0.02016023  0.01330074  0.01604193  0.0219659    0.02792027  0.01748886 
  0.01113719  0.01787289  0.01988982]
[-7.27828576e-04  -8.84157764e-03  -3.35100901e-03  -2.22048780e-03 
    1.49178022e-03    3.64863929e-03  -7.72945211e-03  -1.82272411e-03 
  -3.54094436e-03    6.61503473e-04  -3.87206545e-06  -2.89948432e-03 
  -2.97640077e-03  -2.56219133e-03  -2.00796765e-03  -4.01734259e-03 
    1.76139733e-03  -5.18100922e-03  -3.96129562e-03  -4.18704310e-03 
  -1.37168149e-03  -1.93151705e-03  -3.76429668e-03  -2.19804358e-03 
  -3.41749084e-03  -1.50015755e-03  -3.11334049e-03  -7.35121796e-03 
  -7.11505218e-03  -5.51112370e-03  -3.36454924e-03  -5.02817269e-03 
  -2.51888346e-03  -3.60028843e-03  -3.79891750e-03  -1.01998768e-02 
  -2.54682124e-03  -3.13770761e-03  -4.18387731e-03  -4.52689983e-03 
  -3.34843842e-03  -4.12092034e-03  -6.11834564e-03  -8.40943489e-03 
  -8.04422969e-03]
[0.03469241  0.03182522  0.02174935  0.02331215  0.03699828  0.02983055 
  0.02450748  0.0245314    0.01621843  0.02753662  0.03268692  0.0276369 
  0.02423027  0.02096483  0.02331018  0.01454319  0.02851845  0.02498117 
  0.02276129  0.0115281    0.01931002  0.0253568    0.0197139    0.02037414 
  0.01783281  0.01986158  0.03904842  0.02337544  0.02238021  0.00726093 
  0.0150097    0.01889828  0.02391243  0.01790031  0.02672769  0.02424361 
  0.02016023  0.01330074  0.01604193  0.0219659    0.02792027  0.01748886 
  0.01113719  0.01787289  0.01988982]
[  0.00168687    0.00179647  -0.00487893  -0.00377553    0.00149093  -0.00125677 
  -0.00172364  -0.00349718  -0.00695611  -0.00196636  -0.00033229  -0.00034425 
  -0.00321829  -0.00484273  -0.00395078  -0.0075219    -0.00152671  -0.005458 
  -0.00638156  -0.01386809  -0.00528406  -0.00319371  -0.00516036  -0.00494699 
  -0.00694309  -0.00518356    0.00377956  -0.00640584  -0.00622961  -0.01634908 
  -0.00693746  -0.00468422  -0.00321634  -0.00668525  -0.00123715  -0.00209247 
  -0.00515491  -0.00756318  -0.0064203    -0.00322379  -0.00103914  -0.00658616 
  -0.00679697  -0.00318416  -0.00304059]
[  3.16460935e-03  -1.53982387e-02  -7.29391233e-03  -5.12744168e-03 
    3.24272565e-03    2.86317717e-02  -1.41495976e-02  -2.71248007e-03 
  -1.64385049e-03    3.97876139e-03    1.53296686e-03    1.32056215e-02 
  -3.86199606e-03  -3.75159204e-03  -1.89763817e-03  -2.17136263e-03 
    1.20894039e-02  -7.31328507e-03  -2.74198313e-03    1.30252052e-02 
    1.26561720e-02  -6.77771220e-03  -3.32986471e-03    2.00861904e-03 
    6.55337377e-05    1.02173405e-02  -2.08584428e-03    2.53589732e-03 
  -3.55204104e-04  -1.81210589e-04    2.07526382e-03  -5.07667894e-03 
  -1.43475765e-03  -3.14239361e-03    1.10368844e-03    1.59993769e-03 
  -1.37996501e-03  -5.48708147e-03  -3.68422245e-03  -1.47841378e-03 
    3.39766557e-03  -6.62679887e-03  -2.01515777e-03  -4.16506487e-03 
  -9.17490773e-03]
[-7.27828576e-04  -8.84157764e-03  -3.35100901e-03  -2.22048780e-03 
    1.49178022e-03    3.64863929e-03  -7.72945211e-03  -1.82272411e-03 
  -3.54094436e-03    6.61503473e-04  -3.87206545e-06  -2.89948432e-03 
  -2.97640077e-03  -2.56219133e-03  -2.00796765e-03  -4.01734259e-03 
    1.76139733e-03  -5.18100922e-03  -3.96129562e-03  -4.18704310e-03 
  -1.37168149e-03  -1.93151705e-03  -3.76429668e-03  -2.19804358e-03 
  -3.41749084e-03  -1.50015755e-03  -3.11334049e-03  -7.35121796e-03 
  -7.11505218e-03  -5.51112370e-03  -3.36454924e-03  -5.02817269e-03 
  -2.51888346e-03  -3.60028843e-03  -3.79891750e-03  -1.01998768e-02 
  -2.54682124e-03  -3.13770761e-03  -4.18387731e-03  -4.52689983e-03 
  -3.34843842e-03  -4.12092034e-03  -6.11834564e-03  -8.40943489e-03 
  -8.04422969e-03]
[  3.16460935e-03  -1.53982387e-02  -7.29391233e-03  -5.12744168e-03 
    3.24272565e-03    2.86317717e-02  -1.41495976e-02  -2.71248007e-03 
  -1.64385049e-03    3.97876139e-03    1.53296686e-03    1.32056215e-02 
  -3.86199606e-03  -3.75159204e-03  -1.89763817e-03  -2.17136263e-03 
    1.20894039e-02  -7.31328507e-03  -2.74198313e-03    1.30252052e-02 
    1.26561720e-02  -6.77771220e-03  -3.32986471e-03    2.00861904e-03 
    6.55337377e-05    1.02173405e-02  -2.08584428e-03    2.53589732e-03 
  -3.55204104e-04  -1.81210589e-04    2.07526382e-03  -5.07667894e-03 
  -1.43475765e-03  -3.14239361e-03    1.10368844e-03    1.59993769e-03 
  -1.37996501e-03  -5.48708147e-03  -3.68422245e-03  -1.47841378e-03 
    3.39766557e-03  -6.62679887e-03  -2.01515777e-03  -4.16506487e-03 
  -9.17490773e-03]
[-0.07152168  -0.05454628  -0.03562959  -0.04086148  -0.07647027  -0.06124819 
  -0.03594171  -0.0440988    -0.0202471    -0.05419635  -0.06752323  -0.04822647 
  -0.04154564  -0.03368913  -0.04070558  -0.01489677  -0.05758148  -0.05063893 
  -0.04528724  -0.02435684  -0.02990156  -0.04684705  -0.02867645  -0.03215045 
  -0.02728894  -0.03108436  -0.08044816  -0.04767347  -0.04320862  -0.0134156 
  -0.01655566  -0.02435541  -0.04131092  -0.0259863    -0.04624673  -0.03807973 
  -0.0316517    -0.01175748  -0.01813306  -0.03281133  -0.05063835  -0.02371988 
  -0.00125842  -0.01640952  -0.0224673  ]
increment_50
[0.08651143  0.06531203  0.04872517  0.05550224  0.09312664  0.07838623 
  0.04679468  0.05986971  0.03364332  0.0691413    0.08456765  0.0610636 
  0.05739222  0.04947337  0.05600577  0.02678947  0.07201146  0.07023576 
  0.06373745  0.04823214  0.045186      0.06390661  0.04295246  0.04648226 
  0.04353542  0.04385487  0.09362347  0.06855979  0.06225465  0.03836874 
  0.02934386  0.03611249  0.05735235  0.04240646  0.05873925  0.04932312 
  0.04451613  0.02426197  0.03122071  0.04538854  0.06522671  0.03775429 
  0.01005572  0.02415355  0.03092796]
[0.04213948  0.03931913  0.026213      0.02897995  0.04533754  0.03667376 
  0.03041631  0.03068647  0.02002151  0.0337956    0.04012962  0.03396678 
  0.03056643  0.02662125  0.02906153  0.01754023  0.03463571  0.03123452 
  0.02734655  0.01428103  0.02452108  0.03199682  0.02480286  0.02542856 
  0.02226234  0.02417622  0.04663212  0.02930782  0.02773368  0.00920361 
  0.01879399  0.02343479  0.03023522  0.02280075  0.03315087  0.02964507 
  0.02459202  0.0167334    0.02022406  0.02767704  0.03453815  0.02174174 
  0.01417193  0.02259751  0.02455319]
[-0.00010742  -0.01185934  -0.00456109  -0.00314063    0.00220682    0.00608555 
  -0.01014081  -0.00234476  -0.0046382      0.00129373    0.0005064    -0.00261419 
  -0.00360457  -0.00326733  -0.00266203  -0.00532604    0.0033217    -0.0061582 
  -0.00526593  -0.00523435  -0.00142121  -0.00252577  -0.00477271  -0.00275843 
  -0.00439802  -0.00190133  -0.00273889  -0.00854748  -0.0088656    -0.00660248 
  -0.0042629    -0.00631388  -0.00296364  -0.00460413  -0.00506509  -0.01358535 
  -0.00329214  -0.00392439  -0.0052496    -0.00584541  -0.00376359  -0.00550522 
  -0.00786371  -0.01103598  -0.01042288]
[0.04213948  0.03931913  0.026213      0.02897995  0.04533754  0.03667376 
  0.03041631  0.03068647  0.02002151  0.0337956    0.04012962  0.03396678 
  0.03056643  0.02662125  0.02906153  0.01754023  0.03463571  0.03123452 
  0.02734655  0.01428103  0.02452108  0.03199682  0.02480286  0.02542856 
  0.02226234  0.02417622  0.04663212  0.02930782  0.02773368  0.00920361 
  0.01879399  0.02343479  0.03023522  0.02280075  0.03315087  0.02964507 
  0.02459202  0.0167334    0.02022406  0.02767704  0.03453815  0.02174174 
  0.01417193  0.02259751  0.02455319]
[  0.00106553    0.00167017  -0.00669803  -0.0050226      0.00139181  -0.00256957 
  -0.00252409  -0.00456038  -0.00904892  -0.00303866  -0.00093273  -0.001386 
  -0.00422268  -0.00615145  -0.00519614  -0.00993659  -0.00271085  -0.00681051 
  -0.00893588  -0.01753859  -0.00683115  -0.00417288  -0.00659023  -0.00645307 
  -0.00901558  -0.00706474    0.00328422  -0.00817477  -0.00820626  -0.02086949 
  -0.00890813  -0.00619772  -0.0042373    -0.00845316  -0.00186623  -0.00318042 
  -0.00686751  -0.00966808  -0.00818345  -0.0041081    -0.00194017  -0.00850686 
  -0.00857176  -0.00393476  -0.004075    ]
[  0.00500221  -0.01952565  -0.0088407    -0.00636315    0.00421837    0.03704995 
  -0.01756892  -0.00264439  -0.00229148    0.00507265    0.00318792    0.01733735 
  -0.00427465  -0.00443569  -0.00251658  -0.00300337    0.01648239  -0.0088932 
  -0.00355189    0.01659488    0.01592561  -0.0081063    -0.00389969    0.0027069 
  -0.00011572    0.01295824  -0.00057432    0.00293047  -0.00097556  -0.00022046 
    0.00263931  -0.00581744  -0.00156299  -0.00395567    0.00108263    0.00219248 
  -0.00088077  -0.00677802  -0.00431605  -0.00133696    0.00417661  -0.0087329 
  -0.00247427  -0.00550608  -0.01141809]
[-0.00010742  -0.01185934  -0.00456109  -0.00314063    0.00220682    0.00608555 
  -0.01014081  -0.00234476  -0.0046382      0.00129373    0.0005064    -0.00261419 
  -0.00360457  -0.00326733  -0.00266203  -0.00532604    0.0033217    -0.0061582 
  -0.00526593  -0.00523435  -0.00142121  -0.00252577  -0.00477271  -0.00275843 
  -0.00439802  -0.00190133  -0.00273889  -0.00854748  -0.0088656    -0.00660248 
  -0.0042629    -0.00631388  -0.00296364  -0.00460413  -0.00506509  -0.01358535 
  -0.00329214  -0.00392439  -0.0052496    -0.00584541  -0.00376359  -0.00550522 
  -0.00786371  -0.01103598  -0.01042288]
[  0.00500221  -0.01952565  -0.0088407    -0.00636315    0.00421837    0.03704995 
  -0.01756892  -0.00264439  -0.00229148    0.00507265    0.00318792    0.01733735 
  -0.00427465  -0.00443569  -0.00251658  -0.00300337    0.01648239  -0.0088932 
  -0.00355189    0.01659488    0.01592561  -0.0081063    -0.00389969    0.0027069 
  -0.00011572    0.01295824  -0.00057432    0.00293047  -0.00097556  -0.00022046 
    0.00263931  -0.00581744  -0.00156299  -0.00395567    0.00108263    0.00219248 
  -0.00088077  -0.00677802  -0.00431605  -0.00133696    0.00417661  -0.0087329 
  -0.00247427  -0.00550608  -0.01141809]
[-0.08757695  -0.06698219  -0.04202714  -0.05047964  -0.09451845  -0.07581666 
  -0.04427059  -0.05530933  -0.0245944    -0.06610264  -0.08363492  -0.0596776 
  -0.05316954  -0.04332191  -0.05080964  -0.01685289  -0.06930061  -0.06342525 
  -0.05480157  -0.03069355  -0.03835484  -0.05973373  -0.03636223  -0.04002919 
  -0.03451984  -0.03679013  -0.09690769  -0.06038502  -0.05404839  -0.01749925 
  -0.02043573  -0.02991478  -0.05311505  -0.03395329  -0.05687302  -0.0461427 
  -0.03764862  -0.01459389  -0.02303726  -0.04128044  -0.06328654  -0.02924743 
  -0.00148396  -0.02021879  -0.02685296]
increment_60
[0.10287987  0.07742972  0.05648502  0.06620425  0.11109013  0.09416695 
  0.05549948  0.07195969  0.04013871  0.08139516  0.10131168  0.07353027 
  0.07041067  0.06040065  0.06718296  0.03120517  0.08346741  0.08448442 
  0.07569437  0.05825426  0.0556381    0.07798072  0.05226846  0.05545733 
  0.05270979  0.0509984    0.10918534  0.08336347  0.07491455  0.04719477 
  0.03512524  0.04303115  0.07048642  0.05233892  0.06945026  0.0584487 
  0.05182373  0.02921988  0.03792435  0.05445073  0.07887097  0.04533825 
  0.01200344  0.02865135  0.03627308]
[0.04929461  0.04635338  0.03037006  0.03454078  0.05334334  0.04323216 
  0.03589981  0.03668167  0.02377172  0.0396664    0.04738742  0.03996283 
  0.03688172  0.03217258  0.03464441  0.0204624    0.04009544  0.03753274 
  0.03168777  0.01696472  0.02974857  0.03856334  0.02983104  0.03024797 
  0.02661706  0.02826171  0.05337041  0.03533052  0.03288406  0.01131303 
  0.02251602  0.0277517    0.03652138  0.02768541  0.03916642  0.03491202 
  0.02882536  0.02013989  0.02435156  0.03313765  0.04098521  0.02594931 
  0.01706015  0.02723525  0.02900126]
[  0.00086857  -0.01487003  -0.00579464  -0.00415733    0.00303541    0.00915388 
  -0.01253318  -0.00281953  -0.00575685    0.00209615    0.00125936  -0.0018705 
  -0.00414861  -0.00399935  -0.00331325  -0.00664779    0.00531647  -0.00699066 
  -0.00662376  -0.00623037  -0.00136072  -0.00310856  -0.00570046  -0.00329736 
  -0.0053664    -0.00228741  -0.00184124  -0.00946204  -0.01070951  -0.00771562 
  -0.00513818  -0.00748        -0.00334931  -0.0055995    -0.00625507  -0.01692844 
  -0.00401418  -0.00470313  -0.00628621  -0.00709324  -0.00395956  -0.00704528 
  -0.00952961  -0.01362376  -0.0127091  ]
[0.04929461  0.04635338  0.03037006  0.03454078  0.05334334  0.04323216 
  0.03589981  0.03668167  0.02377172  0.0396664    0.04738742  0.03996283 
  0.03688172  0.03217258  0.03464441  0.0204624    0.04009544  0.03753274 
  0.03168777  0.01696472  0.02974857  0.03856334  0.02983104  0.03024797 
  0.02661706  0.02826171  0.05337041  0.03533052  0.03288406  0.01131303 
  0.02251602  0.0277517    0.03652138  0.02768541  0.03916642  0.03491202 
  0.02882536  0.02013989  0.02435156  0.03313765  0.04098521  0.02594931 
  0.01706015  0.02723525  0.02900126]
[  0.00025271    0.0012694    -0.00863088  -0.0062765      0.00109365  -0.00417766 
  -0.00358993  -0.00564607  -0.01114917  -0.00424625  -0.00165788  -0.00271024 
  -0.00526031  -0.00749321  -0.00648312  -0.01237685  -0.00415831  -0.00804163 
  -0.0116266    -0.02117093  -0.00843118  -0.0051875    -0.00806381  -0.00803904 
  -0.01105914  -0.00904574    0.00249225  -0.00983507  -0.01026079  -0.02520893 
  -0.01088387  -0.00782601  -0.00528719  -0.01021101  -0.00271414  -0.00433107 
  -0.00863148  -0.01175118  -0.00995801  -0.00511722  -0.00295213  -0.01045859 
  -0.01044014  -0.00471311  -0.00526082]
[  0.00736421  -0.02342276  -0.01025066  -0.00754234    0.00540608    0.04566499 
  -0.02091442  -0.00227536  -0.00301024    0.00628348    0.00522922    0.02179397 
  -0.00456871  -0.00511468  -0.0029962    -0.00383212    0.02108461  -0.01002704 
  -0.00445104    0.02004498    0.01903474  -0.00932204  -0.00431374    0.00354573 
  -0.00035817    0.01559367    0.0019084      0.0032992    -0.00211847  -0.0006057 
    0.00323509  -0.00639452  -0.00164185  -0.00468819    0.00108763    0.00295849 
  -0.00020573  -0.00798211  -0.00488546  -0.00113029    0.00530893  -0.01111976 
  -0.00290112  -0.00671045  -0.01373798]
[  0.00086857  -0.01487003  -0.00579464  -0.00415733    0.00303541    0.00915388 
  -0.01253318  -0.00281953  -0.00575685    0.00209615    0.00125936  -0.0018705 
  -0.00414861  -0.00399935  -0.00331325  -0.00664779    0.00531647  -0.00699066 
  -0.00662376  -0.00623037  -0.00136072  -0.00310856  -0.00570046  -0.00329736 
  -0.0053664    -0.00228741  -0.00184124  -0.00946204  -0.01070951  -0.00771562 
  -0.00513818  -0.00748        -0.00334931  -0.0055995    -0.00625507  -0.01692844 
  -0.00401418  -0.00470313  -0.00628621  -0.00709324  -0.00395956  -0.00704528 
  -0.00952961  -0.01362376  -0.0127091  ]
[  0.00736421  -0.02342276  -0.01025066  -0.00754234    0.00540608    0.04566499 
  -0.02091442  -0.00227536  -0.00301024    0.00628348    0.00522922    0.02179397 
  -0.00456871  -0.00511468  -0.0029962    -0.00383212    0.02108461  -0.01002704 
  -0.00445104    0.02004498    0.01903474  -0.00932204  -0.00431374    0.00354573 
  -0.00035817    0.01559367    0.0019084      0.0032992    -0.00211847  -0.0006057 
    0.00323509  -0.00639452  -0.00164185  -0.00468819    0.00108763    0.00295849 
  -0.00020573  -0.00798211  -0.00488546  -0.00113029    0.00530893  -0.01111976 
  -0.00290112  -0.00671045  -0.01373798]
[-0.10313258  -0.07869911  -0.04785414  -0.05992775  -0.11218378  -0.08998929 
  -0.05190955  -0.06631362  -0.02898954  -0.07714891  -0.0996538    -0.07082003 
  -0.06515036  -0.05290745  -0.06069984  -0.01882832  -0.0793091    -0.07644279 
  -0.06406777  -0.03708333  -0.04720691  -0.07279323  -0.04420465  -0.0474183 
  -0.04165065  -0.04195265  -0.11167758  -0.0735284    -0.06465376  -0.02198584 
  -0.02424137  -0.03520514  -0.06519924  -0.04212791  -0.06673612  -0.05411763 
  -0.04319225  -0.01746869  -0.02796634  -0.04933351  -0.07591884  -0.03487966 
  -0.0015633    -0.02393824  -0.03101225]
increment_70
[0.11882212  0.08907418  0.06396513  0.07676868  0.12877176  0.10980598 
  0.06376724  0.08368315  0.04674516  0.09301047  0.11802689  0.08601642 
  0.08374914  0.07119785  0.07818246  0.03586209  0.09354211  0.09888941 
  0.08752982  0.06832838  0.06659846  0.09227169  0.06186142  0.06390569 
  0.06173771  0.05776031  0.12321151  0.09848267  0.08736392  0.05621045 
  0.04075709  0.04981827  0.0839378    0.06245816  0.07948455  0.06761692 
  0.05873023  0.03423332  0.04457496  0.06314752  0.09261535  0.05307701 
  0.01384145  0.03309803  0.04154995]
[0.05614495  0.05296477  0.03431941  0.03997598  0.0609847    0.04949305 
  0.04096918  0.04243998  0.02750751  0.04519518  0.05443629  0.04574393 
  0.04315696  0.03757526  0.0400658    0.02339824  0.04495332  0.04382757 
  0.03586293  0.01961339  0.03490006  0.04505721  0.03482973  0.03479678 
  0.03093765  0.03215282  0.05946286  0.0414527    0.03787212  0.01357323 
  0.02614712  0.03187487  0.04278221  0.03253477  0.04472823  0.04008963 
  0.03286927  0.02353671  0.02839704  0.03831647  0.04726074  0.03012373 
  0.01977504  0.03175573  0.03322485]
[  0.00228515  -0.01783827  -0.00705034  -0.00524168    0.00403239    0.01291125 
  -0.01496848  -0.00321013  -0.0069016      0.00305916    0.00226686  -0.00077178 
  -0.00458344  -0.00478252  -0.00396061  -0.00795298    0.00761114  -0.0075832 
  -0.00801306  -0.00713749  -0.00123523  -0.0036451    -0.0065431    -0.00383413 
  -0.0063182    -0.00266349  -0.00067046  -0.01011129  -0.01268453  -0.00894401 
  -0.00599636  -0.00853733  -0.00367864  -0.00659907  -0.00736174  -0.02005469 
  -0.00472531  -0.00547093  -0.00731367  -0.00826441  -0.00389688  -0.00879682 
  -0.011095      -0.01612154  -0.01489311]
[0.05614495  0.05296477  0.03431941  0.03997598  0.0609847    0.04949305 
  0.04096918  0.04243998  0.02750751  0.04519518  0.05443629  0.04574393 
  0.04315696  0.03757526  0.0400658    0.02339824  0.04495332  0.04382757 
  0.03586293  0.01961339  0.03490006  0.04505721  0.03482973  0.03479678 
  0.03093765  0.03215282  0.05946286  0.0414527    0.03787212  0.01357323 
  0.02614712  0.03187487  0.04278221  0.03253477  0.04472823  0.04008963 
  0.03286927  0.02353671  0.02839704  0.03831647  0.04726074  0.03012373 
  0.01977504  0.03175573  0.03322485]
[-0.00071241    0.00064314  -0.0106325    -0.00756565    0.00061334  -0.00606709 
  -0.00490633  -0.00680437  -0.01323894  -0.00556512  -0.0025007    -0.00421862 
  -0.00632931  -0.00888755  -0.0078158    -0.01480488  -0.00581758  -0.00919105 
  -0.01435742  -0.02475948  -0.01016662  -0.00623958  -0.00956513  -0.00972506 
  -0.0130418    -0.01111104    0.0013509    -0.01134502  -0.01236872  -0.02940092 
  -0.01287616  -0.00955195  -0.00635649  -0.01198034  -0.00379959  -0.00552495 
  -0.0104556    -0.01380815  -0.0117542    -0.00626758  -0.00407111  -0.01243888 
  -0.01241796  -0.00555545  -0.00660641]
[  0.01027227  -0.02700588  -0.01154141  -0.00871159    0.00688617    0.05447815 
  -0.02426815  -0.00158048  -0.00386309    0.00764303    0.00759452    0.02651572 
  -0.00463102  -0.00583941  -0.00336149  -0.00462438    0.02570221  -0.01054306 
  -0.00549429    0.02331657    0.02200724  -0.01039936  -0.00459842    0.00448545 
  -0.00066378    0.01812604    0.00514167    0.00359874  -0.00369816  -0.00141481 
    0.00387872  -0.0068467    -0.00165464  -0.0054021      0.00112518    0.00389174 
    0.00057944  -0.00911319  -0.00544678  -0.00087546    0.0068392    -0.01385252 
  -0.00330876  -0.00771995  -0.0161297  ]
[  0.00228515  -0.01783827  -0.00705034  -0.00524168    0.00403239    0.01291125 
  -0.01496848  -0.00321013  -0.0069016      0.00305916    0.00226686  -0.00077178 
  -0.00458344  -0.00478252  -0.00396061  -0.00795298    0.00761114  -0.0075832 
  -0.00801306  -0.00713749  -0.00123523  -0.0036451    -0.0065431    -0.00383413 
  -0.0063182    -0.00266349  -0.00067046  -0.01011129  -0.01268453  -0.00894401 
  -0.00599636  -0.00853733  -0.00367864  -0.00659907  -0.00736174  -0.02005469 
  -0.00472531  -0.00547093  -0.00731367  -0.00826441  -0.00389688  -0.00879682 
  -0.011095      -0.01612154  -0.01489311]
[  0.01027227  -0.02700588  -0.01154141  -0.00871159    0.00688617    0.05447815 
  -0.02426815  -0.00158048  -0.00386309    0.00764303    0.00759452    0.02651572 
  -0.00463102  -0.00583941  -0.00336149  -0.00462438    0.02570221  -0.01054306 
  -0.00549429    0.02331657    0.02200724  -0.01039936  -0.00459842    0.00448545 
  -0.00066378    0.01812604    0.00514167    0.00359874  -0.00369816  -0.00141481 
    0.00387872  -0.0068467    -0.00165464  -0.0054021      0.00112518    0.00389174 
    0.00057944  -0.00911319  -0.00544678  -0.00087546    0.0068392    -0.01385252 
  -0.00330876  -0.00771995  -0.0161297  ]
[-0.1181097    -0.08971732  -0.05333263  -0.06920303  -0.1293851    -0.10373889 
  -0.05886091  -0.07687878  -0.03350622  -0.08744536  -0.11552619  -0.0817978 
  -0.07741983  -0.0623103    -0.07036666  -0.02105721  -0.08772453  -0.08969836 
  -0.0731724    -0.0435689    -0.05643185  -0.08603211  -0.05229629  -0.05418063 
  -0.04869591  -0.04664927  -0.12456241  -0.08713765  -0.0749952    -0.02680953 
  -0.02788094  -0.04026632  -0.07758131  -0.05047782  -0.07568496  -0.06209197 
  -0.04827463  -0.02042517  -0.03282076  -0.05687994  -0.08854424  -0.04063813 
  -0.00142349  -0.02754259  -0.03494354]
increment_80
[0.13425044  0.10021273  0.07120182  0.08722563  0.14612744  0.12521639 
  0.07172988  0.09492609  0.05336534  0.10412478  0.13473785  0.09849685 
  0.09726436  0.08188228  0.08906056  0.0407788    0.10235274  0.11352484 
  0.0992867    0.07849376  0.07808804  0.10671879  0.07178409  0.07184194 
  0.07059102  0.06421466  0.1357594    0.11382539  0.09963136  0.06534913 
  0.04626846  0.05648872  0.09760306  0.07280208  0.08887799  0.07674356 
  0.06517665  0.03929286  0.05115215  0.07144691  0.10634345  0.06097552 
  0.01556351  0.03747774  0.04673791]
[0.06271237  0.05926609  0.03810111  0.04526995  0.06825583  0.05542825 
  0.04569893  0.04791887  0.03120694  0.05043889  0.06128861  0.05135211 
  0.04933597  0.04283029  0.04535288  0.0263697    0.04928523  0.05011219 
  0.03994068  0.02226618  0.03985534  0.05145547  0.03983187  0.03907417 
  0.0352397    0.03588057  0.06495999  0.04761308  0.04270693  0.01594966 
  0.02969598  0.03584959  0.04897902  0.03735714  0.04987454  0.0451813 
  0.0367071    0.02691959  0.03235715  0.04322964  0.05331707  0.03426867 
  0.02232253  0.03611573  0.03721942]
[  0.00424255  -0.02082063  -0.0083222    -0.00638223    0.00527428    0.01731744 
  -0.01748252  -0.00348516  -0.00808792    0.00416725    0.0035383      0.00061025 
  -0.00482665  -0.00563865  -0.00460627  -0.00922779    0.01008125  -0.00783057 
  -0.00940014  -0.007968      -0.00108567  -0.00408628  -0.00729447  -0.00438815 
  -0.00724531  -0.00304092    0.00073633  -0.01047118  -0.01482592  -0.01033797 
  -0.00683717  -0.00953064  -0.00392542  -0.00761564  -0.00839089  -0.02290441 
  -0.00544635  -0.00622346  -0.00834449  -0.00937587  -0.00356289  -0.01079939 
  -0.01256401  -0.01847918  -0.01697984]
[0.06271237  0.05926609  0.03810111  0.04526995  0.06825583  0.05542825 
  0.04569893  0.04791887  0.03120694  0.05043889  0.06128861  0.05135211 
  0.04933597  0.04283029  0.04535288  0.0263697    0.04928523  0.05011219 
  0.03994068  0.02226618  0.03985534  0.05145547  0.03983187  0.03907417 
  0.0352397    0.03588057  0.06495999  0.04761308  0.04270693  0.01594966 
  0.02969598  0.03584959  0.04897902  0.03735714  0.04987454  0.0451813 
  0.0367071    0.02691959  0.03235715  0.04322964  0.05331707  0.03426867 
  0.02232253  0.03611573  0.03721942]
[-1.78136413e-03  -9.67848531e-05  -1.26813294e-02  -8.91731661e-03 
  -3.43008429e-05  -8.22406307e-03  -6.42245602e-03  -8.06612078e-03 
  -1.53203455e-02  -6.97161906e-03  -3.45972592e-03  -5.87497864e-03 
  -7.44142455e-03  -1.03381638e-02  -9.19028881e-03  -1.72066219e-02 
  -7.64130227e-03  -1.02599178e-02  -1.70640076e-02  -2.82978523e-02 
  -1.21326835e-02  -7.33562556e-03  -1.10682867e-02  -1.15201312e-02 
  -1.49462794e-02  -1.32479210e-02  -5.65763593e-05  -1.27224012e-02 
  -1.45424526e-02  -3.34853153e-02  -1.48877564e-02  -1.13393106e-02 
  -7.45518817e-03  -1.37574711e-02  -5.09791582e-03  -6.74983824e-03 
  -1.23446816e-02  -1.58417226e-02  -1.35719385e-02  -7.53990566e-03 
  -5.31648772e-03  -1.44479763e-02  -1.45011770e-02  -6.50395899e-03 
  -8.11100823e-03]
[  0.01374903  -0.03023557  -0.01270452  -0.00994184    0.00875818    0.06340793 
  -0.02757626  -0.00054797  -0.00487023    0.00914418    0.01024043    0.03143255 
  -0.00424273  -0.00667137  -0.00365977  -0.00533864    0.03012433  -0.01034992 
  -0.00660469    0.02628575    0.0248827    -0.01127821  -0.0047602      0.00546833 
  -0.00099091    0.02052789    0.00894656    0.0039665    -0.00569331  -0.00266147 
    0.00456892  -0.00724184  -0.00152313  -0.00617788    0.00119704    0.00492669 
    0.00139402  -0.01021586  -0.00603006  -0.00056119    0.00876397  -0.01696688 
  -0.00373069  -0.00850558  -0.01857614]
[  0.00424255  -0.02082063  -0.0083222    -0.00638223    0.00527428    0.01731744 
  -0.01748252  -0.00348516  -0.00808792    0.00416725    0.0035383      0.00061025 
  -0.00482665  -0.00563865  -0.00460627  -0.00922779    0.01008125  -0.00783057 
  -0.00940014  -0.007968      -0.00108567  -0.00408628  -0.00729447  -0.00438815 
  -0.00724531  -0.00304092    0.00073633  -0.01047118  -0.01482592  -0.01033797 
  -0.00683717  -0.00953064  -0.00392542  -0.00761564  -0.00839089  -0.02290441 
  -0.00544635  -0.00622346  -0.00834449  -0.00937587  -0.00356289  -0.01079939 
  -0.01256401  -0.01847918  -0.01697984]
[  0.01374903  -0.03023557  -0.01270452  -0.00994184    0.00875818    0.06340793 
  -0.02757626  -0.00054797  -0.00487023    0.00914418    0.01024043    0.03143255 
  -0.00424273  -0.00667137  -0.00365977  -0.00533864    0.03012433  -0.01034992 
  -0.00660469    0.02628575    0.0248827    -0.01127821  -0.0047602      0.00546833 
  -0.00099091    0.02052789    0.00894656    0.0039665    -0.00569331  -0.00266147 
    0.00456892  -0.00724184  -0.00152313  -0.00617788    0.00119704    0.00492669 
    0.00139402  -0.01021586  -0.00603006  -0.00056119    0.00876397  -0.01696688 
  -0.00373069  -0.00850558  -0.01857614]
[-0.13246908  -0.10011594  -0.05852049  -0.07830831  -0.14609314  -0.11699233 
  -0.06530743  -0.08685997  -0.03804499  -0.09715316  -0.13127812  -0.09262187 
  -0.08982294  -0.07154411  -0.07987027  -0.02357217  -0.09471144  -0.10326492 
  -0.08222269  -0.05019591  -0.06595536  -0.09938317  -0.0607158    -0.06032181 
  -0.05564474  -0.05096673  -0.13570283  -0.10110298  -0.08508891  -0.03186381 
  -0.0313807    -0.04514941  -0.09014788  -0.05904461  -0.08378007  -0.06999372 
  -0.05283196  -0.02345114  -0.03758021  -0.06390701  -0.10102697  -0.04652755 
  -0.00106234  -0.03097378  -0.0386269  ]
increment_90
[0.14895241  0.11082004  0.07815102  0.09769032  0.16303353  0.14033374 
  0.07957369  0.10569301  0.05981658  0.11498692  0.15133287  0.11093149 
  0.11079669  0.09254613  0.099888      0.0458633    0.11012407  0.12824603 
  0.1110891    0.08877636  0.08997111  0.12125347  0.08202927  0.07940566 
  0.07917906  0.0704687    0.14709064  0.12916259  0.11177529  0.07451564 
  0.05178287  0.06296374  0.1113044    0.08340222  0.09785428  0.08567329 
  0.07113872  0.04433891  0.05767629  0.0793525    0.11991251  0.06904372 
  0.01720529  0.04177113  0.0517766  ]
[0.06902209  0.06538784  0.04172544  0.05045127  0.07511143  0.0609884 
  0.05019663  0.05312223  0.03479859  0.05548363  0.06790173  0.05678564 
  0.05535262  0.04795892  0.05053433  0.02934371  0.053194      0.05631677 
  0.04399944  0.02497218  0.04453552  0.05773419  0.04485226  0.04309624 
  0.0394904    0.03947297  0.06997089  0.05367767  0.047392      0.01841483 
  0.03319012  0.03968833  0.05504852  0.04216068  0.05470596  0.05016848 
  0.04033613  0.03026522  0.03623598  0.04791411  0.05910852  0.03838712 
  0.02471732  0.04030024  0.04098578]
[  0.00689146  -0.02389559  -0.00962343  -0.00760709    0.00685648    0.02225616 
  -0.02008216  -0.00363764  -0.00934497    0.00538464    0.00508103    0.00222524 
  -0.00481764  -0.0065878    -0.00526864  -0.01048274    0.012623      -0.00767608 
  -0.01076605  -0.00874232  -0.00092764  -0.00438298  -0.00796779  -0.0049705 
  -0.00815025  -0.00343559    0.00232989  -0.01050678  -0.01711715  -0.01190585 
  -0.00765803  -0.01052717  -0.0040269    -0.0086644    -0.00934022  -0.02551946 
  -0.00619901  -0.00691778  -0.00938168  -0.01044799  -0.00295789  -0.01305898 
  -0.01393905  -0.02068747  -0.01898785]
[0.06902209  0.06538784  0.04172544  0.05045127  0.07511143  0.0609884 
  0.05019663  0.05312223  0.03479859  0.05548363  0.06790173  0.05678564 
  0.05535262  0.04795892  0.05053433  0.02934371  0.053194      0.05631677 
  0.04399944  0.02497218  0.04453552  0.05773419  0.04485226  0.04309624 
  0.0394904    0.03947297  0.06997089  0.05367767  0.047392      0.01841483 
  0.03319012  0.03968833  0.05504852  0.04216068  0.05470596  0.05016848 
  0.04033613  0.03026522  0.03623598  0.04791411  0.05910852  0.03838712 
  0.02471732  0.04030024  0.04098578]
[-0.00289966  -0.00082505  -0.01477199  -0.01033396  -0.00084532  -0.01067078 
  -0.00807252  -0.00943661  -0.01742743  -0.00843507  -0.00452633  -0.00767049 
  -0.00862011  -0.01184462  -0.01060084  -0.01960187  -0.00958252  -0.01127921 
  -0.01970468  -0.03174553  -0.01435317  -0.00847916  -0.01255595  -0.0134383 
  -0.01678724  -0.01545591  -0.00167942  -0.01402325  -0.01679485  -0.03747579 
  -0.01692056  -0.01316331  -0.00859922  -0.01553699  -0.00656028  -0.00799583 
  -0.01430173  -0.01786382  -0.01540845  -0.0089038    -0.00669909  -0.01648689 
  -0.01668494  -0.00756766  -0.00975512]
[  0.01781522  -0.03308798  -0.01380383  -0.01135643    0.01115049    0.07233951 
  -0.03073845    0.00075889  -0.00602511    0.01076786    0.01313775    0.03645957 
  -0.00329946  -0.00766445  -0.00397981  -0.00596005    0.03423008  -0.00941451 
  -0.00773171    0.02881073    0.02766674  -0.01189824  -0.00484212    0.00647219 
  -0.00129593    0.02277699    0.01313427    0.00459988  -0.00807586  -0.00433834 
    0.00529678  -0.00768619  -0.00112318  -0.00709439    0.00129476    0.00597807 
    0.00217151  -0.01133341  -0.00663825  -0.00017096    0.01108562  -0.02045287 
  -0.00421722  -0.00910685  -0.02103059]
[  0.00689146  -0.02389559  -0.00962343  -0.00760709    0.00685648    0.02225616 
  -0.02008216  -0.00363764  -0.00934497    0.00538464    0.00508103    0.00222524 
  -0.00481764  -0.0065878    -0.00526864  -0.01048274    0.012623      -0.00767608 
  -0.01076605  -0.00874232  -0.00092764  -0.00438298  -0.00796779  -0.0049705 
  -0.00815025  -0.00343559    0.00232989  -0.01050678  -0.01711715  -0.01190585 
  -0.00765803  -0.01052717  -0.0040269    -0.0086644    -0.00934022  -0.02551946 
  -0.00619901  -0.00691778  -0.00938168  -0.01044799  -0.00295789  -0.01305898 
  -0.01393905  -0.02068747  -0.01898785]
[  0.01781522  -0.03308798  -0.01380383  -0.01135643    0.01115049    0.07233951 
  -0.03073845    0.00075889  -0.00602511    0.01076786    0.01313775    0.03645957 
  -0.00329946  -0.00766445  -0.00397981  -0.00596005    0.03423008  -0.00941451 
  -0.00773171    0.02881073    0.02766674  -0.01189824  -0.00484212    0.00647219 
  -0.00129593    0.02277699    0.01313427    0.00459988  -0.00807586  -0.00433834 
    0.00529678  -0.00768619  -0.00112318  -0.00709439    0.00129476    0.00597807 
    0.00217151  -0.01133341  -0.00663825  -0.00017096    0.01108562  -0.02045287 
  -0.00421722  -0.00910685  -0.02103059]
[-0.14605275  -0.10999499  -0.06337903  -0.08735636  -0.16218821  -0.12966297 
  -0.07150117  -0.0962564    -0.04238915  -0.10655185  -0.14680654  -0.10326101 
  -0.10217657  -0.08070151  -0.08928716  -0.02626143  -0.10054155  -0.11696682 
  -0.09138442  -0.05703083  -0.07561793  -0.11277431  -0.06947331  -0.06596736 
  -0.06239182  -0.05501279  -0.14541122  -0.11513934  -0.09498044  -0.03703985 
  -0.03486231  -0.04980043  -0.10270518  -0.06786523  -0.091294      -0.07767745 
  -0.05683699  -0.02647509  -0.04226784  -0.07044871  -0.11321342  -0.05255684 
  -0.00052035  -0.03420347  -0.04202148]
increment_100
[0.16260376  0.12086294  0.08481295  0.10832193  0.17934201  0.15509627 
  0.08754843  0.11615364  0.06599457  0.12578866  0.16763198  0.12332102 
  0.12425806  0.10328327  0.11073509  0.05108693  0.11707402  0.14282423 
  0.12303514  0.09920505  0.1020248    0.1358054    0.09258899  0.08684185 
  0.08742657  0.07668644  0.15741587  0.14425855  0.12388333  0.08358388 
  0.05746329  0.06918309  0.12484698  0.0942829    0.10671446  0.09427032 
  0.07670115  0.04928758  0.06418792  0.08693326  0.13320807  0.07727864 
  0.01880128  0.04594549  0.05661768]
[0.0750774    0.07140615  0.04520662  0.0555678    0.08151053  0.066066 
  0.05455717  0.0581046    0.03820202  0.06039713  0.07421342  0.06204509 
  0.06114962  0.05297741  0.05563447  0.03228483  0.05676327  0.06234733 
  0.04809038  0.02776431  0.04896902  0.06387016  0.04989641  0.04688279 
  0.04363984  0.0429431    0.07458518  0.05951547  0.05195129  0.02095783 
  0.03664611  0.04339004  0.06093219  0.04695717  0.05933821  0.05503369 
  0.0437876    0.03354303  0.04004236  0.05241199  0.06460475  0.04246305 
  0.02698151  0.0443056    0.0445424  ]
[  0.01031798  -0.02705644  -0.01100311  -0.00895146    0.00889024    0.02753076 
  -0.0227643    -0.00367566  -0.01070991    0.00664979    0.00691973    0.00407609 
  -0.00462903  -0.007645      -0.00598503  -0.01173913    0.01516877  -0.00709626 
  -0.01209988  -0.00946956  -0.00074751  -0.00453719  -0.00858489  -0.00558335 
  -0.00905036  -0.00386145    0.004016      -0.01019877  -0.0195427    -0.01363432 
  -0.00845982  -0.01158103  -0.00389497  -0.00974647  -0.0102165    -0.02791833 
  -0.00699867  -0.00747834  -0.01044403  -0.01146625  -0.00209338  -0.01551585 
  -0.01522803  -0.0227659    -0.02093851]
[0.0750774    0.07140615  0.04520662  0.0555678    0.08151053  0.066066 
  0.05455717  0.0581046    0.03820202  0.06039713  0.07421342  0.06204509 
  0.06114962  0.05297741  0.05563447  0.03228483  0.05676327  0.06234733 
  0.04809038  0.02776431  0.04896902  0.06387016  0.04989641  0.04688279 
  0.04363984  0.0429431    0.07458518  0.05951547  0.05195129  0.02095783 
  0.03664611  0.04339004  0.06093219  0.04695717  0.05933821  0.05503369 
  0.0437876    0.03354303  0.04004236  0.05241199  0.06460475  0.04246305 
  0.02698151  0.0443056    0.0445424  ]
[-0.00401976  -0.00146087  -0.01691388  -0.0118036    -0.00185889  -0.01349565 
  -0.00982762  -0.01089724  -0.01962163  -0.0099404    -0.00569032  -0.00960282 
  -0.00990075  -0.01341086  -0.01204113  -0.0220293    -0.0116102    -0.01230697 
  -0.02225486  -0.03506334  -0.01673589  -0.00967418  -0.01401763  -0.01550858 
  -0.0186008    -0.0177564    -0.00348237  -0.01531618  -0.01912372  -0.04136078 
  -0.01899157  -0.01501309  -0.00981024  -0.01730592  -0.00813622  -0.00925488 
  -0.01632012  -0.01989182  -0.01726241  -0.01033515  -0.00822601  -0.01856723 
  -0.01895386  -0.00873705  -0.01150495]
[  0.02236095  -0.03546863  -0.01501351  -0.01305318    0.01417132    0.08116116 
  -0.03369522    0.00221817  -0.0073248      0.01248269    0.01629651    0.0416141 
  -0.00201916  -0.00884348  -0.00443246  -0.0065037      0.0379886    -0.00773752 
  -0.00885042    0.03085747    0.03030656  -0.01227732  -0.00490611    0.00751091 
  -0.00157324    0.02488825    0.01748386    0.00570339  -0.01086291  -0.00641498 
    0.00606105  -0.00829826  -0.00036062  -0.00816962    0.00137373    0.00700343 
    0.00285419  -0.0124819    -0.0073335      0.00034997    0.01379077  -0.0242409 
  -0.00481728  -0.00961085  -0.02344106]
[  0.01031798  -0.02705644  -0.01100311  -0.00895146    0.00889024    0.02753076 
  -0.0227643    -0.00367566  -0.01070991    0.00664979    0.00691973    0.00407609 
  -0.00462903  -0.007645      -0.00598503  -0.01173913    0.01516877  -0.00709626 
  -0.01209988  -0.00946956  -0.00074751  -0.00453719  -0.00858489  -0.00558335 
  -0.00905036  -0.00386145    0.004016      -0.01019877  -0.0195427    -0.01363432 
  -0.00845982  -0.01158103  -0.00389497  -0.00974647  -0.0102165    -0.02791833 
  -0.00699867  -0.00747834  -0.01044403  -0.01146625  -0.00209338  -0.01551585 
  -0.01522803  -0.0227659    -0.02093851]
[  0.02236095  -0.03546863  -0.01501351  -0.01305318    0.01417132    0.08116116 
  -0.03369522    0.00221817  -0.0073248      0.01248269    0.01629651    0.0416141 
  -0.00201916  -0.00884348  -0.00443246  -0.0065037      0.0379886    -0.00773752 
  -0.00885042    0.03085747    0.03030656  -0.01227732  -0.00490611    0.00751091 
  -0.00157324    0.02488825    0.01748386    0.00570339  -0.01086291  -0.00641498 
    0.00606105  -0.00829826  -0.00036062  -0.00816962    0.00137373    0.00700343 
    0.00285419  -0.0124819    -0.0073335      0.00034997    0.01379077  -0.0242409 
  -0.00481728  -0.00961085  -0.02344106]
[-1.58584001e-01  -1.19402065e-01  -6.78990676e-02  -9.65183362e-02 
  -1.77483114e-01  -1.41600620e-01  -7.77208119e-02  -1.05256402e-01 
  -4.63729416e-02  -1.15848255e-01  -1.61941669e-01  -1.13718196e-01 
  -1.14357311e-01  -8.98724048e-02  -9.86939553e-02  -2.90576310e-02 
  -1.05463827e-01  -1.30517256e-01  -1.00780275e-01  -6.41417155e-02 
  -8.52889079e-02  -1.26131228e-01  -7.85713655e-02  -7.13332723e-02 
  -6.88257633e-02  -5.89300400e-02  -1.53933497e-01  -1.28942368e-01 
  -1.04759605e-01  -4.22230998e-02  -3.84717199e-02  -5.41699985e-02 
  -1.15036745e-01  -7.69769833e-02  -9.85782352e-02  -8.50154416e-02 
  -6.03810318e-02  -2.93957607e-02  -4.69255094e-02  -7.65981014e-02 
  -1.24982066e-01  -5.87114123e-02    1.52576664e-04  -3.72084391e-02 
  -4.51127290e-02]
increment_110
[0.1748733    0.13036635  0.09130891  0.11923176  0.19460698  0.16940893 
  0.09581471  0.12646708  0.07181481  0.13672059  0.1833814    0.13571807 
  0.13753106  0.11407334  0.12167717  0.05648316  0.12346921  0.15699406 
  0.13509566  0.10982707  0.11402751  0.15036326  0.10343729  0.0943624 
  0.09527479  0.08302894  0.16696811  0.15892465  0.13600413  0.09239876 
  0.0634367    0.07517019  0.13807458  0.1053757    0.11576436  0.10247547 
  0.08200386  0.05406547  0.07070886  0.09434589  0.14622562  0.08562879 
  0.02035463  0.04999256  0.06128815]
[0.08081855  0.07735829  0.04859192  0.06065192  0.0875404    0.07063701 
  0.0588333    0.06292975  0.04133365  0.06524587  0.08018346  0.06714801 
  0.06664668  0.05786342  0.06067731  0.03516521  0.06007644  0.06811683 
  0.05220247  0.03063372  0.05321211  0.06986068  0.05495465  0.0504593 
  0.0476335    0.04626481  0.07889419  0.06501372  0.05640394  0.02357213 
  0.04006729  0.04697034  0.06659194  0.05171853  0.06387818  0.0597739 
  0.0470972    0.03672969  0.04377771  0.05676432  0.0698191    0.04644561 
  0.02915123  0.04812666  0.0479313  ]
[  0.01445278  -0.03021868  -0.01249994  -0.01040886    0.01168635    0.03294811 
  -0.02554804  -0.00362551  -0.01222084    0.00784009    0.00913155    0.00622297 
  -0.00442773  -0.0088102    -0.0067893    -0.01302223    0.01768795  -0.00608387 
  -0.01338372  -0.01017067  -0.00054175  -0.00456727  -0.00919306  -0.00621802 
  -0.00997465  -0.00433375    0.00570767  -0.00952555  -0.02210986  -0.01549947 
  -0.00924326  -0.01272809  -0.00341865  -0.01086003  -0.01104285  -0.03008431 
  -0.00785214  -0.00784245  -0.01155733  -0.01237324  -0.00099926  -0.01805238 
  -0.01645907  -0.02471954  -0.02284779]
[0.08081855  0.07735829  0.04859192  0.06065192  0.0875404    0.07063701 
  0.0588333    0.06292975  0.04133365  0.06524587  0.08018346  0.06714801 
  0.06664668  0.05786342  0.06067731  0.03516521  0.06007644  0.06811683 
  0.05220247  0.03063372  0.05321211  0.06986068  0.05495465  0.0504593 
  0.0476335    0.04626481  0.07889419  0.06501372  0.05640394  0.02357213 
  0.04006729  0.04697034  0.06659194  0.05171853  0.06387818  0.0597739 
  0.0470972    0.03672969  0.04377771  0.05676432  0.0698191    0.04644561 
  0.02915123  0.04812666  0.0479313  ]
[-0.00514278  -0.00197505  -0.01909598  -0.01330228  -0.00314085  -0.01669532 
  -0.01167739  -0.01242768  -0.02196232  -0.01148933  -0.00699969  -0.01167776 
  -0.01134425  -0.0150465    -0.01350736  -0.02452461  -0.01370853  -0.01340461 
  -0.02470214  -0.03827686  -0.01917986  -0.01092229  -0.01546406  -0.01774508 
  -0.02043342  -0.02019386  -0.0054296    -0.01668343  -0.0215231    -0.04513415 
  -0.02112503  -0.01688382  -0.01110663  -0.01907451  -0.00978643  -0.01052437 
  -0.01839291  -0.02194348  -0.01913546  -0.01183511  -0.0098952    -0.020721 
  -0.02127037  -0.01001907  -0.01332432]
[  0.02718297  -0.03726262  -0.01648876  -0.01499365    0.0178308      0.08977458 
  -0.03646764    0.00373561  -0.00882811    0.01422973    0.01973728    0.04701563 
  -0.00073308  -0.01017479  -0.00507861  -0.00704558    0.04144946  -0.00533903 
  -0.00991575    0.03248391    0.03274278  -0.01244278  -0.00505127    0.00860201 
  -0.00184696    0.02689657    0.02180909    0.00741697  -0.01407762  -0.00884045 
    0.00687333  -0.00917848    0.00082052  -0.00935726    0.00137285    0.00801888 
    0.00341023  -0.01365292  -0.00819068    0.00106543    0.01681306  -0.02820567 
  -0.00552603  -0.0100764    -0.02579859]
[  0.01445278  -0.03021868  -0.01249994  -0.01040886    0.01168635    0.03294811 
  -0.02554804  -0.00362551  -0.01222084    0.00784009    0.00913155    0.00622297 
  -0.00442773  -0.0088102    -0.0067893    -0.01302223    0.01768795  -0.00608387 
  -0.01338372  -0.01017067  -0.00054175  -0.00456727  -0.00919306  -0.00621802 
  -0.00997465  -0.00433375    0.00570767  -0.00952555  -0.02210986  -0.01549947 
  -0.00924326  -0.01272809  -0.00341865  -0.01086003  -0.01104285  -0.03008431 
  -0.00785214  -0.00784245  -0.01155733  -0.01237324  -0.00099926  -0.01805238 
  -0.01645907  -0.02471954  -0.02284779]
[  0.02718297  -0.03726262  -0.01648876  -0.01499365    0.0178308      0.08977458 
  -0.03646764    0.00373561  -0.00882811    0.01422973    0.01973728    0.04701563 
  -0.00073308  -0.01017479  -0.00507861  -0.00704558    0.04144946  -0.00533903 
  -0.00991575    0.03248391    0.03274278  -0.01244278  -0.00505127    0.00860201 
  -0.00184696    0.02689657    0.02180909    0.00741697  -0.01407762  -0.00884045 
    0.00687333  -0.00917848    0.00082052  -0.00935726    0.00137285    0.00801888 
    0.00341023  -0.01365292  -0.00819068    0.00106543    0.01681306  -0.02820567 
  -0.00552603  -0.0100764    -0.02579859]
[-0.16973052  -0.1283913    -0.07221293  -0.10592947  -0.19146613  -0.15271361 
  -0.08413732  -0.11403941  -0.04985249  -0.12523126  -0.17638171  -0.1240403 
  -0.12618681  -0.09902684  -0.10816982  -0.03195855  -0.10976067  -0.14358945 
  -0.11039352  -0.07155021  -0.09484765  -0.13944097  -0.08797323  -0.07661732 
  -0.07484137  -0.06283508  -0.1615385    -0.14224123  -0.11448102  -0.04726461 
  -0.04231167  -0.05828637  -0.12696795  -0.08630118  -0.10597793  -0.0919511 
  -0.06361095  -0.032122      -0.0515734    -0.08251078  -0.13633042  -0.06490779 
    0.00091574  -0.03997349  -0.04796383]
increment_120
[0.18559405  0.13947502  0.09772422  0.13035074  0.20854945  0.183163 
  0.10429354  0.13668542  0.07734219  0.14781693  0.19832        0.14813957 
  0.15059375  0.12490246  0.13267038  0.06202625  0.12958654  0.17055063 
  0.14721999  0.12069808  0.12593202  0.16492486  0.11443941  0.10207902 
  0.10272469  0.08954893  0.17593599  0.17302799  0.14819389  0.10089075 
  0.06967484  0.08097432  0.15095926  0.11659002  0.12517223  0.11025914 
  0.08721864  0.05866857  0.07723571  0.10172369  0.15897673  0.09405793 
  0.0218656    0.0539318    0.06581835]
[0.0861659    0.08328968  0.05190616  0.06568104  0.09319647  0.07476494 
  0.06304315  0.06763123  0.04420428  0.07002841  0.08579565  0.07209818 
  0.07179046  0.06261371  0.06564725  0.0379561    0.06321053  0.0735847 
  0.0563173    0.03355464  0.05729393  0.07570474  0.0599783    0.0538788 
  0.05144298  0.04941838  0.08296756  0.07007632  0.06076586  0.02626066 
  0.04342429  0.05044766  0.07203206  0.05640559  0.06837668  0.06437467 
  0.05029111  0.03982897  0.04743968  0.06100236  0.07477029  0.05030598 
  0.03125966  0.05176848  0.05118122]
[  0.01911584  -0.03332821  -0.01412638  -0.01196831    0.01529028    0.03838817 
  -0.02843654  -0.00348397  -0.01389042    0.00885855    0.01177397    0.00869202 
  -0.0042783    -0.01007542  -0.00770423  -0.01436041    0.02018384  -0.00464607 
  -0.01459595  -0.0108776    -0.00032696  -0.00446793  -0.00985876  -0.00684543 
  -0.01094809  -0.00486551    0.00735911  -0.00848746  -0.02481597  -0.01749362 
  -0.01002153  -0.01397697  -0.00250263  -0.01201188  -0.01185491  -0.03200899 
  -0.00874988  -0.00800179  -0.01274584  -0.01312661    0.00030362  -0.02057703 
  -0.01765344  -0.02654671  -0.02471794]
[0.0861659    0.08328968  0.05190616  0.06568104  0.09319647  0.07476494 
  0.06304315  0.06763123  0.04420428  0.07002841  0.08579565  0.07209818 
  0.07179046  0.06261371  0.06564725  0.0379561    0.06321053  0.0735847 
  0.0563173    0.03355464  0.05729393  0.07570474  0.0599783    0.0538788 
  0.05144298  0.04941838  0.08296756  0.07007632  0.06076586  0.02626066 
  0.04342429  0.05044766  0.07203206  0.05640559  0.06837668  0.06437467 
  0.05029111  0.03982897  0.04743968  0.06100236  0.07477029  0.05030598 
  0.03125966  0.05176848  0.05118122]
[-0.00631562  -0.00236614  -0.02130906  -0.01482686  -0.00455434  -0.02016737 
  -0.01358976  -0.01401547  -0.02446136  -0.01309922  -0.00851517  -0.01390188 
  -0.01300389  -0.01675378  -0.01500945  -0.02711015  -0.01587683  -0.01462691 
  -0.02704317  -0.04143114  -0.02166705  -0.01222285  -0.01692372  -0.02011539 
  -0.02232375  -0.02278339  -0.00748891  -0.01821869  -0.02399395  -0.04879675 
  -0.02334567  -0.01877005  -0.0124928    -0.02087006  -0.01149606  -0.01182274 
  -0.02052589  -0.02402596  -0.02103433  -0.01340969  -0.01170042  -0.0229666 
  -0.02360136  -0.01142134  -0.01519592]
[  0.03209975  -0.0384875    -0.01827192  -0.01709729    0.0220326      0.09810187 
  -0.03911411    0.00533987  -0.01061991    0.01596259    0.02342187    0.05269262 
    0.00048607  -0.01161777  -0.00590594  -0.00770526    0.04471222  -0.00232746 
  -0.01087594    0.03372573    0.03496483  -0.01238092  -0.00537504    0.00976291 
  -0.00214215    0.0287891      0.02601398    0.00977401  -0.01767241  -0.01160553 
    0.007714      -0.0103454      0.00243143  -0.0106025      0.00125649    0.00903775 
    0.00387286  -0.01482594  -0.00926149    0.00199651    0.02009506  -0.03224168 
  -0.00632599  -0.0105256    -0.0281091  ]
[  0.01911584  -0.03332821  -0.01412638  -0.01196831    0.01529028    0.03838817 
  -0.02843654  -0.00348397  -0.01389042    0.00885855    0.01177397    0.00869202 
  -0.0042783    -0.01007542  -0.00770423  -0.01436041    0.02018384  -0.00464607 
  -0.01459595  -0.0108776    -0.00032696  -0.00446793  -0.00985876  -0.00684543 
  -0.01094809  -0.00486551    0.00735911  -0.00848746  -0.02481597  -0.01749362 
  -0.01002153  -0.01397697  -0.00250263  -0.01201188  -0.01185491  -0.03200899 
  -0.00874988  -0.00800179  -0.01274584  -0.01312661    0.00030362  -0.02057703 
  -0.01765344  -0.02654671  -0.02471794]
[  0.03209975  -0.0384875    -0.01827192  -0.01709729    0.0220326      0.09810187 
  -0.03911411    0.00533987  -0.01061991    0.01596259    0.02342187    0.05269262 
    0.00048607  -0.01161777  -0.00590594  -0.00770526    0.04471222  -0.00232746 
  -0.01087594    0.03372573    0.03496483  -0.01238092  -0.00537504    0.00976291 
  -0.00214215    0.0287891      0.02601398    0.00977401  -0.01767241  -0.01160553 
    0.007714      -0.0103454      0.00243143  -0.0106025      0.00125649    0.00903775 
    0.00387286  -0.01482594  -0.00926149    0.00199651    0.02009506  -0.03224168 
  -0.00632599  -0.0105256    -0.0281091  ]
[-0.17927843  -0.13710888  -0.07641516  -0.11552388  -0.20399511  -0.16299563 
  -0.09070378  -0.12266995  -0.05288083  -0.13471771  -0.18980483  -0.13423769 
  -0.13758986  -0.10814869  -0.11766094  -0.0349161    -0.11370972  -0.15592371 
  -0.12017682  -0.07926694  -0.10426497  -0.15270201  -0.09751569  -0.08196363 
  -0.08040094  -0.06676554  -0.16844709  -0.15480931  -0.12419994  -0.052094 
  -0.04632917  -0.06220427  -0.13846647  -0.09571996  -0.11367617  -0.0984364 
  -0.06669274  -0.03464262  -0.05620139  -0.088314      -0.14727631  -0.07109133 
    0.00173576  -0.04251046  -0.05062243]
