inc
eps_11
eps_12
eps_13
eps_21
eps_22
eps_23
eps_31
eps_32
eps_33
increment_0
[9.34962138e-17  9.34962138e-17  9.34962138e-17  9.34962138e-17 
  9.34962138e-17  9.34962138e-17  9.34962138e-17  9.34962138e-17 
  9.34962138e-17  9.34962138e-17  9.34962138e-17  9.34962138e-17 
  9.34962138e-17  9.34962138e-17  9.34962138e-17  9.34962138e-17 
  9.34962138e-17  9.34962138e-17]
[-6.47120097e-17  -6.47120097e-17  -6.47120097e-17  -6.47120097e-17 
  -6.47120097e-17  -6.47120097e-17  -6.47120097e-17  -6.47120097e-17 
  -6.47120097e-17  -6.47120097e-17  -6.47120097e-17  -6.47120097e-17 
  -6.47120097e-17  -6.47120097e-17  -6.47120097e-17  -6.47120097e-17 
  -6.47120097e-17  -6.47120097e-17]
[-1.92265132e-17  -1.92265132e-17  -1.92265132e-17  -1.92265132e-17 
  -1.92265132e-17  -1.92265132e-17  -1.92265132e-17  -1.92265132e-17 
  -1.92265132e-17  -1.92265132e-17  -1.92265132e-17  -1.92265132e-17 
  -1.92265132e-17  -1.92265132e-17  -1.92265132e-17  -1.92265132e-17 
  -1.92265132e-17  -1.92265132e-17]
[-6.47120097e-17  -6.47120097e-17  -6.47120097e-17  -6.47120097e-17 
  -6.47120097e-17  -6.47120097e-17  -6.47120097e-17  -6.47120097e-17 
  -6.47120097e-17  -6.47120097e-17  -6.47120097e-17  -6.47120097e-17 
  -6.47120097e-17  -6.47120097e-17  -6.47120097e-17  -6.47120097e-17 
  -6.47120097e-17  -6.47120097e-17]
[-1.4142356e-16  -1.4142356e-16  -1.4142356e-16  -1.4142356e-16 
  -1.4142356e-16  -1.4142356e-16  -1.4142356e-16  -1.4142356e-16 
  -1.4142356e-16  -1.4142356e-16  -1.4142356e-16  -1.4142356e-16 
  -1.4142356e-16  -1.4142356e-16  -1.4142356e-16  -1.4142356e-16 
  -1.4142356e-16  -1.4142356e-16]
[-2.55253401e-17  -2.55253401e-17  -2.55253401e-17  -2.55253401e-17 
  -2.55253401e-17  -2.55253401e-17  -2.55253401e-17  -2.55253401e-17 
  -2.55253401e-17  -2.55253401e-17  -2.55253401e-17  -2.55253401e-17 
  -2.55253401e-17  -2.55253401e-17  -2.55253401e-17  -2.55253401e-17 
  -2.55253401e-17  -2.55253401e-17]
[-1.92265132e-17  -1.92265132e-17  -1.92265132e-17  -1.92265132e-17 
  -1.92265132e-17  -1.92265132e-17  -1.92265132e-17  -1.92265132e-17 
  -1.92265132e-17  -1.92265132e-17  -1.92265132e-17  -1.92265132e-17 
  -1.92265132e-17  -1.92265132e-17  -1.92265132e-17  -1.92265132e-17 
  -1.92265132e-17  -1.92265132e-17]
[-2.55253401e-17  -2.55253401e-17  -2.55253401e-17  -2.55253401e-17 
  -2.55253401e-17  -2.55253401e-17  -2.55253401e-17  -2.55253401e-17 
  -2.55253401e-17  -2.55253401e-17  -2.55253401e-17  -2.55253401e-17 
  -2.55253401e-17  -2.55253401e-17  -2.55253401e-17  -2.55253401e-17 
  -2.55253401e-17  -2.55253401e-17]
[-6.30949566e-17  -6.30949566e-17  -6.30949566e-17  -6.30949566e-17 
  -6.30949566e-17  -6.30949566e-17  -6.30949566e-17  -6.30949566e-17 
  -6.30949566e-17  -6.30949566e-17  -6.30949566e-17  -6.30949566e-17 
  -6.30949566e-17  -6.30949566e-17  -6.30949566e-17  -6.30949566e-17 
  -6.30949566e-17  -6.30949566e-17]
increment_10
[0.00346825  0.00316818  0.00307428  0.00370361  0.00144843  0.00343017 
  0.00280409  0.00344219  0.00365767  0.00337159  0.00293442  0.00318389 
  0.00312362  0.00309249  0.00324091  0.00316414  0.00337986  0.00330024]
[0.00365448  0.0025402    0.0034493    0.00458955  0.00424913  0.00314164 
  0.00353473  0.00405623  0.00220238  0.00375298  0.00266854  0.00303139 
  0.00441749  0.00263113  0.00275485  0.00356356  0.00362157  0.00350835]
[0.00196206  0.00096622  0.00188122  0.0027938    0.00242965  0.00146145 
  0.00192786  0.00238202  0.00039579  0.00209327  0.00114537  0.00146386 
  0.00287667  0.00103739  0.00115679  0.00199283  0.00196976  0.00189854]
[0.00365448  0.0025402    0.0034493    0.00458955  0.00424913  0.00314164 
  0.00353473  0.00405623  0.00220238  0.00375298  0.00266854  0.00303139 
  0.00441749  0.00263113  0.00275485  0.00356356  0.00362157  0.00350835]
[  3.55345470e-03    1.84096766e-03    3.81668594e-03    5.47759222e-03 
    9.39969159e-04    2.79918228e-03    2.66990432e-03    4.61022503e-03 
  -1.79683764e-06    1.04003803e-03    2.22635873e-03    2.87071014e-03 
    5.67201973e-03    1.84274038e-03    9.85981958e-04    2.28913195e-03 
    1.10029522e-03    2.86653522e-03]
[0.00177693  0.0016171    0.00157778  0.00164917  0.00185138  0.00173864 
  0.00166655  0.00163098  0.00160561  0.00168205  0.00155655  0.00162564 
  0.00165359  0.0016353    0.0016196    0.00162634  0.00171339  0.00168535]
[0.00196206  0.00096622  0.00188122  0.0027938    0.00242965  0.00146145 
  0.00192786  0.00238202  0.00039579  0.00209327  0.00114537  0.00146386 
  0.00287667  0.00103739  0.00115679  0.00199283  0.00196976  0.00189854]
[0.00177693  0.0016171    0.00157778  0.00164917  0.00185138  0.00173864 
  0.00166655  0.00163098  0.00160561  0.00168205  0.00155655  0.00162564 
  0.00165359  0.0016353    0.0016196    0.00162634  0.00171339  0.00168535]
[-0.00702171  -0.00500915  -0.00689096  -0.0091812    -0.0023884    -0.00622936 
  -0.005474      -0.00805242  -0.00365588  -0.00441162  -0.00516078  -0.0060546 
  -0.00879564  -0.00493523  -0.00422689  -0.00545328  -0.00448015  -0.00616677]
increment_20
[0.00754433  0.0067048    0.00653681  0.00793055  0.00244488  0.0075621 
  0.00546297  0.00749305  0.00792652  0.00721884  0.0058065    0.00700891 
  0.0063121    0.00703623  0.00717771  0.00690582  0.00734601  0.00726645]
[0.00885352  0.00603246  0.00773601  0.0101066    0.01048678  0.00719872 
  0.00830511  0.00886818  0.00483437  0.00874774  0.0064451    0.00678189 
  0.0096309    0.00604716  0.00653209  0.00852862  0.00811062  0.00764819]
[0.00528313  0.00246822  0.00410122  0.00642721  0.00627659  0.00359578 
  0.00461085  0.00535064  0.0009754    0.00523276  0.00280807  0.0032929 
  0.00612483  0.00249787  0.00302583  0.00505744  0.00458978  0.00418417]
[0.00885352  0.00603246  0.00773601  0.0101066    0.01048678  0.00719872 
  0.00830511  0.00886818  0.00483437  0.00874774  0.0064451    0.00678189 
  0.0096309    0.00604716  0.00653209  0.00852862  0.00811062  0.00764819]
[  0.00707077    0.00425729    0.00840052    0.01229727    0.00138611    0.00646204 
    0.00550938    0.01002744  -0.00072756    0.00163855    0.00525675    0.00628034 
    0.01183672    0.00360084    0.0009402      0.00550523    0.0017077      0.00538194]
[0.00398754  0.00378562  0.00372904  0.00391126  0.00436506  0.00392503 
  0.00397397  0.00385389  0.00354328  0.00372024  0.00385498  0.00378788 
  0.00405088  0.00375928  0.003656      0.00379741  0.00378479  0.00379083]
[0.00528313  0.00246822  0.00410122  0.00642721  0.00627659  0.00359578 
  0.00461085  0.00535064  0.0009754    0.00523276  0.00280807  0.0032929 
  0.00612483  0.00249787  0.00302583  0.00505744  0.00458978  0.00418417]
[0.00398754  0.00378562  0.00372904  0.00391126  0.00436506  0.00392503 
  0.00397397  0.00385389  0.00354328  0.00372024  0.00385498  0.00378788 
  0.00405088  0.00375928  0.003656      0.00379741  0.00378479  0.00379083]
[-0.0146151    -0.01096209  -0.01493733  -0.02022782  -0.00383099  -0.01402414 
  -0.01097235  -0.01752049  -0.00719896  -0.00885739  -0.01106325  -0.01328925 
  -0.01814882  -0.01063707  -0.0081179    -0.01241105  -0.00905371  -0.01264839]
increment_30
[0.0114927    0.0100876    0.00995288  0.0120922    0.0030042    0.01161182 
  0.00799141  0.01153971  0.0121088    0.01095927  0.00859086  0.01051378 
  0.00906341  0.01088154  0.01105541  0.01058355  0.01125622  0.01113375]
[0.01385351  0.00953157  0.01204197  0.01545984  0.01691968  0.01139323 
  0.01311312  0.0135609    0.00742968  0.01344994  0.01018589  0.01083648 
  0.01497292  0.00941866  0.01030204  0.01341904  0.01242196  0.0118081  ]
[0.00858025  0.00403231  0.00639033  0.01011183  0.01034405  0.00601994 
  0.00739935  0.00833007  0.00161908  0.00813001  0.0044929    0.00545608 
  0.009534      0.0040252    0.00494597  0.0081635    0.00711175  0.00658261]
[0.01385351  0.00953157  0.01204197  0.01545984  0.01691968  0.01139323 
  0.01311312  0.0135609    0.00742968  0.01344994  0.01018589  0.01083648 
  0.01497292  0.00941866  0.01030204  0.01341904  0.01242196  0.0118081  ]
[  0.0103954      0.00661305    0.01288184    0.01886218    0.00207003    0.01012358 
    0.00831778    0.01519305  -0.00146119    0.00226188    0.00816869    0.01015342 
    0.01800268    0.00526092    0.00100926    0.008762        0.00216376    0.00796594]
[0.00625595  0.00602961  0.00606611  0.00648777  0.0069478    0.00618613 
  0.00637221  0.00627643  0.0054915    0.00583876  0.00623171  0.0061288 
  0.00676025  0.00589458  0.00573799  0.00606952  0.00588851  0.00597653]
[0.00858025  0.00403231  0.00639033  0.01011183  0.01034405  0.00601994 
  0.00739935  0.00833007  0.00161908  0.00813001  0.0044929    0.00545608 
  0.009534      0.0040252    0.00494597  0.0081635    0.00711175  0.00658261]
[0.00625595  0.00602961  0.00606611  0.00648777  0.0069478    0.00618613 
  0.00637221  0.00627643  0.0054915    0.00583876  0.00623171  0.0061288 
  0.00676025  0.00589458  0.00573799  0.00606952  0.00588851  0.00597653]
[-0.0218881    -0.01670066  -0.02283472  -0.03095438  -0.00507423  -0.0217354 
  -0.0163092    -0.02673276  -0.01064761  -0.01322115  -0.01675956  -0.0206672 
  -0.02706609  -0.01614246  -0.01206467  -0.01934555  -0.01341998  -0.01909969]
increment_40
[0.01535478  0.01347972  0.01352519  0.01621837  0.00298989  0.01558943 
  0.0105744    0.01556738  0.0162625    0.01455066  0.0112961    0.01377717 
  0.01179828  0.01458004  0.01486364  0.01417501  0.015098      0.01472592]
[0.01866111  0.01284496  0.01628532  0.02055494  0.02339037  0.01573828 
  0.01804977  0.01798613  0.01000113  0.01782859  0.01382068  0.0151659 
  0.02025655  0.01272844  0.01407413  0.01819664  0.0164678    0.01595573]
[0.01183413  0.0055027    0.00878557  0.01371751  0.01444535  0.00873931 
  0.01045328  0.01116742  0.00230849  0.01077904  0.00614666  0.00797596 
  0.01302304  0.00556599  0.00695794  0.0112889    0.00945703  0.00903752]
[0.01866111  0.01284496  0.01628532  0.02055494  0.02339037  0.01573828 
  0.01804977  0.01798613  0.01000113  0.01782859  0.01382068  0.0151659 
  0.02025655  0.01272844  0.01407413  0.01819664  0.0164678    0.01595573]
[  0.01355834    0.00877436    0.01724881    0.02494805    0.00296898    0.01360732 
    0.01139892    0.01988686  -0.00217332    0.00293752    0.01088471    0.01451565 
    0.02399439    0.00677892    0.00140394    0.01187837    0.00253895    0.0105891  ]
[0.00859073  0.00829785  0.00851675  0.00927125  0.00961752  0.00852404 
  0.00882629  0.00882395  0.00742799  0.00799295  0.00865296  0.00862985 
  0.00965478  0.00806398  0.00784094  0.00840897  0.00800506  0.00825691]
[0.01183413  0.0055027    0.00878557  0.01371751  0.01444535  0.00873931 
  0.01045328  0.01116742  0.00230849  0.01077904  0.00614666  0.00797596 
  0.01302304  0.00556599  0.00695794  0.0112889    0.00945703  0.00903752]
[0.00859073  0.00829785  0.00851675  0.00927125  0.00961752  0.00852404 
  0.00882629  0.00882395  0.00742799  0.00799295  0.00865296  0.00862985 
  0.00965478  0.00806398  0.00784094  0.00840897  0.00800506  0.00825691]
[-0.02891312  -0.02225408  -0.030774      -0.04116642  -0.00595887  -0.02919675 
  -0.02197332  -0.03545424  -0.01408918  -0.01748818  -0.02218081  -0.02829281 
  -0.03579267  -0.02135897  -0.01626759  -0.02605338  -0.01763695  -0.02531502]
increment_50
[0.01913227  0.01694725  0.0172595    0.02032571  0.00243091  0.01947708 
  0.01320714  0.01957085  0.0204044    0.01800939  0.01392282  0.01692124 
  0.01462786  0.01813844  0.01860922  0.01766106  0.01887364  0.01789516]
[0.02325911  0.01594267  0.02048491  0.02536858  0.02979762  0.02029881 
  0.02315291  0.02211263  0.01252154  0.02190977  0.01731919  0.01975532 
  0.02541036  0.01603246  0.01785397  0.02281998  0.02023887  0.02005003]
[0.01500811  0.00685168  0.01131988  0.01719027  0.01847321  0.011826 
  0.01383392  0.01381809  0.00300547  0.0132061    0.00773515  0.01086968 
  0.01653825  0.00717153  0.00908008  0.01437963  0.01161784  0.01147245]
[0.02325911  0.01594267  0.02048491  0.02536858  0.02979762  0.02029881 
  0.02315291  0.02211263  0.01252154  0.02190977  0.01731919  0.01975532 
  0.02541036  0.01603246  0.01785397  0.02281998  0.02023887  0.02005003]
[  0.01644462    0.0106979      0.02155129    0.03048664    0.00395203    0.01693294 
    0.01493376    0.02403801  -0.00283173    0.00361214    0.01336662    0.0193632 
    0.02965892    0.00819939    0.0021255      0.01475607    0.00294647    0.01321458]
[0.01097534  0.01057554  0.01108186  0.01220106  0.012361      0.01093521 
  0.0113586    0.01145095  0.00933207  0.01016691  0.0111039    0.01130482 
  0.01268334  0.01026552  0.0099615    0.01080035  0.01012656  0.01064508]
[0.01500811  0.00685168  0.01131988  0.01719027  0.01847321  0.011826 
  0.01383392  0.01381809  0.00300547  0.0132061    0.00773515  0.01086968 
  0.01653825  0.00717153  0.00908008  0.01437963  0.01161784  0.01147245]
[0.01097534  0.01057554  0.01108186  0.01220106  0.012361      0.01093521 
  0.0113586    0.01145095  0.00933207  0.01016691  0.0111039    0.01130482 
  0.01268334  0.01026552  0.0099615    0.01080035  0.01012656  0.01064508]
[-0.03557689  -0.02764514  -0.03881079  -0.05081235  -0.00638294  -0.03641002 
  -0.0281409    -0.04360886  -0.01757266  -0.02162153  -0.02728945  -0.03628444 
  -0.04428678  -0.02633782  -0.02073473  -0.03241714  -0.0218201    -0.03110974]
increment_60
[0.02282317  0.02054561  0.02113299  0.02441363  0.0013972    0.02325441 
  0.015822      0.02354842  0.02454094  0.02137526  0.01644632  0.02005169 
  0.01761135  0.02156177  0.02230751  0.02102216  0.02259431  0.02058132]
[0.0275881    0.01882261  0.0246332    0.02992904  0.03603889  0.0251723 
  0.02834872  0.02597377  0.01495154  0.02573707  0.02066231  0.0245288 
  0.03045211  0.01936485  0.02161741  0.027242      0.02374291  0.02406048]
[0.01801486  0.00808069  0.01398259  0.02054381  0.02232092  0.01539178 
  0.01746317  0.01630404  0.00366525  0.01545186  0.009225      0.01408777 
  0.02011384  0.00887688  0.01129174  0.0173677    0.01359939  0.01383736]
[0.0275881    0.01882261  0.0246332    0.02992904  0.03603889  0.0251723 
  0.02834872  0.02597377  0.01495154  0.02573707  0.02066231  0.0245288 
  0.03045211  0.01936485  0.02161741  0.027242      0.02374291  0.02406048]
[  0.01896098    0.01234888    0.02577109    0.03553304    0.00493087    0.02023264 
    0.01889524    0.02769795  -0.00341901    0.00425148    0.01558296    0.0245429 
    0.03493966    0.0095741      0.00312355    0.01736579    0.00344077    0.01584075]
[0.01338708  0.0128491    0.01376433  0.01524199  0.01515924  0.01343138 
  0.01399999  0.01413113  0.01119554  0.01235278  0.01357639  0.01416011 
  0.01581117  0.01249607  0.01210293  0.01323203  0.01225162  0.01314465]
[0.01801486  0.00808069  0.01398259  0.02054381  0.02232092  0.01539178 
  0.01746317  0.01630404  0.00366525  0.01545186  0.009225      0.01408777 
  0.02011384  0.00887688  0.01129174  0.0173677    0.01359939  0.01383736]
[0.01338708  0.0128491    0.01376433  0.01524199  0.01515924  0.01343138 
  0.01399999  0.01413113  0.01119554  0.01235278  0.01357639  0.01416011 
  0.01581117  0.01249607  0.01210293  0.01323203  0.01225162  0.01314465]
[-0.04178416  -0.03289449  -0.04690408  -0.05994667  -0.00632806  -0.04348705 
  -0.03471723  -0.05124637  -0.02112193  -0.02562674  -0.03202929  -0.04459459 
  -0.05255101  -0.03113588  -0.02543106  -0.03838795  -0.02603508  -0.03642206]
increment_70
[2.64222716e-02  2.42774668e-02  2.50959415e-02  2.84770646e-02 
  2.12943009e-05  2.68944707e-02  1.83430426e-02  2.74954558e-02 
  2.86666325e-02  2.46888910e-02  1.88271871e-02  2.32392102e-02 
  2.07496650e-02  2.48534348e-02  2.59695376e-02  2.42339514e-02 
  2.62686974e-02  2.27257912e-02]
[0.03159786  0.02150459  0.02871318  0.03429605  0.04204676  0.03040784 
  0.0335463    0.02961961  0.01727059  0.02936584  0.02386251  0.02942575 
  0.03542918  0.02272655  0.02532516  0.03144352  0.02699708  0.02798565]
[0.02077585  0.00920926  0.01674047  0.02383492  0.02593159  0.01950515 
  0.02123128  0.01866869  0.00426859  0.01757466  0.01061205  0.01759399 
  0.02381343  0.01068141  0.0135531    0.02021025  0.01541524  0.01612397]
[0.03159786  0.02150459  0.02871318  0.03429605  0.04204676  0.03040784 
  0.0335463    0.02961961  0.01727059  0.02936584  0.02386251  0.02942575 
  0.03542918  0.02272655  0.02532516  0.03144352  0.02699708  0.02798565]
[  0.02107359    0.01372857    0.02986975    0.04021226    0.00587839    0.02362651 
    0.02314116    0.03095865  -0.00392873    0.00486279    0.01754793    0.02987994 
    0.03982363    0.01095524    0.00434037    0.01974502    0.00402498    0.01850965]
[0.01580561  0.01511057  0.01656001  0.01837991  0.01798579  0.01602941 
  0.0167684    0.01685063  0.01302231  0.0145444    0.01606733  0.01719052 
  0.01901099  0.01475699  0.01426841  0.0157          0.01437937  0.01577469]
[0.02077585  0.00920926  0.01674047  0.02383492  0.02593159  0.01950515 
  0.02123128  0.01866869  0.00426859  0.01757466  0.01061205  0.01759399 
  0.02381343  0.01068141  0.0135531    0.02021025  0.01541524  0.01612397]
[0.01580561  0.01511057  0.01656001  0.01837991  0.01798579  0.01602941 
  0.0167684    0.01685063  0.01302231  0.0145444    0.01606733  0.01719052 
  0.01901099  0.01475699  0.01426841  0.0157          0.01437937  0.01577469]
[-0.04749586  -0.03800604  -0.05496569  -0.06868932  -0.00589968  -0.05052098 
  -0.0414842    -0.05845411  -0.0247379    -0.02955168  -0.03637512  -0.05311915 
  -0.06057329  -0.03580867  -0.03030991  -0.04397897  -0.03029368  -0.04123544]
increment_80
[  0.0299196      0.0281028      0.02909701    0.03251261  -0.00154671    0.03037722 
    0.02069578    0.03140665    0.03276548    0.02796515    0.02104157    0.02651666 
    0.02401441    0.02802206    0.02960004    0.0272859      0.02989766    0.02429854]
[0.03528932  0.02402561  0.03271923  0.03852566  0.04781473  0.03598942 
  0.03869679  0.03309183  0.01948139  0.03285184  0.02695703  0.03443573 
  0.04034643  0.02610012  0.02894855  0.03545062  0.03001598  0.03180413]
[0.0232713    0.01026633  0.0195685    0.02712141  0.02932186  0.02416448 
  0.02506374  0.02094926  0.00482577  0.01963348  0.01192185  0.02140349 
  0.02764591  0.01256583  0.0158335    0.02291706  0.01707669  0.01834307]
[0.03528932  0.02402561  0.03271923  0.03852566  0.04781473  0.03598942 
  0.03869679  0.03309183  0.01948139  0.03285184  0.02695703  0.03443573 
  0.04034643  0.02610012  0.02894855  0.03545062  0.03001598  0.03180413]
[  0.02282775    0.01487331    0.03383559    0.04464104    0.00682796    0.02717097 
    0.0275211      0.03389976  -0.00435551    0.00548213    0.01931343    0.035245 
    0.04431833    0.01237062    0.00574119    0.02195825    0.00468488    0.02122392]
[0.01822153  0.01736168  0.01946067  0.02161324  0.02081586  0.01874765 
  0.01966977  0.01960168  0.01482542  0.01674055  0.01857715  0.02038606 
  0.0222625    0.01704947  0.01646085  0.01820506  0.01650736  0.01856722]
[0.0232713    0.01026633  0.0195685    0.02712141  0.02932186  0.02416448 
  0.02506374  0.02094926  0.00482577  0.01963348  0.01192185  0.02140349 
  0.02764591  0.01256583  0.0158335    0.02291706  0.01707669  0.01834307]
[0.01822153  0.01736168  0.01946067  0.02161324  0.02081586  0.01874765 
  0.01966977  0.01960168  0.01482542  0.01674055  0.01857715  0.02038606 
  0.0222625    0.01704947  0.01646085  0.01820506  0.01650736  0.01856722]
[-0.05274735  -0.0429761    -0.0629326    -0.07715366  -0.00528125  -0.05754819 
  -0.04821688  -0.0653064    -0.02840997  -0.03344728  -0.040355      -0.06176166 
  -0.06833274  -0.04039268  -0.03534123  -0.04924415  -0.03458255  -0.04552246]
increment_90
[  0.03328264    0.03196101    0.03309834    0.03651605  -0.00320842    0.03368409 
    0.02276933    0.03527368    0.03681879    0.03118108    0.02312124    0.02985147 
    0.02736509    0.03104868    0.03319412    0.03014601    0.03347467    0.02532346]
[0.03872161  0.02642591  0.03665981  0.04265291  0.0534021    0.04185034 
  0.04380102  0.036421      0.02160302  0.03625861  0.02996443  0.0395687 
  0.04517323  0.02946698  0.03248729  0.03933368  0.03282286  0.03547225]
[0.02554663  0.01128253  0.0224642    0.03044115  0.03257633  0.02931287 
  0.02892561  0.02317371  0.00536648  0.02169175  0.01317413  0.02554294 
  0.0315704    0.0145039    0.01813172  0.02554845  0.01860122  0.02052317]
[0.03872161  0.02642591  0.03665981  0.04265291  0.0534021    0.04185034 
  0.04380102  0.036421      0.02160302  0.03625861  0.02996443  0.0395687 
  0.04517323  0.02946698  0.03248729  0.03933368  0.03282286  0.03547225]
[  0.02434663    0.01583867    0.03769119    0.04889469    0.00786318    0.03087505 
    0.03192433    0.03658421  -0.00469636    0.00615203    0.0209116      0.04056868 
    0.0484421      0.01383436    0.00732          0.02409254    0.00541286    0.0239651  ]
[0.02064147  0.0196069    0.02245901  0.02494198  0.02363693  0.02159697 
  0.02270723  0.0223782    0.01662688  0.018945      0.02109953  0.02374079 
  0.02555077  0.01937714  0.01868398  0.02075461  0.01863518  0.02155525]
[0.02554663  0.01128253  0.0224642    0.03044115  0.03257633  0.02931287 
  0.02892561  0.02317371  0.00536648  0.02169175  0.01317413  0.02554294 
  0.0315704    0.0145039    0.01813172  0.02554845  0.01860122  0.02052317]
[0.02064147  0.0196069    0.02245901  0.02494198  0.02363693  0.02159697 
  0.02270723  0.0223782    0.01662688  0.018945      0.02109953  0.02374079 
  0.02555077  0.01937714  0.01868398  0.02075461  0.01863518  0.02155525]
[-0.05762927  -0.04779969  -0.07078953  -0.08541074  -0.00465476  -0.06455914 
  -0.05469366  -0.07185789  -0.03212244  -0.03733311  -0.04403284  -0.07042015 
  -0.07580719  -0.04488304  -0.04051412  -0.05423855  -0.03888753  -0.04928856]
increment_100
[  0.03648144    0.03580269    0.03708248    0.04048632  -0.00492923    0.03679298 
    0.02448722    0.03908627    0.04081276    0.03429461    0.02515127    0.03320331 
    0.03074361    0.03390907    0.03674981    0.03276148    0.0369904      0.02587244]
[0.04197558  0.028731      0.04055515  0.04667251  0.05886608  0.04794027 
  0.04886013  0.03961304  0.02366111  0.03964583  0.03285471  0.04477296 
  0.04987656  0.03281494  0.03595821  0.04314356  0.03545608  0.03893698]
[0.02767343  0.01227843  0.02544584  0.03378238  0.03576908  0.03491195 
  0.03278711  0.02534076  0.00592387  0.0238041    0.01435134  0.02996265 
  0.03553204  0.0164732    0.0204631    0.02814073  0.02001801  0.02267842]
[0.04197558  0.028731      0.04055515  0.04667251  0.05886608  0.04794027 
  0.04886013  0.03961304  0.02366111  0.03964583  0.03285471  0.04477296 
  0.04987656  0.03281494  0.03595821  0.04314356  0.03545608  0.03893698]
[  0.02577576    0.01667017    0.04147971    0.05296179    0.0090539      0.03476555 
    0.03626661    0.03902404  -0.00494748    0.00690501    0.02230668    0.04577853 
    0.05220454    0.01537026    0.00906962    0.02619018    0.00620494    0.02668702]
[0.02308445  0.0218454    0.02555611  0.0283548    0.02644627  0.02458801 
  0.02587236  0.02516977  0.01843907  0.02116579  0.02361369  0.02724049 
  0.02886131  0.02174614  0.02094425  0.02335448  0.02076783  0.02474952]
[0.02767343  0.01227843  0.02544584  0.03378238  0.03576908  0.03491195 
  0.03278711  0.02534076  0.00592387  0.0238041    0.01435134  0.02996265 
  0.03553204  0.0164732    0.0204631    0.02814073  0.02001801  0.02267842]
[0.02308445  0.0218454    0.02555611  0.0283548    0.02644627  0.02458801 
  0.02587236  0.02516977  0.01843907  0.02116579  0.02361369  0.02724049 
  0.02886131  0.02174614  0.02094425  0.02335448  0.02076783  0.02474952]
[-0.06225721  -0.05247287  -0.07856219  -0.09344811  -0.00412466  -0.07155853 
  -0.06075383  -0.07811031  -0.03586528  -0.04119962  -0.04745796  -0.07898185 
  -0.08294816  -0.04927933  -0.04581944  -0.05895166  -0.04319533  -0.05255946]
increment_110
[  0.03949882    0.03960795    0.04104533    0.04441855  -0.00671177    0.03969032 
    0.0258408      0.04283454    0.04473804    0.03727445    0.02720624    0.03653626 
    0.03410844    0.03659237    0.04026734    0.03510764    0.04042947    0.0260214  ]
[0.04513651  0.03095816  0.04440572  0.05056897  0.06424657  0.05422892 
  0.05384318  0.04266965  0.025674      0.04306002  0.03559166  0.04995007 
  0.05445007  0.03613906  0.03938672  0.04686943  0.03797066  0.04216998]
[0.02973599  0.01326906  0.02851099  0.03711315  0.0389461    0.04094361 
  0.03659345  0.02744079  0.00652051  0.02601303  0.01542615  0.03454524 
  0.03950469  0.01845976  0.02285318  0.03066327  0.02137197  0.02482586]
[0.04513651  0.03095816  0.04440572  0.05056897  0.06424657  0.05422892 
  0.05384318  0.04266965  0.025674      0.04306002  0.03559166  0.04995007 
  0.05445007  0.03613906  0.03938672  0.04686943  0.03797066  0.04216998]
[  0.02722225    0.01740206    0.04519893    0.05679911    0.01042783    0.0388887 
    0.04046482    0.04121712  -0.00511147    0.00779479    0.02344915    0.05076604 
    0.05561589    0.01699809    0.01099386    0.028222        0.00705885    0.02935725]
[0.02556777  0.02407611  0.02875038  0.03183754  0.0292472    0.02774093 
  0.02914318  0.02796717  0.0202666    0.02341464  0.02609968  0.03085635 
  0.0321816    0.02416273  0.02325009  0.02599919  0.02291517  0.02815079]
[0.02973599  0.01326906  0.02851099  0.03711315  0.0389461    0.04094361 
  0.03659345  0.02744079  0.00652051  0.02601303  0.01542615  0.03454524 
  0.03950469  0.01845976  0.02285318  0.03066327  0.02137197  0.02482586]
[0.02556777  0.02407611  0.02875038  0.03183754  0.0292472    0.02774093 
  0.02914318  0.02796717  0.0202666    0.02341464  0.02609968  0.03085635 
  0.0321816    0.02416273  0.02325009  0.02599919  0.02291517  0.02815079]
[-0.06672106  -0.05701001  -0.08624426  -0.10121766  -0.00371606  -0.07857902 
  -0.06630563  -0.08405166  -0.03962657  -0.04506924  -0.05065539  -0.0873023 
  -0.08972432  -0.05359046  -0.05126121  -0.06332964  -0.04748833  -0.05537865]
increment_120
[  0.04230776    0.04337451    0.04498889    0.04825288  -0.00853326    0.04236966 
    0.02687374    0.04651895    0.04858891    0.04009216    0.02933983    0.0398117 
    0.03744822    0.03908173    0.04374778    0.03719099    0.04378037    0.02584968]
[0.04828203  0.03312116  0.04818462  0.05434591  0.0695738    0.06068192 
  0.05868849  0.0455906    0.02764608  0.04653344  0.03815056  0.05500639 
  0.05889914  0.03944748  0.04279551  0.0504514    0.04041781  0.04517763]
[0.03180894  0.01426542  0.03162247  0.04040155  0.04214323  0.04738158 
  0.04026172  0.02945976  0.00716302  0.02834791  0.01637805  0.039163 
  0.04348033  0.02045945  0.02532547  0.03303015  0.0227057    0.02699866]
[0.04828203  0.03312116  0.04818462  0.05434591  0.0695738    0.06068192 
  0.05868849  0.0455906    0.02764608  0.04653344  0.03815056  0.05500639 
  0.05889914  0.03944748  0.04279551  0.0504514    0.04041781  0.04517763]
[  0.02875935    0.01805797    0.04878679    0.0603764      0.01197396    0.0432562 
    0.04441002    0.04315191  -0.00521502    0.00887957    0.02430446    0.05539659 
    0.05869086    0.01873398    0.01308667    0.03011356    0.00795945    0.03196663]
[0.02810984  0.02630058  0.03202865  0.03538921  0.03204255  0.03107558 
  0.03248286  0.03076326  0.0221146    0.02570447  0.02854268  0.03454256 
  0.03550207  0.02663667  0.02560996  0.02867317  0.02508745  0.03175401]
[0.03180894  0.01426542  0.03162247  0.04040155  0.04214323  0.04738158 
  0.04026172  0.02945976  0.00716302  0.02834791  0.01637805  0.039163 
  0.04348033  0.02045945  0.02532547  0.03303015  0.0227057    0.02699866]
[0.02810984  0.02630058  0.03202865  0.03538921  0.03204255  0.03107558 
  0.03248286  0.03076326  0.0221146    0.02570447  0.02854268  0.03454256 
  0.03550207  0.02663667  0.02560996  0.02867317  0.02508745  0.03175401]
[-0.07106711  -0.06143247  -0.09377567  -0.10862927  -0.00344071  -0.08562587 
  -0.07128376  -0.08967086  -0.04337389  -0.04897172  -0.05364429  -0.09520829 
  -0.09613908  -0.0578157    -0.05683445  -0.06730455  -0.05173982  -0.05781632]
