inc
eps_11
eps_12
eps_13
eps_21
eps_22
eps_23
eps_31
eps_32
eps_33
increment_0
[-1.65061216e-17  -1.65061216e-17  -1.65061216e-17  -1.65061216e-17 
  -1.65061216e-17  -1.65061216e-17  -1.65061216e-17  -1.65061216e-17 
  -1.65061216e-17  -1.65061216e-17  -1.65061216e-17  -1.65061216e-17 
  -1.65061216e-17  -1.65061216e-17  -1.65061216e-17  -1.65061216e-17 
  -1.65061216e-17  -1.65061216e-17  -1.65061216e-17  -1.65061216e-17 
  -1.65061216e-17  -1.65061216e-17]
[-3.18756389e-17  -3.18756389e-17  -3.18756389e-17  -3.18756389e-17 
  -3.18756389e-17  -3.18756389e-17  -3.18756389e-17  -3.18756389e-17 
  -3.18756389e-17  -3.18756389e-17  -3.18756389e-17  -3.18756389e-17 
  -3.18756389e-17  -3.18756389e-17  -3.18756389e-17  -3.18756389e-17 
  -3.18756389e-17  -3.18756389e-17  -3.18756389e-17  -3.18756389e-17 
  -3.18756389e-17  -3.18756389e-17]
[-2.33246484e-17  -2.33246484e-17  -2.33246484e-17  -2.33246484e-17 
  -2.33246484e-17  -2.33246484e-17  -2.33246484e-17  -2.33246484e-17 
  -2.33246484e-17  -2.33246484e-17  -2.33246484e-17  -2.33246484e-17 
  -2.33246484e-17  -2.33246484e-17  -2.33246484e-17  -2.33246484e-17 
  -2.33246484e-17  -2.33246484e-17  -2.33246484e-17  -2.33246484e-17 
  -2.33246484e-17  -2.33246484e-17]
[-3.18756389e-17  -3.18756389e-17  -3.18756389e-17  -3.18756389e-17 
  -3.18756389e-17  -3.18756389e-17  -3.18756389e-17  -3.18756389e-17 
  -3.18756389e-17  -3.18756389e-17  -3.18756389e-17  -3.18756389e-17 
  -3.18756389e-17  -3.18756389e-17  -3.18756389e-17  -3.18756389e-17 
  -3.18756389e-17  -3.18756389e-17  -3.18756389e-17  -3.18756389e-17 
  -3.18756389e-17  -3.18756389e-17]
[-1.19630169e-16  -1.19630169e-16  -1.19630169e-16  -1.19630169e-16 
  -1.19630169e-16  -1.19630169e-16  -1.19630169e-16  -1.19630169e-16 
  -1.19630169e-16  -1.19630169e-16  -1.19630169e-16  -1.19630169e-16 
  -1.19630169e-16  -1.19630169e-16  -1.19630169e-16  -1.19630169e-16 
  -1.19630169e-16  -1.19630169e-16  -1.19630169e-16  -1.19630169e-16 
  -1.19630169e-16  -1.19630169e-16]
[3.43209633e-17  3.43209633e-17  3.43209633e-17  3.43209633e-17 
  3.43209633e-17  3.43209633e-17  3.43209633e-17  3.43209633e-17 
  3.43209633e-17  3.43209633e-17  3.43209633e-17  3.43209633e-17 
  3.43209633e-17  3.43209633e-17  3.43209633e-17  3.43209633e-17 
  3.43209633e-17  3.43209633e-17  3.43209633e-17  3.43209633e-17 
  3.43209633e-17  3.43209633e-17]
[-2.33246484e-17  -2.33246484e-17  -2.33246484e-17  -2.33246484e-17 
  -2.33246484e-17  -2.33246484e-17  -2.33246484e-17  -2.33246484e-17 
  -2.33246484e-17  -2.33246484e-17  -2.33246484e-17  -2.33246484e-17 
  -2.33246484e-17  -2.33246484e-17  -2.33246484e-17  -2.33246484e-17 
  -2.33246484e-17  -2.33246484e-17  -2.33246484e-17  -2.33246484e-17 
  -2.33246484e-17  -2.33246484e-17]
[3.43209633e-17  3.43209633e-17  3.43209633e-17  3.43209633e-17 
  3.43209633e-17  3.43209633e-17  3.43209633e-17  3.43209633e-17 
  3.43209633e-17  3.43209633e-17  3.43209633e-17  3.43209633e-17 
  3.43209633e-17  3.43209633e-17  3.43209633e-17  3.43209633e-17 
  3.43209633e-17  3.43209633e-17  3.43209633e-17  3.43209633e-17 
  3.43209633e-17  3.43209633e-17]
[-1.41419466e-16  -1.41419466e-16  -1.41419466e-16  -1.41419466e-16 
  -1.41419466e-16  -1.41419466e-16  -1.41419466e-16  -1.41419466e-16 
  -1.41419466e-16  -1.41419466e-16  -1.41419466e-16  -1.41419466e-16 
  -1.41419466e-16  -1.41419466e-16  -1.41419466e-16  -1.41419466e-16 
  -1.41419466e-16  -1.41419466e-16  -1.41419466e-16  -1.41419466e-16 
  -1.41419466e-16  -1.41419466e-16]
increment_10
[  0.00067        -0.00061947  -0.00113817  -0.00303962  -0.00026298  -0.00209854 
  -0.0014087    -0.00260341  -0.00052198  -0.00098773  -0.0035407    -0.00641977 
  -0.00575567  -0.00425677  -0.00662885  -0.00469613  -0.00364193  -0.0036706 
  -0.00333448  -0.00423798  -0.00406532  -0.00461792]
[0.00126117  0.00148423  0.00142867  0.00177158  0.00173924  0.0015523 
  0.00153647  0.0016695    0.00135528  0.00139248  0.0017474    0.00214856 
  0.00208557  0.00189617  0.00220103  0.00191701  0.00179578  0.00178858 
  0.00175667  0.00191944  0.00186317  0.00199188]
[-0.00176294  -0.0014506    -0.00193465  -0.00388841  -0.0005722    -0.00112275 
  -0.00112672  -0.00302237  -0.0008778    -0.00089146  -0.00236788  -0.00250434 
  -0.00114131  -0.00103771  -0.00225821  -0.00127854  -0.00055349  -0.00012433 
  -0.00013651  -0.00025482  -0.00035818  -0.00056946]
[0.00126117  0.00148423  0.00142867  0.00177158  0.00173924  0.0015523 
  0.00153647  0.0016695    0.00135528  0.00139248  0.0017474    0.00214856 
  0.00208557  0.00189617  0.00220103  0.00191701  0.00179578  0.00178858 
  0.00175667  0.00191944  0.00186317  0.00199188]
[-3.17470539e-03  -2.33763549e-03  -1.67308481e-03  -5.17827830e-04 
  -1.13786687e-03  -6.57132940e-04  -1.65711721e-03  -6.93536490e-04 
  -1.75352480e-03  -1.74623199e-03    8.26780691e-05    2.20428948e-03 
    1.60668956e-03    9.99446865e-04    2.30382917e-03    8.94419547e-04 
    6.33770469e-05    1.05327929e-04  -1.70836858e-04    4.14927435e-04 
    3.57613538e-04    1.08025067e-03]
[-0.0014806    -0.00083625  -0.00201527  -0.00405813  -0.00148648  -0.00205889 
  -0.00165431  -0.00341843  -0.00092478  -0.00139942  -0.00312857  -0.00423146 
  -0.00292505  -0.00250694  -0.00390141  -0.00291058  -0.00202457  -0.00183105 
  -0.00166349  -0.00211477  -0.00202943  -0.0023248  ]
[-0.00176294  -0.0014506    -0.00193465  -0.00388841  -0.0005722    -0.00112275 
  -0.00112672  -0.00302237  -0.0008778    -0.00089146  -0.00236788  -0.00250434 
  -0.00114131  -0.00103771  -0.00225821  -0.00127854  -0.00055349  -0.00012433 
  -0.00013651  -0.00025482  -0.00035818  -0.00056946]
[-0.0014806    -0.00083625  -0.00201527  -0.00405813  -0.00148648  -0.00205889 
  -0.00165431  -0.00341843  -0.00092478  -0.00139942  -0.00312857  -0.00423146 
  -0.00292505  -0.00250694  -0.00390141  -0.00291058  -0.00202457  -0.00183105 
  -0.00166349  -0.00211477  -0.00202943  -0.0023248  ]
[0.00250471  0.00295711  0.00281126  0.00355745  0.00140085  0.00275567 
  0.00306582  0.00329694  0.00227551  0.00273396  0.00345803  0.00421548 
  0.00414898  0.00325733  0.00432502  0.00380171  0.00357856  0.00356527 
  0.00350532  0.00382305  0.0037077    0.00353767]
increment_20
[  0.00146747  -0.0019803    -0.00276974  -0.00659182    0.0001297    -0.00443821 
  -0.00278661  -0.00527063  -0.00015155  -0.00181252  -0.00762066  -0.01320953 
  -0.0133811    -0.00857831  -0.01375114  -0.01093088  -0.00795687  -0.00883929 
  -0.00716644  -0.00997216  -0.00960314  -0.01054106]
[0.00268219  0.00332684  0.00328622  0.00365546  0.0043327    0.00370476 
  0.00323905  0.00356618  0.00344069  0.00321289  0.00384313  0.00457196 
  0.00467018  0.0049648    0.00469647  0.00424382  0.0038857    0.00397876 
  0.00380903  0.00418232  0.0041509    0.00471732]
[-0.00400936  -0.00345464  -0.00506637  -0.00920568  -0.00121119  -0.00335793 
  -0.00324221  -0.00772357  -0.00220867  -0.00202198  -0.00674443  -0.00594023 
  -0.00301923  -0.00346175  -0.00559179  -0.00371062  -0.0018955    -0.00064395 
  -0.0004791    -0.00100355  -0.0013763    -0.001642    ]
[0.00268219  0.00332684  0.00328622  0.00365546  0.0043327    0.00370476 
  0.00323905  0.00356618  0.00344069  0.00321289  0.00384313  0.00457196 
  0.00467018  0.0049648    0.00469647  0.00424382  0.0038857    0.00397876 
  0.00380903  0.00418232  0.0041509    0.00471732]
[-0.00672852  -0.00460131  -0.00338546  -0.00081762  -0.00240287  -0.00131419 
  -0.00363197  -0.00160213  -0.00442035  -0.00396496    0.00019613    0.00446537 
    0.00426716    0.00272453    0.00474482    0.00265683    0.00026425    0.00097076 
  -0.00041283    0.00171083    0.00141392    0.00301361]
[-0.00438168  -0.00250758  -0.00531803  -0.0100897    -0.00404163  -0.00544823 
  -0.00454018  -0.00826872  -0.00222917  -0.0031252    -0.00800075  -0.00964591 
  -0.00686397  -0.00638319  -0.00899595  -0.00736535  -0.00489301  -0.00440248 
  -0.00356762  -0.00497037  -0.00479142  -0.00531555]
[-0.00400936  -0.00345464  -0.00506637  -0.00920568  -0.00121119  -0.00335793 
  -0.00324221  -0.00772357  -0.00220867  -0.00202198  -0.00674443  -0.00594023 
  -0.00301923  -0.00346175  -0.00559179  -0.00371062  -0.0018955    -0.00064395 
  -0.0004791    -0.00100355  -0.0013763    -0.001642    ]
[-0.00438168  -0.00250758  -0.00531803  -0.0100897    -0.00404163  -0.00544823 
  -0.00454018  -0.00826872  -0.00222917  -0.0031252    -0.00800075  -0.00964591 
  -0.00686397  -0.00638319  -0.00899595  -0.00736535  -0.00489301  -0.00440248 
  -0.00356762  -0.00497037  -0.00479142  -0.00531555]
[0.00526105  0.00658161  0.0061552    0.00740944  0.00227317  0.0057524 
  0.00641858  0.00687276  0.0045719    0.00577747  0.00742453  0.00874416 
  0.00911394  0.00585378  0.00900632  0.00827405  0.00769262  0.00786853 
  0.00757928  0.00826133  0.00818922  0.00752745]
increment_30
[  0.00210506  -0.00347249  -0.00472023  -0.01031156    0.00040406  -0.00704363 
  -0.00436924  -0.00764875  -0.00028405  -0.00280179  -0.0115412    -0.01940988 
  -0.02085304  -0.01232048  -0.02008102  -0.01698125  -0.01254422  -0.01433265 
  -0.01135828  -0.01580207  -0.01508182  -0.01614401]
[0.00413155  0.00516399  0.0052405    0.00550998  0.00687057  0.00591207 
  0.00496475  0.0054682    0.00551452  0.00519348  0.00598171  0.00703331 
  0.00737136  0.00807056  0.00722812  0.0066379    0.0060486    0.00626082 
  0.00592159  0.00652739  0.00648773  0.00741844]
[-0.00619578  -0.00534382  -0.00828592  -0.01463576  -0.00182353  -0.00586117 
  -0.00553709  -0.01222147  -0.003436      -0.00299398  -0.01117145  -0.00972763 
  -0.00529057  -0.00596252  -0.00918594  -0.00643331  -0.00361318  -0.00136781 
  -0.00104849  -0.00184014  -0.00273764  -0.00263094]
[0.00413155  0.00516399  0.0052405    0.00550998  0.00687057  0.00591207 
  0.00496475  0.0054682    0.00551452  0.00519348  0.00598171  0.00703331 
  0.00737136  0.00807056  0.00722812  0.0066379    0.0060486    0.00626082 
  0.00592159  0.00652739  0.00648773  0.00741844]
[-0.01011214  -0.0067001    -0.00475943  -0.00100157  -0.00360968  -0.00177814 
  -0.00538982  -0.00264429  -0.00688362  -0.0058008      0.00025147    0.00629676 
    0.00671887    0.00402751    0.00656815    0.00426274    0.00066602    0.00208219 
  -0.0003801      0.00301799    0.00238811    0.00463126]
[-0.00732127  -0.00428609  -0.00870401  -0.01625133  -0.00665576  -0.00892993 
  -0.00760004  -0.013006      -0.00337328  -0.00492115  -0.01282619  -0.01510212 
  -0.01073762  -0.00994182  -0.01386707  -0.01186803  -0.00796455  -0.0071296 
  -0.00564565  -0.00786628  -0.00752578  -0.00813079]
[-0.00619578  -0.00534382  -0.00828592  -0.01463576  -0.00182353  -0.00586117 
  -0.00553709  -0.01222147  -0.003436      -0.00299398  -0.01117145  -0.00972763 
  -0.00529057  -0.00596252  -0.00918594  -0.00643331  -0.00361318  -0.00136781 
  -0.00104849  -0.00184014  -0.00273764  -0.00263094]
[-0.00732127  -0.00428609  -0.00870401  -0.01625133  -0.00665576  -0.00892993 
  -0.00760004  -0.013006      -0.00337328  -0.00492115  -0.01282619  -0.01510212 
  -0.01073762  -0.00994182  -0.01386707  -0.01186803  -0.00796455  -0.0071296 
  -0.00564565  -0.00786628  -0.00752578  -0.00813079]
[0.00800708  0.01017258  0.00947967  0.01131313  0.00320562  0.00882177 
  0.00975906  0.01029304  0.00716767  0.0086026    0.01128973  0.01311312 
  0.01413417  0.00829297  0.01351287  0.01271852  0.0118782    0.01225046 
  0.01173838  0.01278409  0.01269371  0.01151275]
increment_40
[  0.00266502  -0.00504951  -0.00672207  -0.01405098    0.00053847  -0.00982766 
  -0.00607393  -0.01006767  -0.00081842  -0.00390125  -0.01541516  -0.02497414 
  -0.02791166  -0.01557205  -0.02565007  -0.02271681  -0.0174468    -0.02000626 
  -0.01595486  -0.0216085    -0.0204042    -0.02146751]
[0.00560693  0.0069937    0.00723255  0.00736692  0.00931079  0.00809408 
  0.00671185  0.0073987    0.00755314  0.00723754  0.00815731  0.00950668 
  0.01013058  0.01116822  0.00981703  0.00907325  0.00829839  0.00864764 
  0.00810097  0.00893134  0.00885865  0.01008556]
[-0.00833113  -0.0073145    -0.01166378  -0.02010714  -0.00246517  -0.00851713 
  -0.00795622  -0.01656174  -0.00456347  -0.00394523  -0.01546564  -0.01380902 
  -0.0078593    -0.00837281  -0.01306815  -0.00940719  -0.0056757    -0.00226417 
  -0.00183514  -0.00272701  -0.00431871  -0.00355079]
[0.00560693  0.0069937    0.00723255  0.00736692  0.00931079  0.00809408 
  0.00671185  0.0073987    0.00755314  0.00723754  0.00815731  0.00950668 
  0.01013058  0.01116822  0.00981703  0.00907325  0.00829839  0.00864764 
  0.00810097  0.00893134  0.00885865  0.01008556]
[-1.34081817e-02  -8.67404447e-03  -5.98014204e-03  -1.16070355e-03 
  -4.86468956e-03  -2.18924578e-03  -7.00433454e-03  -3.54432851e-03 
  -9.14669481e-03  -7.39510211e-03    3.41700308e-04    7.68281999e-03 
    8.79023963e-03    4.99707881e-03    7.88428164e-03    5.62445251e-03 
    1.30573461e-03    3.33247047e-03  -2.49892228e-05    4.26126308e-03 
    3.20860009e-03    5.97585034e-03]
[-0.01021235  -0.0062238    -0.0122331    -0.02234039  -0.0092679    -0.01241038 
  -0.01074763  -0.01770774  -0.00447899  -0.00677753  -0.01749124  -0.02043192 
  -0.01442294  -0.01318029  -0.01840757  -0.01628484  -0.01118712  -0.00994286 
  -0.00792162  -0.01074228  -0.01018704  -0.01079609]
[-0.00833113  -0.0073145    -0.01166378  -0.02010714  -0.00246517  -0.00851713 
  -0.00795622  -0.01656174  -0.00456347  -0.00394523  -0.01546564  -0.01380902 
  -0.0078593    -0.00837281  -0.01306815  -0.00940719  -0.0056757    -0.00226417 
  -0.00183514  -0.00272701  -0.00431871  -0.00355079]
[-0.01021235  -0.0062238    -0.0122331    -0.02234039  -0.0092679    -0.01241038 
  -0.01074763  -0.01770774  -0.00447899  -0.00677753  -0.01749124  -0.02043192 
  -0.01442294  -0.01318029  -0.01840757  -0.01628484  -0.01118712  -0.00994286 
  -0.00792162  -0.01074228  -0.01018704  -0.01079609]
[0.01074316  0.01372355  0.01270221  0.01521168  0.00432622  0.0120169 
  0.01307827  0.013612      0.00996512  0.01129636  0.01507346  0.01729132 
  0.01912142  0.01057497  0.01776579  0.01709236  0.01614107  0.01667379 
  0.01597985  0.01734724  0.0171956    0.01549166]
increment_50
[  0.00322607  -0.00666988  -0.00865448  -0.01778811    0.0005345    -0.01269561 
  -0.00796431  -0.01262896  -0.00169547  -0.00513081  -0.0192166    -0.02999618 
  -0.03450168  -0.01836953  -0.03053518  -0.02811134  -0.02252547  -0.02576711 
  -0.02083626  -0.02737917  -0.02557661  -0.02658558]
[0.0071021    0.0088169    0.00924028  0.00926606  0.01162598  0.01024912 
  0.00849157  0.0093731    0.00954326  0.00933862  0.01036166  0.0119887 
  0.01290999  0.01425291  0.0125183    0.01153158  0.01062658  0.01115486 
  0.01034302  0.01138483  0.01125271  0.01275278]
[-0.01044542  -0.00947819  -0.01518211  -0.02565711  -0.00317441  -0.01121059 
  -0.01059495  -0.02082662  -0.00560985  -0.00497742  -0.01961383  -0.01816142 
  -0.01064124  -0.01073884  -0.0171481    -0.01260569  -0.00811701  -0.00334712 
  -0.00281091  -0.00366646  -0.00606409  -0.00444774]
[0.0071021    0.0088169    0.00924028  0.00926606  0.01162598  0.01024912 
  0.00849157  0.0093731    0.00954326  0.00933862  0.01036166  0.0119887 
  0.01290999  0.01425291  0.0125183    0.01153158  0.01062658  0.01115486 
  0.01034302  0.01138483  0.01125271  0.01275278]
[-0.01668502  -0.0105531    -0.00714887  -0.00125838  -0.00622749  -0.00258724 
  -0.00841933  -0.00423003  -0.01124239  -0.00877317    0.00043854    0.00871991 
    0.01047589    0.00567931    0.00887217    0.00674324    0.00207973    0.00467747 
    0.00055217    0.00544553    0.00389874    0.00714746]
[-0.01302437  -0.00834987  -0.01586631  -0.02835493  -0.01185915  -0.01581343 
  -0.01406116  -0.02241911  -0.0055672    -0.00867985  -0.02194972  -0.02561821 
  -0.01791676  -0.01614809  -0.02257822  -0.02059744  -0.01452864  -0.01280371 
  -0.01033706  -0.01359194  -0.01277997  -0.01334973]
[-0.01044542  -0.00947819  -0.01518211  -0.02565711  -0.00317441  -0.01121059 
  -0.01059495  -0.02082662  -0.00560985  -0.00497742  -0.01961383  -0.01816142 
  -0.01064124  -0.01073884  -0.0171481    -0.01260569  -0.00811701  -0.00334712 
  -0.00281091  -0.00366646  -0.00606409  -0.00444774]
[-0.01302437  -0.00834987  -0.01586631  -0.02835493  -0.01185915  -0.01581343 
  -0.01406116  -0.02241911  -0.0055672    -0.00867985  -0.02194972  -0.02561821 
  -0.01791676  -0.01614809  -0.02257822  -0.02059744  -0.01452864  -0.01280371 
  -0.01033706  -0.01359194  -0.01277997  -0.01334973]
[0.01345895  0.01722298  0.01580335  0.01904649  0.00569299  0.01528285 
  0.01638364  0.01685899  0.01293785  0.01390398  0.01877805  0.02127627 
  0.02402579  0.01269023  0.02166301  0.0213681    0.02044574  0.02108964 
  0.02028409  0.02193364  0.02167787  0.01943812]
increment_60
[  0.00380594  -0.00831755  -0.01048697  -0.02148837    0.0003989    -0.01560258 
  -0.01005348  -0.01531022  -0.00288019  -0.00651661  -0.02290225  -0.03456153 
  -0.04060186  -0.02074434  -0.0347881    -0.03311647  -0.0276672    -0.03153202 
  -0.02586539  -0.03311492  -0.03060691  -0.03155799]
[0.00861457  0.01064163  0.01126147  0.01123627  0.01381668  0.01239452 
  0.01031055  0.01139095  0.01148206  0.01150244  0.01258329  0.01448526 
  0.01567973  0.01729255  0.01533053  0.01398873  0.01302579  0.01379696 
  0.01263835  0.01388385  0.01366034  0.01547015]
[-0.01256175  -0.01191696  -0.01882652  -0.03131581  -0.00398165  -0.01387905 
  -0.01356295  -0.02506448  -0.00658827  -0.00615181  -0.02362854  -0.02280615 
  -0.01356479  -0.01309511  -0.02130818  -0.01598471  -0.01096706  -0.00464962 
  -0.00394113  -0.00466251  -0.00792708  -0.00537372]
[0.00861457  0.01064163  0.01126147  0.01123627  0.01381668  0.01239452 
  0.01031055  0.01139095  0.01148206  0.01150244  0.01258329  0.01448526 
  0.01567973  0.01729255  0.01533053  0.01398873  0.01302579  0.01379696 
  0.01263835  0.01388385  0.01366034  0.01547015]
[-0.01995566  -0.01235167  -0.00828886  -0.0012754    -0.0077068    -0.00297013 
  -0.00960844  -0.00471809  -0.01319078  -0.00993783    0.00050518    0.00950506 
    0.01178788    0.00607099    0.00961177    0.00760724    0.00290816    0.00607597 
    0.00123753    0.00657879    0.00448298    0.0082537  ]
[-0.01577433  -0.01070096  -0.01958777  -0.034313      -0.01443694  -0.01910632 
  -0.01763929  -0.02716866  -0.00665563  -0.01063476  -0.02620598  -0.03072278 
  -0.02121475  -0.01889545  -0.02636423  -0.02481702  -0.01799455  -0.01568985 
  -0.01282469  -0.0164155    -0.01530884  -0.0158271  ]
[-0.01256175  -0.01191696  -0.01882652  -0.03131581  -0.00398165  -0.01387905 
  -0.01356295  -0.02506448  -0.00658827  -0.00615181  -0.02362854  -0.02280615 
  -0.01356479  -0.01309511  -0.02130818  -0.01598471  -0.01096706  -0.00464962 
  -0.00394113  -0.00466251  -0.00792708  -0.00537372]
[-0.01577433  -0.01070096  -0.01958777  -0.034313      -0.01443694  -0.01910632 
  -0.01763929  -0.02716866  -0.00665563  -0.01063476  -0.02620598  -0.03072278 
  -0.02121475  -0.01889545  -0.02636423  -0.02481702  -0.01799455  -0.01568985 
  -0.01282469  -0.0164155    -0.01530884  -0.0158271  ]
[0.01614972  0.02066922  0.01877583  0.02276377  0.0073079    0.01857271 
  0.01966192  0.02002831  0.01607097  0.01645444  0.02239707  0.02505648 
  0.02881398  0.01467335  0.02517633  0.02550923  0.02475904  0.02545605 
  0.02462786  0.02653614  0.02612393  0.02330429]
increment_70
[  0.00437592  -0.01000487  -0.01224127  -0.02514779    0.00012438  -0.01854542 
  -0.01230322  -0.0180454    -0.00431222  -0.00806172  -0.02645365  -0.03873135 
  -0.04624588  -0.02281564  -0.03848894  -0.03770394  -0.03276431  -0.03721895 
  -0.03091575  -0.03882234  -0.03550275  -0.03639695]
[0.01014827  0.01247795  0.01329525  0.01328975  0.01590941  0.01455025 
  0.01216936  0.01344453  0.01337485  0.01372014  0.01481353  0.01700862 
  0.01842364  0.020241      0.01820171  0.01642342  0.01548232  0.01657081 
  0.01497081  0.01642899  0.01607691  0.01831069]
[-0.01467825  -0.01464064  -0.02255305  -0.03710134  -0.00492438  -0.01649082 
  -0.01686519  -0.02926554  -0.00751217  -0.00749802  -0.02750876  -0.02773279 
  -0.0165778    -0.01541977  -0.02541021  -0.01948761  -0.01419188  -0.00620312 
  -0.00517619  -0.00571842  -0.0098825    -0.00638055]
[0.01014827  0.01247795  0.01329525  0.01328975  0.01590941  0.01455025 
  0.01216936  0.01344453  0.01337485  0.01372014  0.01481353  0.01700862 
  0.01842364  0.020241      0.01820171  0.01642342  0.01548232  0.01657081 
  0.01497081  0.01642899  0.01607691  0.01831069]
[-0.0232023    -0.01406391  -0.00939903  -0.00119046  -0.00924728  -0.00330804 
  -0.01058598  -0.0050622    -0.015013      -0.01091883    0.00052289    0.01011965 
    0.0127725      0.0061884      0.01012741    0.00821688    0.00372162    0.00747908 
    0.00193405    0.00766623    0.00497687    0.00940317]
[-0.01846306  -0.01326764  -0.0233608    -0.04024457  -0.01703867  -0.02228802 
  -0.02149562  -0.03194045  -0.00775979  -0.01264076  -0.03026671  -0.03578401 
  -0.02433339  -0.02145531  -0.02978585  -0.02895327  -0.02155621  -0.01858906 
  -0.01532148  -0.01921605  -0.01777815  -0.01824984]
[-0.01467825  -0.01464064  -0.02255305  -0.03710134  -0.00492438  -0.01649082 
  -0.01686519  -0.02926554  -0.00751217  -0.00749802  -0.02750876  -0.02773279 
  -0.0165778    -0.01541977  -0.02541021  -0.01948761  -0.01419188  -0.00620312 
  -0.00517619  -0.00571842  -0.0098825    -0.00638055]
[-0.01846306  -0.01326764  -0.0233608    -0.04024457  -0.01703867  -0.02228802 
  -0.02149562  -0.03194045  -0.00775979  -0.01264076  -0.03026671  -0.03578401 
  -0.02433339  -0.02145531  -0.02978585  -0.02895327  -0.02155621  -0.01858906 
  -0.01532148  -0.01921605  -0.01777815  -0.01824984]
[0.01882638  0.02406878  0.02164029  0.02633825  0.00912289  0.02185347 
  0.0228892    0.0231076    0.01932522  0.01898055  0.02593076  0.0286117 
  0.03347338  0.01662724  0.02836153  0.02948707  0.0290427    0.02973987 
  0.02898169  0.03115611  0.03052588  0.02699378]
increment_80
[  0.00490899  -0.01176809  -0.01394915  -0.02875653  -0.000305      -0.02152626 
  -0.01464566  -0.02078832  -0.00589929  -0.00974812  -0.02989293  -0.04255896 
  -0.05148203  -0.02477935  -0.04175517  -0.04187724  -0.03773562  -0.04274745 
  -0.03589909  -0.04449868  -0.04029584  -0.04106651]
[0.01170432  0.01433537  0.01533135  0.01543988  0.01794851  0.01673353 
  0.01406306  0.01552937  0.01522864  0.01597804  0.01705254  0.0195795 
  0.02113272  0.02307392  0.02107152  0.01882189  0.01797967  0.0194384 
  0.01732491  0.01902017  0.01850633  0.02134109]
[-0.01677643  -0.01762272  -0.02631484  -0.04300278  -0.00604975  -0.01902007 
  -0.02043701  -0.03344193  -0.00840002  -0.00905043  -0.03128539  -0.03288835 
  -0.01965473  -0.01766743  -0.02934803  -0.02306504  -0.01771813  -0.00800415 
  -0.00645829  -0.00683325  -0.01192473  -0.00750001]
[0.01170432  0.01433537  0.01533135  0.01543988  0.01794851  0.01673353 
  0.01406306  0.01552937  0.01522864  0.01597804  0.01705254  0.0195795 
  0.02113272  0.02307392  0.02107152  0.01882189  0.01797967  0.0194384 
  0.01732491  0.01902017  0.01850633  0.02134109]
[-0.02640612  -0.01566212  -0.01048662  -0.0009817    -0.01075584  -0.00357728 
  -0.01139343  -0.00530025  -0.01674251  -0.01175353    0.00050575    0.01063566 
    0.01348486    0.00610262    0.01044456    0.00859128    0.00447516    0.00881095 
    0.00257665    0.00870419    0.00540567    0.01066806]
[-0.02107841  -0.01602225  -0.02714367  -0.04615886  -0.01971558  -0.02535265 
  -0.0255834    -0.0367286    -0.0088889    -0.01471141  -0.03416688  -0.04080297 
  -0.027313      -0.02384177  -0.03292323  -0.03302191  -0.02518105  -0.02147838 
  -0.01778195  -0.02199192  -0.02020489  -0.02063198]
[-0.01677643  -0.01762272  -0.02631484  -0.04300278  -0.00604975  -0.01902007 
  -0.02043701  -0.03344193  -0.00840002  -0.00905043  -0.03128539  -0.03288835 
  -0.01965473  -0.01766743  -0.02934803  -0.02306504  -0.01771813  -0.00800415 
  -0.00645829  -0.00683325  -0.01192473  -0.00750001]
[-0.02107841  -0.01602225  -0.02714367  -0.04615886  -0.01971558  -0.02535265 
  -0.0255834    -0.0367286    -0.0088889    -0.01471141  -0.03416688  -0.04080297 
  -0.027313      -0.02384177  -0.03292323  -0.03302191  -0.02518105  -0.02147838 
  -0.01778195  -0.02199192  -0.02020489  -0.02063198]
[0.02149713  0.02743021  0.02443577  0.02973823  0.01106085  0.02510354 
  0.0260391    0.02608857  0.0226418    0.02150165  0.02938718  0.0319233 
  0.03799717  0.01867673  0.0313106    0.03328596  0.03326046  0.03393649 
  0.03332244  0.03579449  0.03489017  0.03039846]
increment_90
[  0.00536457  -0.01363318  -0.01563104  -0.03227974  -0.00089468  -0.02455707 
  -0.01703321  -0.02354551  -0.00756833  -0.01153533  -0.03325395  -0.04607732 
  -0.05634069  -0.02679638  -0.04472307  -0.04570842  -0.04256131  -0.04809191 
  -0.04076321  -0.05010256  -0.04502674  -0.04551795]
[0.01328211  0.01621936  0.01736684  0.01769735  0.01998151  0.01895398 
  0.01598806  0.0176512    0.01704701  0.01827117  0.01930631  0.02221339 
  0.02379918  0.02579889  0.02390364  0.0211896    0.02050756  0.0223522 
  0.01968827  0.02164911  0.02095819  0.02458435]
[-0.01882169  -0.02083595  -0.03009332  -0.04896376  -0.00737748  -0.02145429 
  -0.02420733  -0.03763637  -0.00926766  -0.01084308  -0.03501245  -0.03819438 
  -0.0227998    -0.01978665  -0.0330707    -0.02669942  -0.02147708  -0.01004285 
  -0.00774325  -0.00799094  -0.01406592  -0.00873287]
[0.01328211  0.01621936  0.01736684  0.01769735  0.01998151  0.01895398 
  0.01598806  0.0176512    0.01704701  0.01827117  0.01930631  0.02221339 
  0.02379918  0.02579889  0.02390364  0.0211896    0.02050756  0.0223522 
  0.01968827  0.02164911  0.02095819  0.02458435]
[-0.02953673  -0.01711997  -0.01154663  -0.00064697  -0.01215026  -0.00376312 
  -0.01206088  -0.00542841  -0.01840939  -0.01246765    0.00047805    0.01110024 
    0.01396672    0.00590617    0.01061279    0.00879217    0.00517342    0.01001802 
    0.003128        0.00966016    0.0057945      0.01205551]
[-0.02359092  -0.01894632  -0.03091806  -0.05202207  -0.02249233  -0.02829474 
  -0.02984791  -0.04154582  -0.01004138  -0.01687094  -0.03794949  -0.04575125 
  -0.03020802  -0.02606202  -0.03587272  -0.03706064  -0.02886676  -0.02433914 
  -0.0201783    -0.02472193  -0.02261135  -0.0229937  ]
[-0.01882169  -0.02083595  -0.03009332  -0.04896376  -0.00737748  -0.02145429 
  -0.02420733  -0.03763637  -0.00926766  -0.01084308  -0.03501245  -0.03819438 
  -0.0227998    -0.01978665  -0.0330707    -0.02669942  -0.02147708  -0.01004285 
  -0.00774325  -0.00799094  -0.01406592  -0.00873287]
[-0.02359092  -0.01894632  -0.03091806  -0.05202207  -0.02249233  -0.02829474 
  -0.02984791  -0.04154582  -0.01004138  -0.01687094  -0.03794949  -0.04575125 
  -0.03020802  -0.02606202  -0.03587272  -0.03706064  -0.02886676  -0.02433914 
  -0.0201783    -0.02472193  -0.02261135  -0.0229937  ]
[0.02417216  0.03075316  0.02717767  0.0329267    0.01304494  0.02832019 
  0.02909409  0.02897392  0.02597772  0.02400298  0.03277589  0.03497708 
  0.04237397  0.02089021  0.03411028  0.03691625  0.03738789  0.03807389 
  0.03763521  0.0404424    0.03923224  0.03346244]
increment_100
[  0.00571905  -0.01560027  -0.01729093  -0.03567018  -0.00160046  -0.02763142 
  -0.01941564  -0.02632935  -0.00926103  -0.01334431  -0.0365718    -0.04933429 
  -0.06084412  -0.02890007  -0.0475101    -0.04928647  -0.04726205  -0.05329576 
  -0.04552365  -0.05560144  -0.04970724  -0.04970732]
[0.01487714  0.01813149  0.01940373  0.02006723  0.02204949  0.021212 
  0.01794205  0.01982029  0.01883374  0.02060959  0.02158457  0.02492962 
  0.02641927  0.0284594    0.02670664  0.02354399  0.02306309  0.02528539 
  0.02206158  0.02430824  0.02343854  0.02802329]
[-0.02079093  -0.02427696  -0.03387949  -0.05494183  -0.00890267  -0.02380299 
  -0.02815819  -0.04190974  -0.01012554  -0.01291029  -0.03875744  -0.04359689 
  -0.02604244  -0.02177412  -0.03663132  -0.03042165  -0.02541132  -0.01232783 
  -0.00903097  -0.00918675  -0.01633801  -0.01006517]
[0.01487714  0.01813149  0.01940373  0.02006723  0.02204949  0.021212 
  0.01794205  0.01982029  0.01883374  0.02060959  0.02158457  0.02492962 
  0.02641927  0.0284594    0.02670664  0.02354399  0.02306309  0.02528539 
  0.02206158  0.02430824  0.02343854  0.02802329]
[-0.03257194  -0.01842384  -0.01256928  -0.00019916  -0.01339007  -0.00387245 
  -0.01261864  -0.00543631  -0.02003539  -0.01307587    0.00046796    0.01156888 
    0.01425074    0.00567971    0.01071125    0.00888945    0.00585111    0.01110269 
    0.00359933    0.01050827    0.00614588    0.01351721]
[-0.02599256  -0.02205269  -0.03468133  -0.05780721  -0.02536597  -0.03111546 
  -0.03426618  -0.04641736  -0.01120983  -0.01916245  -0.04166566  -0.05061479 
  -0.0330736    -0.02814367  -0.03873682  -0.04112604  -0.03263866  -0.02718343 
  -0.02251847  -0.02739028  -0.02500809  -0.02535845]
[-0.02079093  -0.02427696  -0.03387949  -0.05494183  -0.00890267  -0.02380299 
  -0.02815819  -0.04190974  -0.01012554  -0.01291029  -0.03875744  -0.04359689 
  -0.02604244  -0.02177412  -0.03663132  -0.03042165  -0.02541132  -0.01232783 
  -0.00903097  -0.00918675  -0.01633801  -0.01006517]
[-0.02599256  -0.02205269  -0.03468133  -0.05780721  -0.02536597  -0.03111546 
  -0.03426618  -0.04641736  -0.01120983  -0.01916245  -0.04166566  -0.05061479 
  -0.0330736    -0.02814367  -0.03873682  -0.04112604  -0.03263866  -0.02718343 
  -0.02251847  -0.02739028  -0.02500809  -0.02535845]
[0.02685288  0.03402411  0.02986021  0.03586934  0.01499053  0.03150387 
  0.03203427  0.03176566  0.02929642  0.02642018  0.03610384  0.03776541 
  0.04659338  0.02322036  0.03679885  0.04039702  0.04141093  0.04219307 
  0.04192432  0.04509317  0.04356136  0.03619011]
increment_110
[  0.00596492  -0.01766352  -0.01891544  -0.03889561  -0.00232935  -0.03070821 
  -0.02173224  -0.02912012  -0.01093185  -0.01509865  -0.03986971  -0.05240674 
  -0.06502903  -0.03103873  -0.05020235  -0.05266255  -0.05183517  -0.05840399 
  -0.05023022  -0.06101612  -0.05432838  -0.05362047]
[0.01648479  0.02007476  0.02144195  0.02254548  0.02417851  0.02350052 
  0.01992564  0.02204251  0.02059586  0.02301737  0.02389802  0.0277609 
  0.02899556  0.03111451  0.02951629  0.02589962  0.02564295  0.028225 
  0.02445563  0.0270018    0.02594808  0.03162315]
[-0.02267771  -0.02794675  -0.03764981  -0.06093197  -0.01062539  -0.02609374 
  -0.03229264  -0.04630643  -0.01098147  -0.01527279  -0.04260061  -0.04908042 
  -0.02939269  -0.02368841  -0.04013683  -0.0342892    -0.02947991  -0.01488288 
  -0.01035472  -0.01044952  -0.01878429  -0.01149476]
[0.01648479  0.02007476  0.02144195  0.02254548  0.02417851  0.02350052 
  0.01992564  0.02204251  0.02059586  0.02301737  0.02389802  0.0277609 
  0.02899556  0.03111451  0.02951629  0.02589962  0.02564295  0.028225 
  0.02445563  0.0270018    0.02594808  0.03162315]
[-0.03550088  -0.01956532  -0.01355768    0.00034211  -0.01449354  -0.00394439 
  -0.0131062    -0.00533901  -0.02163947  -0.0135692      0.00050135    0.0121183 
    0.01437376    0.00547797    0.01082626    0.00892708    0.00651836    0.01207983 
    0.00402353    0.011262        0.00645402    0.01498889]
[-0.02830058  -0.02536172  -0.0384278    -0.06351902  -0.02832079  -0.03381491 
  -0.03881954  -0.05134773  -0.01238587  -0.02163137  -0.04538001  -0.05540854 
  -0.03594305  -0.03012568  -0.04160839  -0.04526021  -0.03651412  -0.03003642 
  -0.02483043  -0.03000993  -0.02739819  -0.02773766]
[-0.02267771  -0.02794675  -0.03764981  -0.06093197  -0.01062539  -0.02609374 
  -0.03229264  -0.04630643  -0.01098147  -0.01527279  -0.04260061  -0.04908042 
  -0.02939269  -0.02368841  -0.04013683  -0.0342892    -0.02947991  -0.01488288 
  -0.01035472  -0.01044952  -0.01878429  -0.01149476]
[-0.02830058  -0.02536172  -0.0384278    -0.06351902  -0.02832079  -0.03381491 
  -0.03881954  -0.05134773  -0.01238587  -0.02163137  -0.04538001  -0.05540854 
  -0.03594305  -0.03012568  -0.04160839  -0.04526021  -0.03651412  -0.03003642 
  -0.02483043  -0.03000993  -0.02739819  -0.02773766]
[0.02953596  0.03722884  0.03247312  0.0385535    0.0168229    0.0346526 
  0.03483844  0.03445912  0.03257132  0.02866786  0.03936836  0.04028844 
  0.05065527  0.02556076  0.03937609  0.04373547  0.04531681  0.04632416 
  0.04620669  0.04975412  0.04787436  0.03863159]
increment_120
[  0.00610395  -0.01980131  -0.0204905    -0.04194605  -0.00297739  -0.03375614 
  -0.02394057  -0.03186372  -0.01256447  -0.01676952  -0.04313348  -0.05536439 
  -0.06893587  -0.03312292  -0.05283684  -0.05583801  -0.05625164  -0.06343443 
  -0.05492506  -0.06639328  -0.05888377  -0.05726591]
[0.01810239  0.02205211  0.02348139  0.02512579  0.02637478  0.02581458 
  0.02194733  0.02431561  0.02234377  0.02552135  0.02625145  0.03073822 
  0.03153286  0.03380136  0.03236385  0.02826164  0.02824299  0.03116776 
  0.02688207  0.0297415    0.02848661  0.03533104]
[-0.02448206  -0.03183003  -0.04137448  -0.06693929  -0.01254336  -0.02838029 
  -0.03659149  -0.05083826  -0.0118388    -0.01789231  -0.04661956  -0.05464143 
  -0.03282763  -0.02558989  -0.04365887  -0.03836117  -0.03367194  -0.01773556 
  -0.0117415    -0.01181553  -0.02143052  -0.01300505]
[0.01810239  0.02205211  0.02348139  0.02512579  0.02637478  0.02581458 
  0.02194733  0.02431561  0.02234377  0.02552135  0.02625145  0.03073822 
  0.03153286  0.03380136  0.03236385  0.02826164  0.02824299  0.03116776 
  0.02688207  0.0297415    0.02848661  0.03533104]
[-0.03832212  -0.02055193  -0.01451529    0.00096639  -0.01551951  -0.00401466 
  -0.01355229  -0.0051799    -0.02323048  -0.01391728    0.00058754    0.01281411 
    0.01436664    0.00530331    0.01100257    0.00891723    0.00715797    0.01296478 
    0.00442603    0.01195338    0.00671948    0.01640877]
[-0.03053747  -0.0288771    -0.04215889  -0.06917982  -0.03132627  -0.03640472 
  -0.0434639    -0.05631577  -0.01356859  -0.02428204  -0.04917018  -0.06015826 
  -0.03881679  -0.03201938  -0.04451492  -0.04948331  -0.04049563  -0.03292659 
  -0.02713898  -0.03260762  -0.02978596  -0.03012891]
[-0.02448206  -0.03183003  -0.04137448  -0.06693929  -0.01254336  -0.02838029 
  -0.03659149  -0.05083826  -0.0118388    -0.01789231  -0.04661956  -0.05464143 
  -0.03282763  -0.02558989  -0.04365887  -0.03836117  -0.03367194  -0.01773556 
  -0.0117415    -0.01181553  -0.02143052  -0.01300505]
[-0.03053747  -0.0288771    -0.04215889  -0.06917982  -0.03132627  -0.03640472 
  -0.0434639    -0.05631577  -0.01356859  -0.02428204  -0.04917018  -0.06015826 
  -0.03881679  -0.03201938  -0.04451492  -0.04948331  -0.04049563  -0.03292659 
  -0.02713898  -0.03260762  -0.02978596  -0.03012891]
[0.03221818  0.04035323  0.03500578  0.04097966  0.0184969    0.0377708 
  0.03749287  0.03704362  0.03579496  0.0306868    0.04254595  0.04255027 
  0.05456922  0.02781961  0.04183427  0.04692078  0.04909367  0.05046965 
  0.05049903  0.05443989  0.05216429  0.04085714]
