inc
eps_11
eps_12
eps_13
eps_21
eps_22
eps_23
eps_31
eps_32
eps_33
increment_0
[-1.11022302e-16  -1.11022302e-16  -1.11022302e-16  -1.11022302e-16 
  -1.11022302e-16  -1.11022302e-16  -1.11022302e-16  -1.11022302e-16 
  -1.11022302e-16  -1.11022302e-16  -1.11022302e-16  -1.11022302e-16 
  -1.11022302e-16  -1.11022302e-16  -1.11022302e-16  -1.11022302e-16 
  -1.11022302e-16]
[0.  0.  0.  0.  0.  0.  0.  0.  0.  0.  0.  0.  0.  0.  0.  0.  0.]
[0.  0.  0.  0.  0.  0.  0.  0.  0.  0.  0.  0.  0.  0.  0.  0.  0.]
[0.  0.  0.  0.  0.  0.  0.  0.  0.  0.  0.  0.  0.  0.  0.  0.  0.]
[0.  0.  0.  0.  0.  0.  0.  0.  0.  0.  0.  0.  0.  0.  0.  0.  0.]
[0.  0.  0.  0.  0.  0.  0.  0.  0.  0.  0.  0.  0.  0.  0.  0.  0.]
[0.  0.  0.  0.  0.  0.  0.  0.  0.  0.  0.  0.  0.  0.  0.  0.  0.]
[0.  0.  0.  0.  0.  0.  0.  0.  0.  0.  0.  0.  0.  0.  0.  0.  0.]
[0.  0.  0.  0.  0.  0.  0.  0.  0.  0.  0.  0.  0.  0.  0.  0.  0.]
increment_10
[-0.00285257  -0.00285541  -0.00439074  -0.00337676  -0.00350084  -0.00277798 
  -0.0033532    -0.00440949  -0.00458058  -0.00426178  -0.00449842  -0.00394325 
  -0.0039927    -0.0039813    -0.00283316  -0.00358207  -0.00364997]
[  0.00026177    0.00018795  -0.00297907  -0.00241726  -0.00084894    0.00150854 
  -0.00100424  -0.00430623  -0.00339672  -0.00280123  -0.00258331  -0.00042931 
  -0.00344714  -0.00223024  -0.0018422    -0.00079758  -0.00126935]
[  0.002382        0.00256353    0.00019243    0.00285499    0.00142839    0.00146955 
    0.00089353    0.00207098    0.00018713    0.00098441  -0.00067859  -0.0012486 
    0.0027735      0.00141968    0.00442873    0.00065447    0.00055708]
[  0.00026177    0.00018795  -0.00297907  -0.00241726  -0.00084894    0.00150854 
  -0.00100424  -0.00430623  -0.00339672  -0.00280123  -0.00258331  -0.00042931 
  -0.00344714  -0.00223024  -0.0018422    -0.00079758  -0.00126935]
[-0.00614793  -0.00872075  -0.00790007  -0.00729074  -0.00298761  -0.0106497 
  -0.01530019  -0.0079039    -0.00446592  -0.00826499  -0.00496621  -0.00255896 
  -0.0078255    -0.00304414  -0.00893833  -0.00410206  -0.00113548]
[-0.00141745  -0.00144197  -0.00216881  -0.00169638  -0.00192235  -0.00200781 
  -0.00164656  -0.00221272  -0.00227519  -0.0021795    -0.00222197  -0.00196136 
  -0.00268548  -0.00213421  -0.00142502  -0.00178216  -0.00182166]
[  0.002382        0.00256353    0.00019243    0.00285499    0.00142839    0.00146955 
    0.00089353    0.00207098    0.00018713    0.00098441  -0.00067859  -0.0012486 
    0.0027735      0.00141968    0.00442873    0.00065447    0.00055708]
[-0.00141745  -0.00144197  -0.00216881  -0.00169638  -0.00192235  -0.00200781 
  -0.00164656  -0.00221272  -0.00227519  -0.0021795    -0.00222197  -0.00196136 
  -0.00268548  -0.00213421  -0.00142502  -0.00178216  -0.00182166]
[0.00900051  0.01157616  0.01229082  0.0106675    0.00648845  0.01342767 
  0.01865339  0.01231339  0.0090465    0.01252677  0.00946464  0.00650221 
  0.0118182    0.00702544  0.01177149  0.00768413  0.00478545]
increment_20
[-0.00516184  -0.00532566  -0.00941179  -0.00731751  -0.00677876  -0.00493744 
  -0.00699752  -0.00925319  -0.00982685  -0.00861592  -0.00965412  -0.0083045 
  -0.00786783  -0.00780253  -0.00547702  -0.00733595  -0.00741681]
[  0.00220838    0.00183272  -0.00689844  -0.00568178  -0.00140272    0.00523596 
  -0.00192079  -0.00984876  -0.00798247  -0.00601645  -0.0060208    -0.00121364 
  -0.00687465  -0.00437412  -0.00272997  -0.00124467  -0.00197661]
[  5.04027195e-03    5.06234083e-03  -1.76419827e-04    6.05191908e-03 
    3.53875795e-03    2.30417112e-03    1.56649298e-03    4.60894760e-03 
    4.17399463e-05    2.00957839e-03  -1.90321086e-03  -2.92534161e-03 
    5.88485396e-03    3.42144430e-03    9.68376606e-03    6.92638775e-04 
    1.06622396e-03]
[  0.00220838    0.00183272  -0.00689844  -0.00568178  -0.00140272    0.00523596 
  -0.00192079  -0.00984876  -0.00798247  -0.00601645  -0.0060208    -0.00121364 
  -0.00687465  -0.00437412  -0.00272997  -0.00124467  -0.00197661]
[-0.01375449  -0.01876021  -0.01814563  -0.01623952  -0.00786054  -0.02447408 
  -0.03348408  -0.01845868  -0.01110254  -0.01861628  -0.01155254  -0.00602192 
  -0.01671787  -0.00734593  -0.01967296  -0.00968501  -0.00214315]
[-0.00247682  -0.00266373  -0.0045536    -0.00370074  -0.00493247  -0.00404747 
  -0.0033584    -0.00465953  -0.00480491  -0.00433699  -0.00467439  -0.0040922 
  -0.0063894    -0.00478834  -0.00273269  -0.00362122  -0.00369157]
[  5.04027195e-03    5.06234083e-03  -1.76419827e-04    6.05191908e-03 
    3.53875795e-03    2.30417112e-03    1.56649298e-03    4.60894760e-03 
    4.17399463e-05    2.00957839e-03  -1.90321086e-03  -2.92534161e-03 
    5.88485396e-03    3.42144430e-03    9.68376606e-03    6.92638775e-04 
    1.06622396e-03]
[-0.00247682  -0.00266373  -0.0045536    -0.00370074  -0.00493247  -0.00404747 
  -0.0033584    -0.00465953  -0.00480491  -0.00433699  -0.00467439  -0.0040922 
  -0.0063894    -0.00478834  -0.00273269  -0.00362122  -0.00369157]
[0.01891633  0.02408587  0.02755742  0.02355703  0.0146393    0.02941152 
  0.0404816    0.02771187  0.02092939  0.02723219  0.02120666  0.01432642 
  0.0245857    0.01514846  0.02514998  0.01702096  0.00955996]
increment_30
[-0.00732668  -0.00787514  -0.01456576  -0.01141308  -0.01003782  -0.00706518 
  -0.01053502  -0.01422599  -0.0154053    -0.01286545  -0.01478903  -0.01290652 
  -0.01171054  -0.0115858    -0.00818469  -0.01109231  -0.01117282]
[  0.004767        0.00361892  -0.01094745  -0.00913365  -0.00213795    0.00960648 
  -0.00258146  -0.01529215  -0.013233      -0.0089442    -0.00948008  -0.00261471 
  -0.01017084  -0.00634504  -0.00316568  -0.00167471  -0.00262779]
[  0.0076027      0.00704782  -0.00058877    0.00894672    0.00550137    0.00291396 
    0.00234878    0.00668396  -0.00014339    0.00306575  -0.00275901  -0.00450097 
    0.00903986    0.00524867    0.01444117    0.00062979    0.00149972]
[  0.004767        0.00361892  -0.01094745  -0.00913365  -0.00213795    0.00960648 
  -0.00258146  -0.01529215  -0.013233      -0.0089442    -0.00948008  -0.00261471 
  -0.01017084  -0.00634504  -0.00316568  -0.00167471  -0.00262779]
[-0.02121237  -0.02808209  -0.02773326  -0.02449453  -0.01263863  -0.03790735 
  -0.04998103  -0.02877491  -0.01825081  -0.0288278    -0.01715742  -0.00941494 
  -0.02514159  -0.01128409  -0.02955494  -0.01546767  -0.00299125]
[-0.00334894  -0.00381968  -0.00689028  -0.00580618  -0.00905891  -0.00569922 
  -0.00494222  -0.00714314  -0.00739165  -0.00637052  -0.00703364  -0.00628546 
  -0.00976642  -0.00757648  -0.00401907  -0.00542926  -0.00554597]
[  0.0076027      0.00704782  -0.00058877    0.00894672    0.00550137    0.00291396 
    0.00234878    0.00668396  -0.00014339    0.00306575  -0.00275901  -0.00450097 
    0.00903986    0.00524867    0.01444117    0.00062979    0.00149972]
[-0.00334894  -0.00381968  -0.00689028  -0.00580618  -0.00905891  -0.00569922 
  -0.00494222  -0.00714314  -0.00739165  -0.00637052  -0.00703364  -0.00628546 
  -0.00976642  -0.00757648  -0.00401907  -0.00542926  -0.00554597]
[0.02853905  0.03595723  0.04229902  0.03590761  0.02267645  0.04497253 
  0.06051604  0.04300091  0.03365611  0.04169326  0.03194645  0.02232147 
  0.03685214  0.02286989  0.03773963  0.02655998  0.01416407]
increment_40
[-0.0094443    -0.01060352  -0.01975414  -0.01564829  -0.01328289  -0.00920944 
  -0.01402261  -0.01931121  -0.02127522  -0.01697087  -0.01992637  -0.01775574 
  -0.01554889  -0.01540635  -0.01100266  -0.01489353  -0.01490575]
[  0.00772274    0.00514118  -0.01506477  -0.01277519  -0.00300844    0.01430393 
  -0.00312639  -0.02065732  -0.01913829  -0.01155766  -0.01302246  -0.00467298 
  -0.01326423  -0.00836842  -0.00340913  -0.00225463  -0.0032545  ]
[  0.01001964    0.00855033  -0.00087346    0.01153636    0.00733072    0.00351746 
    0.00314876    0.00833848  -0.00017792    0.00425108  -0.00335876  -0.00605936 
    0.0119797      0.00688323    0.01866615    0.00047214    0.00182019]
[  0.00772274    0.00514118  -0.01506477  -0.01277519  -0.00300844    0.01430393 
  -0.00312639  -0.02065732  -0.01913829  -0.01155766  -0.01302246  -0.00467298 
  -0.01326423  -0.00836842  -0.00340913  -0.00225463  -0.0032545  ]
[-0.02857701  -0.03678625  -0.03694767  -0.03201288  -0.01710672  -0.05075244 
  -0.06507091  -0.03879035  -0.02573182  -0.03898571  -0.02201137  -0.01296998 
  -0.03321882  -0.01477732  -0.03848089  -0.02143215  -0.00359859]
[-0.00408056  -0.00499658  -0.00914042  -0.00799638  -0.01411343  -0.00709013 
  -0.00643023  -0.00962782  -0.01000748  -0.00829375  -0.00932028  -0.00852121 
  -0.01272275  -0.01035239  -0.00531063  -0.00722283  -0.00737886]
[  0.01001964    0.00855033  -0.00087346    0.01153636    0.00733072    0.00351746 
    0.00314876    0.00833848  -0.00017792    0.00425108  -0.00335876  -0.00605936 
    0.0119797      0.00688323    0.01866615    0.00047214    0.00182019]
[-0.00408056  -0.00499658  -0.00914042  -0.00799638  -0.01411343  -0.00709013 
  -0.00643023  -0.00962782  -0.01000748  -0.00829375  -0.00932028  -0.00852121 
  -0.01272275  -0.01035239  -0.00531063  -0.00722283  -0.00737886]
[0.03802131  0.04738977  0.05670181  0.04766117  0.0303896    0.05996188 
  0.07909353  0.05810156  0.04700704  0.05595658  0.04193774  0.03072572 
  0.04876771  0.03018367  0.04948356  0.03632568  0.01850434]
increment_50
[-0.01154261  -0.01351148  -0.0248285    -0.01998799  -0.01652627  -0.01141838 
  -0.01750374  -0.02447569  -0.02734515  -0.02091527  -0.02505375  -0.02280417 
  -0.01935042  -0.0192774    -0.01391062  -0.01871409  -0.01858547]
[  0.01104491    0.00623553  -0.019089      -0.01658457  -0.00404333    0.01917671 
  -0.00369257  -0.02597216  -0.02556028  -0.0138492    -0.01663727  -0.00721023 
  -0.01611545  -0.01052151  -0.0035505    -0.00299178  -0.00376721]
[  0.01228492    0.00967448  -0.000817        0.01388628    0.00907557    0.00409395 
    0.0039247      0.0097229      0.00012517    0.00559491  -0.00372445  -0.00761113 
    0.0147249      0.00836496    0.02243162    0.00032441    0.00200426]
[  0.01104491    0.00623553  -0.019089      -0.01658457  -0.00404333    0.01917671 
  -0.00369257  -0.02597216  -0.02556028  -0.0138492    -0.01663727  -0.00721023 
  -0.01611545  -0.01052151  -0.0035505    -0.00299178  -0.00376721]
[-0.03589156  -0.04530268  -0.04613483  -0.03884646  -0.021338      -0.06291881 
  -0.07907649  -0.04864909  -0.03342839  -0.04902111  -0.0264556    -0.01674453 
  -0.0410896    -0.01783721  -0.04657316  -0.02760866  -0.00392425]
[-0.00467681  -0.00622635  -0.01127651  -0.0102494    -0.01968009  -0.00828391 
  -0.0078486    -0.01214807  -0.01266259  -0.01011101  -0.01154019  -0.01076014 
  -0.01533368  -0.01306487  -0.00660474  -0.00898687  -0.00917556]
[  0.01228492    0.00967448  -0.000817        0.01388628    0.00907557    0.00409395 
    0.0039247      0.0097229      0.00012517    0.00559491  -0.00372445  -0.00761113 
    0.0147249      0.00836496    0.02243162    0.00032441    0.00200426]
[-0.00467681  -0.00622635  -0.01127651  -0.0102494    -0.01968009  -0.00828391 
  -0.0078486    -0.01214807  -0.01266259  -0.01011101  -0.01154019  -0.01076014 
  -0.01533368  -0.01306487  -0.00660474  -0.00898687  -0.00917556]
[0.04743417  0.05881416  0.07096333  0.05883444  0.03786427  0.07433719 
  0.09658022  0.07312478  0.06077354  0.06993637  0.05150935  0.0395487 
  0.06044002  0.03711462  0.06048377  0.04632275  0.02250972]
increment_60
[-0.01364677  -0.01658493  -0.02968726  -0.02437854  -0.01982442  -0.01369402 
  -0.02100476  -0.02970065  -0.03346616  -0.02470587  -0.03012711  -0.02801559 
  -0.02308877  -0.02318473  -0.01687241  -0.02250757  -0.02218912]
[  0.01466696    0.00684739  -0.02291169  -0.02049794  -0.0053148      0.02423069 
  -0.00440972  -0.03135152  -0.03228201  -0.01586821  -0.02020925  -0.01004215 
  -0.01872133  -0.01278803  -0.00358933  -0.00384774  -0.00409226]
[  0.01442612    0.01047763  -0.00027624    0.01609516    0.01075451    0.00464019 
    0.00470179    0.01098578    0.00092031    0.00707842  -0.00390059  -0.00917293 
    0.0173436      0.00974406    0.02582952    0.00030543    0.00209383]
[  0.01466696    0.00684739  -0.02291169  -0.02049794  -0.0053148      0.02423069 
  -0.00440972  -0.03135152  -0.03228201  -0.01586821  -0.02020925  -0.01004215 
  -0.01872133  -0.01278803  -0.00358933  -0.00384774  -0.00409226]
[-0.04330954  -0.05419935  -0.0556506    -0.0450447    -0.02528876  -0.07460686 
  -0.09210942  -0.05838673  -0.04115678  -0.05872321  -0.03059577  -0.02078668 
  -0.04884577  -0.02056669  -0.05400734  -0.03390096  -0.00407394]
[-0.00514752  -0.00751258  -0.01330317  -0.01257196  -0.02513388  -0.00933902 
  -0.0092205    -0.01492366  -0.01547413  -0.01183495  -0.01368347  -0.01297454 
  -0.0176638    -0.01566285  -0.00788237  -0.01070117  -0.01092666]
[  0.01442612    0.01047763  -0.00027624    0.01609516    0.01075451    0.00464019 
    0.00470179    0.01098578    0.00092031    0.00707842  -0.00390059  -0.00917293 
    0.0173436      0.00974406    0.02582952    0.00030543    0.00209383]
[-0.00514752  -0.00751258  -0.01330317  -0.01257196  -0.02513388  -0.00933902 
  -0.0092205    -0.01492366  -0.01547413  -0.01183495  -0.01368347  -0.01297454 
  -0.0176638    -0.01566285  -0.00788237  -0.01070117  -0.01092666]
[0.0569563    0.07078428  0.08533786  0.06942324  0.04511318  0.08830088 
  0.11311418  0.08808738  0.07462294  0.08342908  0.06072288  0.04880227 
  0.07193453  0.04375142  0.07087975  0.05640853  0.02626306]
increment_70
[-0.01580073  -0.0198124    -0.03432622  -0.02871063  -0.02324325  -0.01602277 
  -0.02455513  -0.03497918  -0.03949636  -0.02835516  -0.0351041    -0.03337355 
  -0.02676578  -0.02711382  -0.01986093  -0.02628876  -0.02571661]
[  0.01847047    0.00694158  -0.02656585  -0.02438937  -0.0069006      0.02943504 
  -0.0054419    -0.03689546  -0.03907789  -0.01761336  -0.02357552  -0.01304996 
  -0.02107807  -0.01514023  -0.00350847  -0.0048748    -0.00423294]
[  0.01639492    0.01101315    0.00076264    0.01827531    0.01233306    0.00521652 
    0.00555477    0.0122296      0.00224785    0.00863186  -0.00397014  -0.01075726 
    0.01981303    0.0110502      0.02894993    0.00044435    0.00213954]
[  0.01847047    0.00694158  -0.02656585  -0.02438937  -0.0069006      0.02943504 
  -0.0054419    -0.03689546  -0.03907789  -0.01761336  -0.02357552  -0.01304996 
  -0.02107807  -0.01514023  -0.00350847  -0.0048748    -0.00423294]
[-0.05098743  -0.06379574  -0.06561534  -0.05047574  -0.02868266  -0.08572911 
  -0.10398446  -0.06789073  -0.04875831  -0.06795564  -0.03449504  -0.02513231 
  -0.05658084  -0.0230729    -0.06097615  -0.0402632    -0.00416664]
[-0.00553641  -0.00884276  -0.01525008  -0.01519083  -0.03005592  -0.01030457 
  -0.01058808  -0.0182141    -0.01864982  -0.01347425  -0.01573723  -0.01514826 
  -0.01977186  -0.01810685  -0.00912503  -0.01237476  -0.01263392]
[  0.01639492    0.01101315    0.00076264    0.01827531    0.01233306    0.00521652 
    0.00555477    0.0122296      0.00224785    0.00863186  -0.00397014  -0.01075726 
    0.01981303    0.0110502      0.02894993    0.00044435    0.00213954]
[-0.00553641  -0.00884276  -0.01525008  -0.01519083  -0.03005592  -0.01030457 
  -0.01058808  -0.0182141    -0.01864982  -0.01347425  -0.01573723  -0.01514826 
  -0.01977186  -0.01810685  -0.00912503  -0.01237476  -0.01263392]
[0.06678816  0.08360814  0.09994156  0.07918637  0.05192591  0.10175188 
  0.1285396    0.10286991  0.08825468  0.09631081  0.06959914  0.05850586 
  0.08334662  0.05018671  0.08083708  0.06655196  0.02988325]
increment_80
[-0.018046      -0.02316238  -0.03880397  -0.03284213  -0.02681035  -0.01840039 
  -0.02816706  -0.04032594  -0.04528962  -0.0318761    -0.03998356  -0.03886523 
  -0.03038413  -0.03106714  -0.02288169  -0.03007886  -0.02919419]
[  0.022313        0.00655897  -0.03019827  -0.02813991  -0.0088293      0.03469239 
  -0.00689972  -0.04268768  -0.04571622  -0.01907455  -0.02668501  -0.01616684 
  -0.0231724    -0.01760917  -0.00339336  -0.00609275  -0.00426877]
[  0.01810949    0.01137433    0.00223669    0.02058351    0.0137991      0.00586135 
    0.00655176    0.01353262    0.00409035    0.01019239  -0.00398683  -0.01233775 
    0.02206292    0.01232296    0.0318821      0.00070214    0.00217133]
[  0.022313        0.00655897  -0.03019827  -0.02813991  -0.0088293      0.03469239 
  -0.00689972  -0.04268768  -0.04571622  -0.01907455  -0.02668501  -0.01616684 
  -0.0231724    -0.01760917  -0.00339336  -0.00609275  -0.00426877]
[-0.05894454  -0.07401519  -0.07588729  -0.05514651  -0.03142199  -0.09610127 
  -0.11473189  -0.07715872  -0.05607551  -0.07667334  -0.03825811  -0.02975739 
  -0.06437923  -0.02550101  -0.06770608  -0.04672027  -0.00425823]
[-0.00590203  -0.01018765  -0.0171634    -0.01853657  -0.03434172  -0.01117125 
  -0.01200484  -0.02204299  -0.02231894  -0.01504348  -0.01770487  -0.01727082 
  -0.02171055  -0.02037746  -0.01034937  -0.01401735  -0.01431044]
[  0.01810949    0.01137433    0.00223669    0.02058351    0.0137991      0.00586135 
    0.00655176    0.01353262    0.00409035    0.01019239  -0.00398683  -0.01233775 
    0.02206292    0.01232296    0.0318821      0.00070214    0.00217133]
[-0.00590203  -0.01018765  -0.0171634    -0.01853657  -0.03434172  -0.01117125 
  -0.01200484  -0.02204299  -0.02231894  -0.01504348  -0.01770487  -0.01727082 
  -0.02171055  -0.02037746  -0.01034937  -0.01401735  -0.01431044]
[0.07699055  0.09717756  0.11469126  0.08798863  0.05823235  0.11450166 
  0.14289895  0.11748466  0.10136513  0.10854945  0.07824167  0.06862262 
  0.09476336  0.05656815  0.09058777  0.07679914  0.03345242]
increment_90
[-0.02040349  -0.026589      -0.04319628  -0.03677448  -0.03045995  -0.02083504 
  -0.03181825  -0.04573092  -0.0508231    -0.03527548  -0.04479623  -0.04445752 
  -0.03393977  -0.03505921  -0.02595685  -0.03384175  -0.03269242]
[  0.02606021    0.00580528  -0.03389999  -0.031699      -0.01109513    0.03985516 
  -0.00871771  -0.0487374    -0.05225322  -0.02027204  -0.02963833  -0.01935607 
  -0.02505147  -0.02023891  -0.0033736    -0.00741635  -0.00441278]
[  0.01950626    0.01168614    0.00398917    0.02301425    0.01529986    0.00658142 
    0.00770766    0.01502073    0.00647612    0.01172092  -0.00392579  -0.01384387 
    0.02410768    0.01358634    0.03467828    0.00107549    0.00222696]
[  0.02606021    0.00580528  -0.03389999  -0.031699      -0.01109513    0.03985516 
  -0.00871771  -0.0487374    -0.05225322  -0.02027204  -0.02963833  -0.01935607 
  -0.02505147  -0.02023891  -0.0033736    -0.00741635  -0.00441278]
[-0.06703648  -0.08458714  -0.08619728  -0.0591054    -0.03391001  -0.10561873 
  -0.12453758  -0.08626376  -0.06329756  -0.08487524  -0.04197937  -0.03461633 
  -0.07232038  -0.02792577  -0.07442503  -0.0533371    -0.00437752]
[-0.00629194  -0.01151714  -0.01907606  -0.02240726  -0.03836714  -0.01187208 
  -0.01349212  -0.02615155  -0.02650846  -0.0165766    -0.01960592  -0.01933045 
  -0.02350173  -0.0225391    -0.01159258  -0.01561388  -0.01598905]
[  0.01950626    0.01168614    0.00398917    0.02301425    0.01529986    0.00658142 
    0.00770766    0.01502073    0.00647612    0.01172092  -0.00392579  -0.01384387 
    0.02410768    0.01358634    0.03467828    0.00107549    0.00222696]
[-0.00629194  -0.01151714  -0.01907606  -0.02240726  -0.03836714  -0.01187208 
  -0.01349212  -0.02615155  -0.02650846  -0.0165766    -0.01960592  -0.01933045 
  -0.02350173  -0.0225391    -0.01159258  -0.01561388  -0.01598905]
[0.08743996  0.11117614  0.12939356  0.09587988  0.06436995  0.12645377 
  0.15635583  0.13199468  0.11412066  0.12015072  0.0867756    0.07907385 
  0.10626015  0.06298498  0.10038188  0.08717884  0.03706993]
increment_100
[-0.02286197  -0.03005277  -0.04758271  -0.04055673  -0.03412293  -0.02332926 
  -0.03549022  -0.05115797  -0.05611658  -0.0385845    -0.04953506  -0.05007637 
  -0.03746283  -0.03908209  -0.02908175  -0.03753783  -0.03624992]
[  0.02967755    0.00474288  -0.03777689  -0.03507442  -0.01357867    0.04480015 
  -0.01079276  -0.05498715  -0.05874989  -0.02128796  -0.03250239  -0.02256744 
  -0.02685654  -0.02302753  -0.003485      -0.00873993  -0.00484217]
[  0.02059788    0.01206723    0.00592135    0.02547314    0.01687352    0.00736136 
    0.00900815    0.01680786    0.00938068    0.01320074  -0.00373304  -0.01515669 
    0.0260204      0.01486213    0.03733711    0.00156411    0.00233724]
[  0.02967755    0.00474288  -0.03777689  -0.03507442  -0.01357867    0.04480015 
  -0.01079276  -0.05498715  -0.05874989  -0.02128796  -0.03250239  -0.02256744 
  -0.02685654  -0.02302753  -0.003485      -0.00873993  -0.00484217]
[-0.0751885    -0.09535738  -0.09653307  -0.06245128  -0.03631419  -0.11433496 
  -0.13359321  -0.09519427  -0.07052344  -0.09236974  -0.04558955  -0.03965258 
  -0.0803905    -0.03036012  -0.08123698  -0.06031715  -0.00453246]
[-0.00671146  -0.01281527  -0.02102066  -0.02642826  -0.04227115  -0.01240181 
  -0.015055      -0.03029636  -0.0310968    -0.01812648  -0.02144968  -0.02131393 
  -0.02519316  -0.02466987  -0.01286171  -0.017145      -0.01768641]
[  0.02059788    0.01206723    0.00592135    0.02547314    0.01687352    0.00736136 
    0.00900815    0.01680786    0.00938068    0.01320074  -0.00373304  -0.01515669 
    0.0260204      0.01486213    0.03733711    0.00156411    0.00233724]
[-0.00671146  -0.01281527  -0.02102066  -0.02642826  -0.04227115  -0.01240181 
  -0.015055      -0.03029636  -0.0310968    -0.01812648  -0.02144968  -0.02131393 
  -0.02519316  -0.02466987  -0.01286171  -0.017145      -0.01768641]
[0.09805048  0.12541015  0.14411578  0.10300801  0.07043712  0.13766422 
  0.16908343  0.14635224  0.12664002  0.13095423  0.0951246    0.08972894 
  0.11785333  0.06944221  0.11031872  0.09785499  0.04078238]
increment_110
[-0.02540763  -0.03350629  -0.05203102  -0.04424155  -0.03777091  -0.02588274 
  -0.03915523  -0.05655188  -0.06118494  -0.04183866  -0.05417679  -0.05564541 
  -0.04097136  -0.04311949  -0.03224397  -0.04113822  -0.03989463]
[  0.03316213    0.00346616  -0.04192116  -0.03830983  -0.0161232      0.04943408 
  -0.01300789  -0.06134728  -0.0651677    -0.02217842  -0.03527803  -0.02578878 
  -0.02867317  -0.02595024  -0.00369865  -0.00998301  -0.00563476]
[  0.02143212    0.01262124    0.0079788      0.0278868      0.01845261    0.00816091 
    0.01043462    0.01895772    0.01270298    0.01461951  -0.00338205  -0.01614195 
    0.02786837    0.01617396    0.03988064    0.00216408    0.0025168  ]
[  0.03316213    0.00346616  -0.04192116  -0.03830983  -0.0161232      0.04943408 
  -0.01300789  -0.06134728  -0.0651677    -0.02217842  -0.03527803  -0.02578878 
  -0.02867317  -0.02595024  -0.00369865  -0.00998301  -0.00563476]
[-0.0833608    -0.10628827  -0.10685929  -0.06531764  -0.0385469    -0.1223163 
  -0.14200405  -0.10387188  -0.07766023  -0.09897129  -0.04889738  -0.04483269 
  -0.08855539  -0.03280785  -0.08819367  -0.0677882    -0.00471211]
[-0.00714986  -0.01407036  -0.02302793  -0.03035468  -0.04595426  -0.01282526 
  -0.01670761  -0.03440458  -0.03587106  -0.01971466  -0.02324028  -0.02321589 
  -0.0268324    -0.0268066    -0.01414514  -0.01859365  -0.01941501]
[  0.02143212    0.01262124    0.0079788      0.0278868      0.01845261    0.00816091 
    0.01043462    0.01895772    0.01270298    0.01461951  -0.00338205  -0.01614195 
    0.02786837    0.01617396    0.03988064    0.00216408    0.0025168  ]
[-0.00714986  -0.01407036  -0.02302793  -0.03035468  -0.04595426  -0.01282526 
  -0.01670761  -0.03440458  -0.03587106  -0.01971466  -0.02324028  -0.02321589 
  -0.0268324    -0.0268066    -0.01414514  -0.01859365  -0.01941501]
[0.10876843  0.13979456  0.15889031  0.10955919  0.0763178    0.14819904 
  0.18115928  0.16042376  0.13884517  0.14080995  0.10307417  0.1004781 
  0.12952676  0.07592733  0.12043765  0.10892643  0.04460674]
increment_120
[-0.02803025  -0.0369048    -0.05658042  -0.04787764  -0.04139945  -0.0284893 
  -0.04277829  -0.06184839  -0.06606332  -0.04506054  -0.05870104  -0.06110362 
  -0.04444574  -0.04716039  -0.03543006  -0.04461683  -0.04364612]
[  0.03648951    0.00211005  -0.04634129  -0.04142546  -0.01859054    0.05372219 
  -0.01524348  -0.06772073  -0.0714723    -0.02295006  -0.03792731  -0.02904124 
  -0.03047925  -0.02898017  -0.00396757  -0.01109803  -0.0068274  ]
[  0.02206654    0.013385        0.01010754    0.03018357    0.01995161    0.00893266 
    0.01197371    0.02149429    0.01632067    0.01594388  -0.00288592  -0.01669195 
    0.02972421    0.01753378    0.04231093    0.00290498    0.00277971]
[  0.03648951    0.00211005  -0.04634129  -0.04142546  -0.01859054    0.05372219 
  -0.01524348  -0.06772073  -0.0714723    -0.02295006  -0.03792731  -0.02904124 
  -0.03047925  -0.02898017  -0.00396757  -0.01109803  -0.0068274  ]
[-0.09150846  -0.11736682  -0.11706351  -0.0677781    -0.04050264  -0.12960614 
  -0.1497436    -0.11219869  -0.08461381  -0.10466215  -0.05173015  -0.05016435 
  -0.09680113  -0.03529933  -0.09532389  -0.07573845  -0.00491151]
[-0.00759848  -0.01527063  -0.0251044    -0.03399638  -0.0493113    -0.01322196 
  -0.01848231  -0.03850764  -0.04063992  -0.02133878  -0.02497949  -0.02504045 
  -0.02843751  -0.02894367  -0.01542481  -0.01994811  -0.02118561]
[  0.02206654    0.013385        0.01010754    0.03018357    0.01995161    0.00893266 
    0.01197371    0.02149429    0.01632067    0.01594388  -0.00288592  -0.01669195 
    0.02972421    0.01753378    0.04231093    0.00290498    0.00277971]
[-0.00759848  -0.01527063  -0.0251044    -0.03399638  -0.0493113    -0.01322196 
  -0.01848231  -0.03850764  -0.04063992  -0.02133878  -0.02497949  -0.02504045 
  -0.02843751  -0.02894367  -0.01542481  -0.01994811  -0.02118561]
[0.11953871  0.15427162  0.17364393  0.11565574  0.0819021    0.15809544 
  0.19252189  0.17404708  0.15067713  0.14972269  0.11043119  0.11126797 
  0.14124687  0.08245971  0.13075395  0.12035527  0.04855762]
