inc
eps_11
eps_12
eps_13
eps_21
eps_22
eps_23
eps_31
eps_32
eps_33
increment_0
[-2.05413418e-16  -2.05413418e-16  -2.05413418e-16  -2.05413418e-16 
  -2.05413418e-16  -2.05413418e-16  -2.05413418e-16  -2.05413418e-16 
  -2.05413418e-16  -2.05413418e-16  -2.05413418e-16  -2.05413418e-16 
  -2.05413418e-16  -2.05413418e-16  -2.05413418e-16  -2.05413418e-16 
  -2.05413418e-16  -2.05413418e-16  -2.05413418e-16  -2.05413418e-16 
  -2.05413418e-16  -2.05413418e-16  -2.05413418e-16  -2.05413418e-16 
  -2.05413418e-16  -2.05413418e-16  -2.05413418e-16  -2.05413418e-16 
  -2.05413418e-16  -2.05413418e-16  -2.05413418e-16]
[3.93034996e-17  3.93034996e-17  3.93034996e-17  3.93034996e-17 
  3.93034996e-17  3.93034996e-17  3.93034996e-17  3.93034996e-17 
  3.93034996e-17  3.93034996e-17  3.93034996e-17  3.93034996e-17 
  3.93034996e-17  3.93034996e-17  3.93034996e-17  3.93034996e-17 
  3.93034996e-17  3.93034996e-17  3.93034996e-17  3.93034996e-17 
  3.93034996e-17  3.93034996e-17  3.93034996e-17  3.93034996e-17 
  3.93034996e-17  3.93034996e-17  3.93034996e-17  3.93034996e-17 
  3.93034996e-17  3.93034996e-17  3.93034996e-17]
[5.00711906e-18  5.00711906e-18  5.00711906e-18  5.00711906e-18 
  5.00711906e-18  5.00711906e-18  5.00711906e-18  5.00711906e-18 
  5.00711906e-18  5.00711906e-18  5.00711906e-18  5.00711906e-18 
  5.00711906e-18  5.00711906e-18  5.00711906e-18  5.00711906e-18 
  5.00711906e-18  5.00711906e-18  5.00711906e-18  5.00711906e-18 
  5.00711906e-18  5.00711906e-18  5.00711906e-18  5.00711906e-18 
  5.00711906e-18  5.00711906e-18  5.00711906e-18  5.00711906e-18 
  5.00711906e-18  5.00711906e-18  5.00711906e-18]
[3.93034996e-17  3.93034996e-17  3.93034996e-17  3.93034996e-17 
  3.93034996e-17  3.93034996e-17  3.93034996e-17  3.93034996e-17 
  3.93034996e-17  3.93034996e-17  3.93034996e-17  3.93034996e-17 
  3.93034996e-17  3.93034996e-17  3.93034996e-17  3.93034996e-17 
  3.93034996e-17  3.93034996e-17  3.93034996e-17  3.93034996e-17 
  3.93034996e-17  3.93034996e-17  3.93034996e-17  3.93034996e-17 
  3.93034996e-17  3.93034996e-17  3.93034996e-17  3.93034996e-17 
  3.93034996e-17  3.93034996e-17  3.93034996e-17]
[-1.25614786e-16  -1.25614786e-16  -1.25614786e-16  -1.25614786e-16 
  -1.25614786e-16  -1.25614786e-16  -1.25614786e-16  -1.25614786e-16 
  -1.25614786e-16  -1.25614786e-16  -1.25614786e-16  -1.25614786e-16 
  -1.25614786e-16  -1.25614786e-16  -1.25614786e-16  -1.25614786e-16 
  -1.25614786e-16  -1.25614786e-16  -1.25614786e-16  -1.25614786e-16 
  -1.25614786e-16  -1.25614786e-16  -1.25614786e-16  -1.25614786e-16 
  -1.25614786e-16  -1.25614786e-16  -1.25614786e-16  -1.25614786e-16 
  -1.25614786e-16  -1.25614786e-16  -1.25614786e-16]
[-1.60028546e-17  -1.60028546e-17  -1.60028546e-17  -1.60028546e-17 
  -1.60028546e-17  -1.60028546e-17  -1.60028546e-17  -1.60028546e-17 
  -1.60028546e-17  -1.60028546e-17  -1.60028546e-17  -1.60028546e-17 
  -1.60028546e-17  -1.60028546e-17  -1.60028546e-17  -1.60028546e-17 
  -1.60028546e-17  -1.60028546e-17  -1.60028546e-17  -1.60028546e-17 
  -1.60028546e-17  -1.60028546e-17  -1.60028546e-17  -1.60028546e-17 
  -1.60028546e-17  -1.60028546e-17  -1.60028546e-17  -1.60028546e-17 
  -1.60028546e-17  -1.60028546e-17  -1.60028546e-17]
[5.00711906e-18  5.00711906e-18  5.00711906e-18  5.00711906e-18 
  5.00711906e-18  5.00711906e-18  5.00711906e-18  5.00711906e-18 
  5.00711906e-18  5.00711906e-18  5.00711906e-18  5.00711906e-18 
  5.00711906e-18  5.00711906e-18  5.00711906e-18  5.00711906e-18 
  5.00711906e-18  5.00711906e-18  5.00711906e-18  5.00711906e-18 
  5.00711906e-18  5.00711906e-18  5.00711906e-18  5.00711906e-18 
  5.00711906e-18  5.00711906e-18  5.00711906e-18  5.00711906e-18 
  5.00711906e-18  5.00711906e-18  5.00711906e-18]
[-1.60028546e-17  -1.60028546e-17  -1.60028546e-17  -1.60028546e-17 
  -1.60028546e-17  -1.60028546e-17  -1.60028546e-17  -1.60028546e-17 
  -1.60028546e-17  -1.60028546e-17  -1.60028546e-17  -1.60028546e-17 
  -1.60028546e-17  -1.60028546e-17  -1.60028546e-17  -1.60028546e-17 
  -1.60028546e-17  -1.60028546e-17  -1.60028546e-17  -1.60028546e-17 
  -1.60028546e-17  -1.60028546e-17  -1.60028546e-17  -1.60028546e-17 
  -1.60028546e-17  -1.60028546e-17  -1.60028546e-17  -1.60028546e-17 
  -1.60028546e-17  -1.60028546e-17  -1.60028546e-17]
[-2.03870391e-18  -2.03870391e-18  -2.03870391e-18  -2.03870391e-18 
  -2.03870391e-18  -2.03870391e-18  -2.03870391e-18  -2.03870391e-18 
  -2.03870391e-18  -2.03870391e-18  -2.03870391e-18  -2.03870391e-18 
  -2.03870391e-18  -2.03870391e-18  -2.03870391e-18  -2.03870391e-18 
  -2.03870391e-18  -2.03870391e-18  -2.03870391e-18  -2.03870391e-18 
  -2.03870391e-18  -2.03870391e-18  -2.03870391e-18  -2.03870391e-18 
  -2.03870391e-18  -2.03870391e-18  -2.03870391e-18  -2.03870391e-18 
  -2.03870391e-18  -2.03870391e-18  -2.03870391e-18]
increment_10
[-0.00287761  -0.00271491  -0.00311453  -0.00296922  -0.00275043  -0.00312917 
  -0.00291343  -0.0027787    -0.00309702  -0.00301419  -0.0029457    -0.00413835 
  -0.00309372  -0.00345811  -0.00290185  -0.00298791  -0.00386812  -0.00366221 
  -0.00327826  -0.00303262  -0.00267097  -0.00352387  -0.00372566  -0.0034239 
  -0.00311656  -0.00271069  -0.0036862    -0.00319756  -0.00260915  -0.00334396 
  -0.00307764]
[  1.55103206e-03    1.85697124e-04    1.81847920e-03    1.29158124e-03 
    1.80122193e-04    2.14485518e-03    1.66526921e-03  -1.19205281e-03 
    1.75440764e-03    2.18371420e-03    4.54391858e-04    1.07418516e-03 
  -9.47206383e-05    1.49361749e-03    6.58080934e-04    1.08794129e-03 
    2.45999766e-03    1.48195229e-03    1.32545021e-03    1.38391371e-03 
    3.98675351e-04    1.74044303e-03    1.69013556e-03    1.07641180e-03 
    9.78998483e-04    5.51126780e-04    1.71559903e-03    1.34533012e-03 
    2.49789371e-04    1.35376195e-03    2.04622078e-03]
[  0.00127487    0.00110623    0.00083753    0.00016578    0.00151569    0.00153453 
    0.00142431    0.00194821    0.00199782    0.00181836    0.0007094    -0.0012064 
    0.00198935    0.00147941    0.00107237    0.00084169    0.00120385    0.00115843 
    0.00186533    0.00127974    0.00130991    0.00063756    0.00101656    0.0016307 
    0.00166602    0.00092883    0.00090778    0.00184356    0.00170584    0.00175102 
    0.00221085]
[  1.55103206e-03    1.85697124e-04    1.81847920e-03    1.29158124e-03 
    1.80122193e-04    2.14485518e-03    1.66526921e-03  -1.19205281e-03 
    1.75440764e-03    2.18371420e-03    4.54391858e-04    1.07418516e-03 
  -9.47206383e-05    1.49361749e-03    6.58080934e-04    1.08794129e-03 
    2.45999766e-03    1.48195229e-03    1.32545021e-03    1.38391371e-03 
    3.98675351e-04    1.74044303e-03    1.69013556e-03    1.07641180e-03 
    9.78998483e-04    5.51126780e-04    1.71559903e-03    1.34533012e-03 
    2.49789371e-04    1.35376195e-03    2.04622078e-03]
[-0.00099455  -0.00222274  -0.00075978  -0.00027161  -0.00304655  -0.00306541 
  -0.00283647  -0.003943      -0.00400202  -0.00363245  -0.00119031  -0.00341921 
  -0.00400258  -0.00296569  -0.00211681  -0.00167857  -0.00240705  -0.00234377 
  -0.00373789  -0.00255516  -0.00240235  -0.00125821  -0.00202286  -0.00326985 
  -0.003342      -0.00160049  -0.00179674  -0.00369672  -0.00325303  -0.00350174 
  -0.00442651]
[0.00144277  0.00135235  0.00155786  0.00147128  0.00136811  0.0015685 
  0.00145887  0.0013873    0.00155281  0.00151323  0.00147404  0.00209081 
  0.0021286    0.00177172  0.00144904  0.00149229  0.00199029  0.00297837 
  0.00184878  0.00151575  0.00133256  0.00176023  0.00224498  0.00196006 
  0.0015604    0.00135312  0.00241467  0.00160209  0.0012988    0.00227055 
  0.00154439]
[  0.00127487    0.00110623    0.00083753    0.00016578    0.00151569    0.00153453 
    0.00142431    0.00194821    0.00199782    0.00181836    0.0007094    -0.0012064 
    0.00198935    0.00147941    0.00107237    0.00084169    0.00120385    0.00115843 
    0.00186533    0.00127974    0.00130991    0.00063756    0.00101656    0.0016307 
    0.00166602    0.00092883    0.00090778    0.00184356    0.00170584    0.00175102 
    0.00221085]
[0.00144277  0.00135235  0.00155786  0.00147128  0.00136811  0.0015685 
  0.00145887  0.0013873    0.00155281  0.00151323  0.00147404  0.00209081 
  0.0021286    0.00177172  0.00144904  0.00149229  0.00199029  0.00297837 
  0.00184878  0.00151575  0.00133256  0.00176023  0.00224498  0.00196006 
  0.0015604    0.00135312  0.00241467  0.00160209  0.0012988    0.00227055 
  0.00154439]
[0.00387216  0.00493765  0.0038743    0.00324083  0.00579698  0.00619459 
  0.00574991  0.0067217    0.00709904  0.00664665  0.00413601  0.00755755 
  0.00709631  0.0064238    0.00501866  0.00466649  0.00627517  0.00600598 
  0.00701615  0.00558778  0.00507332  0.00478208  0.00574852  0.00669375 
  0.00645856  0.00431119  0.00548294  0.00689428  0.00586219  0.00684571 
  0.00750415]
increment_20
[-0.00630502  -0.00608479  -0.00680861  -0.00673176  -0.00594051  -0.00692507 
  -0.00660511  -0.0054486    -0.00674719  -0.00670211  -0.00653638  -0.00850686 
  -0.00600987  -0.0071374    -0.00626576  -0.00680478  -0.00800357  -0.00717258 
  -0.00672028  -0.00668513  -0.00604819  -0.0074944    -0.00745704  -0.00671114 
  -0.00660799  -0.00616355  -0.00732042  -0.00665321  -0.00590277  -0.00670565 
  -0.00681485]
[  0.00332522    0.00068736    0.00360369    0.00291105    0.00012155    0.00480748 
    0.0040442    -0.00375723    0.00435611    0.00498172    0.00137108    0.00233567 
  -0.00081311    0.0034832      0.00114349    0.00282672    0.00579121    0.00270478 
    0.00246259    0.0031718      0.00102961    0.00377194    0.00317731    0.00202513 
    0.00226775    0.00121004    0.00337288    0.00260886    0.00071528    0.00256443 
    0.00487582]
[  0.00438908    0.00250186    0.0026692      0.00097622    0.00313577    0.00366674 
    0.00364232    0.00439936    0.00458544    0.00442216    0.00207446  -0.0032129 
    0.00483026    0.00334023    0.00250517    0.00189192    0.00271692    0.00268423 
    0.0039462      0.00284271    0.00323237    0.00121653    0.00203377    0.00413336 
    0.00364631    0.00236312    0.00222127    0.00411514    0.00397318    0.00421637 
    0.0047673  ]
[  0.00332522    0.00068736    0.00360369    0.00291105    0.00012155    0.00480748 
    0.0040442    -0.00375723    0.00435611    0.00498172    0.00137108    0.00233567 
  -0.00081311    0.0034832      0.00114349    0.00282672    0.00579121    0.00270478 
    0.00246259    0.0031718      0.00102961    0.00377194    0.00317731    0.00202513 
    0.00226775    0.00121004    0.00337288    0.00260886    0.00071528    0.00256443 
    0.00487582]
[-2.13635058e-03  -5.03068796e-03  -6.08714753e-04  -8.94294221e-06 
  -6.30264778e-03  -7.31292964e-03  -6.56954839e-03  -9.00628216e-03 
  -9.17862143e-03  -8.41621812e-03  -1.95122403e-03  -8.11014044e-03 
  -9.77848301e-03  -6.65738251e-03  -3.52418894e-03  -3.73617367e-03 
  -5.39019468e-03  -5.33139996e-03  -7.89753327e-03  -5.41821416e-03 
  -4.67725240e-03  -2.34845116e-03  -3.97669856e-03  -8.28237655e-03 
  -7.32373580e-03  -2.45430243e-03  -4.32444066e-03  -8.27256235e-03 
  -5.99359306e-03  -8.41434679e-03  -9.51396332e-03]
[0.003185      0.00301467  0.00341678  0.00329767  0.00293711  0.00348015 
  0.00332106  0.00275724  0.00340078  0.00338575  0.00329982  0.00448983 
  0.00518188  0.00411831  0.00312648  0.00339373  0.00448187  0.00725899 
  0.00444938  0.00334157  0.00301697  0.00373828  0.005421      0.00500622 
  0.00332774  0.00307792  0.0061901    0.00334129  0.00293984  0.00569725 
  0.00344027]
[  0.00438908    0.00250186    0.0026692      0.00097622    0.00313577    0.00366674 
    0.00364232    0.00439936    0.00458544    0.00442216    0.00207446  -0.0032129 
    0.00483026    0.00334023    0.00250517    0.00189192    0.00271692    0.00268423 
    0.0039462      0.00284271    0.00323237    0.00121653    0.00203377    0.00413336 
    0.00364631    0.00236312    0.00222127    0.00411514    0.00397318    0.00421637 
    0.0047673  ]
[0.003185      0.00301467  0.00341678  0.00329767  0.00293711  0.00348015 
  0.00332106  0.00275724  0.00340078  0.00338575  0.00329982  0.00448983 
  0.00518188  0.00411831  0.00312648  0.00339373  0.00448187  0.00725899 
  0.00444938  0.00334157  0.00301697  0.00373828  0.005421      0.00500622 
  0.00332774  0.00307792  0.0061901    0.00334129  0.00293984  0.00569725 
  0.00344027]
[0.00844137  0.01111548  0.00741732  0.0067407    0.01224315  0.014238 
  0.01317465  0.01445489  0.01592581  0.01511833  0.0084876    0.016617 
  0.01578835  0.01379478  0.00978995  0.01054096  0.01339376  0.01250398 
  0.01461781  0.01210335  0.01072544  0.00984285  0.01143374  0.01499351 
  0.01393173  0.00861785  0.01164486  0.01492577  0.01189637  0.01512 
  0.01632881]
increment_30
[-0.00973893  -0.00952299  -0.01038816  -0.01042966  -0.00921799  -0.01075707 
  -0.01030359  -0.0081405    -0.01046553  -0.01040615  -0.01012732  -0.01287579 
  -0.00888506  -0.01078317  -0.00969319  -0.01059282  -0.01206406  -0.01064864 
  -0.01018157  -0.01036895  -0.00939864  -0.01140783  -0.01116258  -0.01000552 
  -0.01011967  -0.00962841  -0.0109926    -0.01011762  -0.00917274  -0.01016758 
  -0.01055704]
[  0.00519804    0.00136353    0.00528702    0.00447445    0.0001524      0.00751012 
    0.00631435  -0.00634453    0.0069962      0.00759561    0.00246848    0.00383979 
  -0.00178143    0.0054947      0.00179393    0.00462518    0.0091128      0.00377067 
    0.00385128    0.00494581    0.00158124    0.00568533    0.00477928    0.00300443 
    0.0036179      0.00188712    0.00506665    0.0039392      0.0012505      0.00409747 
    0.00769645]
[  0.00749309    0.00383986    0.00459942    0.00206812    0.00460571    0.00567954 
    0.00581055    0.00683348    0.00694392    0.00694489    0.00339101  -0.00496829 
    0.00751886    0.00515367    0.00405993    0.00297776    0.0041361      0.00420788 
    0.00606606    0.00446179    0.00517122    0.00173574    0.00309552    0.00663276 
    0.00559181    0.00378853    0.00346316    0.00641914    0.00637789    0.00651782 
    0.00732427]
[  0.00519804    0.00136353    0.00528702    0.00447445    0.0001524      0.00751012 
    0.00631435  -0.00634453    0.0069962      0.00759561    0.00246848    0.00383979 
  -0.00178143    0.0054947      0.00179393    0.00462518    0.0091128      0.00377067 
    0.00385128    0.00494581    0.00158124    0.00568533    0.00477928    0.00300443 
    0.0036179      0.00188712    0.00506665    0.0039392      0.0012505      0.00409747 
    0.00769645]
[-0.0030955    -0.00771423  -0.00032076    0.00051127  -0.00910874  -0.01129916 
  -0.00980928  -0.01415761  -0.0138339    -0.01274618  -0.00270289  -0.01263555 
  -0.01533628  -0.01021269  -0.0045538    -0.00584017  -0.00810989  -0.00828143 
  -0.01212239  -0.00827954  -0.00680042  -0.00327195  -0.00595512  -0.0132941 
  -0.01124738  -0.00336345  -0.00664465  -0.0129423    -0.00859542  -0.01298256 
  -0.01457536]
[0.00495222  0.00467264  0.00522616  0.00500364  0.00453631  0.00541836 
  0.00519895  0.00407403  0.00529636  0.00528397  0.00513322  0.00680578 
  0.00826235  0.00665224  0.00483775  0.00527595  0.00693124  0.0114419 
  0.00705243  0.00518302  0.00468483  0.00568246  0.00865268  0.00808624 
  0.00509342  0.00480649  0.0097376    0.00507667  0.00457091  0.00872435 
  0.00535827]
[  0.00749309    0.00383986    0.00459942    0.00206812    0.00460571    0.00567954 
    0.00581055    0.00683348    0.00694392    0.00694489    0.00339101  -0.00496829 
    0.00751886    0.00515367    0.00405993    0.00297776    0.0041361      0.00420788 
    0.00606606    0.00446179    0.00517122    0.00173574    0.00309552    0.00663276 
    0.00559181    0.00378853    0.00346316    0.00641914    0.00637789    0.00651782 
    0.00732427]
[0.00495222  0.00467264  0.00522616  0.00500364  0.00453631  0.00541836 
  0.00519895  0.00407403  0.00529636  0.00528397  0.00513322  0.00680578 
  0.00826235  0.00665224  0.00483775  0.00527595  0.00693124  0.0114419 
  0.00705243  0.00518302  0.00468483  0.00568246  0.00865268  0.00808624 
  0.00509342  0.00480649  0.0097376    0.00507667  0.00457091  0.00872435 
  0.00535827]
[0.01283443  0.01723722  0.01070892  0.00991839  0.01832673  0.02205622 
  0.02011288  0.02229811  0.02429942  0.02315232  0.01283022  0.02551135 
  0.02422134  0.02099586  0.01424699  0.016433      0.02017395  0.01893007 
  0.02230396  0.01864849  0.01619907  0.01467978  0.01711769  0.02329962 
  0.02136705  0.01299186  0.01763726  0.02305992  0.01776816  0.02315014 
  0.0251324  ]
increment_40
[-0.01316092  -0.01299751  -0.01391908  -0.01407012  -0.01254871  -0.01455763 
  -0.01398078  -0.01085383  -0.0142032    -0.01408207  -0.01369789  -0.01727699 
  -0.01172764  -0.01440403  -0.0131153    -0.01433835  -0.01608962  -0.01408925 
  -0.01362133  -0.01401829  -0.01273189  -0.01528722  -0.01483717  -0.0133032 
  -0.01360311  -0.01307583  -0.01467541  -0.01355112  -0.01239482  -0.01365304 
  -0.01424042]
[  0.00715287    0.0021083      0.00694574    0.00598939    0.00031294    0.01014908 
    0.0084869    -0.00892896    0.00961171    0.01000688    0.00364365    0.005628 
  -0.0029714      0.00746004    0.00249544    0.00640237    0.01236399    0.00473672 
    0.00526586    0.00664904    0.00213455    0.0075728      0.00644347    0.00395075 
    0.00500988    0.00253345    0.00685782    0.00523132    0.00169964    0.00572577 
    0.01031134]
[  0.01051134    0.00510679    0.00647214    0.00316815    0.0060002      0.00756601 
    0.00778623    0.00921074    0.00916123    0.00930147    0.004656      -0.00648419 
    0.01003008    0.00694477    0.00557415    0.00407001    0.00547924    0.00568147 
    0.00822238    0.00603685    0.00708691    0.00222507    0.00418116    0.00902479 
    0.00758734    0.00513667    0.00468928    0.00871257    0.0087764      0.00868918 
    0.00986099]
[  0.00715287    0.0021083      0.00694574    0.00598939    0.00031294    0.01014908 
    0.0084869    -0.00892896    0.00961171    0.01000688    0.00364365    0.005628 
  -0.0029714      0.00746004    0.00249544    0.00640237    0.01236399    0.00473672 
    0.00526586    0.00664904    0.00213455    0.0075728      0.00644347    0.00395075 
    0.00500988    0.00253345    0.00685782    0.00523132    0.00169964    0.00572577 
    0.01031134]
[-3.81243328e-03  -1.02507170e-02    1.31656995e-05    1.13670733e-03 
  -1.16559737e-02  -1.50067261e-02  -1.26629705e-02  -1.93174828e-02 
  -1.81070122e-02  -1.67476751e-02  -3.57166649e-03  -1.69188603e-02 
  -2.06358701e-02  -1.37011470e-02  -5.51320833e-03  -7.93639750e-03 
  -1.05999247e-02  -1.11183092e-02  -1.64193891e-02  -1.11476329e-02 
  -8.84650645e-03  -4.08454477e-03  -7.91587899e-03  -1.81001373e-02 
  -1.52900661e-02  -4.30649703e-03  -8.86649510e-03  -1.76241466e-02 
  -1.12151938e-02  -1.72852974e-02  -1.96056664e-02]
[0.00673466  0.00630183  0.0070154    0.00655274  0.00615312  0.00734443 
  0.00706929  0.00525878  0.00721222  0.00717424  0.0069567    0.0089866 
  0.01127476  0.00911887  0.00654552  0.00713152  0.0092625    0.01541572 
  0.00958559  0.00700319  0.00634152  0.00760001  0.01186191  0.0110627 
  0.00683559  0.0065221    0.01310225  0.00678853  0.00617261  0.01141764 
  0.00725837]
[  0.01051134    0.00510679    0.00647214    0.00316815    0.0060002      0.00756601 
    0.00778623    0.00921074    0.00916123    0.00930147    0.004656      -0.00648419 
    0.01003008    0.00694477    0.00557415    0.00407001    0.00547924    0.00568147 
    0.00822238    0.00603685    0.00708691    0.00222507    0.00418116    0.00902479 
    0.00758734    0.00513667    0.00468928    0.00871257    0.0087764      0.00868918 
    0.00986099]
[0.00673466  0.00630183  0.0070154    0.00655274  0.00615312  0.00734443 
  0.00706929  0.00525878  0.00721222  0.00717424  0.0069567    0.0089866 
  0.01127476  0.00911887  0.00654552  0.00713152  0.0092625    0.01541572 
  0.00958559  0.00700319  0.00634152  0.00760001  0.01186191  0.0110627 
  0.00683559  0.0065221    0.01310225  0.00678853  0.00617261  0.01141764 
  0.00725837]
[0.01697335  0.02324823  0.01390592  0.01293341  0.02420469  0.02956435 
  0.02664375  0.03017132  0.03231021  0.03082974  0.01726955  0.03419585 
  0.03236351  0.02810517  0.0186285    0.02227475  0.02668954  0.02520756 
  0.03004072  0.02516593  0.0215784    0.01937177  0.02275305  0.03140334 
  0.02889318  0.01738233  0.0235419    0.03117527  0.02361001  0.03093833 
  0.03384609]
increment_50
[-0.01656039  -0.01649412  -0.01741274  -0.0176728    -0.01591063  -0.01831566 
  -0.01764242  -0.01359231  -0.01793319  -0.01773191  -0.01723826  -0.02172429 
  -0.01454031  -0.01798049  -0.01651444  -0.01804406  -0.02007778  -0.01749984 
  -0.01702978  -0.01762116  -0.01605231  -0.01913682  -0.01847536  -0.01658959 
  -0.01704885  -0.01648444  -0.01835038  -0.01695432  -0.01556828  -0.01713307 
  -0.01785298]
[  0.00911648    0.00296314    0.00859572    0.00746791    0.00058819    0.01266616 
    0.01059267  -0.01151723    0.01218079    0.01225895    0.00484863    0.00768996 
  -0.00434917    0.00932035    0.00321637    0.0081599      0.01556158    0.00564906 
    0.00665366    0.00827297    0.0027161      0.00946348    0.00816369    0.00482208 
    0.0064296      0.00311598    0.00875849    0.00648141    0.00201027    0.00735818 
    0.01270612]
[  0.0134518      0.00632285    0.00825338    0.00422662    0.00727845    0.00933084 
    0.00956317    0.01151343    0.01127128    0.01148111    0.00587517  -0.00782322 
    0.01237995    0.00872061    0.0070515      0.00516045    0.00678105    0.00707855 
    0.01040796    0.00757492    0.00894458    0.00269447    0.00530552    0.01129376 
    0.0096508      0.00643825    0.00593016    0.01097572    0.01112874    0.01075885 
    0.0123939  ]
[  0.00911648    0.00296314    0.00859572    0.00746791    0.00058819    0.01266616 
    0.01059267  -0.01151723    0.01218079    0.01225895    0.00484863    0.00768996 
  -0.00434917    0.00932035    0.00321637    0.0081599      0.01556158    0.00564906 
    0.00665366    0.00827297    0.0027161      0.00946348    0.00816369    0.00482208 
    0.0064296      0.00311598    0.00875849    0.00648141    0.00201027    0.00735818 
    0.01270612]
[-0.00429849  -0.01268307    0.00036958    0.00182987  -0.01404302  -0.01844233 
  -0.01515259  -0.02445529  -0.02210028  -0.02041126  -0.00453262  -0.02098826 
  -0.02571724  -0.01715933  -0.00647751  -0.01000668  -0.01294501  -0.01379746 
  -0.02078347  -0.01401865  -0.0108008    -0.00480175  -0.00988687  -0.02267449 
  -0.01949372  -0.00529066  -0.01104615  -0.02227772  -0.01391907  -0.02139278 
  -0.0246459  ]
[0.00852407  0.00792993  0.00878807  0.00795013  0.00777619  0.0092471 
  0.00892933  0.00631602  0.00913149  0.00905131  0.00876178  0.01104741 
  0.01417118  0.01144523  0.00824011  0.00896161  0.01149308  0.01914612 
  0.01204896  0.00879466  0.00798967  0.00949109  0.01504792  0.01391369 
  0.00855542  0.00821314  0.01635003  0.00847833  0.00773728  0.01383439 
  0.00913015]
[  0.0134518      0.00632285    0.00825338    0.00422662    0.00727845    0.00933084 
    0.00956317    0.01151343    0.01127128    0.01148111    0.00587517  -0.00782322 
    0.01237995    0.00872061    0.0070515      0.00516045    0.00678105    0.00707855 
    0.01040796    0.00757492    0.00894458    0.00269447    0.00530552    0.01129376 
    0.0096508      0.00643825    0.00593016    0.01097572    0.01112874    0.01075885 
    0.0123939  ]
[0.00852407  0.00792993  0.00878807  0.00795013  0.00777619  0.0092471 
  0.00892933  0.00631602  0.00913149  0.00905131  0.00876178  0.01104741 
  0.01417118  0.01144523  0.00824011  0.00896161  0.01149308  0.01914612 
  0.01204896  0.00879466  0.00798967  0.00949109  0.01504792  0.01391369 
  0.00855542  0.00821314  0.01635003  0.00847833  0.00773728  0.01383439 
  0.00913015]
[0.02085887  0.02917719  0.01704316  0.01584293  0.02995364  0.03675799 
  0.032795      0.03804761  0.04003347  0.03814317  0.02177088  0.04271255 
  0.04025755  0.03513982  0.02299195  0.02805074  0.03302279  0.0312973 
  0.03781325  0.03163981  0.02685312  0.02393857  0.02836223  0.03926408 
  0.03654257  0.02177509  0.02939653  0.03923204  0.02948735  0.03852585 
  0.04249889]
increment_60
[-0.01992985  -0.02000978  -0.02087604  -0.02124132  -0.01928561  -0.02202922 
  -0.02129258  -0.01635847  -0.02164417  -0.02135383  -0.02074739  -0.02622729 
  -0.01732918  -0.02150145  -0.01988424  -0.02171816  -0.02402757  -0.02088184 
  -0.02040977  -0.02117243  -0.01936113  -0.02295361  -0.02208322  -0.01985412 
  -0.02045664  -0.01984741  -0.02201482  -0.02033324  -0.01869672  -0.02059889 
  -0.02140337]
[  0.01106007    0.00396331    0.01025216    0.00891329    0.00095035    0.01503386 
    0.01266175  -0.01412557    0.01468562    0.01438822    0.0060567      0.01000427 
  -0.00589112    0.01103059    0.00395558    0.00991226    0.01871983    0.00651492 
    0.00801717    0.00980806    0.00333657    0.01134905    0.0099493      0.00559391 
    0.00785964    0.00364073    0.01077822    0.00769984    0.00217279    0.00896306 
    0.01491388]
[  0.01634562    0.00751035    0.00995578    0.00522473    0.00845469    0.01098314 
    0.01116613    0.01373801    0.01327626    0.01350171    0.00705011  -0.0090149 
    0.01458142    0.0104861      0.00851241    0.00624583    0.00806322    0.00840466 
    0.01261375    0.00908797    0.01072372    0.0031521      0.00646691    0.01345749 
    0.01178401    0.00773946    0.00719973    0.0131967      0.01343198    0.0127509 
    0.014938    ]
[  0.01106007    0.00396331    0.01025216    0.00891329    0.00095035    0.01503386 
    0.01266175  -0.01412557    0.01468562    0.01438822    0.0060567      0.01000427 
  -0.00589112    0.01103059    0.00395558    0.00991226    0.01871983    0.00651492 
    0.00801717    0.00980806    0.00333657    0.01134905    0.0099493      0.00559391 
    0.00785964    0.00364073    0.01077822    0.00769984    0.00217279    0.00896306 
    0.01491388]
[-0.00461571  -0.01504628    0.00072104    0.00258192  -0.01634412  -0.02162282 
  -0.01727496  -0.02957907  -0.02585206  -0.02374752  -0.00555207  -0.02486346 
  -0.03061262  -0.02062198  -0.00749442  -0.01204044  -0.01519793  -0.01633823 
  -0.02520421  -0.01688477  -0.0126688    -0.00543948  -0.01186364  -0.02706448 
  -0.02386864  -0.00633395  -0.01320913  -0.0268766    -0.01674109  -0.02536511 
  -0.02970897]
[0.01031456  0.00959139  0.01054682  0.00926472  0.00939566  0.01112044 
  0.01077848  0.00727429  0.01104367  0.01091129  0.01054602  0.01301463 
  0.01691357  0.01359849  0.00991833  0.0107703    0.01363185  0.02264965 
  0.01443643  0.01055411  0.00962979  0.01135438  0.01818235  0.01661561 
  0.01025557  0.00987657  0.01948543  0.01014976  0.00926107  0.01601762 
  0.01097692]
[  0.01634562    0.00751035    0.00995578    0.00522473    0.00845469    0.01098314 
    0.01116613    0.01373801    0.01327626    0.01350171    0.00705011  -0.0090149 
    0.01458142    0.0104861      0.00851241    0.00624583    0.00806322    0.00840466 
    0.01261375    0.00908797    0.01072372    0.0031521      0.00646691    0.01345749 
    0.01178401    0.00773946    0.00719973    0.0131967      0.01343198    0.0127509 
    0.014938    ]
[0.01031456  0.00959139  0.01054682  0.00926472  0.00939566  0.01112044 
  0.01077848  0.00727429  0.01104367  0.01091129  0.01054602  0.01301463 
  0.01691357  0.01359849  0.00991833  0.0107703    0.01363185  0.02264965 
  0.01443643  0.01055411  0.00962979  0.01135438  0.01818235  0.01661561 
  0.01025557  0.00987657  0.01948543  0.01014976  0.00926107  0.01601762 
  0.01097692]
[0.02454555  0.03505606  0.020155      0.0186594    0.03562972  0.04365204 
  0.03856754  0.04593754  0.04749623  0.04510135  0.02629947  0.05109075 
  0.0479418    0.04212343  0.02737866  0.03375859  0.0392255    0.03722006 
  0.04561399  0.03805719  0.03202994  0.02839309  0.03394686  0.0469186 
  0.04432528  0.02618136  0.03522395  0.04720984  0.03543781  0.045964 
  0.05111235]
increment_70
[-0.02325569  -0.0235387    -0.02431037  -0.02477062  -0.0226587    -0.02569406 
  -0.0249344    -0.01915776  -0.02532955  -0.02495036  -0.02422083  -0.03078201 
  -0.02010399  -0.02495952  -0.02322102  -0.02536488  -0.02793917  -0.02423639 
  -0.02376569  -0.02467277  -0.02265504  -0.02673469  -0.02566524  -0.02308805 
  -0.02383014  -0.02316408  -0.0256706    -0.0236917    -0.0217854    -0.02404405 
  -0.02490568]
[  0.01294979    0.00509394    0.01192948    0.01031799    0.00137695    0.0172437 
    0.0147388    -0.01674522    0.01710675    0.01643375    0.00724476    0.01255371 
  -0.00755859    0.0125717      0.00471828    0.01166713    0.02185993    0.00735181 
    0.00935078    0.01125197    0.00398993    0.01322032    0.01180422    0.00624447 
    0.00930159    0.00411882    0.012917        0.00888748    0.00219101    0.01054373 
    0.01698009]
[  0.0191998      0.00866437    0.01161112    0.00615935    0.009573        0.01254113 
    0.01263858    0.01587996    0.01517538    0.01539563    0.00818722  -0.01004437 
    0.01665124    0.01226117    0.00997525    0.00732316    0.00935077    0.00968664 
    0.01482568    0.01058307    0.01243225    0.00360643    0.00766152    0.01554297 
    0.01398745    0.00906492    0.00850617    0.01535802    0.01569488    0.01469861 
    0.01749302]
[  0.01294979    0.00509394    0.01192948    0.01031799    0.00137695    0.0172437 
    0.0147388    -0.01674522    0.01710675    0.01643375    0.00724476    0.01255371 
  -0.00755859    0.0125717      0.00471828    0.01166713    0.02185993    0.00735181 
    0.00935078    0.01125197    0.00398993    0.01322032    0.01180422    0.00624447 
    0.00930159    0.00411882    0.012917        0.00888748    0.00219101    0.01054373 
    0.01698009]
[-0.00477423  -0.01732117    0.00103696    0.00339924  -0.01861433  -0.02458516 
  -0.01907078  -0.03471396  -0.02938318  -0.02680238  -0.00662664  -0.02856532 
  -0.03535603  -0.0241512    -0.0085944    -0.01402735  -0.01741638  -0.01880076 
  -0.0296638    -0.01973851  -0.01450155  -0.00601583  -0.01383976  -0.03134064 
  -0.02842103  -0.00742541  -0.0153749    -0.03138106  -0.01973151  -0.02927632 
  -0.03475576]
[0.01209692  0.01128348  0.0122927    0.01051752  0.01100446  0.01295947 
  0.01261832  0.0081577    0.01293999  0.01275497  0.01230456  0.01490765 
  0.01947916  0.01558145  0.01157879  0.01255961  0.01569013  0.0259611 
  0.01673287  0.01228132  0.01125933  0.01318936  0.02123797  0.01915115 
  0.01194087  0.01151279  0.02249618  0.0118045    0.01074117  0.01801824 
  0.01280737]
[  0.0191998      0.00866437    0.01161112    0.00615935    0.009573        0.01254113 
    0.01263858    0.01587996    0.01517538    0.01539563    0.00818722  -0.01004437 
    0.01665124    0.01226117    0.00997525    0.00732316    0.00935077    0.00968664 
    0.01482568    0.01058307    0.01243225    0.00360643    0.00766152    0.01554297 
    0.01398745    0.00906492    0.00850617    0.01535802    0.01569488    0.01469861 
    0.01749302]
[0.01209692  0.01128348  0.0122927    0.01051752  0.01100446  0.01295947 
  0.01261832  0.0081577    0.01293999  0.01275497  0.01230456  0.01490765 
  0.01947916  0.01558145  0.01157879  0.01255961  0.01569013  0.0259611 
  0.01673287  0.01228132  0.01125933  0.01318936  0.02123797  0.01915115 
  0.01194087  0.01151279  0.02249618  0.0118045    0.01074117  0.01801824 
  0.01280737]
[0.02802992  0.04085987  0.02327341  0.02137138  0.04127303  0.05027922 
  0.04400518  0.05387172  0.05471273  0.05175274  0.03084746  0.05934733 
  0.05546002  0.04911071  0.03181542  0.03939223  0.04535555  0.04303715 
  0.05342948  0.04441128  0.0371566    0.03275052  0.039505      0.05442869 
  0.05225117  0.03058949  0.0410455    0.05507275  0.04151691  0.05332038 
  0.05966144]
increment_80
[-0.02653022  -0.02707324  -0.02771563  -0.02826549  -0.02602923  -0.02930651 
  -0.02856304  -0.02199418  -0.02898488  -0.02852508  -0.02765927  -0.03537442 
  -0.02287462  -0.02835522  -0.02652881  -0.02897858  -0.03181626  -0.02756279 
  -0.02709959  -0.02812413  -0.02593812  -0.03047796  -0.02922259  -0.02629243 
  -0.02717768  -0.02643185  -0.02931554  -0.02703019  -0.02484329  -0.02746824 
  -0.02836651]
[  0.01475029    0.00630604    0.01364443    0.01168618    0.00187487    0.01929752 
    0.01685123  -0.01934894    0.01942163    0.01843002    0.00840701    0.01531892 
  -0.00929951    0.013955        0.00551866    0.01341401    0.02500521    0.00817978 
    0.01063576    0.01261636    0.00467907    0.01507744    0.01372708    0.00678585 
    0.01076081    0.00454929    0.01516247    0.01003503    0.00208009    0.01211386 
    0.0189311  ]
[  0.02199527    0.009764        0.01325131    0.00703239    0.01067153    0.0140179 
    0.01401684    0.01792187    0.01696416    0.01719218    0.00928969  -0.01088218 
    0.01861055    0.01406399    0.01144251    0.00839243    0.01066668    0.01094988 
    0.01702846    0.01207806    0.01408068    0.0040649      0.00889185    0.01757263 
    0.01625051    0.01042117    0.00985575    0.01745327    0.01792166    0.01662239 
    0.02006165]
[  0.01475029    0.00630604    0.01364443    0.01168618    0.00187487    0.01929752 
    0.01685123  -0.01934894    0.01942163    0.01843002    0.00840701    0.01531892 
  -0.00929951    0.013955        0.00551866    0.01341401    0.02500521    0.00817978 
    0.01063576    0.01261636    0.00467907    0.01507744    0.01372708    0.00678585 
    0.01076081    0.00454929    0.01516247    0.01003503    0.00208009    0.01211386 
    0.0189311  ]
[-0.00474014  -0.01945933    0.00128152    0.00427679  -0.02088589  -0.02735252 
  -0.02059902  -0.03989027  -0.03270672  -0.02963252  -0.00774761  -0.0321124 
  -0.03998331  -0.02779597  -0.00976848  -0.01596664  -0.01965144  -0.02124214 
  -0.03414376  -0.02260573  -0.01634285  -0.00654524  -0.01582415  -0.03555813 
  -0.03313151  -0.00856326  -0.0175631    -0.03577522  -0.02293241  -0.03316672 
  -0.03975064]
[0.01386357  0.0129875    0.01402673  0.01170749  0.01260422  0.01476078 
  0.01444637  0.00898583  0.01481178  0.01458445  0.01403514  0.01673728 
  0.02187669  0.0174207    0.01322421  0.01432657  0.01768769  0.02910079 
  0.01892627  0.01397792  0.01287964  0.01499567  0.02420003  0.02152002 
  0.0136181    0.0131205    0.02537742  0.01344152  0.01217718  0.01989352 
  0.01462732]
[  0.02199527    0.009764        0.01325131    0.00703239    0.01067153    0.0140179 
    0.01401684    0.01792187    0.01696416    0.01719218    0.00928969  -0.01088218 
    0.01861055    0.01406399    0.01144251    0.00839243    0.01066668    0.01094988 
    0.01702846    0.01207806    0.01408068    0.0040649      0.00889185    0.01757263 
    0.01625051    0.01042117    0.00985575    0.01745327    0.01792166    0.01662239 
    0.02006165]
[0.01386357  0.0129875    0.01402673  0.01170749  0.01260422  0.01476078 
  0.01444637  0.00898583  0.01481178  0.01458445  0.01403514  0.01673728 
  0.02187669  0.0174207    0.01322421  0.01432657  0.01768769  0.02910079 
  0.01892627  0.01397792  0.01287964  0.01499567  0.02420003  0.02152002 
  0.0136181    0.0131205    0.02537742  0.01344152  0.01217718  0.01989352 
  0.01462732]
[0.03127036  0.04653257  0.02643411  0.02398869  0.04691512  0.05665902 
  0.04916206  0.06188445  0.0616916    0.0581576    0.03540688  0.06748682 
  0.06285792  0.05615119  0.03629729  0.04494522  0.0514677    0.04880493 
  0.06124335  0.05072987  0.04228097  0.0370232    0.04504674  0.06185057 
  0.06030919  0.03499511  0.04687864  0.06280541  0.0477757    0.06063496 
  0.06811716]
increment_90
[-0.02975077  -0.03060148  -0.03108024  -0.0317363    -0.02939778  -0.03286581 
  -0.03216252  -0.02486612  -0.03260492  -0.03207884  -0.03106391  -0.03998341 
  -0.0256455    -0.0316911    -0.02981506  -0.03254916  -0.03566189  -0.03085479 
  -0.0304114    -0.03152364  -0.0292204    -0.03418144  -0.03275293  -0.02947443 
  -0.03050419  -0.02964883  -0.03294293  -0.03034184  -0.02788211  -0.03087425 
  -0.03178576]
[  0.01644763    0.00754222    0.01539911    0.01304904    0.00246218    0.0212193 
    0.01898741  -0.02190336    0.02161137    0.02039706    0.00955221    0.01827008 
  -0.01107204    0.01520291    0.00637398    0.01513413    0.02817098    0.00899375 
    0.01186412    0.01390837    0.00543664    0.01692226    0.01571156    0.00726969 
    0.01222479    0.00493493    0.01750282    0.01111397    0.00188448    0.01368733 
    0.02078368]
[  0.02470871    0.01078781    0.0149049      0.00785374    0.01177191    0.01543742 
    0.01533345    0.01985177    0.01864705    0.01890836    0.01036502  -0.01150239 
    0.02047852    0.01589985    0.01290759    0.00945713    0.01202602    0.01220856 
    0.01921554    0.01360186    0.01567915    0.00453298    0.0101661      0.0195651 
    0.01855935    0.01180313    0.01125913    0.01948983    0.02012181    0.01853771 
    0.02264786]
[  0.01644763    0.00754222    0.01539911    0.01304904    0.00246218    0.0212193 
    0.01898741  -0.02190336    0.02161137    0.02039706    0.00955221    0.01827008 
  -0.01107204    0.01520291    0.00637398    0.01513413    0.02817098    0.00899375 
    0.01186412    0.01390837    0.00543664    0.01692226    0.01571156    0.00726969 
    0.01222479    0.00493493    0.01750282    0.01111397    0.00188448    0.01368733 
    0.02078368]
[-0.00450142  -0.02141331    0.00143727    0.0051708    -0.02316804  -0.02996556 
  -0.02190861  -0.04514379  -0.03585123  -0.03227238  -0.00889882  -0.03551856 
  -0.04452402  -0.03157014  -0.01098657  -0.01786817  -0.02193371  -0.02369598 
  -0.03864023  -0.02554699  -0.01821362  -0.00703476  -0.01783854  -0.03975111 
  -0.03797482  -0.00976387  -0.01980116  -0.04007755  -0.02636363  -0.03706228 
  -0.04467614]
[0.01560905  0.01468582  0.01574488  0.01286379  0.01419804  0.0165255 
  0.01625505  0.00977279  0.01665106  0.01640003  0.015739      0.01851003 
  0.0241349    0.01915011  0.01485929  0.01606622  0.01964558  0.03206672 
  0.02101479  0.0156438    0.01449711  0.01677315  0.02707122  0.02374607 
  0.01528998  0.0146981    0.02814451  0.01505408  0.01357398  0.02169707 
  0.01643947]
[  0.02470871    0.01078781    0.0149049      0.00785374    0.01177191    0.01543742 
    0.01533345    0.01985177    0.01864705    0.01890836    0.01036502  -0.01150239 
    0.02047852    0.01589985    0.01290759    0.00945713    0.01202602    0.01220856 
    0.01921554    0.01360186    0.01567915    0.00453298    0.0101661      0.0195651 
    0.01855935    0.01180313    0.01125913    0.01948983    0.02012181    0.01853771 
    0.02264786]
[0.01560905  0.01468582  0.01574488  0.01286379  0.01419804  0.0165255 
  0.01625505  0.00977279  0.01665106  0.01640003  0.015739      0.01851003 
  0.0241349    0.01915011  0.01485929  0.01606622  0.01964558  0.03206672 
  0.02101479  0.0156438    0.01449711  0.01677315  0.02707122  0.02374607 
  0.01528998  0.0146981    0.02814451  0.01505408  0.01357398  0.02169707 
  0.01643947]
[0.03425219  0.05201479  0.02964297  0.0265655    0.05256582  0.06283137 
  0.05407113  0.07000991  0.06845615  0.06435122  0.03996273  0.07550197 
  0.07016952  0.06326124  0.04080164  0.05041734  0.0575956    0.05455077 
  0.06905163  0.05707064  0.04743401  0.0412162    0.05059147  0.06922553 
  0.06847901  0.0394127    0.05274409  0.07041938  0.05424574  0.06793653 
  0.0764619  ]
increment_100
[-0.03291832  -0.03410433  -0.03438704  -0.03518317  -0.03275874  -0.03637256 
  -0.03571832  -0.02776738  -0.03617775  -0.03560718  -0.03443095  -0.04458463 
  -0.02841607  -0.03496278  -0.0330856    -0.03607263  -0.03947316  -0.03410895 
  -0.0336962    -0.03486659  -0.03250293  -0.03784496  -0.03625023  -0.03264247 
  -0.03380745  -0.03281953  -0.03654304  -0.03361882  -0.03090429  -0.03426305 
  -0.03516218]
[  0.01805404    0.00874656    0.01717759    0.0144383      0.00315206    0.02305029 
    0.02112166  -0.02437653    0.02364774    0.0223377      0.01068249    0.021367 
  -0.01285234    0.01630527    0.00731088    0.01681658    0.03134612    0.00977453 
    0.01303464    0.01512621    0.00628566    0.01876229    0.01775263    0.00773945 
    0.01367518    0.00528693    0.01992609    0.01210628    0.00162843    0.01527829 
    0.02253135]
[  0.02732558    0.01173265    0.0166049      0.00864636    0.01288215    0.01683724 
    0.01662683    0.02168332    0.02024601    0.02055086    0.01142501  -0.01188715 
    0.0222568      0.01775681    0.01437116    0.01052731    0.01342387    0.01346416 
    0.02139684    0.01518012    0.0172346      0.0050221      0.01149806    0.02151582 
    0.02090113    0.01320836    0.01273134    0.02147923    0.02229932    0.02044515 
    0.02524953]
[  0.01805404    0.00874656    0.01717759    0.0144383      0.00315206    0.02305029 
    0.02112166  -0.02437653    0.02364774    0.0223377      0.01068249    0.021367 
  -0.01285234    0.01630527    0.00731088    0.01681658    0.03134612    0.00977453 
    0.01303464    0.01512621    0.00628566    0.01876229    0.01775263    0.00773945 
    0.01367518    0.00528693    0.01992609    0.01210628    0.00162843    0.01527829 
    0.02253135]
[-0.00408874  -0.02318141    0.00151905    0.00602681  -0.0254586    -0.03248841 
  -0.02301489  -0.05050049  -0.03886679  -0.03472806  -0.01007379  -0.03881783 
  -0.04897244  -0.03545412  -0.01221812  -0.01975644  -0.02424557  -0.02616978 
  -0.04318047  -0.02862329  -0.02011293  -0.0074967    -0.01991126  -0.04390295 
  -0.04292715  -0.01105152  -0.02212366  -0.04431514  -0.03002273  -0.04095613 
  -0.0495197  ]
[0.01733028  0.01636241  0.0174415    0.01401742  0.01578585  0.01825903 
  0.01804057  0.01052482  0.01844963  0.01819861  0.01741526  0.02023298 
  0.02630914  0.02078829  0.01648918  0.01777726  0.02157488  0.03483222 
  0.02300669  0.01727752  0.01611409  0.01852407  0.02987908  0.0258418 
  0.01695445  0.01624721  0.03082786  0.01663571  0.01493165  0.02346069 
  0.01824242]
[  0.02732558    0.01173265    0.0166049      0.00864636    0.01288215    0.01683724 
    0.01662683    0.02168332    0.02024601    0.02055086    0.01142501  -0.01188715 
    0.0222568      0.01775681    0.01437116    0.01052731    0.01342387    0.01346416 
    0.02139684    0.01518012    0.0172346      0.0050221      0.01149806    0.02151582 
    0.02090113    0.01320836    0.01273134    0.02147923    0.02229932    0.02044515 
    0.02524953]
[0.01733028  0.01636241  0.0174415    0.01401742  0.01578585  0.01825903 
  0.01804057  0.01052482  0.01844963  0.01819861  0.01741526  0.02023298 
  0.02630914  0.02078829  0.01648918  0.01777726  0.02157488  0.03483222 
  0.02300669  0.01727752  0.01611409  0.01852407  0.02987908  0.0258418 
  0.01695445  0.01624721  0.03082786  0.01663571  0.01493165  0.02346069 
  0.01824242]
[0.03700706  0.05728573  0.03286798  0.02915636  0.05821734  0.06886098 
  0.05873321  0.07826787  0.07504453  0.07033524  0.04450473  0.08340246 
  0.0773885    0.0704169    0.04530372  0.05582907  0.06371873  0.06027873 
  0.07687667  0.06348988  0.05261586  0.04534165  0.05616149  0.07654542 
  0.0767346    0.04387106  0.0586667    0.07793396  0.06092702  0.07521918 
  0.08468189]
increment_110
[-0.03604266  -0.03757228  -0.03762984  -0.03860247  -0.03610859  -0.0398348 
  -0.03921794  -0.03069654  -0.03969792  -0.03910701  -0.0377623    -0.04914965 
  -0.03118962  -0.03816693  -0.03634943  -0.03954922  -0.0432476    -0.03732738 
  -0.03695428  -0.03815423  -0.03578461  -0.04147358  -0.03970882  -0.03580761 
  -0.03709076  -0.03595242  -0.04011184  -0.03686605  -0.03390768  -0.03764223 
  -0.03849158]
[  0.01960896    0.00989876    0.01896627    0.01587006    0.00394603    0.02483122 
    0.02322664  -0.02676233    0.02551286    0.02424372    0.01179633    0.02454233 
  -0.01461717    0.01723116    0.00836108    0.01846047    0.03450354    0.01050892 
    0.01415115    0.01627785    0.00722596    0.02061122    0.01984728    0.008213 
    0.01510813    0.00560453    0.02241199    0.0130315      0.00128724    0.01690767 
    0.02412047]
[  0.02987157    0.01261807    0.01835631    0.00943288    0.01400226    0.0182468 
    0.01792415    0.02342994    0.02177868    0.02211427    0.01247472  -0.01202876 
    0.02393085    0.01962583    0.0158314      0.01162193    0.01483997    0.01471813 
    0.02357468    0.01683827    0.018747        0.00554733    0.01290102    0.02340785 
    0.02325311    0.01463012    0.0142732      0.02343814    0.02444455    0.02232252 
    0.02784784]
[  0.01960896    0.00989876    0.01896627    0.01587006    0.00394603    0.02483122 
    0.02322664  -0.02676233    0.02551286    0.02424372    0.01179633    0.02454233 
  -0.01461717    0.01723116    0.00836108    0.01846047    0.03450354    0.01050892 
    0.01415115    0.01627785    0.00722596    0.02061122    0.01984728    0.008213 
    0.01510813    0.00560453    0.02241199    0.0130315      0.00128724    0.01690767 
    0.02412047]
[-0.00357303  -0.02481121    0.00154784    0.00680882  -0.02774925  -0.03496372 
  -0.02392397  -0.0559637    -0.04178301  -0.03700247  -0.01127385  -0.04204729 
  -0.0532877    -0.0394386    -0.01342644  -0.02167646  -0.0265369    -0.02868041 
  -0.04777026  -0.03190494  -0.02199764  -0.00794624  -0.02206534  -0.04797621 
  -0.04793233  -0.01248641  -0.02453653  -0.0485171    -0.03388813  -0.04478632 
  -0.05427961]
[0.01903213  0.01801079  0.01911491  0.01519268  0.01736762  0.0199707 
  0.01980048  0.01124434  0.020204      0.01997519  0.01906488  0.02191535 
  0.02846051  0.02234621  0.01812111  0.01946159  0.02347725  0.03737194 
  0.02491905  0.01888069  0.01773136  0.0202535    0.03265775  0.02780588 
  0.01861283  0.01776941  0.03344925  0.01819059  0.01624268  0.02520271 
  0.02002186]
[  0.02987157    0.01261807    0.01835631    0.00943288    0.01400226    0.0182468 
    0.01792415    0.02342994    0.02177868    0.02211427    0.01247472  -0.01202876 
    0.02393085    0.01962583    0.0158314      0.01162193    0.01483997    0.01471813 
    0.02357468    0.01683827    0.018747        0.00554733    0.01290102    0.02340785 
    0.02325311    0.01463012    0.0142732      0.02343814    0.02444455    0.02232252 
    0.02784784]
[0.01903213  0.01801079  0.01911491  0.01519268  0.01736762  0.0199707 
  0.01980048  0.01124434  0.020204      0.01997519  0.01906488  0.02191535 
  0.02846051  0.02234621  0.01812111  0.01946159  0.02347725  0.03737194 
  0.02491905  0.01888069  0.01773136  0.0202535    0.03265775  0.02780588 
  0.01861283  0.01776941  0.03344925  0.01819059  0.01624268  0.02520271 
  0.02002186]
[0.03961569  0.06238349  0.036082      0.03179364  0.06385785  0.07479852 
  0.06314191  0.08666024  0.08148093  0.07610949  0.04903615  0.09119694 
  0.08447733  0.07760553  0.04977587  0.06122569  0.06978451  0.06600779 
  0.08472454  0.07005916  0.05778225  0.04941982  0.06177417  0.08378382 
  0.08502309  0.04843883  0.06464837  0.08538315  0.06779581  0.08242855 
  0.09277118]
increment_120
[-0.03913281  -0.04101659  -0.04080859  -0.04199536  -0.03944935  -0.04326097 
  -0.04266029  -0.03365692  -0.04317201  -0.04258333  -0.04105756  -0.05365278 
  -0.03397029  -0.04131005  -0.03961374  -0.04298771  -0.04698952  -0.04051217 
  -0.04019222  -0.04139551  -0.03906292  -0.0450701    -0.04313342  -0.0389727 
  -0.04036641  -0.03905812  -0.04365374  -0.04009755  -0.0368927    -0.04102066 
  -0.04178447]
[  0.02115009    0.0110442      0.02075321    0.01735716    0.00484395    0.0265835 
    0.02529412  -0.02905781    0.0272312      0.02612284    0.01288473    0.0277195 
  -0.01633612    0.01796611    0.0095403      0.02007617    0.03763994    0.01118847 
    0.01522587    0.01738177    0.00825727    0.02247491    0.02198793    0.00869062 
    0.01652574    0.0058954      0.02495501    0.01391604    0.0008333      0.01857334 
    0.02553659]
[  0.03238575    0.01345779    0.02015547    0.01023332    0.01513379    0.01967187 
    0.01923787    0.02508068    0.02325335    0.02359436    0.01351997  -0.01192702 
    0.02551262    0.02149187    0.01728207    0.01273987    0.01626954    0.01597136 
    0.02574975    0.01857358    0.02022816    0.00611823    0.01436863    0.0252358 
    0.02560164    0.01605529    0.0158749      0.02537004    0.02655239    0.02415153 
    0.03040641]
[  0.02115009    0.0110442      0.02075321    0.01735716    0.00484395    0.0265835 
    0.02529412  -0.02905781    0.0272312      0.02612284    0.01288473    0.0277195 
  -0.01633612    0.01796611    0.0095403      0.02007617    0.03763994    0.01118847 
    0.01522587    0.01738177    0.00825727    0.02247491    0.02198793    0.00869062 
    0.01652574    0.0058954      0.02495501    0.01391604    0.0008333      0.01857334 
    0.02553659]
[-0.00301983  -0.02631807    0.00154756    0.00748828  -0.0300377    -0.03738847 
  -0.02466734  -0.06151251  -0.04460297  -0.0391038    -0.01249367  -0.04518302 
  -0.05748071  -0.04349673  -0.01461829  -0.02362266  -0.02879754  -0.03124202 
  -0.05240985  -0.03539528  -0.02385299  -0.00839584  -0.02428222  -0.0519607 
  -0.05294141  -0.01410045  -0.02702381  -0.05267398  -0.03793289  -0.04850259 
  -0.05895649]
[0.02072149  0.01963775  0.02076582  0.01640912  0.01894566  0.02166704 
  0.02153609  0.01193864  0.02191868  0.02172905  0.02068836  0.02356777 
  0.03062904  0.0238351    0.01975935  0.02112388  0.02535572  0.03968303 
  0.02676797  0.02045827  0.01934946  0.02196459  0.03542255  0.029653 
  0.0202715    0.01926758  0.03600812  0.01972848  0.0174999    0.02693315 
  0.02176898]
[  0.03238575    0.01345779    0.02015547    0.01023332    0.01513379    0.01967187 
    0.01923787    0.02508068    0.02325335    0.02359436    0.01351997  -0.01192702 
    0.02551262    0.02149187    0.01728207    0.01273987    0.01626954    0.01597136 
    0.02574975    0.01857358    0.02022816    0.00611823    0.01436863    0.0252358 
    0.02560164    0.01605529    0.0158749      0.02537004    0.02655239    0.02415153 
    0.03040641]
[0.02072149  0.01963775  0.02076582  0.01640912  0.01894566  0.02166704 
  0.02153609  0.01193864  0.02191868  0.02172905  0.02068836  0.02356777 
  0.03062904  0.0238351    0.01975935  0.02112388  0.02535572  0.03968303 
  0.02676797  0.02045827  0.01934946  0.02196459  0.03542255  0.029653 
  0.0202715    0.01926758  0.03600812  0.01972848  0.0174999    0.02693315 
  0.02176898]
[0.04215264  0.06733467  0.03926103  0.03450708  0.06948704  0.08064944 
  0.06732763  0.09516943  0.08777498  0.08168713  0.05355123  0.0988358 
  0.09145099  0.08480678  0.05423203  0.06661037  0.07578706  0.07175419 
  0.09260208  0.07679078  0.06291592  0.05346595  0.06741564  0.0909334 
  0.09330782  0.05315856  0.07067756  0.09277153  0.07482559  0.08952326 
  0.10074096]
