inc
eps_11
eps_12
eps_13
eps_21
eps_22
eps_23
eps_31
eps_32
eps_33
increment_0
[1.11022302e-16  1.11022302e-16  1.11022302e-16  1.11022302e-16 
  1.11022302e-16  1.11022302e-16  1.11022302e-16  1.11022302e-16 
  1.11022302e-16  1.11022302e-16  1.11022302e-16  1.11022302e-16 
  1.11022302e-16  1.11022302e-16  1.11022302e-16  1.11022302e-16 
  1.11022302e-16  1.11022302e-16]
[0.  0.  0.  0.  0.  0.  0.  0.  0.  0.  0.  0.  0.  0.  0.  0.  0.  0.]
[0.  0.  0.  0.  0.  0.  0.  0.  0.  0.  0.  0.  0.  0.  0.  0.  0.  0.]
[0.  0.  0.  0.  0.  0.  0.  0.  0.  0.  0.  0.  0.  0.  0.  0.  0.  0.]
[1.0547853e-16  1.0547853e-16  1.0547853e-16  1.0547853e-16  1.0547853e-16 
  1.0547853e-16  1.0547853e-16  1.0547853e-16  1.0547853e-16  1.0547853e-16 
  1.0547853e-16  1.0547853e-16  1.0547853e-16  1.0547853e-16  1.0547853e-16 
  1.0547853e-16  1.0547853e-16  1.0547853e-16]
[-2.98745745e-17  -2.98745745e-17  -2.98745745e-17  -2.98745745e-17 
  -2.98745745e-17  -2.98745745e-17  -2.98745745e-17  -2.98745745e-17 
  -2.98745745e-17  -2.98745745e-17  -2.98745745e-17  -2.98745745e-17 
  -2.98745745e-17  -2.98745745e-17  -2.98745745e-17  -2.98745745e-17 
  -2.98745745e-17  -2.98745745e-17]
[0.  0.  0.  0.  0.  0.  0.  0.  0.  0.  0.  0.  0.  0.  0.  0.  0.  0.]
[-2.98745745e-17  -2.98745745e-17  -2.98745745e-17  -2.98745745e-17 
  -2.98745745e-17  -2.98745745e-17  -2.98745745e-17  -2.98745745e-17 
  -2.98745745e-17  -2.98745745e-17  -2.98745745e-17  -2.98745745e-17 
  -2.98745745e-17  -2.98745745e-17  -2.98745745e-17  -2.98745745e-17 
  -2.98745745e-17  -2.98745745e-17]
[-4.99673785e-17  -4.99673785e-17  -4.99673785e-17  -4.99673785e-17 
  -4.99673785e-17  -4.99673785e-17  -4.99673785e-17  -4.99673785e-17 
  -4.99673785e-17  -4.99673785e-17  -4.99673785e-17  -4.99673785e-17 
  -4.99673785e-17  -4.99673785e-17  -4.99673785e-17  -4.99673785e-17 
  -4.99673785e-17  -4.99673785e-17]
increment_10
[0.00883578  0.00724148  0.00408333  0.00614881  0.00570306  0.00611983 
  0.00485237  0.00622303  0.00815427  0.00619861  0.00551776  0.00785775 
  0.00500072  0.00519467  0.00630773  0.00857424  0.00774939  0.00530029]
[  0.00080403  -0.00131859    0.00024353    0.00061974    0.00068095  -0.00025467 
    0.00046778    0.00085614    0.0020615      0.00217171    0.00173142    0.00220003 
    0.00151595    0.00115605    0.00229518  -0.00060412    0.00068687  -0.00053395]
[-0.00404784  -0.00269371  -0.00173747  -0.00213321  -0.00278696  -0.00173055 
  -0.00146699  -0.00125002  -0.00136199  -0.00082813  -0.00101336  -0.00132511 
  -0.0009904    -0.00116776  -0.00086789  -0.0016244    -0.004438      -0.00316708]
[  0.00080403  -0.00131859    0.00024353    0.00061974    0.00068095  -0.00025467 
    0.00046778    0.00085614    0.0020615      0.00217171    0.00173142    0.00220003 
    0.00151595    0.00115605    0.00229518  -0.00060412    0.00068687  -0.00053395]
[-0.00252804  -0.00334523  -0.00343027  -0.00258814  -0.0026934    -0.00345628 
  -0.00275551  -0.00242064  -0.00273825  -0.00161877  -0.00200443  -0.00264387 
  -0.0019627    -0.00232808  -0.00169738  -0.00304154  -0.00234965  -0.00422304]
[-0.00307431  -0.0025621    -0.00107933  -0.00295417  -0.00267338  -0.00133801 
  -0.00240251  -0.00297377  -0.00070529  -0.00301922  -0.00260128  -0.0013131 
  -0.00244966  -0.00231025  -0.00278377  -0.00243257  -0.00377568  -0.0002028  ]
[-0.00404784  -0.00269371  -0.00173747  -0.00213321  -0.00278696  -0.00173055 
  -0.00146699  -0.00125002  -0.00136199  -0.00082813  -0.00101336  -0.00132511 
  -0.0009904    -0.00116776  -0.00086789  -0.0016244    -0.004438      -0.00316708]
[-0.00307431  -0.0025621    -0.00107933  -0.00295417  -0.00267338  -0.00133801 
  -0.00240251  -0.00297377  -0.00070529  -0.00301922  -0.00260128  -0.0013131 
  -0.00244966  -0.00231025  -0.00278377  -0.00243257  -0.00377568  -0.0002028  ]
[-0.00630773  -0.00389625  -0.00065306  -0.00356067  -0.00300966  -0.00266355 
  -0.00209686  -0.00380239  -0.00541602  -0.00457984  -0.00351333  -0.00521388 
  -0.00303802  -0.00286659  -0.00461035  -0.0055327    -0.00539974  -0.00107725]
increment_20
[0.01954393  0.01637302  0.00814873  0.01340747  0.01254047  0.01359469 
  0.01004713  0.01309191  0.0181599    0.0130973    0.01167748  0.01736324 
  0.01108172  0.01115539  0.01405857  0.01851175  0.01668822  0.01124355]
[  0.00152176  -0.00353933    0.00024265    0.00074032    0.001045      -0.00144893 
    0.00043378    0.00097057    0.00364628    0.00441912    0.00371619    0.0043791 
    0.00353725    0.00259792    0.00535079  -0.0019675      0.0010262    -0.00117039]
[-0.00953251  -0.00594033  -0.00362118  -0.005179      -0.00705213  -0.00365424 
  -0.00334946  -0.00259069  -0.00286117  -0.00175873  -0.00205645  -0.00261459 
  -0.00202897  -0.00230385  -0.00172861  -0.00344629  -0.00969212  -0.0066722  ]
[  0.00152176  -0.00353933    0.00024265    0.00074032    0.001045      -0.00144893 
    0.00043378    0.00097057    0.00364628    0.00441912    0.00371619    0.0043791 
    0.00353725    0.00259792    0.00535079  -0.0019675      0.0010262    -0.00117039]
[-0.00500887  -0.00694604  -0.00709429  -0.00508756  -0.0054844    -0.00722293 
  -0.00566871  -0.00489281  -0.00579608  -0.00336293  -0.00401038  -0.00521476 
  -0.00396169  -0.0045633    -0.00327007  -0.0064095    -0.00453865  -0.00895045]
[-0.00650325  -0.00553724  -0.00190385  -0.00649824  -0.00556707  -0.00283207 
  -0.00499996  -0.00635902  -0.00125101  -0.00640575  -0.00562621  -0.00266696 
  -0.00550135  -0.00513987  -0.00593127  -0.00496215  -0.00824118    0.00076885]
[-0.00953251  -0.00594033  -0.00362118  -0.005179      -0.00705213  -0.00365424 
  -0.00334946  -0.00259069  -0.00286117  -0.00175873  -0.00205645  -0.00261459 
  -0.00202897  -0.00230385  -0.00172861  -0.00344629  -0.00969212  -0.0066722  ]
[-0.00650325  -0.00553724  -0.00190385  -0.00649824  -0.00556707  -0.00283207 
  -0.00499996  -0.00635902  -0.00125101  -0.00640575  -0.00562621  -0.00266696 
  -0.00550135  -0.00513987  -0.00593127  -0.00496215  -0.00824118    0.00076885]
[-0.01453506  -0.00942699  -0.00105443  -0.00831991  -0.00705607  -0.00637175 
  -0.00437843  -0.0081991    -0.01236382  -0.00973437  -0.0076671    -0.01214847 
  -0.00712003  -0.00659209  -0.0107885    -0.01210225  -0.01214956  -0.00229309]
increment_30
[0.02988557  0.02544475  0.01221352  0.02036734  0.01951444  0.02137504 
  0.01498686  0.01996063  0.02823954  0.01978028  0.01783221  0.02691842 
  0.01706965  0.01685764  0.02199116  0.02814462  0.02501334  0.01716193]
[  0.00202536  -0.00554827    0.00029634    0.00084522    0.0013152    -0.00249873 
    0.0005147      0.00126126    0.00521355    0.00661559    0.00570343    0.00636595 
    0.00550563    0.004096        0.00841439  -0.00303964    0.00114431  -0.00178734]
[-0.01493993  -0.00870025  -0.00545044  -0.00806505  -0.01105616  -0.00548437 
  -0.00516649  -0.00392094  -0.00432152  -0.00276113  -0.00312628  -0.00394123 
  -0.00309931  -0.00346183  -0.00269686  -0.00521788  -0.0143791    -0.01004867]
[  0.00202536  -0.00554827    0.00029634    0.00084522    0.0013152    -0.00249873 
    0.0005147      0.00126126    0.00521355    0.00661559    0.00570343    0.00636595 
    0.00550563    0.004096        0.00841439  -0.00303964    0.00114431  -0.00178734]
[-0.00768102  -0.01068583  -0.01069966  -0.00766659  -0.00835888  -0.01094451 
  -0.00858508  -0.00733182  -0.00881552  -0.00517284  -0.00600964  -0.00787768 
  -0.00596857  -0.00680928  -0.00496456  -0.00971066  -0.00695611  -0.0137545  ]
[-0.00981238  -0.00825619  -0.00280124  -0.00994578  -0.00837077  -0.00432186 
  -0.00747774  -0.00974446  -0.00189671  -0.00971622  -0.00866656  -0.00394389 
  -0.00851851  -0.00787965  -0.00889466  -0.00763251  -0.01243137    0.00198775]
[-0.01493993  -0.00870025  -0.00545044  -0.00806505  -0.01105616  -0.00548437 
  -0.00516649  -0.00392094  -0.00432152  -0.00276113  -0.00312628  -0.00394123 
  -0.00309931  -0.00346183  -0.00269686  -0.00521788  -0.0143791    -0.01004867]
[-0.00981238  -0.00825619  -0.00280124  -0.00994578  -0.00837077  -0.00432186 
  -0.00747774  -0.00974446  -0.00189671  -0.00971622  -0.00866656  -0.00394389 
  -0.00851851  -0.00787965  -0.00889466  -0.00763251  -0.01243137    0.00198775]
[-0.02220455  -0.01475893  -0.00151386  -0.01270076  -0.01115556  -0.01043053 
  -0.00640178  -0.01262881  -0.01942402  -0.01460744  -0.01182257  -0.01904074 
  -0.01110108  -0.01004836  -0.0170266    -0.01843396  -0.01805723  -0.00340744]
increment_40
[0.04001497  0.03454661  0.01646424  0.02701404  0.02670073  0.02955045 
  0.01985244  0.02688032  0.03839057  0.02635904  0.02389157  0.03656199 
  0.02292867  0.02232994  0.0298575    0.03765029  0.03298342  0.02307237]
[  0.0024561    -0.0073744      0.00042684    0.00095226    0.00157451  -0.00327593 
    0.00077341    0.00174605    0.00684977    0.00875648    0.0076473      0.00817292 
    0.0074019      0.00556415    0.01138204  -0.0038002      0.00118829  -0.00241849]
[-0.02024315  -0.01110152  -0.00726139  -0.01081144  -0.01488881  -0.00724463 
  -0.00691639  -0.00524631  -0.0057367    -0.0038197    -0.00423058  -0.00530138 
  -0.00420371  -0.0046439    -0.00375056  -0.00702271  -0.01857588  -0.01333438]
[  0.0024561    -0.0073744      0.00042684    0.00095226    0.00157451  -0.00327593 
    0.00077341    0.00174605    0.00684977    0.00875648    0.0076473      0.00817292 
    0.0074019      0.00556415    0.01138204  -0.0038002      0.00118829  -0.00241849]
[-0.01050145  -0.01454531  -0.01428895  -0.01032589  -0.01125411  -0.01463436 
  -0.01144205  -0.00971134  -0.01178331  -0.0070238    -0.00802234  -0.01061649 
  -0.00799635  -0.00907881  -0.0067462    -0.01298649  -0.00949681  -0.01859746]
[-0.01295523  -0.01075858  -0.00362731  -0.01326223  -0.01115412  -0.00569571 
  -0.00992411  -0.01316423  -0.00256077  -0.01300404  -0.01167861  -0.00515649 
  -0.01148145  -0.01052791  -0.01176092  -0.01026566  -0.01645602    0.00340308]
[-0.02024315  -0.01110152  -0.00726139  -0.01081144  -0.01488881  -0.00724463 
  -0.00691639  -0.00524631  -0.0057367    -0.0038197    -0.00423058  -0.00530138 
  -0.00420371  -0.0046439    -0.00375056  -0.00702271  -0.01857588  -0.01333438]
[-0.01295523  -0.01075858  -0.00362731  -0.01326223  -0.01115412  -0.00569571 
  -0.00992411  -0.01316423  -0.00256077  -0.01300404  -0.01167861  -0.00515649 
  -0.01148145  -0.01052791  -0.01176092  -0.01026566  -0.01645602    0.00340308]
[-0.02951352  -0.0200013    -0.00217528  -0.01668815  -0.01544662  -0.01491608 
  -0.0084104    -0.01716898  -0.02660726  -0.01933524  -0.01586923  -0.02594551 
  -0.01493232  -0.01325113  -0.02311129  -0.0246638    -0.02348661  -0.00447491]
increment_50
[0.05000908  0.04364056  0.02092543  0.03345273  0.03406086  0.03814939 
  0.02471053  0.03392534  0.04856456  0.03291492  0.02984159  0.0462606 
  0.02863147  0.02755961  0.03759987  0.04707306  0.04062345  0.02900123]
[  0.00290951  -0.00901886    0.0006354      0.001072        0.00184408  -0.00375878 
    0.00119933    0.00241589    0.00854827    0.0108661      0.00953686    0.00980797 
    0.0092094      0.00694805    0.01424436  -0.00435604    0.00126901  -0.00308878]
[-0.02544405  -0.01324311  -0.00905209  -0.01339042  -0.01853004  -0.00896033 
  -0.00865551  -0.00659307  -0.00710701  -0.00492179  -0.00537131  -0.00671041 
  -0.00534191  -0.00585214  -0.00487157  -0.00890517  -0.02235445  -0.01655106]
[  0.00290951  -0.00901886    0.0006354      0.001072        0.00184408  -0.00375878 
    0.00119933    0.00241589    0.00854827    0.0108661      0.00953686    0.00980797 
    0.0092094      0.00694805    0.01424436  -0.00435604    0.00126901  -0.00308878]
[-0.01338048  -0.01851137  -0.01785884  -0.01302995  -0.01414765  -0.0183021 
  -0.01422619  -0.01200926  -0.01469912  -0.00888974  -0.0100547    -0.01343202 
  -0.01005602  -0.01138992  -0.00858084  -0.01626767  -0.01211606  -0.02346854]
[-0.01605344  -0.01304136  -0.00436282  -0.01649205  -0.01394344  -0.00686248 
  -0.01237257  -0.01666514  -0.00322371  -0.01630157  -0.01465025  -0.00624094 
  -0.01437504  -0.0130786    -0.01458569  -0.01283349  -0.02032301    0.0050023  ]
[-0.02544405  -0.01324311  -0.00905209  -0.01339042  -0.01853004  -0.00896033 
  -0.00865551  -0.00659307  -0.00710701  -0.00492179  -0.00537131  -0.00671041 
  -0.00534191  -0.00585214  -0.00487157  -0.00890517  -0.02235445  -0.01655106]
[-0.01605344  -0.01304136  -0.00436282  -0.01649205  -0.01394344  -0.00686248 
  -0.01237257  -0.01666514  -0.00322371  -0.01630157  -0.01465025  -0.00624094 
  -0.01437504  -0.0130786    -0.01458569  -0.01283349  -0.02032301    0.0050023  ]
[-0.03662861  -0.02512919  -0.00306659  -0.02042278  -0.01991321  -0.01984729 
  -0.01048434  -0.02191608  -0.03386544  -0.02402518  -0.01978689  -0.03282858 
  -0.01857545  -0.01616968  -0.02901903  -0.03080539  -0.02850739  -0.00553269]
increment_60
[0.05980972  0.05271156  0.02552737  0.03979299  0.04155475  0.04705195 
  0.02956336  0.04115042  0.05863757  0.03944016  0.03569716  0.05600091 
  0.03418507  0.03256701  0.04528186  0.05650966  0.04794019  0.0349968  ]
[  0.00344245  -0.01045497    0.00089144    0.00123953    0.00210954  -0.00398977 
    0.0017705      0.00324263    0.01025175    0.01295077    0.01137128    0.01129592 
    0.01093397    0.00823975    0.01704915  -0.0047908      0.0014018    -0.00382793]
[-0.03048667  -0.01519561  -0.01082766  -0.01581052  -0.02189097  -0.01064233 
  -0.01044709  -0.00801102  -0.00844129  -0.0060652    -0.00655173  -0.00816778 
  -0.00650822  -0.00708073  -0.00604775  -0.01084188  -0.02574356  -0.01973308]
[  0.00344245  -0.01045497    0.00089144    0.00123953    0.00210954  -0.00398977 
    0.0017705      0.00324263    0.01025175    0.01295077    0.01137128    0.01129592 
    0.01093397    0.00823975    0.01704915  -0.0047908      0.0014018    -0.00382793]
[-0.01623251  -0.02255531  -0.02141278  -0.01574385  -0.01702611  -0.0219586 
  -0.01694729  -0.01423277  -0.0175838    -0.01076579  -0.01210834  -0.0163198 
  -0.01214443  -0.01374132  -0.01043401  -0.01955436  -0.0148017    -0.02835522]
[-0.01925722  -0.01510808  -0.00504542  -0.01968359  -0.01677382  -0.00779412 
  -0.01482545  -0.02027193  -0.00386208  -0.01960574  -0.01758564  -0.00715553 
  -0.01720175  -0.01553763  -0.01742227  -0.0153993    -0.02403357    0.00672644]
[-0.03048667  -0.01519561  -0.01082766  -0.01581052  -0.02189097  -0.01064233 
  -0.01044709  -0.00801102  -0.00844129  -0.0060652    -0.00655173  -0.00816778 
  -0.00650822  -0.00708073  -0.00604775  -0.01084188  -0.02574356  -0.01973308]
[-0.01925722  -0.01510808  -0.00504542  -0.01968359  -0.01677382  -0.00779412 
  -0.01482545  -0.02027193  -0.00386208  -0.01960574  -0.01758564  -0.00715553 
  -0.01720175  -0.01553763  -0.01742227  -0.0153993    -0.02403357    0.00672644]
[-0.04357721  -0.03015625  -0.00411458  -0.02404914  -0.02452865  -0.02509335 
  -0.01261607  -0.02691766  -0.04105377  -0.02867437  -0.02358882  -0.03968112 
  -0.02204064  -0.01882569  -0.03484784  -0.03695531  -0.03313849  -0.00664158]
increment_70
[0.06933271  0.06171048  0.03028868  0.04606586  0.0492462    0.05608602 
  0.03441914  0.04852784  0.06855243  0.04590069  0.04147511  0.06581112 
  0.03962427  0.03737612  0.05298042  0.06604049  0.05502095  0.04113772]
[  0.00408192  -0.01164825    0.00115395    0.00148825    0.0023945    -0.00401771 
    0.00247654    0.0041896      0.01191287    0.01500375    0.01315525    0.01266157 
    0.01259784    0.00944811    0.01984024  -0.00510116    0.0015685    -0.00467243]
[-0.03528568  -0.01701831  -0.01262462  -0.01808229  -0.02499484  -0.01230155 
  -0.01236213  -0.00955961  -0.00974741  -0.00725125  -0.0077796    -0.00963403 
  -0.00769623  -0.00832277  -0.00727924  -0.01278348  -0.02880277  -0.02292832]
[  0.00408192  -0.01164825    0.00115395    0.00148825    0.0023945    -0.00401771 
    0.00247654    0.0041896      0.01191287    0.01500375    0.01315525    0.01266157 
    0.01259784    0.00944811    0.01984024  -0.00510116    0.0015685    -0.00467243]
[-0.01901956  -0.0266289    -0.02498828  -0.01844767  -0.0198695    -0.02562522 
  -0.01961305  -0.01640966  -0.02045354  -0.01265805  -0.01417919  -0.01927481 
  -0.01425089  -0.01612618  -0.01228915  -0.02282959  -0.01754496  -0.03326128]
[-0.02262422  -0.01700134  -0.00564919  -0.02284877  -0.01969227  -0.00844935 
  -0.01728902  -0.02396584  -0.00448704  -0.02290156  -0.02049456  -0.00788806 
  -0.01997854  -0.01790879  -0.02031682  -0.01799372  -0.02762947    0.00854659]
[-0.03528568  -0.01701831  -0.01262462  -0.01808229  -0.02499484  -0.01230155 
  -0.01236213  -0.00955961  -0.00974741  -0.00725125  -0.0077796    -0.00963403 
  -0.00769623  -0.00832277  -0.00727924  -0.01278348  -0.02880277  -0.02292832]
[-0.02262422  -0.01700134  -0.00564919  -0.02284877  -0.01969227  -0.00844935 
  -0.01728902  -0.02396584  -0.00448704  -0.02290156  -0.02049456  -0.00788806 
  -0.01997854  -0.01790879  -0.02031682  -0.01799372  -0.02762947    0.00854659]
[-0.05031315  -0.03508158  -0.0053004    -0.02761819  -0.0293767    -0.0304608 
  -0.01480609  -0.03211818  -0.04809889  -0.03324263  -0.02729592  -0.04653631 
  -0.02537338  -0.02124994  -0.04069127  -0.0432109    -0.03747599  -0.00787644]
increment_80
[0.07854538  0.07052233  0.03532042  0.05225382  0.0572045    0.06512567 
  0.03930225  0.05599725  0.07829162  0.05223811  0.04717565  0.07568932 
  0.044996      0.04203096  0.06079907  0.07565198  0.06200965  0.0475114  ]
[  0.00482931  -0.01259981    0.00137576    0.00182832    0.00275665  -0.00386909 
    0.00331768    0.00521386    0.01347341    0.01700231    0.01488859    0.01391338 
    0.01423068    0.01059572    0.02266698  -0.00527124    0.00174966  -0.00566013]
[-0.03979496  -0.01875079  -0.01451269  -0.02020272  -0.02791761  -0.01394056 
  -0.01445127  -0.01126681  -0.01103074  -0.00847906  -0.00906969  -0.01105761 
  -0.00889959  -0.00957087  -0.0085725    -0.01469749  -0.03164374  -0.02618043]
[  0.00482931  -0.01259981    0.00137576    0.00182832    0.00275665  -0.00386909 
    0.00331768    0.00521386    0.01347341    0.01700231    0.01488859    0.01391338 
    0.01423068    0.01059572    0.02266698  -0.00527124    0.00174966  -0.00566013]
[-0.02173988  -0.03069042  -0.0286374    -0.0211377    -0.02264705  -0.02930878 
  -0.02222184  -0.01857418  -0.02331796  -0.01457828  -0.01626255  -0.0222839 
  -0.01635801  -0.01853081  -0.01413837  -0.02608116  -0.02033698  -0.03820132]
[-0.02614504  -0.01879725  -0.00609356  -0.02597657  -0.02274835  -0.00880372 
  -0.01977815  -0.02771174  -0.0051291    -0.02615686  -0.0233804    -0.00845201 
  -0.02272918  -0.02020717  -0.0232992    -0.0206257    -0.03118095    0.01046567]
[-0.03979496  -0.01875079  -0.01451269  -0.02020272  -0.02791761  -0.01394056 
  -0.01445127  -0.01126681  -0.01103074  -0.00847906  -0.00906969  -0.01105761 
  -0.00889959  -0.00957087  -0.0085725    -0.01469749  -0.03164374  -0.02618043]
[-0.02614504  -0.01879725  -0.00609356  -0.02597657  -0.02274835  -0.00880372 
  -0.01977815  -0.02771174  -0.0051291    -0.02615686  -0.0233804    -0.00845201 
  -0.02272918  -0.02020717  -0.0232992    -0.0206257    -0.03118095    0.01046567]
[-0.0568055    -0.03983191  -0.00668302  -0.03111612  -0.03455744  -0.03581689 
  -0.01708041  -0.03742307  -0.05497367  -0.03765983  -0.0309131    -0.05340542 
  -0.028638      -0.02350015  -0.0466607    -0.04957082  -0.04167267  -0.00931008]
increment_90
[0.08743228  0.07907829  0.04074634  0.05832075  0.06544825  0.0740835 
  0.04418506  0.06351972  0.08783686  0.05837538  0.05279476  0.08564363 
  0.05037267  0.04661081  0.06883249  0.08532925  0.06902871  0.05416737]
[  0.00564263  -0.01335008    0.0015315      0.0022542      0.00325455  -0.00355049 
    0.0042858      0.00626454    0.01487794    0.0189067      0.01656934    0.01507804 
    0.01587462    0.01172903    0.02556606  -0.0052991      0.00192271  -0.00681362]
[-0.04396178  -0.02042331  -0.01657408  -0.0221972    -0.03068423  -0.01554829 
  -0.01669502  -0.01311476  -0.01229661  -0.00974295  -0.01042592  -0.01241387 
  -0.01011429  -0.01081574  -0.00993873  -0.01659978  -0.0343351    -0.02950941]
[  0.00564263  -0.01335008    0.0015315      0.0022542      0.00325455  -0.00355049 
    0.0042858      0.00626454    0.01487794    0.0189067      0.01656934    0.01507804 
    0.01587462    0.01172903    0.02556606  -0.0052991      0.00192271  -0.00681362]
[-0.02441767  -0.0347284    -0.03238405  -0.02382105  -0.02533161  -0.03298917 
  -0.02477928  -0.02075656  -0.02619695  -0.01654419  -0.01835291  -0.02532689 
  -0.01844233  -0.02092526  -0.01598793  -0.02930413  -0.02317533  -0.04320375]
[-0.02977741  -0.02055451  -0.00631707  -0.02904831  -0.02595777  -0.00888398 
  -0.02228086  -0.03148512  -0.00577594  -0.0293266    -0.02624448  -0.0088698 
  -0.02549113  -0.02246726  -0.02637503  -0.02330964  -0.03474536    0.01254273]
[-0.04396178  -0.02042331  -0.01657408  -0.0221972    -0.03068423  -0.01554829 
  -0.01669502  -0.01311476  -0.01229661  -0.00974295  -0.01042592  -0.01241387 
  -0.01011429  -0.01081574  -0.00993873  -0.01659978  -0.0343351    -0.02950941]
[-0.02977741  -0.02055451  -0.00631707  -0.02904831  -0.02595777  -0.00888398 
  -0.02228086  -0.03148512  -0.00577594  -0.0293266    -0.02624448  -0.0088698 
  -0.02549113  -0.02246726  -0.02637503  -0.02330964  -0.03474536    0.01254273]
[-0.06301461  -0.04434989  -0.00836228  -0.03449971  -0.04011664  -0.04109434 
  -0.01940578  -0.04276316  -0.06163991  -0.04183118  -0.03444185  -0.06031674 
  -0.03193034  -0.02568555  -0.05284456  -0.05602512  -0.04585338  -0.01096362]
increment_100
[0.09600841  0.08746052  0.04659427  0.06426647  0.07392887  0.0829514 
  0.04899201  0.07111426  0.0971801    0.06429388  0.05835929  0.09573721 
  0.05583574  0.05121039  0.07711352  0.09513381  0.07612525  0.06106396]
[  0.00646943  -0.01395062    0.00166227    0.00274636    0.0039192    -0.00307497 
    0.00534661    0.00730714    0.01613138    0.02069761    0.01821024    0.0162053 
    0.01757264    0.01290571    0.0285391    -0.00520869    0.00209605  -0.0081255  ]
[-0.04771698  -0.02205585  -0.01883651  -0.02410521  -0.03326049  -0.01711203 
  -0.01899901  -0.01505852  -0.01354466  -0.01103206  -0.01182174  -0.0137097 
  -0.01134146  -0.01204894  -0.01138957  -0.01851233  -0.03689087  -0.03289681]
[  0.00646943  -0.01395062    0.00166227    0.00274636    0.0039192    -0.00307497 
    0.00534661    0.00730714    0.01613138    0.02069761    0.01821024    0.0162053 
    0.01757264    0.01290571    0.0285391    -0.00520869    0.00209605  -0.0081255  ]
[-0.02708648  -0.03874389  -0.03621763  -0.0265059    -0.02791587  -0.03664602 
  -0.0273035    -0.02297068  -0.02910315  -0.01856058  -0.02043642  -0.02837935 
  -0.0204826    -0.02326996  -0.01785879  -0.0325016    -0.02605838  -0.04828797]
[-0.03346247  -0.02232093  -0.00628695  -0.03206421  -0.02928393  -0.00874243 
  -0.02475882  -0.03528892  -0.00637543  -0.03239537  -0.02910214  -0.00917436 
  -0.02830693  -0.02473324  -0.02952585  -0.02607257  -0.03833727    0.01486209]
[-0.04771698  -0.02205585  -0.01883651  -0.02410521  -0.03326049  -0.01711203 
  -0.01899901  -0.01505852  -0.01354466  -0.01103206  -0.01182174  -0.0137097 
  -0.01134146  -0.01204894  -0.01138957  -0.01851233  -0.03689087  -0.03289681]
[-0.03346247  -0.02232093  -0.00628695  -0.03206421  -0.02928393  -0.00874243 
  -0.02475882  -0.03528892  -0.00637543  -0.03239537  -0.02910214  -0.00917436 
  -0.02830693  -0.02473324  -0.02952585  -0.02607257  -0.03833727    0.01486209]
[-0.06892194  -0.04871663  -0.01037663  -0.03776057  -0.046013      -0.04630538 
  -0.0216885    -0.04814358  -0.06807696  -0.0457333    -0.03792288  -0.06735786 
  -0.03535315  -0.02794043  -0.05925472  -0.06263221  -0.05006687  -0.01277599]
increment_110
[0.10434519  0.09584878  0.05274415  0.07015724  0.08255544  0.09179781 
  0.05366465  0.07887222  0.10636176  0.07004128  0.063903      0.10606694 
  0.0614545    0.05591283  0.08563564  0.10518718  0.08329738  0.06813049]
[  0.00729628  -0.01441602    0.00185267    0.00328701    0.0047604    -0.00246166 
    0.00646386    0.00830962    0.01730757    0.02238086    0.01983157    0.01731763 
    0.01935513    0.01417039    0.03157138  -0.00502756    0.00229638  -0.00958303]
[-0.05104243  -0.02366023  -0.02124015  -0.02598489  -0.03562592  -0.01862604 
  -0.02126701  -0.01704744  -0.01477274  -0.01233527  -0.01322576  -0.01495419 
  -0.01258872  -0.01326905  -0.01293267  -0.02042994  -0.03929599  -0.03632348]
[  0.00729628  -0.01441602    0.00185267    0.00328701    0.0047604    -0.00246166 
    0.00646386    0.00830962    0.01730757    0.02238086    0.01983157    0.01731763 
    0.01935513    0.01417039    0.03157138  -0.00502756    0.00229638  -0.00958303]
[-0.0297613    -0.04273154  -0.04009927  -0.0291964    -0.03040116  -0.04027819 
  -0.02981217  -0.02522456  -0.03205234  -0.02061808  -0.02250412  -0.03141908 
  -0.02246969  -0.02553813  -0.01977041  -0.03568199  -0.02898844  -0.05345558]
[-0.03716974  -0.02411299  -0.00600856  -0.03505717  -0.03269064  -0.00840607 
  -0.02718078  -0.03915827  -0.00682014  -0.03538381  -0.03196838  -0.00943004 
  -0.03121124  -0.02704115  -0.03272603  -0.02895177  -0.04193186    0.01747283]
[-0.05104243  -0.02366023  -0.02124015  -0.02598489  -0.03562592  -0.01862604 
  -0.02126701  -0.01704744  -0.01477274  -0.01233527  -0.01322576  -0.01495419 
  -0.01258872  -0.01326905  -0.01293267  -0.02042994  -0.03929599  -0.03632348]
[-0.03716974  -0.02411299  -0.00600856  -0.03505717  -0.03269064  -0.00840607 
  -0.02718078  -0.03915827  -0.00682014  -0.03538381  -0.03196838  -0.00943004 
  -0.03121124  -0.02704115  -0.03272603  -0.02895177  -0.04193186    0.01747283]
[-0.0745839    -0.05311724  -0.01264488  -0.04096084  -0.05215428  -0.05151963 
  -0.02385248  -0.05364766  -0.07430942  -0.04942321  -0.04139887  -0.07464786 
  -0.03898482  -0.0303747    -0.06586523  -0.0695052    -0.05430894  -0.0146749  ]
increment_120
[0.11252512  0.10434933  0.05907445  0.07605577  0.09126496  0.10071479 
  0.05819849  0.0869217    0.11545772  0.07567651  0.06942023  0.11670767 
  0.06726715  0.06080117  0.09435317  0.11556692  0.09056878  0.07531034]
[  0.00814928  -0.01471573    0.00216877    0.00386848    0.00576483  -0.00170303 
    0.00761725    0.009258        0.01847981    0.02396859    0.02143236    0.01839932 
    0.0212272      0.01555575    0.03464166  -0.00476818    0.00254708  -0.01117331]
[-0.05394063  -0.02523565  -0.0237152    -0.02787703  -0.0378147    -0.0200812 
  -0.0234512    -0.01901802  -0.0159754    -0.01364371  -0.01462299  -0.01614911 
  -0.01386943  -0.01448347  -0.01458299  -0.02232486  -0.04154579  -0.03975356]
[  0.00814928  -0.01471573    0.00216877    0.00386848    0.00576483  -0.00170303 
    0.00761725    0.009258        0.01847981    0.02396859    0.02143236    0.01839932 
    0.0212272      0.01555575    0.03464166  -0.00476818    0.00254708  -0.01117331]
[-0.03243626  -0.04667254  -0.04398951  -0.03189333  -0.03280035  -0.04388292 
  -0.03231215  -0.02752096  -0.03506437  -0.02270445  -0.02456643  -0.03442321 
  -0.02441856  -0.02772375  -0.02172595  -0.03885871  -0.03197317  -0.05868599]
[-0.04087735  -0.02589423  -0.00551692  -0.03805642  -0.0361661    -0.00787254 
  -0.02954267  -0.04313816  -0.00699247  -0.03832018  -0.0348348    -0.00973422 
  -0.03421379  -0.02941424  -0.03597766  -0.03195866  -0.04549283    0.02036195]
[-0.05394063  -0.02523565  -0.0237152    -0.02787703  -0.0378147    -0.0200812 
  -0.0234512    -0.01901802  -0.0159754    -0.01364371  -0.01462299  -0.01614911 
  -0.01386943  -0.01448347  -0.01458299  -0.02232486  -0.04154579  -0.03975356]
[-0.04087735  -0.02589423  -0.00551692  -0.03805642  -0.0361661    -0.00787254 
  -0.02954267  -0.04313816  -0.00699247  -0.03832018  -0.0348348    -0.00973422 
  -0.03421379  -0.02941424  -0.03597766  -0.03195866  -0.04549283    0.02036195]
[-0.08008886  -0.05767679  -0.01508494  -0.04416243  -0.05846462  -0.05683186 
  -0.02588634  -0.05940075  -0.08039335  -0.05297205  -0.04485379  -0.08228446 
  -0.04284859  -0.03307742  -0.07262722  -0.07670821  -0.05859561  -0.01662435]
