inc
eps_11
eps_12
eps_13
eps_21
eps_22
eps_23
eps_31
eps_32
eps_33
increment_0
[0.  0.  0.  0.  0.  0.  0.  0.  0.  0.  0.  0.  0.  0.  0.  0.  0.  0.  0.  0.  0.  0.  0.  0. 
  0.  0.  0.  0.  0.  0.  0.  0.  0.  0.  0.  0.  0.  0.  0.]
[0.  0.  0.  0.  0.  0.  0.  0.  0.  0.  0.  0.  0.  0.  0.  0.  0.  0.  0.  0.  0.  0.  0.  0. 
  0.  0.  0.  0.  0.  0.  0.  0.  0.  0.  0.  0.  0.  0.  0.]
[0.  0.  0.  0.  0.  0.  0.  0.  0.  0.  0.  0.  0.  0.  0.  0.  0.  0.  0.  0.  0.  0.  0.  0. 
  0.  0.  0.  0.  0.  0.  0.  0.  0.  0.  0.  0.  0.  0.  0.]
[0.  0.  0.  0.  0.  0.  0.  0.  0.  0.  0.  0.  0.  0.  0.  0.  0.  0.  0.  0.  0.  0.  0.  0. 
  0.  0.  0.  0.  0.  0.  0.  0.  0.  0.  0.  0.  0.  0.  0.]
[-5.5359808e-17  -5.5359808e-17  -5.5359808e-17  -5.5359808e-17 
  -5.5359808e-17  -5.5359808e-17  -5.5359808e-17  -5.5359808e-17 
  -5.5359808e-17  -5.5359808e-17  -5.5359808e-17  -5.5359808e-17 
  -5.5359808e-17  -5.5359808e-17  -5.5359808e-17  -5.5359808e-17 
  -5.5359808e-17  -5.5359808e-17  -5.5359808e-17  -5.5359808e-17 
  -5.5359808e-17  -5.5359808e-17  -5.5359808e-17  -5.5359808e-17 
  -5.5359808e-17  -5.5359808e-17  -5.5359808e-17  -5.5359808e-17 
  -5.5359808e-17  -5.5359808e-17  -5.5359808e-17  -5.5359808e-17 
  -5.5359808e-17  -5.5359808e-17  -5.5359808e-17  -5.5359808e-17 
  -5.5359808e-17  -5.5359808e-17  -5.5359808e-17]
[5.01804765e-18  5.01804765e-18  5.01804765e-18  5.01804765e-18 
  5.01804765e-18  5.01804765e-18  5.01804765e-18  5.01804765e-18 
  5.01804765e-18  5.01804765e-18  5.01804765e-18  5.01804765e-18 
  5.01804765e-18  5.01804765e-18  5.01804765e-18  5.01804765e-18 
  5.01804765e-18  5.01804765e-18  5.01804765e-18  5.01804765e-18 
  5.01804765e-18  5.01804765e-18  5.01804765e-18  5.01804765e-18 
  5.01804765e-18  5.01804765e-18  5.01804765e-18  5.01804765e-18 
  5.01804765e-18  5.01804765e-18  5.01804765e-18  5.01804765e-18 
  5.01804765e-18  5.01804765e-18  5.01804765e-18  5.01804765e-18 
  5.01804765e-18  5.01804765e-18  5.01804765e-18]
[0.  0.  0.  0.  0.  0.  0.  0.  0.  0.  0.  0.  0.  0.  0.  0.  0.  0.  0.  0.  0.  0.  0.  0. 
  0.  0.  0.  0.  0.  0.  0.  0.  0.  0.  0.  0.  0.  0.  0.]
[5.01804765e-18  5.01804765e-18  5.01804765e-18  5.01804765e-18 
  5.01804765e-18  5.01804765e-18  5.01804765e-18  5.01804765e-18 
  5.01804765e-18  5.01804765e-18  5.01804765e-18  5.01804765e-18 
  5.01804765e-18  5.01804765e-18  5.01804765e-18  5.01804765e-18 
  5.01804765e-18  5.01804765e-18  5.01804765e-18  5.01804765e-18 
  5.01804765e-18  5.01804765e-18  5.01804765e-18  5.01804765e-18 
  5.01804765e-18  5.01804765e-18  5.01804765e-18  5.01804765e-18 
  5.01804765e-18  5.01804765e-18  5.01804765e-18  5.01804765e-18 
  5.01804765e-18  5.01804765e-18  5.01804765e-18  5.01804765e-18 
  5.01804765e-18  5.01804765e-18  5.01804765e-18]
[1.10870959e-16  1.10870959e-16  1.10870959e-16  1.10870959e-16 
  1.10870959e-16  1.10870959e-16  1.10870959e-16  1.10870959e-16 
  1.10870959e-16  1.10870959e-16  1.10870959e-16  1.10870959e-16 
  1.10870959e-16  1.10870959e-16  1.10870959e-16  1.10870959e-16 
  1.10870959e-16  1.10870959e-16  1.10870959e-16  1.10870959e-16 
  1.10870959e-16  1.10870959e-16  1.10870959e-16  1.10870959e-16 
  1.10870959e-16  1.10870959e-16  1.10870959e-16  1.10870959e-16 
  1.10870959e-16  1.10870959e-16  1.10870959e-16  1.10870959e-16 
  1.10870959e-16  1.10870959e-16  1.10870959e-16  1.10870959e-16 
  1.10870959e-16  1.10870959e-16  1.10870959e-16]
increment_10
[-3.99490431e-05    8.53536489e-04    9.85152458e-04    1.06519509e-03 
    1.06211543e-03    7.29453684e-04    6.29312804e-04    7.09601177e-04 
    4.56879292e-04    1.28626977e-04    6.39089904e-05    5.45546095e-04 
    7.47472946e-04    1.11969804e-03    5.67581547e-04    7.37600799e-04 
    7.11374531e-04    5.52360638e-04  -1.79858766e-04  -1.65732079e-05 
    2.22538899e-03    1.63936309e-03    1.07426993e-03    9.40858695e-04 
    1.83293041e-04    5.90820488e-04    2.21904775e-04  -3.46032500e-05 
    2.73580638e-03    1.56533958e-03    1.01297429e-03    9.92401433e-04 
    4.65514315e-04    5.97489638e-04    2.29825575e-04    2.50362314e-03 
    1.70053108e-03    5.73321848e-04    3.38343439e-03]
[0.00620828  0.00724446  0.00448593  0.0063584    0.00588697  0.00492095 
  0.00382051  0.00414405  0.00541243  0.00721694  0.00730042  0.00412671 
  0.00364004  0.00294714  0.00373965  0.00387291  0.00425821  0.0055008 
  0.0057686    0.00434909  0.00241546  0.00321742  0.00321246  0.00335468 
  0.00565019  0.00400452  0.00329948  0.00549012  0.00139586  0.00309463 
  0.00287578  0.00429376  0.00473622  0.00281866  0.00409119  0.00345103 
  0.00345675  0.00296048  0.00401544]
[-9.74968664e-04  -2.78242361e-03  -7.52088830e-04  -3.15104183e-03 
  -1.92042420e-03  -4.74090941e-04    2.96343606e-04  -4.43910626e-05 
  -1.31051723e-03  -2.31994525e-03  -2.00607954e-03    7.38472551e-04 
  -2.42297216e-05    1.01106901e-04    2.08512040e-05  -8.01153537e-05 
  -2.20343354e-04  -6.26422372e-04    5.76194082e-04    7.50267274e-04 
  -6.03829145e-04  -6.68890784e-04    1.88580548e-04  -5.91247191e-06 
  -8.87094695e-04    7.08308765e-04    1.82364040e-03    5.76179753e-04 
    3.66925472e-04  -3.42180404e-04    4.34494053e-04  -2.82595412e-04 
    3.02693784e-04    1.60972128e-03    8.05594488e-04  -1.23717986e-03 
  -2.20934461e-05    1.58636906e-03  -2.39697685e-03]
[0.00620828  0.00724446  0.00448593  0.0063584    0.00588697  0.00492095 
  0.00382051  0.00414405  0.00541243  0.00721694  0.00730042  0.00412671 
  0.00364004  0.00294714  0.00373965  0.00387291  0.00425821  0.0055008 
  0.0057686    0.00434909  0.00241546  0.00321742  0.00321246  0.00335468 
  0.00565019  0.00400452  0.00329948  0.00549012  0.00139586  0.00309463 
  0.00287578  0.00429376  0.00473622  0.00281866  0.00409119  0.00345103 
  0.00345675  0.00296048  0.00401544]
[-0.01231078  -0.01480584  -0.00991835  -0.0127077    -0.01080879  -0.00936335 
  -0.00824077  -0.00896511  -0.01120897  -0.01446141  -0.01456823  -0.00855243 
  -0.00788424  -0.00666033  -0.00750927  -0.00843972  -0.00919274  -0.01149692 
  -0.01130461  -0.0086458    -0.00703928  -0.00804554  -0.00747508  -0.00758857 
  -0.01142651  -0.00855158  -0.00679916  -0.0108952    -0.00551706  -0.00773231 
  -0.00671712  -0.00953137  -0.00989745  -0.00621912  -0.00838198  -0.00936876 
  -0.00857267  -0.00627852  -0.00829903]
[-2.23006025e-05  -5.56847099e-04    4.94272280e-04    3.51595184e-04 
  -5.99540743e-04  -3.87948182e-04    3.32278126e-04    3.60934541e-04 
    7.02979041e-05  -1.70207151e-04  -1.31599312e-04  -2.67638080e-04 
    3.56112879e-04    5.51494126e-04    2.86292500e-04    3.76486307e-04 
    3.67100677e-04  -3.12257166e-04  -5.69893189e-05    1.35309251e-05 
    1.08523745e-03    7.59614551e-04    5.36535229e-04    4.65067794e-04 
  -7.79050824e-05  -2.96334857e-04  -9.03823463e-05    1.21068901e-05 
    7.21363275e-04    7.41364219e-04    5.17027220e-04  -5.12631971e-04 
  -2.38267881e-04  -2.79622929e-04  -1.07046492e-04  -5.88252054e-05 
  -8.65791132e-04  -2.72078548e-04  -1.73988349e-03]
[-9.74968664e-04  -2.78242361e-03  -7.52088830e-04  -3.15104183e-03 
  -1.92042420e-03  -4.74090941e-04    2.96343606e-04  -4.43910626e-05 
  -1.31051723e-03  -2.31994525e-03  -2.00607954e-03    7.38472551e-04 
  -2.42297216e-05    1.01106901e-04    2.08512040e-05  -8.01153537e-05 
  -2.20343354e-04  -6.26422372e-04    5.76194082e-04    7.50267274e-04 
  -6.03829145e-04  -6.68890784e-04    1.88580548e-04  -5.91247191e-06 
  -8.87094695e-04    7.08308765e-04    1.82364040e-03    5.76179753e-04 
    3.66925472e-04  -3.42180404e-04    4.34494053e-04  -2.82595412e-04 
    3.02693784e-04    1.60972128e-03    8.05594488e-04  -1.23717986e-03 
  -2.20934461e-05    1.58636906e-03  -2.39697685e-03]
[-2.23006025e-05  -5.56847099e-04    4.94272280e-04    3.51595184e-04 
  -5.99540743e-04  -3.87948182e-04    3.32278126e-04    3.60934541e-04 
    7.02979041e-05  -1.70207151e-04  -1.31599312e-04  -2.67638080e-04 
    3.56112879e-04    5.51494126e-04    2.86292500e-04    3.76486307e-04 
    3.67100677e-04  -3.12257166e-04  -5.69893189e-05    1.35309251e-05 
    1.08523745e-03    7.59614551e-04    5.36535229e-04    4.65067794e-04 
  -7.79050824e-05  -2.96334857e-04  -9.03823463e-05    1.21068901e-05 
    7.21363275e-04    7.41364219e-04    5.17027220e-04  -5.12631971e-04 
  -2.38267881e-04  -2.79622929e-04  -1.07046492e-04  -5.88252054e-05 
  -8.65791132e-04  -2.72078548e-04  -1.73988349e-03]
[0.01235073  0.01395231  0.0089332    0.01164251  0.00974668  0.0086339 
  0.00761146  0.0082555    0.01075209  0.01433278  0.01450432  0.00800688 
  0.00713677  0.00554063  0.00694169  0.00770211  0.00848136  0.01094456 
  0.01148446  0.00866238  0.00481389  0.00640618  0.00640081  0.00664771 
  0.01124322  0.00796076  0.00657725  0.0109298    0.00278125  0.00616697 
  0.00570414  0.00853896  0.00943193  0.00562163  0.00815216  0.00686514 
  0.00687214  0.00570519  0.0049156  ]
increment_20
[-1.52013902e-04    1.84228035e-03    3.02316970e-03    3.22232157e-03 
    3.23120581e-03    2.55446788e-03    2.33602071e-03    2.55499770e-03 
    1.80219250e-03    3.86598114e-04    8.86688821e-05    1.08641188e-03 
    2.11178043e-03    2.99167434e-03    1.81826977e-03    2.30483886e-03 
    2.18552622e-03    2.00375573e-03  -9.11481199e-04    1.84431596e-04 
    5.06302578e-03    3.89238895e-03    2.70670681e-03    2.34933486e-03 
    9.92997593e-04    1.88805676e-03    1.16123100e-03  -1.48761018e-04 
    6.08049541e-03    3.94825844e-03    2.64425841e-03    3.20131828e-03 
    7.98579523e-04    1.75215638e-03    5.62055397e-04    5.65157120e-03 
    4.82787808e-03    2.49275159e-03    8.79473438e-03]
[0.01304687  0.01531247  0.00929787  0.01422522  0.01297598  0.01136466 
  0.00801381  0.00854911  0.01216631  0.01587528  0.01505176  0.00892091 
  0.00826491  0.00607154  0.00843038  0.00851767  0.00899581  0.01104268 
  0.0128732    0.00972706  0.00537616  0.00686302  0.00642351  0.00740675 
  0.01218637  0.00904048  0.00697194  0.01186408  0.00242036  0.00673586 
  0.00634609  0.00865485  0.010089      0.00624289  0.00879298  0.00748579 
  0.00702249  0.00614421  0.00844319]
[-1.01443572e-03  -4.85100241e-03  -1.77368262e-03  -6.88507996e-03 
  -4.31015771e-03  -1.81563737e-03    4.11253952e-04  -3.63377045e-04 
  -3.16655714e-03  -4.39032065e-03  -3.20037174e-03    2.15952968e-03 
    6.37283455e-05    9.80818166e-04    2.43539045e-04  -2.28395519e-04 
  -3.51054830e-04  -6.64182775e-04    1.07219921e-03    1.47567630e-03 
  -8.23591350e-04  -9.12772731e-04    1.24440365e-03    6.38737588e-04 
  -1.47848823e-03    9.28165577e-04    3.63232896e-03    8.04236509e-04 
    1.62522314e-03  -6.09543343e-04    1.19815586e-03  -1.33697721e-04 
    1.30880963e-03    3.40344691e-03    2.05686594e-03  -2.46657714e-03 
  -1.15386642e-04    3.09210907e-03  -5.79426544e-03]
[0.01304687  0.01531247  0.00929787  0.01422522  0.01297598  0.01136466 
  0.00801381  0.00854911  0.01216631  0.01587528  0.01505176  0.00892091 
  0.00826491  0.00607154  0.00843038  0.00851767  0.00899581  0.01104268 
  0.0128732    0.00972706  0.00537616  0.00686302  0.00642351  0.00740675 
  0.01218637  0.00904048  0.00697194  0.01186408  0.00242036  0.00673586 
  0.00634609  0.00865485  0.010089      0.00624289  0.00879298  0.00748579 
  0.00702249  0.00614421  0.00844319]
[-0.02563413  -0.03043595  -0.02143009  -0.02676934  -0.0224817    -0.02022866 
  -0.01821062  -0.0194895    -0.02547157  -0.03159594  -0.02975882  -0.01830433 
  -0.0177591    -0.01386016  -0.01604073  -0.01910875  -0.01999608  -0.02382941 
  -0.02457245  -0.01911232  -0.01570858  -0.01730241  -0.01542522  -0.01685412 
  -0.02506037  -0.01930491  -0.01500556  -0.02332691  -0.01089859  -0.01729147 
  -0.01417162  -0.020103      -0.02077468  -0.01414948  -0.01797404  -0.02042721 
  -0.01819839  -0.01286492  -0.01749491]
[-4.47980389e-05  -1.49362108e-03    1.51649182e-03    3.53738860e-04 
  -1.92356036e-03  -1.48885083e-03    1.23879149e-03    1.31276762e-03 
    2.19733519e-04  -6.57404900e-04  -3.74862519e-04  -4.98524739e-04 
    1.02727205e-03    1.52905073e-03    9.21540780e-04    1.19274230e-03 
    1.14939823e-03  -1.11647711e-03  -2.97888222e-04    4.52818825e-05 
    2.53439268e-03    1.81489741e-03    1.39734796e-03    1.03160654e-03 
  -5.52991583e-04  -9.73800298e-04  -4.85541392e-04    3.52193485e-05 
    1.98303352e-03    1.85968008e-03    1.36667898e-03  -1.66507014e-03 
  -3.80413461e-04  -7.48653539e-04  -2.04396672e-04  -2.62115283e-04 
  -2.48251641e-03  -1.19348120e-03  -4.62188796e-03]
[-1.01443572e-03  -4.85100241e-03  -1.77368262e-03  -6.88507996e-03 
  -4.31015771e-03  -1.81563737e-03    4.11253952e-04  -3.63377045e-04 
  -3.16655714e-03  -4.39032065e-03  -3.20037174e-03    2.15952968e-03 
    6.37283455e-05    9.80818166e-04    2.43539045e-04  -2.28395519e-04 
  -3.51054830e-04  -6.64182775e-04    1.07219921e-03    1.47567630e-03 
  -8.23591350e-04  -9.12772731e-04    1.24440365e-03    6.38737588e-04 
  -1.47848823e-03    9.28165577e-04    3.63232896e-03    8.04236509e-04 
    1.62522314e-03  -6.09543343e-04    1.19815586e-03  -1.33697721e-04 
    1.30880963e-03    3.40344691e-03    2.05686594e-03  -2.46657714e-03 
  -1.15386642e-04    3.09210907e-03  -5.79426544e-03]
[-4.47980389e-05  -1.49362108e-03    1.51649182e-03    3.53738860e-04 
  -1.92356036e-03  -1.48885083e-03    1.23879149e-03    1.31276762e-03 
    2.19733519e-04  -6.57404900e-04  -3.74862519e-04  -4.98524739e-04 
    1.02727205e-03    1.52905073e-03    9.21540780e-04    1.19274230e-03 
    1.14939823e-03  -1.11647711e-03  -2.97888222e-04    4.52818825e-05 
    2.53439268e-03    1.81489741e-03    1.39734796e-03    1.03160654e-03 
  -5.52991583e-04  -9.73800298e-04  -4.85541392e-04    3.52193485e-05 
    1.98303352e-03    1.85968008e-03    1.36667898e-03  -1.66507014e-03 
  -3.80413461e-04  -7.48653539e-04  -2.04396672e-04  -2.62115283e-04 
  -2.48251641e-03  -1.19348120e-03  -4.62188796e-03]
[0.02578614  0.02859366  0.01840692  0.02354702  0.01925049  0.0176742 
  0.0158746    0.01693451  0.02366938  0.03120934  0.02967015  0.01721791 
  0.01564732  0.01086849  0.01422246  0.01680391  0.01781055  0.02182565 
  0.02548393  0.01892789  0.01064555  0.01341002  0.01271851  0.01450479 
  0.02406737  0.01741685  0.01384433  0.02347567  0.0048181    0.01334321 
  0.01152736  0.01690169  0.0199761    0.01239732  0.01741198  0.01477564 
  0.01337051  0.01037217  0.00870018]
increment_30
[-0.00034902    0.00236444    0.00515179    0.00520382    0.00527293    0.00423248 
    0.00429378    0.00440399    0.00293775    0.00030301    0.00018352    0.00133104 
    0.00327237    0.00448812    0.00297367    0.00392811    0.00360151    0.0034555 
  -0.00158796    0.00072613    0.00767779    0.00595339    0.00386483    0.00353413 
    0.00179848    0.00305575    0.00218082  -0.00034251    0.00915528    0.00646242 
    0.00422072    0.00527725    0.00085204    0.00304067    0.00095897    0.00884049 
    0.00800493    0.00463439    0.01445995]
[0.01983932  0.02326715  0.01417217  0.02197003  0.01979495  0.01813772 
  0.01229078  0.01301782  0.01950322  0.0244577    0.02238267  0.01400605 
  0.01310372  0.00956163  0.01327421  0.01346818  0.01388943  0.01648528 
  0.02014778  0.01512414  0.00845945  0.01064148  0.01005972  0.01192894 
  0.01843041  0.01428883  0.01070204  0.0183348    0.00372333  0.01047229 
  0.0100069    0.01287275  0.01572422  0.00984505  0.01348335  0.01143524 
  0.01061861  0.00930132  0.01272283]
[-9.54478083e-04  -6.15213928e-03  -2.79500784e-03  -9.94983901e-03 
  -6.14463244e-03  -3.20217557e-03    1.84751276e-04  -6.86891754e-04 
  -5.17622986e-03  -5.90769035e-03  -3.78976340e-03    3.55097610e-03 
    3.64992630e-04    2.11273467e-03    5.33944547e-04  -6.18870355e-04 
  -4.79919798e-04  -6.17327378e-04    1.27674512e-03    2.02457161e-03 
  -7.95950665e-04  -7.72766919e-04    2.63185969e-03    1.30501681e-03 
  -1.60899114e-03    1.21381654e-03    5.47051645e-03    1.10216472e-03 
    2.95937254e-03  -1.06129075e-03    2.09847912e-03    4.83554027e-04 
    2.32431982e-03    4.96639463e-03    3.48855639e-03  -3.39574464e-03 
  -6.40094430e-05    4.44256393e-03  -9.21187456e-03]
[0.01983932  0.02326715  0.01417217  0.02197003  0.01979495  0.01813772 
  0.01229078  0.01301782  0.01950322  0.0244577    0.02238267  0.01400605 
  0.01310372  0.00956163  0.01327421  0.01346818  0.01388943  0.01648528 
  0.02014778  0.01512414  0.00845945  0.01064148  0.01005972  0.01192894 
  0.01843041  0.01428883  0.01070204  0.0183348    0.00372333  0.01047229 
  0.0100069    0.01287275  0.01572422  0.00984505  0.01348335  0.01143524 
  0.01061861  0.00930132  0.01272283]
[-0.0386134    -0.04468147  -0.03303495  -0.0399813    -0.03347529  -0.03103121 
  -0.02850066  -0.03003589  -0.04010444  -0.04796413  -0.04394376  -0.02831663 
  -0.02773374  -0.02101971  -0.0246494    -0.03034674  -0.03093078  -0.03582308 
  -0.0380601    -0.02924623  -0.02431387  -0.02628318  -0.02364844  -0.02660735 
  -0.03794877  -0.02989703  -0.02334054  -0.03571762  -0.01657973  -0.02708596 
  -0.02103089  -0.02991718  -0.03180202  -0.02248496  -0.02745007  -0.03119675 
  -0.02702811  -0.01912628  -0.02663918]
[-5.44484938e-05  -2.73167676e-03    2.58617830e-03  -3.23597620e-04 
  -3.28742993e-03  -2.89322210e-03    2.28681520e-03    2.29456119e-03 
    3.93368178e-04  -1.13269196e-03  -6.95965033e-04  -5.54851063e-04 
    1.66782619e-03    2.36893491e-03    1.54417276e-03    2.05326901e-03 
    1.93361250e-03  -1.95871218e-03  -4.62895690e-04    2.40701768e-04 
    3.90670809e-03    2.85482918e-03    2.08618510e-03    1.35981403e-03 
  -1.09916711e-03  -1.59490891e-03  -7.98053630e-04    8.49281185e-05 
    3.37298573e-03    3.05127078e-03    2.17738368e-03  -2.73083259e-03 
  -3.60116683e-04  -1.08100760e-03  -1.96145263e-04  -9.08662305e-04 
  -4.13523759e-03  -2.20812807e-03  -7.75142348e-03]
[-9.54478083e-04  -6.15213928e-03  -2.79500784e-03  -9.94983901e-03 
  -6.14463244e-03  -3.20217557e-03    1.84751276e-04  -6.86891754e-04 
  -5.17622986e-03  -5.90769035e-03  -3.78976340e-03    3.55097610e-03 
    3.64992630e-04    2.11273467e-03    5.33944547e-04  -6.18870355e-04 
  -4.79919798e-04  -6.17327378e-04    1.27674512e-03    2.02457161e-03 
  -7.95950665e-04  -7.72766919e-04    2.63185969e-03    1.30501681e-03 
  -1.60899114e-03    1.21381654e-03    5.47051645e-03    1.10216472e-03 
    2.95937254e-03  -1.06129075e-03    2.09847912e-03    4.83554027e-04 
    2.32431982e-03    4.96639463e-03    3.48855639e-03  -3.39574464e-03 
  -6.40094430e-05    4.44256393e-03  -9.21187456e-03]
[-5.44484938e-05  -2.73167676e-03    2.58617830e-03  -3.23597620e-04 
  -3.28742993e-03  -2.89322210e-03    2.28681520e-03    2.29456119e-03 
    3.93368178e-04  -1.13269196e-03  -6.95965033e-04  -5.54851063e-04 
    1.66782619e-03    2.36893491e-03    1.54417276e-03    2.05326901e-03 
    1.93361250e-03  -1.95871218e-03  -4.62895690e-04    2.40701768e-04 
    3.90670809e-03    2.85482918e-03    2.08618510e-03    1.35981403e-03 
  -1.09916711e-03  -1.59490891e-03  -7.98053630e-04    8.49281185e-05 
    3.37298573e-03    3.05127078e-03    2.17738368e-03  -2.73083259e-03 
  -3.60116683e-04  -1.08100760e-03  -1.96145263e-04  -9.08662305e-04 
  -4.13523759e-03  -2.20812807e-03  -7.75142348e-03]
[0.03896242  0.04231703  0.02788316  0.03477748  0.02820236  0.02679873 
  0.02420688  0.0256319    0.03716669  0.04766112  0.04376025  0.02698559 
  0.02446137  0.01653158  0.02167572  0.02641862  0.02732927  0.03236758 
  0.03964806  0.02852011  0.01663608  0.02032979  0.01978361  0.02307322 
  0.03615029  0.02684128  0.02115972  0.03606013  0.00742445  0.02062354 
  0.01681017  0.02463993  0.03094999  0.01944429  0.02649109  0.02235626 
  0.01902318  0.01449189  0.01217924]
increment_40
[-6.45517983e-04    2.29078938e-03    7.13221607e-03    6.98045025e-03 
    7.18602086e-03    5.80184029e-03    6.35979826e-03    6.14647952e-03 
    3.87025332e-03    6.79821644e-05    3.01378389e-04    1.32163407e-03 
    4.30014143e-03    5.67532385e-03    4.04970435e-03    5.48138609e-03 
    4.99331003e-03    4.83961742e-03  -2.21627367e-03    1.43647130e-03 
    1.01307901e-02    7.83330212e-03    4.62081650e-03    4.49929240e-03 
    2.44690233e-03    4.09313355e-03    3.14832227e-03  -6.06205327e-04 
    1.20396701e-02    9.05146929e-03    5.68375745e-03    7.15193853e-03 
    7.71000646e-04    4.60990365e-03    1.42374325e-03    1.22072270e-02 
    1.11729635e-02    7.00252902e-03    2.03020210e-02]
[0.02663624  0.03117952  0.0193942    0.02962142  0.02618156  0.0250077 
  0.01672348  0.01773463  0.02719271  0.0327284    0.02932468  0.01950983 
  0.01804641  0.01344603  0.01831996  0.01863974  0.01919887  0.02188151 
  0.02754141  0.02049555  0.01168707  0.01447291  0.01418143  0.01704762 
  0.0242874    0.01966856  0.01446126  0.02489718  0.00540058  0.01432537 
  0.01380716  0.01690352  0.02155269  0.01352283  0.01822925  0.01528177 
  0.01433844  0.01250507  0.01696945]
[-7.29882392e-04  -6.60437449e-03  -3.83266239e-03  -1.24698399e-02 
  -7.33602924e-03  -4.42911552e-03  -2.46291399e-04  -1.01417963e-03 
  -7.16919564e-03  -6.95026230e-03  -3.92469277e-03    4.80268244e-03 
    8.06846174e-04    3.36322579e-03    7.91671806e-04  -1.05839798e-03 
  -9.02230180e-04  -4.65723431e-04    1.30612298e-03    2.42799252e-03 
  -5.77199393e-04  -3.47463067e-04    4.19858686e-03    1.82827033e-03 
  -1.19128775e-03    1.58575585e-03    7.40420355e-03    1.44099417e-03 
    4.26171800e-03  -1.62064242e-03    3.14686467e-03    1.54773357e-03 
    3.28654039e-03    6.19422339e-03    4.86838987e-03  -3.98519148e-03 
  -2.42434665e-05    5.63329281e-03  -1.26694506e-02]
[0.02663624  0.03117952  0.0193942    0.02962142  0.02618156  0.0250077 
  0.01672348  0.01773463  0.02719271  0.0327284    0.02932468  0.01950983 
  0.01804641  0.01344603  0.01831996  0.01863974  0.01919887  0.02188151 
  0.02754141  0.02049555  0.01168707  0.01447291  0.01418143  0.01704762 
  0.0242874    0.01966856  0.01446126  0.02489718  0.00540058  0.01432537 
  0.01380716  0.01690352  0.02155269  0.01352283  0.01822925  0.01528177 
  0.01433844  0.01250507  0.01696945]
[-0.05134281  -0.05757691  -0.04503635  -0.05265186  -0.04346571  -0.04152215 
  -0.03910196  -0.04084561  -0.05484292  -0.06333962  -0.0571938    -0.03885614 
  -0.03779291  -0.02835424  -0.03347203  -0.04183147  -0.04252804  -0.0475258 
  -0.05164848  -0.03902208  -0.03293586  -0.03495604  -0.03231812  -0.03704087 
  -0.04979851  -0.04054501  -0.03160781  -0.04806768  -0.02276188  -0.03708825 
  -0.02765201  -0.03883557  -0.04292562  -0.03105248  -0.03690904  -0.0412568 
  -0.03528312  -0.02533864  -0.03589776]
[-1.52854489e-05  -4.17162701e-03    3.57672988e-03  -1.36109046e-03 
  -4.65828335e-03  -4.50756026e-03    3.39830719e-03    3.24963417e-03 
    4.99915719e-04  -1.60034467e-03  -1.00485374e-03  -4.61512545e-04 
    2.32329180e-03    3.10883004e-03    2.15829391e-03    2.89659858e-03 
    2.70261100e-03  -2.79008982e-03  -5.72662568e-04    6.30995922e-04 
    5.24060522e-03    3.88700339e-03    2.64533601e-03    1.50583177e-03 
  -1.50528045e-03  -2.15528710e-03  -9.17382807e-04    1.71382542e-04 
    4.81956827e-03    4.25721944e-03    2.86994378e-03  -3.63798290e-03 
  -2.69561123e-04  -1.25265171e-03  -8.57097590e-05  -2.15607418e-03 
  -5.79192494e-03  -3.32638684e-03  -1.10942897e-02]
[-7.29882392e-04  -6.60437449e-03  -3.83266239e-03  -1.24698399e-02 
  -7.33602924e-03  -4.42911552e-03  -2.46291399e-04  -1.01417963e-03 
  -7.16919564e-03  -6.95026230e-03  -3.92469277e-03    4.80268244e-03 
    8.06846174e-04    3.36322579e-03    7.91671806e-04  -1.05839798e-03 
  -9.02230180e-04  -4.65723431e-04    1.30612298e-03    2.42799252e-03 
  -5.77199393e-04  -3.47463067e-04    4.19858686e-03    1.82827033e-03 
  -1.19128775e-03    1.58575585e-03    7.40420355e-03    1.44099417e-03 
    4.26171800e-03  -1.62064242e-03    3.14686467e-03    1.54773357e-03 
    3.28654039e-03    6.19422339e-03    4.86838987e-03  -3.98519148e-03 
  -2.42434665e-05    5.63329281e-03  -1.26694506e-02]
[-1.52854489e-05  -4.17162701e-03    3.57672988e-03  -1.36109046e-03 
  -4.65828335e-03  -4.50756026e-03    3.39830719e-03    3.24963417e-03 
    4.99915719e-04  -1.60034467e-03  -1.00485374e-03  -4.61512545e-04 
    2.32329180e-03    3.10883004e-03    2.15829391e-03    2.89659858e-03 
    2.70261100e-03  -2.79008982e-03  -5.72662568e-04    6.30995922e-04 
    5.24060522e-03    3.88700339e-03    2.64533601e-03    1.50583177e-03 
  -1.50528045e-03  -2.15528710e-03  -9.17382807e-04    1.71382542e-04 
    4.81956827e-03    4.25721944e-03    2.86994378e-03  -3.63798290e-03 
  -2.69561123e-04  -1.25265171e-03  -8.57097590e-05  -2.15607418e-03 
  -5.79192494e-03  -3.32638684e-03  -1.10942897e-02]
[0.05198833  0.05528612  0.03790413  0.04567141  0.03627969  0.03572031 
  0.03274216  0.03469913  0.05097267  0.06327164  0.05689242  0.03753451 
  0.03349277  0.02267891  0.02942233  0.03635008  0.03753473  0.04268618 
  0.05386476  0.03758561  0.02280507  0.02712273  0.02769731  0.03254158 
  0.04735161  0.03645188  0.02845948  0.04867389  0.01072221  0.02803678 
  0.02196825  0.03168363  0.04215462  0.02644258  0.0354853    0.02904957 
  0.02411016  0.01833611  0.01559574]
increment_50
[-0.00103836    0.00172434    0.00878076    0.00852404    0.0089574      0.00734591 
    0.00841178    0.00772859    0.00459582  -0.0002519      0.00039594    0.00109643 
    0.00515889    0.00660559    0.00506935    0.00691407    0.00632449    0.00610445 
  -0.00288755    0.00218322    0.01237864    0.00949729    0.00500737    0.00523602 
    0.002906        0.00506044    0.00403604  -0.00089418    0.01480053    0.01164669 
    0.00698736    0.00884336    0.00059276    0.00652275    0.00211123    0.01574674 
    0.01443848    0.00964231    0.02619257]
[0.0335059    0.03904053  0.02509752  0.03725897  0.03206865  0.0317125 
  0.02144381  0.02271937  0.03518659  0.04079822  0.03585641  0.02527501 
  0.02317208  0.01769373  0.02353649  0.02403576  0.02501052  0.02712865 
  0.03503568  0.02592225  0.01506359  0.01843652  0.01879826  0.0227485 
  0.02983762  0.02517309  0.0182815    0.03149806  0.00740146  0.0182725 
  0.01786424  0.02079124  0.02745721  0.01738975  0.02305216  0.01904752 
  0.01817837  0.01583411  0.02132034]
[-4.34148621e-04  -6.43699489e-03  -4.80844321e-03  -1.45453992e-02 
  -7.81898116e-03  -5.39024229e-03  -8.27009817e-04  -1.28289220e-03 
  -9.09901816e-03  -7.68934204e-03  -3.64497801e-03    6.03374644e-03 
    1.33503069e-03    4.65244780e-03    1.00846000e-03  -1.47944763e-03 
  -1.63870212e-03  -3.65124682e-05    1.31087959e-03    2.76175421e-03 
  -1.08784053e-04    3.11014449e-04    5.86919809e-03    2.21203546e-03 
  -3.12817198e-04    2.00426284e-03    9.39393872e-03    1.80337386e-03 
    5.49488318e-03  -2.12551546e-03    4.29993822e-03    2.99521036e-03 
    4.28634856e-03    6.95312772e-03    6.01919057e-03  -4.31326876e-03 
  -1.10344275e-04    6.58494432e-03  -1.61985170e-02]
[0.0335059    0.03904053  0.02509752  0.03725897  0.03206865  0.0317125 
  0.02144381  0.02271937  0.03518659  0.04079822  0.03585641  0.02527501 
  0.02317208  0.01769373  0.02353649  0.02403576  0.02501052  0.02712865 
  0.03503568  0.02592225  0.01506359  0.01843652  0.01879826  0.0227485 
  0.02983762  0.02517309  0.0182815    0.03149806  0.00740146  0.0182725 
  0.01786424  0.02079124  0.02745721  0.01738975  0.02305216  0.01904752 
  0.01817837  0.01583411  0.02132034]
[-0.06396216  -0.06961078  -0.05748003  -0.06506553  -0.05234247  -0.05150717 
  -0.05013424  -0.05188282  -0.06966762  -0.07801928  -0.06948836  -0.04962569 
  -0.04802337  -0.03606565  -0.04243495  -0.05349858  -0.05489294  -0.05871128 
  -0.06521196  -0.04863586  -0.04151618  -0.04340703  -0.04149764  -0.04817635 
  -0.06076221  -0.05127518  -0.03983502  -0.0603219    -0.02935722  -0.04715147 
  -0.0344191    -0.04687359  -0.05392747  -0.03982698  -0.04641843  -0.05025896 
  -0.04317251  -0.03161706  -0.04536632]
[  6.67148051e-05  -5.53706971e-03    4.39906599e-03  -2.59679160e-03 
  -5.98372718e-03  -6.14601629e-03    4.50576925e-03    4.15859326e-03 
    4.72730785e-04  -2.06801913e-03  -1.21374162e-03  -2.25928013e-04 
    2.97351816e-03    3.78868977e-03    2.77035795e-03    3.70283111e-03 
    3.41026128e-03  -3.52881233e-03  -6.52737032e-04    1.12930574e-03 
    6.52982705e-03    4.87786920e-03    3.09202607e-03    1.46821306e-03 
  -1.69821574e-03  -2.68567082e-03  -8.29221975e-04    3.20409250e-04 
    6.28562707e-03    5.36951482e-03    3.36546658e-03  -4.40981960e-03 
  -1.13086627e-04  -1.27846687e-03    5.60500409e-06  -3.88308090e-03 
  -7.51848466e-03  -4.58337481e-03  -1.46020112e-02]
[-4.34148621e-04  -6.43699489e-03  -4.80844321e-03  -1.45453992e-02 
  -7.81898116e-03  -5.39024229e-03  -8.27009817e-04  -1.28289220e-03 
  -9.09901816e-03  -7.68934204e-03  -3.64497801e-03    6.03374644e-03 
    1.33503069e-03    4.65244780e-03    1.00846000e-03  -1.47944763e-03 
  -1.63870212e-03  -3.65124682e-05    1.31087959e-03    2.76175421e-03 
  -1.08784053e-04    3.11014449e-04    5.86919809e-03    2.21203546e-03 
  -3.12817198e-04    2.00426284e-03    9.39393872e-03    1.80337386e-03 
    5.49488318e-03  -2.12551546e-03    4.29993822e-03    2.99521036e-03 
    4.28634856e-03    6.95312772e-03    6.01919057e-03  -4.31326876e-03 
  -1.10344275e-04    6.58494432e-03  -1.61985170e-02]
[  6.67148051e-05  -5.53706971e-03    4.39906599e-03  -2.59679160e-03 
  -5.98372718e-03  -6.14601629e-03    4.50576925e-03    4.15859326e-03 
    4.72730785e-04  -2.06801913e-03  -1.21374162e-03  -2.25928013e-04 
    2.97351816e-03    3.78868977e-03    2.77035795e-03    3.70283111e-03 
    3.41026128e-03  -3.52881233e-03  -6.52737032e-04    1.12930574e-03 
    6.52982705e-03    4.87786920e-03    3.09202607e-03    1.46821306e-03 
  -1.69821574e-03  -2.68567082e-03  -8.29221975e-04    3.20409250e-04 
    6.28562707e-03    5.36951482e-03    3.36546658e-03  -4.40981960e-03 
  -1.13086627e-04  -1.27846687e-03    5.60500409e-06  -3.88308090e-03 
  -7.51848466e-03  -4.58337481e-03  -1.46020112e-02]
[0.06500052  0.06788644  0.04869927  0.05654149  0.04338508  0.04416126 
  0.04172246  0.04415423  0.0650718    0.07827118  0.06909243  0.04852926 
  0.04286448  0.02946006  0.0373656    0.04658451  0.04856845  0.05260683 
  0.06809951  0.04645264  0.02913754  0.03390974  0.03649027  0.04294034 
  0.0578562    0.04621474  0.03579898  0.06121608  0.01455669  0.03550479 
  0.02743174  0.03803024  0.05333471  0.03330422  0.0443072    0.03451223 
  0.02873403  0.02197475  0.01917375]
increment_60
[-0.00152449    0.00077867    0.00999463    0.00982198    0.01059394    0.00887392 
    0.0103082      0.00907548    0.00511658  -0.00064117    0.00043081    0.00070697 
    0.00581835    0.00731488    0.00604188    0.00816398    0.00750268    0.00720005 
  -0.00366916    0.00285159    0.01442047    0.01096467    0.00510544    0.00578675 
    0.00317464    0.00599455    0.00482447  -0.00110269    0.01746157    0.01419656 
    0.00813618    0.0103623      0.00034087    0.00874014    0.00315667    0.0194866 
    0.01784156    0.01255354    0.03202023]
[0.04047503  0.04689058  0.031313      0.04489999  0.03749276  0.03812477 
  0.02658164  0.02797325  0.04340406  0.04879177  0.04207661  0.03115697 
  0.028577      0.02227809  0.02885948  0.02968908  0.03130536  0.03219135 
  0.04260695  0.03150759  0.01861388  0.02261647  0.02387916  0.02885717 
  0.03518439  0.03080218  0.02223281  0.03799679  0.00967531  0.02235414 
  0.02213438  0.0245994    0.03338325  0.02154053  0.02792134  0.0226594 
  0.02217849  0.01931464  0.02587177]
[-0.00012857  -0.0058978    -0.00563647  -0.01620576  -0.00764065  -0.00601409 
  -0.00149828  -0.00141079  -0.01090442  -0.00823781  -0.00302978    0.00731965 
    0.00188237    0.00592673    0.00122495  -0.00183595  -0.00255207    0.00075188 
    0.00137961    0.00306618    0.00056641    0.00108773    0.00753426    0.00253471 
    0.00091558    0.00242735    0.01136598    0.00220099    0.00667225  -0.00250759 
    0.00557534    0.00479527    0.00535222    0.00721051    0.00687364  -0.00450831 
  -0.00039239    0.00725129  -0.019792    ]
[0.04047503  0.04689058  0.031313      0.04489999  0.03749276  0.03812477 
  0.02658164  0.02797325  0.04340406  0.04879177  0.04207661  0.03115697 
  0.028577      0.02227809  0.02885948  0.02968908  0.03130536  0.03219135 
  0.04260695  0.03150759  0.01861388  0.02261647  0.02387916  0.02885717 
  0.03518439  0.03080218  0.02223281  0.03799679  0.00967531  0.02235414 
  0.02213438  0.0245994    0.03338325  0.02154053  0.02792134  0.0226594 
  0.02217849  0.01931464  0.02587177]
[-0.07652707  -0.08123357  -0.07029331  -0.07733789  -0.06035294  -0.06095044 
  -0.06168244  -0.0630486    -0.08447164  -0.09226326  -0.08099854  -0.06036853 
  -0.05853335  -0.04423112  -0.05141927  -0.06533425  -0.06786219  -0.06928721 
  -0.07864659  -0.05835109  -0.05009597  -0.05183142  -0.05121266  -0.05974519 
  -0.07105235  -0.06207452  -0.04812975  -0.07232029  -0.03625709  -0.05721931 
  -0.04141725  -0.05417654  -0.06472197  -0.04876663  -0.05590258  -0.05836851 
  -0.05086112  -0.03804373  -0.05491909]
[  1.78017965e-04  -6.69407425e-03    5.01866039e-03  -3.93649928e-03 
  -7.15074711e-03  -7.66599972e-03    5.53463681e-03    5.00327009e-03 
    3.00475696e-04  -2.54198491e-03  -1.26972765e-03    1.28859768e-04 
    3.59713412e-03    4.43773611e-03    3.39004612e-03    4.45160738e-03 
    4.00591146e-03  -4.09010801e-03  -7.01786807e-04    1.65871972e-03 
    7.78383473e-03    5.82020231e-03    3.47503652e-03    1.30450720e-03 
  -1.65170091e-03  -3.20951955e-03  -5.30673852e-04    5.89884206e-04 
    7.75573755e-03    6.23251903e-03    3.68056571e-03  -5.15203480e-03 
    1.17638499e-04  -1.26023129e-03  -2.70099105e-05  -5.87458869e-03 
  -9.35022180e-03  -5.99429054e-03  -1.82323633e-02]
[-0.00012857  -0.0058978    -0.00563647  -0.01620576  -0.00764065  -0.00601409 
  -0.00149828  -0.00141079  -0.01090442  -0.00823781  -0.00302978    0.00731965 
    0.00188237    0.00592673    0.00122495  -0.00183595  -0.00255207    0.00075188 
    0.00137961    0.00306618    0.00056641    0.00108773    0.00753426    0.00253471 
    0.00091558    0.00242735    0.01136598    0.00220099    0.00667225  -0.00250759 
    0.00557534    0.00479527    0.00535222    0.00721051    0.00687364  -0.00450831 
  -0.00039239    0.00725129  -0.019792    ]
[  1.78017965e-04  -6.69407425e-03    5.01866039e-03  -3.93649928e-03 
  -7.15074711e-03  -7.66599972e-03    5.53463681e-03    5.00327009e-03 
    3.00475696e-04  -2.54198491e-03  -1.26972765e-03    1.28859768e-04 
    3.59713412e-03    4.43773611e-03    3.39004612e-03    4.45160738e-03 
    4.00591146e-03  -4.09010801e-03  -7.01786807e-04    1.65871972e-03 
    7.78383473e-03    5.82020231e-03    3.47503652e-03    1.30450720e-03 
  -1.65170091e-03  -3.20951955e-03  -5.30673852e-04    5.89884206e-04 
    7.75573755e-03    6.23251903e-03    3.68056571e-03  -5.15203480e-03 
    1.17638499e-04  -1.26023129e-03  -2.70099105e-05  -5.87458869e-03 
  -9.35022180e-03  -5.99429054e-03  -1.82323633e-02]
[0.07805157  0.0804549    0.06029867  0.06751591  0.04975899  0.05207652 
  0.05137424  0.05397312  0.07935507  0.09290443  0.08056774  0.05966155 
  0.05271499  0.03691624  0.04537739  0.05717027  0.06035951  0.06208716 
  0.08231575  0.0554995    0.03567551  0.04086676  0.04610723  0.05395843 
  0.06787771  0.05607997  0.04330529  0.07342298  0.01879552  0.04302275 
  0.03328108  0.04381425  0.06438109  0.04002648  0.05274591  0.03888192 
  0.03301955  0.02549018  0.02289887]
increment_70
[-2.09959878e-03  -4.55387068e-04    1.07557272e-02    1.08730916e-02 
    1.20872632e-02    1.03506469e-02    1.19116952e-02    1.01274307e-02 
    5.45670140e-03  -1.10700701e-03    3.84673618e-04    1.80238547e-04 
    6.26612726e-03    7.79569081e-03    6.95236449e-03    9.15621326e-03 
    8.41632238e-03    8.10263900e-03  -4.59169297e-03    3.38634943e-03 
    1.63069838e-02    1.22789368e-02    4.99195240e-03    6.20960651e-03 
    3.27675664e-03    6.92100484e-03    5.52860468e-03  -1.13951225e-03 
    2.00307899e-02    1.66580124e-02    9.17260416e-03    1.17128196e-02 
    3.53170907e-05    1.12604222e-02    4.59139795e-03    2.34179759e-02 
    2.13987610e-02    1.57340897e-02    3.77500528e-02]
[0.04749611  0.05476557  0.03799061  0.05249697  0.04250818  0.04422904 
  0.03226126  0.03350792  0.05172038  0.05676889  0.04810174  0.0370685 
  0.03427056  0.02721589  0.03427445  0.03561017  0.03805662  0.03709395 
  0.05025399  0.03730074  0.02234696  0.027012      0.02939208  0.03524384 
  0.04039599  0.03657908  0.02633061  0.04425785  0.01220496  0.02661667 
  0.02651226  0.028412      0.03935178  0.02598668  0.03278532  0.02611327 
  0.02636785  0.02299714  0.03063488]
[  0.00020288  -0.00516809  -0.00625908  -0.01743302  -0.00686874  -0.00627409 
  -0.00220404  -0.00135161  -0.01251572  -0.0086356    -0.00217583    0.00868989 
    0.00243923    0.00716149    0.00146822  -0.0020544    -0.00348353    0.00187846 
    0.00151718    0.00335853    0.00136164    0.00192003    0.00908447    0.00283371 
    0.00237752    0.00280729    0.01326924    0.00265165    0.00780795  -0.00269338 
    0.0070041      0.00688617    0.00643643    0.00698204    0.00745381  -0.00465341 
  -0.00091805    0.00757636  -0.02343312]
[0.04749611  0.05476557  0.03799061  0.05249697  0.04250818  0.04422904 
  0.03226126  0.03350792  0.05172038  0.05676889  0.04810174  0.0370685 
  0.03427056  0.02721589  0.03427445  0.03561017  0.03805662  0.03709395 
  0.05025399  0.03730074  0.02234696  0.027012      0.02939208  0.03524384 
  0.04039599  0.03657908  0.02633061  0.04425785  0.01220496  0.02661667 
  0.02651226  0.028412      0.03935178  0.02598668  0.03278532  0.02611327 
  0.02636785  0.02299714  0.03063488]
[-0.08895496  -0.09272742  -0.08334384  -0.08943522  -0.06778529  -0.06996754 
  -0.07381778  -0.07428843  -0.09906949  -0.10619811  -0.09193268  -0.07093202 
  -0.06929175  -0.05292998  -0.06042338  -0.07727066  -0.08123558  -0.07929084 
  -0.0919288    -0.06831282  -0.05874987  -0.06028052  -0.06145338  -0.07152145 
  -0.08082869  -0.07295741  -0.0565286    -0.08390796  -0.04345266  -0.06715388 
  -0.0485146    -0.06097101  -0.07537167  -0.05787716  -0.06525121  -0.0657924 
  -0.05841468  -0.04470191  -0.06446318]
[  3.28568724e-04  -7.60082851e-03    5.45593486e-03  -5.26826719e-03 
  -8.05100624e-03  -8.95926477e-03    6.41584286e-03    5.77797416e-03 
    2.20184725e-05  -3.00766333e-03  -1.15526189e-03    5.90055303e-04 
    4.19025491e-03    5.05792072e-03    4.02007121e-03    5.13090034e-03 
    4.44887053e-03  -4.42372085e-03  -7.14716418e-04    2.18629390e-03 
    9.03037746e-03    6.71166629e-03    3.86388312e-03    1.06803428e-03 
  -1.37580656e-03  -3.74914666e-03  -2.42226257e-05    1.03177388e-03 
    9.22100947e-03    6.71039587e-03    3.87336104e-03  -5.96830467e-03 
    4.13695468e-04  -1.32316024e-03  -1.81979419e-04  -7.99928226e-03 
  -1.13124161e-02  -7.57731287e-03  -2.19865410e-02]
[  0.00020288  -0.00516809  -0.00625908  -0.01743302  -0.00686874  -0.00627409 
  -0.00220404  -0.00135161  -0.01251572  -0.0086356    -0.00217583    0.00868989 
    0.00243923    0.00716149    0.00146822  -0.0020544    -0.00348353    0.00187846 
    0.00151718    0.00335853    0.00136164    0.00192003    0.00908447    0.00283371 
    0.00237752    0.00280729    0.01326924    0.00265165    0.00780795  -0.00269338 
    0.0070041      0.00688617    0.00643643    0.00698204    0.00745381  -0.00465341 
  -0.00091805    0.00757636  -0.02343312]
[  3.28568724e-04  -7.60082851e-03    5.45593486e-03  -5.26826719e-03 
  -8.05100624e-03  -8.95926477e-03    6.41584286e-03    5.77797416e-03 
    2.20184725e-05  -3.00766333e-03  -1.15526189e-03    5.90055303e-04 
    4.19025491e-03    5.05792072e-03    4.02007121e-03    5.13090034e-03 
    4.44887053e-03  -4.42372085e-03  -7.14716418e-04    2.18629390e-03 
    9.03037746e-03    6.71166629e-03    3.86388312e-03    1.06803428e-03 
  -1.37580656e-03  -3.74914666e-03  -2.42226257e-05    1.03177388e-03 
    9.22100947e-03    6.71039587e-03    3.87336104e-03  -5.96830467e-03 
    4.13695468e-04  -1.32316024e-03  -1.81979419e-04  -7.99928226e-03 
  -1.13124161e-02  -7.57731287e-03  -2.19865410e-02]
[0.09105456  0.0931828    0.07258811  0.07856212  0.05569802  0.0596169 
  0.06190609  0.064161      0.09361279  0.10730512  0.09154801  0.07075178 
  0.06302562  0.04513429  0.05347101  0.06811445  0.07281926  0.0711882 
  0.09652049  0.06492647  0.04244289  0.04800159  0.05646143  0.06531184 
  0.07755193  0.0660364    0.051            0.08504747  0.02342187  0.05049587 
  0.039342      0.04925819  0.07533635  0.04661673  0.06065981  0.04237443 
  0.03701592  0.02896782  0.02671313]
increment_80
[-0.00275707  -0.00195387    0.01109977    0.01169596    0.01340326    0.01173212 
    0.01311125    0.01085869    0.0056661    -0.00166619    0.00025425  -0.00045896 
    0.00650001    0.0080369      0.00776846    0.00980514    0.00894869    0.0087672 
  -0.00566868    0.00375969    0.01807976    0.01347201    0.00472522    0.00655613 
    0.003253        0.00784369    0.00617921  -0.00099436    0.0225158      0.01897866 
    0.01014429    0.01290829  -0.00030596    0.01406986    0.00636222    0.02750573 
    0.02510864    0.01915913    0.04340232]
[0.05451657  0.06268365  0.04501672  0.05997397  0.04722467  0.05008019 
  0.03853732  0.03934307  0.06004586  0.06474638  0.05402346  0.04293755 
  0.04021282  0.03252336  0.03983411  0.04179458  0.04523709  0.04193947 
  0.05796438  0.04331674  0.02626432  0.03159986  0.03529413  0.04182973 
  0.0455255    0.04252285  0.03058496  0.05022778  0.01497765  0.03108507 
  0.03092637  0.03230434  0.0453836    0.03068536  0.03760181  0.02942778 
  0.03073967  0.02695524  0.035593    ]
[  0.00058945  -0.00433129  -0.00663731  -0.01820538  -0.00558567  -0.006179 
  -0.00287854  -0.00112224  -0.01392575  -0.008892      -0.00117404    0.01016201 
    0.00302574    0.00834346    0.00172095  -0.00205572  -0.00428157    0.00326913 
    0.00172049    0.00365348    0.00220783    0.00279595    0.0104405      0.00311342 
    0.00397425    0.0031295      0.01505631    0.00318007    0.00891861  -0.00261209 
    0.00858606    0.00917271    0.00750011    0.00633084    0.00782397  -0.00476787 
  -0.00169412    0.00751235  -0.02711512]
[0.05451657  0.06268365  0.04501672  0.05997397  0.04722467  0.05008019 
  0.03853732  0.03934307  0.06004586  0.06474638  0.05402346  0.04293755 
  0.04021282  0.03252336  0.03983411  0.04179458  0.04523709  0.04193947 
  0.05796438  0.04331674  0.02626432  0.03159986  0.03529413  0.04182973 
  0.0455255    0.04252285  0.03058496  0.05022778  0.01497765  0.03108507 
  0.03092637  0.03230434  0.0453836    0.03068536  0.03760181  0.02942778 
  0.03073967  0.02695524  0.035593    ]
[-0.10115836  -0.10421779  -0.09644742  -0.10125237  -0.07493247  -0.07869223 
  -0.08650404  -0.08561874  -0.11333953  -0.11987697  -0.1024733    -0.08120511 
  -0.08017435  -0.06221018  -0.06957292  -0.08920472  -0.09480605  -0.08886591 
  -0.1050313    -0.07856818  -0.06753448  -0.06873667  -0.0721709    -0.08336432 
  -0.09022999  -0.08388967  -0.06507577  -0.09500621  -0.05094593  -0.0767964 
  -0.05558536  -0.06755485  -0.08594368  -0.06715093  -0.07440246  -0.07273005 
  -0.06589266  -0.05171029  -0.07404846]
[  0.00053947  -0.00823471    0.00576967  -0.00647694  -0.0086263    -0.00998351 
    0.00710284    0.00648717  -0.0003132    -0.00343509  -0.00088137    0.00117796 
    0.00476139    0.00564773    0.00464966    0.00573842    0.00471296  -0.00448909 
  -0.00067901    0.00270132    0.01028925    0.00753326    0.00429871    0.00079477 
  -0.0009041    -0.00430184    0.00067498    0.00166386    0.01066651    0.0067422 
    0.00399817  -0.0068587      0.00076854  -0.00150976  -0.00036618  -0.010209 
  -0.013421      -0.00934416  -0.02592853]
[  0.00058945  -0.00433129  -0.00663731  -0.01820538  -0.00558567  -0.006179 
  -0.00287854  -0.00112224  -0.01392575  -0.008892      -0.00117404    0.01016201 
    0.00302574    0.00834346    0.00172095  -0.00205572  -0.00428157    0.00326913 
    0.00172049    0.00365348    0.00220783    0.00279595    0.0104405      0.00311342 
    0.00397425    0.0031295      0.01505631    0.00318007    0.00891861  -0.00261209 
    0.00858606    0.00917271    0.00750011    0.00633084    0.00782397  -0.00476787 
  -0.00169412    0.00751235  -0.02711512]
[  0.00053947  -0.00823471    0.00576967  -0.00647694  -0.0086263    -0.00998351 
    0.00710284    0.00648717  -0.0003132    -0.00343509  -0.00088137    0.00117796 
    0.00476139    0.00564773    0.00464966    0.00573842    0.00471296  -0.00448909 
  -0.00067901    0.00270132    0.01028925    0.00753326    0.00429871    0.00079477 
  -0.0009041    -0.00430184    0.00067498    0.00166386    0.01066651    0.0067422 
    0.00399817  -0.0068587      0.00076854  -0.00150976  -0.00036618  -0.010209 
  -0.013421      -0.00934416  -0.02592853]
[0.10391543  0.10617166  0.08534765  0.08955641  0.06152921  0.06696011 
  0.07339279  0.07476005  0.10767343  0.12154315  0.10221905  0.08166407 
  0.07367434  0.05417328  0.06180446  0.07939958  0.08585737  0.0800987 
  0.11069998  0.07480849  0.04945473  0.05526466  0.06744568  0.07680819 
  0.08697699  0.07604597  0.05889656  0.09600057  0.02843013  0.05781774 
  0.04544107  0.05464656  0.08624964  0.05308107  0.06804024  0.04522432 
  0.04078402  0.03255117  0.03064614]
increment_90
[-3.48504492e-03  -3.67851867e-03    1.10718977e-02    1.23304763e-02 
    1.45085244e-02    1.29637831e-02    1.38354483e-02    1.12747155e-02 
    5.80060770e-03  -2.32244999e-03    4.64994143e-05  -1.17625830e-03 
    6.53796471e-03    8.04544181e-03    8.46581678e-03    1.00655000e-02 
    9.02460150e-03    9.15436469e-03  -6.90276456e-03    3.95806907e-03 
    1.97172435e-02    1.45514744e-02    4.32514441e-03    6.85605775e-03 
    3.15367624e-03    8.72097771e-03    6.83065245e-03  -6.98019860e-04 
    2.49101986e-02    2.11119430e-02    1.10711623e-02    1.39301172e-02 
  -6.92812199e-04    1.70965025e-02    8.34538267e-03    3.17307570e-02 
    2.89353930e-02    2.27909667e-02    4.90329642e-02]
[0.06152374  0.07058441  0.05228974  0.06722469  0.05174139  0.05579264 
  0.04540287  0.04550916  0.06833498  0.07267798  0.05990341  0.04871702 
  0.04637727  0.03821469  0.04562227  0.04821935  0.05282042  0.04687136 
  0.06569891  0.04952973  0.03040424  0.03637183  0.04153875  0.04856923 
  0.05058314  0.04864329  0.03500101  0.05592901  0.01799809  0.03572749 
  0.03534743  0.03632431  0.05150671  0.03558877  0.04237645  0.03261111 
  0.03529833  0.03123453  0.04073161]
[  1.03600265e-03  -3.40196008e-03  -6.76533951e-03  -1.84981546e-02 
  -3.86463084e-03  -5.76463570e-03  -3.45672799e-03  -7.87428818e-04 
  -1.51666960e-02  -8.98961743e-03  -9.42485827e-05    1.17282631e-02 
    3.63245290e-03    9.44373737e-03    1.92731916e-03  -1.80211877e-03 
  -4.84998786e-03    4.81563092e-03    1.99806791e-03    3.98032457e-03 
    3.07896430e-03    3.72350347e-03    1.15991216e-02    3.38041323e-03 
    5.66101271e-03    3.42255698e-03    1.66633252e-02    3.79437197e-03 
    1.00224460e-02  -2.21095903e-03    1.03142781e-02    1.15805743e-02 
    8.52433625e-03    5.36641704e-03    8.07780329e-03  -4.84768610e-03 
  -2.70464218e-03    7.04898424e-03  -3.08292857e-02]
[0.06152374  0.07058441  0.05228974  0.06722469  0.05174139  0.05579264 
  0.04540287  0.04550916  0.06833498  0.07267798  0.05990341  0.04871702 
  0.04637727  0.03821469  0.04562227  0.04821935  0.05282042  0.04687136 
  0.06569891  0.04952973  0.03040424  0.03637183  0.04153875  0.04856923 
  0.05058314  0.04864329  0.03500101  0.05592901  0.01799809  0.03572749 
  0.03534743  0.03632431  0.05150671  0.03558877  0.04237645  0.03261111 
  0.03529833  0.03123453  0.04073161]
[-0.11311837  -0.11560489  -0.10946389  -0.11262435  -0.08197949  -0.08728949 
  -0.09963071  -0.09711164  -0.12723444  -0.13323926  -0.11273828  -0.091137 
  -0.09109203  -0.07210269  -0.07902615  -0.10104531  -0.10840903  -0.09820595 
  -0.11788967  -0.08906363  -0.07650376  -0.07721659  -0.0832817    -0.09519115 
  -0.09930618  -0.0947819    -0.07383235  -0.10563567  -0.05874345  -0.08608428 
  -0.06257553  -0.07417063  -0.09650744  -0.07652686  -0.08335453  -0.07937292 
  -0.07335219  -0.0591649    -0.08376168]
[  0.00082211  -0.00858153    0.00602329  -0.00744841  -0.00885433  -0.0107416 
    0.00758123    0.00713553  -0.00066775  -0.00377626  -0.00046963    0.00191661 
    0.00532102    0.00620922    0.00525686    0.00629597    0.00479429  -0.00426983 
  -0.00056907    0.00321165    0.01155221    0.00825921    0.00478172    0.00050398 
  -0.00026563  -0.00482094    0.00154264    0.00248452    0.01206312    0.00640674 
    0.00410457  -0.00770424    0.00118647  -0.0017907    -0.00049014  -0.01249181 
  -0.01567206  -0.01130201  -0.03017696]
[  1.03600265e-03  -3.40196008e-03  -6.76533951e-03  -1.84981546e-02 
  -3.86463084e-03  -5.76463570e-03  -3.45672799e-03  -7.87428818e-04 
  -1.51666960e-02  -8.98961743e-03  -9.42485827e-05    1.17282631e-02 
    3.63245290e-03    9.44373737e-03    1.92731916e-03  -1.80211877e-03 
  -4.84998786e-03    4.81563092e-03    1.99806791e-03    3.98032457e-03 
    3.07896430e-03    3.72350347e-03    1.15991216e-02    3.38041323e-03 
    5.66101271e-03    3.42255698e-03    1.66633252e-02    3.79437197e-03 
    1.00224460e-02  -2.21095903e-03    1.03142781e-02    1.15805743e-02 
    8.52433625e-03    5.36641704e-03    8.07780329e-03  -4.84768610e-03 
  -2.70464218e-03    7.04898424e-03  -3.08292857e-02]
[  0.00082211  -0.00858153    0.00602329  -0.00744841  -0.00885433  -0.0107416 
    0.00758123    0.00713553  -0.00066775  -0.00377626  -0.00046963    0.00191661 
    0.00532102    0.00620922    0.00525686    0.00629597    0.00479429  -0.00426983 
  -0.00056907    0.00321165    0.01155221    0.00825921    0.00478172    0.00050398 
  -0.00026563  -0.00482094    0.00154264    0.00248452    0.01206312    0.00640674 
    0.00410457  -0.00770424    0.00118647  -0.0017907    -0.00049014  -0.01249181 
  -0.01567206  -0.01130201  -0.03017696]
[0.11660341  0.11928341  0.09839199  0.10029387  0.06747097  0.07432571 
  0.08579526  0.08583693  0.12143383  0.13556171  0.11269178  0.09231325 
  0.08455406  0.06405725  0.07056033  0.09097981  0.09938443  0.08905158 
  0.12479243  0.08510556  0.05678652  0.06266512  0.07895655  0.0883351 
  0.0961525    0.08606093  0.0670017    0.10633369  0.03383325  0.06497234 
  0.05150437  0.06024051  0.09720025  0.05943036  0.07500915  0.04764216 
  0.04441679  0.03637394  0.03472872]
increment_100
[-0.00421197  -0.00552322    0.01070825    0.0128199      0.01537247    0.01397663 
    0.01405377    0.01138202    0.00588214  -0.00306849  -0.00024257  -0.00193334 
    0.00640308    0.00784207    0.00902317    0.00994776    0.00866142    0.0092997 
  -0.00825621    0.0039881      0.0211508      0.01551274    0.0038005      0.00712282 
    0.00302532    0.00946902    0.00756118  -0.00028089    0.02715891    0.02302662 
    0.01195819    0.0147423    -0.00116722    0.02022173    0.01038758    0.03607118 
    0.03279812    0.0265927      0.05469159]
[0.06846946  0.07829658  0.05970015  0.07412343  0.05609419  0.06147426 
  0.05282896  0.05204821  0.07657017  0.08046958  0.06578509  0.0543941 
  0.05275411  0.04429492  0.05174059  0.05483714  0.06070033  0.05201838 
  0.07337442  0.05585766  0.03481965  0.04133059  0.04802198  0.05542026 
  0.05557752  0.05491558  0.03956561  0.06143375  0.02128984  0.04046808 
  0.03973844  0.04049333  0.05778555  0.04068664  0.04716605  0.03566983 
  0.04004553  0.03577654  0.04599824]
[  0.00155659  -0.00235686  -0.00663025  -0.01827874  -0.00174028  -0.00505858 
  -0.00390579  -0.00041922  -0.01625861  -0.00889527    0.00102531    0.01334348 
    0.00423423    0.01042566    0.00201213  -0.00129986  -0.00512342    0.00637236 
    0.00235905    0.00438524    0.00398641    0.00471743    0.01264095    0.0036573 
    0.00740621    0.00376405    0.01802438    0.00446065    0.01116988  -0.00144089 
    0.01219174    0.01405588    0.00948234    0.00420571    0.00832103  -0.00487892 
  -0.00388436    0.00626585  -0.03453805]
[0.06846946  0.07829658  0.05970015  0.07412343  0.05609419  0.06147426 
  0.05282896  0.05204821  0.07657017  0.08046958  0.06578509  0.0543941 
  0.05275411  0.04429492  0.05174059  0.05483714  0.06070033  0.05201838 
  0.07337442  0.05585766  0.03481965  0.04133059  0.04802198  0.05542026 
  0.05557752  0.05491558  0.03956561  0.06143375  0.02128984  0.04046808 
  0.03973844  0.04049333  0.05778555  0.04068664  0.04716605  0.03566983 
  0.04004553  0.03577654  0.04599824]
[-0.12472499  -0.12661019  -0.12223909  -0.12335965  -0.08900167  -0.09592023 
  -0.11309483  -0.10885324  -0.14073849  -0.14613365  -0.1227806    -0.1007443 
  -0.10202022  -0.08260023  -0.08895605  -0.11271795  -0.12185599  -0.10750922 
  -0.13039632  -0.09963386  -0.08566922  -0.08576083  -0.09459057  -0.10691643 
  -0.10803712  -0.10550093  -0.08285111  -0.11590779  -0.06683145  -0.09496631 
  -0.06941938  -0.0809196    -0.10717475  -0.08594426  -0.09215464  -0.08589121 
  -0.08080423  -0.06699817  -0.0935611  ]
[  1.17327240e-03  -8.60604556e-03    6.28617240e-03  -8.06244354e-03 
  -8.69670786e-03  -1.12217758e-02    7.86053915e-03    7.71559770e-03 
  -1.01951993e-03  -3.95918412e-03    7.59046734e-05    2.80940574e-03 
    5.87522730e-03    6.74240443e-03    5.80272084e-03    6.84800666e-03 
    4.75028869e-03  -3.82637116e-03  -3.45898770e-04    3.74772451e-03 
    1.27942589e-02    8.85767676e-03    5.32835069e-03    2.13688015e-04 
    5.22277445e-04  -5.22372797e-03    2.55559334e-03    3.47259612e-03 
    1.33481706e-02    5.87905625e-03    4.24984173e-03  -8.33905949e-03 
    1.66808509e-03  -2.11269464e-03  -5.50777021e-04  -1.48398750e-02 
  -1.80256968e-02  -1.34437263e-02  -3.47955059e-02]
[  0.00155659  -0.00235686  -0.00663025  -0.01827874  -0.00174028  -0.00505858 
  -0.00390579  -0.00041922  -0.01625861  -0.00889527    0.00102531    0.01334348 
    0.00423423    0.01042566    0.00201213  -0.00129986  -0.00512342    0.00637236 
    0.00235905    0.00438524    0.00398641    0.00471743    0.01264095    0.0036573 
    0.00740621    0.00376405    0.01802438    0.00446065    0.01116988  -0.00144089 
    0.01219174    0.01405588    0.00948234    0.00420571    0.00832103  -0.00487892 
  -0.00388436    0.00626585  -0.03453805]
[  1.17327240e-03  -8.60604556e-03    6.28617240e-03  -8.06244354e-03 
  -8.69670786e-03  -1.12217758e-02    7.86053915e-03    7.71559770e-03 
  -1.01951993e-03  -3.95918412e-03    7.59046734e-05    2.80940574e-03 
    5.87522730e-03    6.74240443e-03    5.80272084e-03    6.84800666e-03 
    4.75028869e-03  -3.82637116e-03  -3.45898770e-04    3.74772451e-03 
    1.27942589e-02    8.85767676e-03    5.32835069e-03    2.13688015e-04 
    5.22277445e-04  -5.22372797e-03    2.55559334e-03    3.47259612e-03 
    1.33481706e-02    5.87905625e-03    4.24984173e-03  -8.33905949e-03 
    1.66808509e-03  -2.11269464e-03  -5.50777021e-04  -1.48398750e-02 
  -1.80256968e-02  -1.34437263e-02  -3.47955059e-02]
[0.12893697  0.1321334    0.11153084  0.11053975  0.07362921  0.0819436 
  0.09904106  0.09747121  0.13485634  0.14920214  0.12302317  0.10267764 
  0.09561714  0.07475816  0.07993287  0.10277018  0.11319457  0.09820952 
  0.13865253  0.09564576  0.06451842  0.07024808  0.09079006  0.09979361 
  0.1050118    0.09603191  0.07528993  0.11618868  0.03967254  0.07193969 
  0.05746118  0.0661773    0.10834197  0.06572253  0.08176706  0.04982003 
  0.0480061    0.04040548  0.03886951]
increment_110
[-0.00475678  -0.00733453    0.01005361    0.0131452      0.01591145    0.01469829 
    0.01377087    0.0111679      0.005914      -0.00391025  -0.00060691  -0.00268641 
    0.00611337    0.00745524    0.00943653    0.0095162      0.0079834      0.00931101 
  -0.00964757    0.00387682    0.02235427    0.01636718    0.00317066    0.00735315 
    0.00294298    0.01004385    0.00843079    0.0002978      0.02920315    0.02474264 
    0.01281904    0.01534222  -0.00179049    0.02337084    0.01239704    0.04050206 
    0.03664423    0.03056109    0.06043202]
[0.07528834  0.08567107  0.06709861  0.08061275  0.06032626  0.06718107 
  0.06076817  0.05900473  0.08472805  0.08807154  0.07172427  0.05998611 
  0.05934999  0.0507473    0.05828388  0.06154268  0.06869932  0.05750026 
  0.08088597  0.06222398  0.03952408  0.04646089  0.05458222  0.06237112 
  0.06054856  0.06125408  0.04431181  0.06679339  0.0248325    0.04519841 
  0.04405241  0.04482432  0.06431257  0.04602807  0.05203445  0.03863922 
  0.04493632  0.04046694  0.05126194]
[  2.13360715e-03  -1.20048715e-03  -6.18917492e-03  -1.75445340e-02 
    7.97486136e-04  -4.06339441e-03  -4.21301524e-03  -6.27514776e-05 
  -1.71926032e-02  -8.60026436e-03    2.13991416e-03    1.49454958e-02 
    4.80205331e-03    1.12700639e-02    1.89746409e-03  -5.57341479e-04 
  -5.08871435e-03    7.77885512e-03    2.81729732e-03    4.89167855e-03 
    4.92752839e-03    5.80334045e-03    1.36764810e-02    3.94468134e-03 
    9.14426103e-03    4.23548590e-03    1.90692881e-02    5.10287915e-03 
    1.24589036e-02  -2.97560597e-04    1.42131231e-02    1.65329493e-02 
    1.03427260e-02    2.88830506e-03    8.62860623e-03  -4.87268470e-03 
  -5.15098096e-03    5.24941923e-03  -3.81793039e-02]
[0.07528834  0.08567107  0.06709861  0.08061275  0.06032626  0.06718107 
  0.06076817  0.05900473  0.08472805  0.08807154  0.07172427  0.05998611 
  0.05934999  0.0507473    0.05828388  0.06154268  0.06869932  0.05750026 
  0.08088597  0.06222398  0.03952408  0.04646089  0.05458222  0.06237112 
  0.06054856  0.06125408  0.04431181  0.06679339  0.0248325    0.04519841 
  0.04405241  0.04482432  0.06431257  0.04602807  0.05203445  0.03863922 
  0.04493632  0.04046694  0.05126194]
[-0.13578835  -0.13702694  -0.1345661    -0.13339863  -0.09611053  -0.10469298 
  -0.12680465  -0.1209112    -0.1538172    -0.15847474  -0.13266603  -0.11010139 
  -0.11302866  -0.09363539  -0.09949926  -0.12410309  -0.1350245    -0.11698042 
  -0.14244197  -0.11013095  -0.09498044  -0.09435538  -0.10581481  -0.11849669 
  -0.11641639  -0.11593119  -0.09225632  -0.12596579  -0.07511115  -0.10336309 
  -0.07602757  -0.08782416  -0.11809183  -0.09544654  -0.10081383  -0.0924186 
  -0.08819098  -0.07501721  -0.10329577]
[  1.51617521e-03  -8.29639962e-03    6.65999253e-03  -8.19928078e-03 
  -8.07675310e-03  -1.13712267e-02    7.97170933e-03    8.21084629e-03 
  -1.33774424e-03  -3.91465073e-03    7.38567294e-04    3.83998431e-03 
    6.42483444e-03    7.24455273e-03    6.23941011e-03    7.46916696e-03 
    4.72488415e-03  -3.29926397e-03    3.88114767e-05    4.34678964e-03 
    1.40074919e-02    9.29993054e-03    5.97777779e-03  -6.61403798e-05 
    1.42604046e-03  -5.43651801e-03    3.68250690e-03    4.60954110e-03 
    1.44438162e-02    5.37645609e-03    4.48247798e-03  -8.63558344e-03 
    2.20672842e-03  -2.48722752e-03  -6.31453765e-04  -1.72470361e-02 
  -2.04434939e-02  -1.57674508e-02  -3.97145467e-02]
[  2.13360715e-03  -1.20048715e-03  -6.18917492e-03  -1.75445340e-02 
    7.97486136e-04  -4.06339441e-03  -4.21301524e-03  -6.27514776e-05 
  -1.71926032e-02  -8.60026436e-03    2.13991416e-03    1.49454958e-02 
    4.80205331e-03    1.12700639e-02    1.89746409e-03  -5.57341479e-04 
  -5.08871435e-03    7.77885512e-03    2.81729732e-03    4.89167855e-03 
    4.92752839e-03    5.80334045e-03    1.36764810e-02    3.94468134e-03 
    9.14426103e-03    4.23548590e-03    1.90692881e-02    5.10287915e-03 
    1.24589036e-02  -2.97560597e-04    1.42131231e-02    1.65329493e-02 
    1.03427260e-02    2.88830506e-03    8.62860623e-03  -4.87268470e-03 
  -5.15098096e-03    5.24941923e-03  -3.81793039e-02]
[  1.51617521e-03  -8.29639962e-03    6.65999253e-03  -8.19928078e-03 
  -8.07675310e-03  -1.13712267e-02    7.97170933e-03    8.21084629e-03 
  -1.33774424e-03  -3.91465073e-03    7.38567294e-04    3.83998431e-03 
    6.42483444e-03    7.24455273e-03    6.23941011e-03    7.46916696e-03 
    4.72488415e-03  -3.29926397e-03    3.88114767e-05    4.34678964e-03 
    1.40074919e-02    9.29993054e-03    5.97777779e-03  -6.61403798e-05 
    1.42604046e-03  -5.43651801e-03    3.68250690e-03    4.60954110e-03 
    1.44438162e-02    5.37645609e-03    4.48247798e-03  -8.63558344e-03 
    2.20672842e-03  -2.48722752e-03  -6.31453765e-04  -1.72470361e-02 
  -2.04434939e-02  -1.57674508e-02  -3.97145467e-02]
[0.14054513  0.14436147  0.12451249  0.12025343  0.08019908  0.08999469 
  0.11303378  0.1097433    0.1479032    0.162385      0.13327294  0.11278779 
  0.10691529  0.08618015  0.09006274  0.11458689  0.1270411    0.10766942 
  0.15208953  0.10625413  0.07262617  0.0779882    0.10264415  0.11114353 
  0.11347341  0.10588734  0.08382554  0.125668      0.045908      0.07862045 
  0.06320853  0.07248194  0.11988232  0.0720757    0.08841679  0.05191654 
  0.05154674  0.04445612  0.04286375]
increment_120
[-0.00511849  -0.00909045    0.00923286    0.01326681    0.01610828    0.01513691 
    0.01309005    0.0106742      0.005944      -0.00486214  -0.0010042    -0.00342874 
    0.00568132    0.00693217    0.00973199    0.00888044    0.00710657    0.00929071 
  -0.01098811    0.00366244    0.02335555    0.01712691    0.00244553    0.00752121 
    0.00296445    0.01044068    0.00941633    0.0011043      0.03102933    0.02627162 
    0.0136507      0.01575227  -0.00260198    0.02652364    0.01436988    0.04498833 
    0.04045997    0.03469896    0.0662774  ]
[0.08215174  0.09287271  0.07433618  0.08690474  0.06458669  0.0729885 
  0.06898446  0.06627993  0.09275999  0.09559493  0.07779428  0.06560045 
  0.06610091  0.05744252  0.06523413  0.06823307  0.0766926    0.0633572 
  0.08821066  0.06861706  0.04442418  0.05172003  0.06112192  0.06948508 
  0.06558957  0.06762497  0.04930777  0.07206711  0.02853753  0.04987652 
  0.04829971  0.04936962  0.071166      0.05172582  0.0570334    0.041621 
  0.0499275    0.04522019  0.05642083]
[  2.64792539e-03  -1.44405568e-05  -5.48542520e-03  -1.64804824e-02 
    3.62694316e-03  -2.87330725e-03  -4.32511040e-03    3.09368938e-04 
  -1.79728778e-02  -8.18501541e-03    3.18604727e-03    1.64669704e-02 
    5.37978572e-03    1.20416756e-02    1.58811056e-03    3.81670465e-04 
  -4.83957612e-03    8.96234578e-03    3.35338445e-03    5.47235012e-03 
    5.95397507e-03    7.00505874e-03    1.47563176e-02    4.19475281e-03 
    1.07713273e-02    4.85536040e-03    1.97957783e-02    5.64342895e-03 
    1.40015315e-02    1.14077811e-03    1.63585056e-02    1.89391197e-02 
    1.10714865e-02    1.39229354e-03    9.02386905e-03  -4.86527390e-03 
  -6.44276932e-03    4.07643027e-03  -4.17052729e-02]
[0.08215174  0.09287271  0.07433618  0.08690474  0.06458669  0.0729885 
  0.06898446  0.06627993  0.09275999  0.09559493  0.07779428  0.06560045 
  0.06610091  0.05744252  0.06523413  0.06823307  0.0766926    0.0633572 
  0.08821066  0.06861706  0.04442418  0.05172003  0.06112192  0.06948508 
  0.06558957  0.06762497  0.04930777  0.07206711  0.02853753  0.04987652 
  0.04829971  0.04936962  0.071166      0.05172582  0.0570334    0.041621 
  0.0499275    0.04522019  0.05642083]
[-0.14660149  -0.14701065  -0.14632157  -0.14308987  -0.1034231    -0.1136976 
  -0.14044157  -0.13313776  -0.16646208  -0.17044621  -0.14249987  -0.11941115 
  -0.12408682  -0.10493232  -0.11057695  -0.13513887  -0.14789252  -0.12670523 
  -0.15406502  -0.12052499  -0.10420561  -0.10292304  -0.1167913    -0.13003706 
  -0.12461657  -0.12611721  -0.10215163  -0.13599082  -0.0834082    -0.1113086 
  -0.08242404  -0.09494379  -0.12938275  -0.1051746    -0.10936071  -0.09911101 
  -0.09545605  -0.08309192  -0.11283461]
[  0.00173624  -0.00778063    0.00723761  -0.00791921  -0.00703195  -0.01121847 
    0.00803167    0.00866412  -0.00156701  -0.003677        0.00148942    0.00496733 
    0.00700683    0.00775187    0.00655777    0.00823321    0.00484864  -0.00280821 
    0.00059356    0.00502719    0.01522591    0.00964207    0.00675356  -0.00035597 
    0.00242514  -0.00542704    0.0048753      0.00588222    0.01533801    0.00508041 
    0.00483221  -0.00857136    0.00277571  -0.00303519  -0.00084646  -0.01970212 
  -0.02290323  -0.01826823  -0.04481217]
[  2.64792539e-03  -1.44405568e-05  -5.48542520e-03  -1.64804824e-02 
    3.62694316e-03  -2.87330725e-03  -4.32511040e-03    3.09368938e-04 
  -1.79728778e-02  -8.18501541e-03    3.18604727e-03    1.64669704e-02 
    5.37978572e-03    1.20416756e-02    1.58811056e-03    3.81670465e-04 
  -4.83957612e-03    8.96234578e-03    3.35338445e-03    5.47235012e-03 
    5.95397507e-03    7.00505874e-03    1.47563176e-02    4.19475281e-03 
    1.07713273e-02    4.85536040e-03    1.97957783e-02    5.64342895e-03 
    1.40015315e-02    1.14077811e-03    1.63585056e-02    1.89391197e-02 
    1.10714865e-02    1.39229354e-03    9.02386905e-03  -4.86527390e-03 
  -6.44276932e-03    4.07643027e-03  -4.17052729e-02]
[  0.00173624  -0.00778063    0.00723761  -0.00791921  -0.00703195  -0.01121847 
    0.00803167    0.00866412  -0.00156701  -0.003677        0.00148942    0.00496733 
    0.00700683    0.00775187    0.00655777    0.00823321    0.00484864  -0.00280821 
    0.00059356    0.00502719    0.01522591    0.00964207    0.00675356  -0.00035597 
    0.00242514  -0.00542704    0.0048753      0.00588222    0.01533801    0.00508041 
    0.00483221  -0.00857136    0.00277571  -0.00303519  -0.00084646  -0.01970212 
  -0.02290323  -0.01826823  -0.04481217]
[0.15171998  0.1561011    0.13708872  0.12982305  0.08731482  0.09856069 
  0.12735152  0.12246356  0.16051808  0.17530835  0.14350407  0.1228399 
  0.1184055    0.09800015  0.10084495  0.12625843  0.14078595  0.11741451 
  0.16505312  0.11686255  0.08085007  0.08579613  0.11434576  0.12251585 
  0.12165212  0.11567653  0.0927353    0.13488652  0.05237887  0.08503698 
  0.06877334  0.07919151  0.13198473  0.07865097  0.09499083  0.05412269 
  0.05499608  0.04839296  0.04655721]
