inc
eps_11
eps_12
eps_13
eps_21
eps_22
eps_23
eps_31
eps_32
eps_33
increment_0
[-2.22044605e-16  -2.22044605e-16  -2.22044605e-16  -2.22044605e-16 
  -2.22044605e-16  -2.22044605e-16  -2.22044605e-16  -2.22044605e-16 
  -2.22044605e-16]
[0.  0.  0.  0.  0.  0.  0.  0.  0.]
[0.  0.  0.  0.  0.  0.  0.  0.  0.]
[0.  0.  0.  0.  0.  0.  0.  0.  0.]
[-5.7342917e-17  -5.7342917e-17  -5.7342917e-17  -5.7342917e-17 
  -5.7342917e-17  -5.7342917e-17  -5.7342917e-17  -5.7342917e-17 
  -5.7342917e-17]
[-5.54809206e-17  -5.54809206e-17  -5.54809206e-17  -5.54809206e-17 
  -5.54809206e-17  -5.54809206e-17  -5.54809206e-17  -5.54809206e-17 
  -5.54809206e-17]
[0.  0.  0.  0.  0.  0.  0.  0.  0.]
[-5.54809206e-17  -5.54809206e-17  -5.54809206e-17  -5.54809206e-17 
  -5.54809206e-17  -5.54809206e-17  -5.54809206e-17  -5.54809206e-17 
  -5.54809206e-17]
[-5.36793854e-17  -5.36793854e-17  -5.36793854e-17  -5.36793854e-17 
  -5.36793854e-17  -5.36793854e-17  -5.36793854e-17  -5.36793854e-17 
  -5.36793854e-17]
increment_10
[-0.00334831  -0.00412707  -0.00333271  -0.00327898  -0.00452902  -0.00349446 
  -0.00438345  -0.00448884  -0.00328379]
[-0.0010807    -0.00150445  -0.00089073  -0.00078928  -0.00172746  -0.00151303 
  -0.00131758  -0.00099823  -0.00059285]
[0.00059514  0.00055901  0.00077341  0.00084728  0.00057024  0.00027992 
  0.00089931  0.0012484    0.00104586]
[-0.0010807    -0.00150445  -0.00089073  -0.00078928  -0.00172746  -0.00151303 
  -0.00131758  -0.00099823  -0.00059285]
[0.00118847  0.00112315  0.00154906  0.00169659  0.00107991  0.00047493 
  0.00175093  0.00249245  0.00209062]
[0.0016357    0.00132443  0.00163436  0.00156722  0.00121015  0.00170382 
  0.00124295  0.00106284  0.00159613]
[0.00059514  0.00055901  0.00077341  0.00084728  0.00057024  0.00027992 
  0.00089931  0.0012484    0.00104586]
[0.0016357    0.00132443  0.00163436  0.00156722  0.00121015  0.00170382 
  0.00124295  0.00106284  0.00159613]
[0.00215984  0.00300391  0.00178366  0.0015824    0.00344911  0.00301953 
  0.00263252  0.0019964    0.00119317]
increment_20
[-0.0073463    -0.00938731  -0.00744743  -0.00710069  -0.01075109  -0.00752207 
  -0.0096649    -0.00983413  -0.00712567]
[-0.00243194  -0.00334231  -0.00210358  -0.00160211  -0.00374536  -0.00330693 
  -0.00293193  -0.0020488    -0.00134499]
[0.00124144  0.00134857  0.00160909  0.00193265  0.00171406  0.0004815 
  0.00198689  0.00287433  0.00220203]
[-0.00243194  -0.00334231  -0.00210358  -0.00160211  -0.00374536  -0.00330693 
  -0.00293193  -0.0020488    -0.00134499]
[0.00248832  0.00272546  0.00323553  0.00387291  0.00329018  0.00093945 
  0.00381335  0.00572985  0.00440425]
[0.00358518  0.00265437  0.0035331    0.00345663  0.00207921  0.00365323 
  0.00253777  0.00220547  0.00348561]
[0.00124144  0.00134857  0.00160909  0.00193265  0.00171406  0.0004815 
  0.00198689  0.00287433  0.00220203]
[0.00358518  0.00265437  0.0035331    0.00345663  0.00207921  0.00365323 
  0.00253777  0.00220547  0.00348561]
[0.00485797  0.00666184  0.0042119    0.00322777  0.00746091  0.00658262 
  0.00585155  0.00410428  0.00272142]
increment_30
[-0.01142085  -0.01462202  -0.01177966  -0.01102916  -0.0168164    -0.01162665 
  -0.01491421  -0.01528703  -0.0110602  ]
[-0.00372682  -0.00518908  -0.00349638  -0.00239809  -0.00576694  -0.00503103 
  -0.00464952  -0.00318162  -0.00215897]
[0.00197487  0.00211102  0.00236845  0.00307803  0.00276576  0.00077761 
  0.00298481  0.0044748    0.00333281]
[-0.00372682  -0.00518908  -0.00349638  -0.00239809  -0.00576694  -0.00503103 
  -0.00464952  -0.00318162  -0.00215897]
[0.00397496  0.00429874  0.00478794  0.00617092  0.00533686  0.00163602 
  0.00564654  0.00890879  0.00667272]
[0.00556453  0.00407793  0.00540479  0.00540668  0.00309298  0.0056377 
  0.00395604  0.00338309  0.00543102]
[0.00197487  0.00211102  0.00236845  0.00307803  0.00276576  0.00077761 
  0.00298481  0.0044748    0.00333281]
[0.00556453  0.00407793  0.00540479  0.00540668  0.00309298  0.0056377 
  0.00395604  0.00338309  0.00543102]
[0.00744589  0.01032328  0.00699173  0.00485824  0.01147954  0.00999063 
  0.00926767  0.00637824  0.00438748]
increment_40
[-0.01555061  -0.01982689  -0.01620214  -0.01503514  -0.02277627  -0.01579537 
  -0.02010323  -0.02074277  -0.01507408]
[-0.00502439  -0.00709169  -0.00503232  -0.00317438  -0.0077345    -0.00675689 
  -0.00647913  -0.00437599  -0.00301      ]
[0.00272118  0.00279423  0.00302336  0.00427116  0.00376466  0.0010903 
  0.00387782  0.00601477  0.0044563  ]
[-0.00502439  -0.00709169  -0.00503232  -0.00317438  -0.0077345    -0.00675689 
  -0.00647913  -0.00437599  -0.00301      ]
[0.00551065  0.00574904  0.00615863  0.0085645    0.00732553  0.00240813 
  0.00720767  0.01196463  0.00893282]
[0.00756654  0.00558338  0.00730203  0.0073923    0.00421973  0.00765515 
  0.00549349  0.00463911  0.00741933]
[0.00272118  0.00279423  0.00302336  0.00427116  0.00376466  0.0010903 
  0.00387782  0.00601477  0.0044563  ]
[0.00756654  0.00558338  0.00730203  0.0073923    0.00421973  0.00765515 
  0.00549349  0.00463911  0.00741933]
[0.01003996  0.01407785  0.01004351  0.00647064  0.01545074  0.01338724 
  0.01289556  0.00877814  0.00614125]
increment_50
[-0.01972512  -0.02504604  -0.02062627  -0.01910868  -0.02874587  -0.02004205 
  -0.02525267  -0.02614483  -0.01916701]
[-0.00632007  -0.00907005  -0.00665937  -0.00393389  -0.00962331  -0.00851989 
  -0.00841846  -0.00561676  -0.00390338]
[0.00347265  0.00339967  0.00357411  0.0055037    0.0047358    0.00138814 
  0.00467533  0.00747762  0.00556853]
[-0.00632007  -0.00907005  -0.00665937  -0.00393389  -0.00962331  -0.00851989 
  -0.00841846  -0.00561676  -0.00390338]
[0.00709343  0.00708543  0.00736555  0.011036      0.00928946  0.00319633 
  0.00852525  0.01486855  0.01117535]
[0.00959044  0.00714204  0.00925376  0.00940716  0.00541384  0.00969989 
  0.00712794  0.00600369  0.00944641]
[0.00347265  0.00339967  0.00357411  0.0055037    0.0047358    0.00138814 
  0.00467533  0.00747762  0.00556853]
[0.00959044  0.00714204  0.00925376  0.00940716  0.00541384  0.00969989 
  0.00712794  0.00600369  0.00944641]
[0.01263169  0.01796061  0.01326072  0.00807268  0.01945641  0.01684573 
  0.01672741  0.01127628  0.00799166]
increment_60
[-0.02394376  -0.03029517  -0.02500334  -0.02324295  -0.03481811  -0.02438861 
  -0.03035502  -0.03149449  -0.02333568]
[-0.00759422  -0.01112822  -0.00832401  -0.00466847  -0.01142736  -0.01034385 
  -0.01044764  -0.00690148  -0.00484506]
[0.00425071  0.00392997  0.00404207  0.00678002  0.00565965  0.00165898 
  0.00540581  0.00886958  0.00667098]
[-0.00759422  -0.01112822  -0.00832401  -0.00466847  -0.01142736  -0.01034385 
  -0.01044764  -0.00690148  -0.00484506]
[0.00875775  0.00831865  0.00846547  0.01359158  0.01117365  0.00397744 
  0.00963125  0.01762604  0.01338628]
[0.01163522  0.00874078  0.01127057  0.0114468    0.00664434  0.01175586 
  0.00885357  0.00747202  0.01150823]
[0.00425071  0.00392997  0.00404207  0.00678002  0.00565965  0.00165898 
  0.00540581  0.00886958  0.00667098]
[0.01163522  0.00874078  0.01127057  0.0114468    0.00664434  0.01175586 
  0.00885357  0.00747202  0.01150823]
[0.01518601  0.02197652  0.01653787  0.00965137  0.02364446  0.02041116 
  0.02072377  0.01386845  0.0099494  ]
increment_70
[-0.02822033  -0.0356083    -0.02935023  -0.02743214  -0.04110485  -0.02888881 
  -0.03538016  -0.03676447  -0.02757897]
[-0.00885101  -0.01327459  -0.0100102    -0.00536718  -0.01322681  -0.01224987 
  -0.01254943  -0.00821756  -0.00584466]
[0.00506208  0.00439556  0.00445038  0.00810805  0.00650695  0.00191486 
  0.00610763  0.01019727  0.00778293]
[-0.00885101  -0.01327459  -0.0100102    -0.00536718  -0.01322681  -0.01224987 
  -0.01254943  -0.00821756  -0.00584466]
[0.0105069    0.00947031  0.0095064    0.01624279  0.01291422  0.00476681 
  0.01052865  0.02023071  0.01554395]
[0.01370484  0.01035668  0.01334364  0.01350712  0.00785887  0.01378271 
  0.01067685  0.00905246  0.01360285]
[0.00506208  0.00439556  0.00445038  0.00810805  0.00650695  0.00191486 
  0.00610763  0.01019727  0.00778293]
[0.01370484  0.01035668  0.01334364  0.01350712  0.00785887  0.01378271 
  0.01067685  0.00905246  0.01360285]
[0.01771344  0.02613799  0.01984383  0.01118935  0.02819062  0.02412199 
  0.02485151  0.01653376  0.01203502]
increment_80
[-0.03257639  -0.04108117  -0.03371456  -0.03166974  -0.04769176  -0.03359213 
  -0.04031921  -0.04192214  -0.03189636]
[-0.01013447  -0.01556677  -0.01174715  -0.00601724  -0.01515597  -0.01425852 
  -0.01474674  -0.00956212  -0.00689723]
[0.00587418  0.004797      0.00479582  0.00949717  0.00727148  0.00216856 
  0.00679084  0.01145112  0.00894502]
[-0.01013447  -0.01556677  -0.01174715  -0.00601724  -0.01515597  -0.01425852 
  -0.01474674  -0.00956212  -0.00689723]
[0.01228153  0.01053661  0.01048275  0.01900307  0.01449848  0.00557648 
  0.01117709  0.02265216  0.0176505  ]
[0.01580491  0.0119358    0.01545691  0.01558354  0.00899611  0.01573513 
  0.01259646  0.01076091  0.01572863]
[0.00587418  0.004797      0.00479582  0.00949717  0.00727148  0.00216856 
  0.00679084  0.01145112  0.00894502]
[0.01580491  0.0119358    0.01545691  0.01558354  0.00899611  0.01573513 
  0.01259646  0.01076091  0.01572863]
[0.02029486  0.03054457  0.02323181  0.01266667  0.03319328  0.02801565 
  0.02914212  0.01926997  0.01424587]
increment_90
[-0.0370324    -0.04683567  -0.0381216    -0.03595507  -0.05449779  -0.03843357 
  -0.04524118  -0.0469597    -0.03628934]
[-0.01149456  -0.01809032  -0.01355498  -0.00662498  -0.0172789    -0.01636376 
  -0.01710549  -0.01093186  -0.00799353]
[0.00664824  0.00512742  0.0050723    0.01094        0.00797501  0.00239163 
  0.00745277  0.01262289  0.01017223]
[-0.01149456  -0.01809032  -0.01355498  -0.00662498  -0.0172789    -0.01636376 
  -0.01710549  -0.01093186  -0.00799353]
[0.01401691  0.01149408  0.01138507  0.02185769  0.01597616  0.00635808 
  0.01154808  0.02488897  0.01972065]
[0.01793344  0.01340905  0.01759678  0.01767366  0.01006771  0.01763631 
  0.01457394  0.01260041  0.01788526]
[0.00664824  0.00512742  0.0050723    0.01094        0.00797501  0.00239163 
  0.00745277  0.01262289  0.01017223]
[0.01793344  0.01340905  0.01759678  0.01767366  0.01006771  0.01763631 
  0.01457394  0.01260041  0.01788526]
[0.02301549  0.03534159  0.02673653  0.01409738  0.03852163  0.0320755 
  0.0336931    0.02207072  0.01656869]
increment_100
[-0.04161654  -0.05291958  -0.0425734    -0.04029848  -0.06135499  -0.04328433 
  -0.05022551  -0.05189315  -0.04075673]
[-0.01296477  -0.02087967  -0.01542142  -0.00722825  -0.01961801  -0.01853017 
  -0.01965232  -0.0123272    -0.00913603]
[0.00737157  0.00539067  0.00529353  0.01240324  0.0086425    0.00254118 
  0.00808629  0.01370293  0.01145407]
[-0.01296477  -0.02087967  -0.01542142  -0.00722825  -0.01961801  -0.01853017 
  -0.01965232  -0.0123272    -0.00913603]
[0.015695      0.01233978  0.01223917  0.02474987  0.01741288  0.00705619 
  0.01168621  0.02696244  0.02174831]
[0.0200687    0.01473999  0.01975435  0.0197785    0.01112769  0.01954469 
  0.01655497  0.01455818  0.0200714  ]
[0.00737157  0.00539067  0.00529353  0.01240324  0.0086425    0.00254118 
  0.00808629  0.01370293  0.01145407]
[0.0200687    0.01473999  0.01975435  0.0197785    0.01112769  0.01954469 
  0.01655497  0.01455818  0.0200714  ]
[0.02592154  0.0405798    0.03033423  0.0155486    0.04394211  0.03622814 
  0.03853931  0.02493071  0.01900842]
increment_110
[-0.04639922  -0.0592996    -0.0470723    -0.04472421  -0.06819418  -0.04806926 
  -0.05536154  -0.05676623  -0.04529922]
[-0.01457549  -0.02390868  -0.01733416  -0.00786746  -0.0221734    -0.02074078 
  -0.02236268  -0.01377957  -0.01032117]
[0.00806564  0.00559453  0.00547297  0.01385923  0.0092903    0.00258275 
  0.0086743    0.01467683  0.01277691]
[-0.01457549  -0.02390868  -0.01733416  -0.00786746  -0.0221734    -0.02074078 
  -0.02236268  -0.01377957  -0.01032117]
[0.01735471  0.01308292  0.01307024  0.02763539  0.01885167  0.00763363 
  0.01170771  0.02887065  0.02374238]
[0.02216493  0.0159392    0.0219274    0.02189769  0.01219997  0.0214947 
  0.01847911  0.01661339  0.02228682]
[0.00806564  0.00559453  0.00547297  0.01385923  0.0092903    0.00258275 
  0.0086743    0.01467683  0.01277691]
[0.02216493  0.0159392    0.0219274    0.02189769  0.01219997  0.0214947 
  0.01847911  0.01661339  0.02228682]
[0.02904451  0.04621668  0.03400205  0.01708882  0.04934251  0.04043563 
  0.04365382  0.02789558  0.02155684]
increment_120
[-0.05148021  -0.06587926  -0.05162819  -0.04929086  -0.0750725    -0.05278152 
  -0.06075252  -0.06160044  -0.0499239  ]
[-0.01635316  -0.02711478  -0.01929453  -0.0085852    -0.0248879    -0.02300873 
  -0.02519545  -0.01531584  -0.01155993]
[0.00877212  0.00573524  0.00561371  0.01529878  0.00996082  0.00249159 
  0.00920396  0.01554298  0.01409615]
[-0.01635316  -0.02711478  -0.01929453  -0.0085852    -0.0248879    -0.02300873 
  -0.02519545  -0.01531584  -0.01155993]
[0.019065      0.01372412  0.01388613  0.0305039    0.02035965  0.00806505 
  0.01175504  0.03059864  0.02569941]
[0.02417108  0.01705851  0.0241193    0.02401877  0.01327114  0.02349012 
  0.02028877  0.01876068  0.02453515]
[0.00877212  0.00573524  0.00561371  0.01529878  0.00996082  0.00249159 
  0.00920396  0.01554298  0.01409615]
[0.02417108  0.01705851  0.0241193    0.02401877  0.01327114  0.02349012 
  0.02028877  0.01876068  0.02453515]
[0.03241521  0.05215514  0.03774206  0.01878696  0.05471286  0.04471647 
  0.04899748  0.0310018    0.02422449]
