inc
eps_11
eps_12
eps_13
eps_21
eps_22
eps_23
eps_31
eps_32
eps_33
increment_0
[0.  0.  0.  0.  0.  0.]
[0.  0.  0.  0.  0.  0.]
[0.  0.  0.  0.  0.  0.]
[0.  0.  0.  0.  0.  0.]
[2.62338488e-16  2.62338488e-16  2.62338488e-16  2.62338488e-16 
  2.62338488e-16  2.62338488e-16]
[-2.18357985e-16  -2.18357985e-16  -2.18357985e-16  -2.18357985e-16 
  -2.18357985e-16  -2.18357985e-16]
[0.  0.  0.  0.  0.  0.]
[-2.18357985e-16  -2.18357985e-16  -2.18357985e-16  -2.18357985e-16 
  -2.18357985e-16  -2.18357985e-16]
[1.81750722e-16  1.81750722e-16  1.81750722e-16  1.81750722e-16 
  1.81750722e-16  1.81750722e-16]
increment_10
[0.00295171  0.00110784  0.00046323  0.00141002  0.00319268  0.00625835]
[-0.00060204  -0.00029594  -0.00024728  -0.00080724  -0.00200283  -0.00264471]
[-0.00203445  -0.00131455  -0.00168778  -0.00136618  -0.0010443    -0.00233894]
[-0.00060204  -0.00029594  -0.00024728  -0.00080724  -0.00200283  -0.00264471]
[-0.00041112    0.00109847    0.00053905    0.00119164    0.0021146    -0.0001938  ]
[-0.0033075    -0.0024168    -0.00218545  -0.00267056  -0.00373791  -0.00524751]
[-0.00203445  -0.00131455  -0.00168778  -0.00136618  -0.0010443    -0.00233894]
[-0.0033075    -0.0024168    -0.00218545  -0.00267056  -0.00373791  -0.00524751]
[-0.00254058  -0.00220631  -0.00100227  -0.00260166  -0.00530728  -0.00606455]
increment_20
[0.00603449  0.00154363  0.00066509  0.0019896    0.00655486  0.01129903]
[-0.00124759  -0.00081796  -0.00054388  -0.00149162  -0.0050963    -0.00569022]
[-0.00495295  -0.00347656  -0.00444577  -0.00368448  -0.00238625  -0.00522747]
[-0.00124759  -0.00081796  -0.00054388  -0.00149162  -0.0050963    -0.00569022]
[-0.00055719    0.00300674    0.00131598    0.00289506    0.00569977    0.00111371]
[-0.007709      -0.00574114  -0.00541279  -0.00612514  -0.00906788  -0.01112118]
[-0.00495295  -0.00347656  -0.00444577  -0.00368448  -0.00238625  -0.00522747]
[-0.007709      -0.00574114  -0.00541279  -0.00612514  -0.00906788  -0.01112118]
[-0.0054773    -0.00455037  -0.00198107  -0.00488466  -0.01225462  -0.01241274]
increment_30
[0.00953167  0.00215256  0.00133617  0.00297609  0.01030255  0.01627126]
[-0.00193173  -0.00125372  -0.00094325  -0.00204014  -0.00824264  -0.00874774]
[-0.00793385  -0.00561502  -0.00732958  -0.00600351  -0.00333004  -0.00789101]
[-0.00193173  -0.00125372  -0.00094325  -0.00204014  -0.00824264  -0.00874774]
[-0.00081015    0.00499823    0.00195758    0.00454257    0.0093971      0.00266075]
[-0.01234492  -0.00915859  -0.00891869  -0.00974692  -0.01478102  -0.01704506]
[-0.00793385  -0.00561502  -0.00732958  -0.00600351  -0.00333004  -0.00789101]
[-0.01234492  -0.00915859  -0.00891869  -0.00974692  -0.01478102  -0.01704506]
[-0.00872152  -0.00715079  -0.00329375  -0.00751867  -0.01969965  -0.01893202]
increment_40
[0.01328534  0.00289271  0.002412      0.00435438  0.01439289  0.02145308]
[-0.00261237  -0.00157111  -0.00136427  -0.00251563  -0.01125413  -0.0118283  ]
[-0.01097324  -0.00769832  -0.01033374  -0.00832832  -0.00418131  -0.01038676]
[-0.00261237  -0.00157111  -0.00136427  -0.00251563  -0.01125413  -0.0118283  ]
[-0.00116512    0.00707722    0.00240413    0.0061269      0.01301108    0.00421616]
[-0.01713742  -0.01261889  -0.01263956  -0.01353436  -0.02066998  -0.02316228]
[-0.01097324  -0.00769832  -0.01033374  -0.00832832  -0.00418131  -0.01038676]
[-0.01713742  -0.01261889  -0.01263956  -0.01353436  -0.02066998  -0.02316228]
[-0.01212022  -0.00996993  -0.00481613  -0.01048129  -0.02740397  -0.02566924]
increment_50
[0.01718405  0.00368384  0.00390311  0.00612276  0.018753      0.02695869]
[-0.00333434  -0.00175142  -0.00178408  -0.00293056  -0.01404312  -0.0149492  ]
[-0.01406806  -0.00972696  -0.01346316  -0.01066639  -0.00502765  -0.01274466]
[-0.00333434  -0.00175142  -0.00178408  -0.00293056  -0.01404312  -0.0149492  ]
[-0.0015673      0.00924493    0.00261382    0.0076161      0.01648094    0.0057197  ]
[-0.02205943  -0.01608114  -0.01656925  -0.01748225  -0.0266455    -0.02953234]
[-0.01406806  -0.00972696  -0.01346316  -0.01066639  -0.00502765  -0.01274466]
[-0.02205943  -0.01608114  -0.01656925  -0.01748225  -0.0266455    -0.02953234]
[-0.01561675  -0.01292877  -0.00651693  -0.01373886  -0.03523395  -0.03267839]
increment_60
[0.02116429  0.00450716  0.00581036  0.0082552    0.02333633  0.03288165]
[-0.00412543  -0.00178612  -0.00218004  -0.00323734  -0.01662255  -0.01811772]
[-0.01721328  -0.01171286  -0.01670093  -0.01301278  -0.0059198    -0.01497869]
[-0.00412543  -0.00178612  -0.00218004  -0.00323734  -0.01662255  -0.01811772]
[-0.00198153    0.01148051    0.00258818    0.00897854    0.01980963    0.00711666]
[-0.02709605  -0.01953548  -0.0206964    -0.02155754  -0.03268472  -0.03618846]
[-0.01721328  -0.01171286  -0.01670093  -0.01301278  -0.0059198    -0.01497869]
[-0.02709605  -0.01953548  -0.0206964    -0.02155754  -0.03268472  -0.03618846]
[-0.01918276  -0.01598767  -0.00839854  -0.01723374  -0.04314596  -0.03999831]
increment_70
[0.02521398  0.00540619  0.00812429  0.01071065  0.02799264  0.03926648]
[-0.00497649  -0.00169807  -0.00251018  -0.00336376  -0.01908092  -0.02132251]
[-0.0203974    -0.0136733    -0.02001218  -0.01536685  -0.00686121  -0.01708673]
[-0.00497649  -0.00169807  -0.00251018  -0.00336376  -0.01908092  -0.02132251]
[-0.00239548    0.01376005    0.0023649      0.01017072    0.02309279    0.0083688  ]
[-0.03223832  -0.02300955  -0.02500179  -0.02571338  -0.03877012  -0.04314044]
[-0.0203974    -0.0136733    -0.02001218  -0.01536685  -0.00686121  -0.01708673]
[-0.03223832  -0.02300955  -0.02500179  -0.02571338  -0.03877012  -0.04314044]
[-0.0228185    -0.01916624  -0.01048919  -0.02088137  -0.05108543  -0.04763528]
increment_80
[0.02934304  0.00637642  0.01075791  0.01348831  0.03252267  0.04610764]
[-0.00587746  -0.00153848  -0.00274035  -0.0032854    -0.02148844  -0.02455462]
[-0.02359981  -0.01561782  -0.02335584  -0.01775628  -0.007845      -0.01904525]
[-0.00587746  -0.00153848  -0.00274035  -0.0032854    -0.02148844  -0.02455462]
[-0.00278964    0.01609971    0.00202086    0.01112454    0.02642251    0.00949735]
[-0.0374839    -0.02652029  -0.02943777  -0.02993973  -0.04485937  -0.05038365]
[-0.02359981  -0.01561782  -0.02335584  -0.01775628  -0.007845      -0.01904525]
[-0.0374839    -0.02652029  -0.02943777  -0.02993973  -0.04485937  -0.05038365]
[-0.0265534    -0.02247613  -0.01277877  -0.02461286  -0.05894517  -0.05560498]
increment_90
[0.0335837    0.00737499  0.01360382  0.01655082  0.03677841  0.05339106]
[-0.00682528  -0.00133628  -0.00290381  -0.00301027  -0.02381031  -0.02781013]
[-0.02679634  -0.01754537  -0.02670959  -0.02019377  -0.00886523  -0.02081301]
[-0.00682528  -0.00133628  -0.00290381  -0.00301027  -0.02381031  -0.02781013]
[-0.00314332    0.01852702    0.00164271    0.01183381    0.02981981    0.01055579]
[-0.04284137  -0.03005917  -0.03397215  -0.03422453  -0.0508841    -0.05791338]
[-0.02679634  -0.01754537  -0.02670959  -0.02019377  -0.00886523  -0.02081301]
[-0.04284137  -0.03005917  -0.03397215  -0.03422453  -0.0508841    -0.05791338]
[-0.03044039  -0.02590201  -0.01524653  -0.02838462  -0.06659822  -0.06394685]
increment_100
[0.03798269  0.00841192  0.01660178  0.01981334  0.04069147  0.06107755]
[-0.00779655  -0.00111156  -0.00307614  -0.00253299  -0.02596801  -0.03105389]
[-0.02996376  -0.01945008  -0.03007288  -0.02267254  -0.00991498  -0.02234838]
[-0.00779655  -0.00111156  -0.00307614  -0.00253299  -0.02596801  -0.03105389]
[-0.00345911    0.02105715    0.00129146    0.01233235    0.03326327    0.0115898  ]
[-0.04831364  -0.03363527  -0.038609      -0.03852885  -0.0567794    -0.06570046]
[-0.02996376  -0.01945008  -0.03007288  -0.02267254  -0.00991498  -0.02234838]
[-0.04831364  -0.03363527  -0.038609      -0.03852885  -0.0567794    -0.06570046]
[-0.03452357  -0.02946907  -0.01789324  -0.03214569  -0.07395474  -0.07266734]
increment_110
[0.04257718  0.00948543  0.01971501  0.02315607  0.04421395  0.06910999]
[-0.00876565  -0.00088584  -0.00333596  -0.00185267  -0.02786928  -0.03421973]
[-0.03307084  -0.02132976  -0.03343986  -0.02518443  -0.0110102    -0.02361992]
[-0.00876565  -0.00088584  -0.00333596  -0.00185267  -0.02786928  -0.03421973]
[-0.00372328    0.02371135    0.00103342    0.01268397    0.03671976    0.01263882]
[-0.05389693  -0.03725817  -0.04336336  -0.0428069    -0.06247939  -0.07369459]
[-0.03307084  -0.02132976  -0.03343986  -0.02518443  -0.0110102    -0.02361992]
[-0.05389693  -0.03725817  -0.04336336  -0.0428069    -0.06247939  -0.07369459]
[-0.03885389  -0.03319678  -0.02074843  -0.03584004  -0.08093371  -0.08174881]
increment_120
[0.04729604  0.01057526  0.02290361  0.02648952  0.04741144  0.07735809]
[-0.00967912  -0.00066715  -0.00369234  -0.0009967    -0.02947361  -0.0372202  ]
[-0.0360872    -0.02319788  -0.03679326  -0.02773246  -0.01216949  -0.02462119]
[-0.00967912  -0.00066715  -0.00369234  -0.0009967    -0.02947361  -0.0372202  ]
[-0.00389054    0.02648697    0.00091624    0.0129486      0.04014311    0.01375959]
[-0.05953986  -0.04092896  -0.04822395  -0.04704055  -0.06798874  -0.08180657]
[-0.0360872    -0.02319788  -0.03679326  -0.02773246  -0.01216949  -0.02462119]
[-0.05953986  -0.04092896  -0.04822395  -0.04704055  -0.06798874  -0.08180657]
[-0.04340551  -0.03706223  -0.02381985  -0.03943812  -0.08755454  -0.09111768]
