inc
eps_11
eps_12
eps_13
eps_21
eps_22
eps_23
eps_31
eps_32
eps_33
increment_0
[-5.55111512e-17  -5.55111512e-17  -5.55111512e-17  -5.55111512e-17 
  -5.55111512e-17  -5.55111512e-17  -5.55111512e-17  -5.55111512e-17]
[0.  0.  0.  0.  0.  0.  0.  0.]
[0.  0.  0.  0.  0.  0.  0.  0.]
[0.  0.  0.  0.  0.  0.  0.  0.]
[3.11822656e-16  3.11822656e-16  3.11822656e-16  3.11822656e-16 
  3.11822656e-16  3.11822656e-16  3.11822656e-16  3.11822656e-16]
[6.53134987e-17  6.53134987e-17  6.53134987e-17  6.53134987e-17 
  6.53134987e-17  6.53134987e-17  6.53134987e-17  6.53134987e-17]
[0.  0.  0.  0.  0.  0.  0.  0.]
[6.53134987e-17  6.53134987e-17  6.53134987e-17  6.53134987e-17 
  6.53134987e-17  6.53134987e-17  6.53134987e-17  6.53134987e-17]
[1.32266553e-16  1.32266553e-16  1.32266553e-16  1.32266553e-16 
  1.32266553e-16  1.32266553e-16  1.32266553e-16  1.32266553e-16]
increment_10
[-0.00355601  -0.00382918  -0.0065037    -0.00544145  -0.00812646  -0.00777647 
  -0.00836732  -0.00716753]
[0.00152235  0.00152595  0.00043012  0.00044814  0.00015824  0.0009125 
  0.00067707  0.00076252]
[-0.00333813  -0.0034803    -0.0036973    -0.00318965  -0.00418705  -0.00356106 
  -0.0036159    -0.00435882]
[0.00152235  0.00152595  0.00043012  0.00044814  0.00015824  0.0009125 
  0.00067707  0.00076252]
[0.00659745  0.00695015  0.0073826    0.00637187  0.00834696  0.0070988 
  0.00707573  0.00870624]
[  1.63157148e-03    1.55675599e-03    2.88702906e-06    5.45736952e-04 
  -7.96908066e-04  -8.17208938e-05  -7.41555787e-04  -3.51389861e-04]
[-0.00333813  -0.0034803    -0.0036973    -0.00318965  -0.00418705  -0.00356106 
  -0.0036159    -0.00435882]
[  1.63157148e-03    1.55675599e-03    2.88702906e-06    5.45736952e-04 
  -7.96908066e-04  -8.17208938e-05  -7.41555787e-04  -3.51389861e-04]
[-0.00304145  -0.00312097  -0.0008789    -0.00093041  -0.0002205      0.00067767 
    0.00129158  -0.00153871]
increment_20
[-0.00782254  -0.00797033  -0.01442178  -0.01196931  -0.01776385  -0.01765276 
  -0.01786685  -0.01545947]
[0.00406406  0.00363317  0.001411      0.0010344    0.00040311  0.00280135 
  0.00129841  0.00217297]
[-0.00818353  -0.00781693  -0.00869675  -0.00712882  -0.00919384  -0.00823311 
  -0.00796214  -0.00998219]
[0.00406406  0.00363317  0.001411      0.0010344    0.00040311  0.00280135 
  0.00129841  0.00217297]
[0.01592662  0.01554565  0.01733392  0.01421652  0.0182421    0.01633977 
  0.01554027  0.0199073  ]
[  0.00349881    0.00342905  -0.00036724    0.0009354    -0.00219234  -0.00084502 
  -0.00169357  -0.0009205  ]
[-0.00818353  -0.00781693  -0.00869675  -0.00712882  -0.00919384  -0.00823311 
  -0.00796214  -0.00998219]
[  0.00349881    0.00342905  -0.00036724    0.0009354    -0.00219234  -0.00084502 
  -0.00169357  -0.0009205  ]
[-0.00810408  -0.00757532  -0.00291213  -0.00224721  -0.00047825    0.00131299 
    0.00232658  -0.00444783]
increment_30
[-0.01226698  -0.01210744  -0.02249798  -0.01823655  -0.02701855  -0.02709039 
  -0.02731298  -0.02362791]
[0.00635979  0.00555143  0.00231755  0.00142766  0.00062666  0.00443747 
  0.00186845  0.00358606]
[-0.013031      -0.0120843    -0.01374802  -0.01096173  -0.01400551  -0.01288723 
  -0.01243604  -0.0156064  ]
[0.00635979  0.00555143  0.00231755  0.00142766  0.00062666  0.00443747 
  0.00186845  0.00358606]
[0.02546555  0.02397616  0.02734457  0.02182477  0.02766133  0.02546557 
  0.02424489  0.03107554]
[  0.00511252    0.00520629  -0.00086112    0.00144731  -0.0033236    -0.00147708 
  -0.00261831  -0.00143649]
[-0.013031      -0.0120843    -0.01374802  -0.01096173  -0.01400551  -0.01288723 
  -0.01243604  -0.0156064  ]
[  0.00511252    0.00520629  -0.00086112    0.00144731  -0.0033236    -0.00147708 
  -0.00261831  -0.00143649]
[-0.01319857  -0.01186873  -0.00484659  -0.00358821  -0.00064278    0.00162482 
    0.00306809  -0.00744763]
increment_40
[-0.01686449  -0.01621814  -0.03038717  -0.02390048  -0.03616305  -0.0361832 
  -0.03693396  -0.03183531]
[0.00827679  0.00721536  0.0030281    0.00147747  0.00088349  0.00581063 
  0.00251837  0.00499315]
[-0.01787484  -0.01622972  -0.01859972  -0.01464285  -0.01882265  -0.01753876 
  -0.01708038  -0.02129737]
[0.00827679  0.00721536  0.0030281    0.00147747  0.00088349  0.00581063 
  0.00251837  0.00499315]
[0.03511506  0.03213438  0.03691271  0.02912081  0.0370077    0.03451283 
  0.03319098  0.04234018]
[  0.00643896    0.00689621  -0.00126903    0.002185      -0.00434351  -0.00202214 
  -0.00361371  -0.00201325]
[-0.01787484  -0.01622972  -0.01859972  -0.01464285  -0.01882265  -0.01753876 
  -0.01708038  -0.02129737]
[  0.00643896    0.00689621  -0.00126903    0.002185      -0.00434351  -0.00202214 
  -0.00361371  -0.00201325]
[-0.01825057  -0.01591624  -0.00652554  -0.00522033  -0.00084465    0.00167036 
    0.00374298  -0.01050486]
increment_50
[-0.02155726  -0.02028952  -0.0378847    -0.02892934  -0.04533589  -0.04495496 
  -0.04658824  -0.04012689]
[0.00972877  0.00856296  0.00354745  0.00118071  0.00120114  0.00692037 
  0.00320779  0.00639537]
[-0.0227039    -0.02020751  -0.02318203  -0.01813817  -0.02374482  -0.02216273 
  -0.02184449  -0.027068    ]
[0.00972877  0.00856296  0.00354745  0.00118071  0.00120114  0.00692037 
  0.00320779  0.00639537]
[0.04476315  0.03995019  0.0459082    0.03604537  0.04647796  0.04343626 
  0.04227131  0.05372455]
[  0.00747826    0.00851333  -0.00146683    0.00316102  -0.00534221  -0.00248708 
  -0.00462454  -0.00270018]
[-0.0227039    -0.02020751  -0.02318203  -0.01813817  -0.02374482  -0.02216273 
  -0.02184449  -0.027068    ]
[  0.00747826    0.00851333  -0.00146683    0.00316102  -0.00534221  -0.00248708 
  -0.00462454  -0.00270018]
[-0.02320589  -0.01966068  -0.0080235    -0.00711603  -0.00114206    0.00151871 
    0.00431693  -0.01359766]
increment_60
[-0.02635063  -0.02432124  -0.0449557    -0.03338269  -0.05450948  -0.05339179 
  -0.0562261    -0.04845798]
[0.01074493  0.00959436  0.00392163  0.00057077  0.00159619  0.00778801 
  0.00393079  0.00778586]
[-0.02747324  -0.02403626  -0.02755193  -0.02144822  -0.02878057  -0.02673924 
  -0.02668618  -0.03288291]
[0.01074493  0.00959436  0.00392163  0.00057077  0.00159619  0.00778801 
  0.00393079  0.00778586]
[0.05430081  0.04749159  0.05445706  0.04260152  0.0560928    0.05220431 
  0.05140275  0.06515758]
[  0.00827411    0.0100613    -0.00144678    0.00435729  -0.00631612  -0.00285455 
  -0.00561022  -0.00348311]
[-0.02747324  -0.02403626  -0.02755193  -0.02144822  -0.02878057  -0.02673924 
  -0.02668618  -0.03288291]
[  0.00827411    0.0100613    -0.00144678    0.00435729  -0.00631612  -0.00285455 
  -0.00561022  -0.00348311]
[-0.02795019  -0.02317034  -0.00950135  -0.00921883  -0.00158332    0.00118748 
    0.00482335  -0.0166996  ]
increment_70
[-0.03123813  -0.02830852  -0.05157401  -0.0373498    -0.06355012  -0.06148815 
  -0.06576241  -0.05679482]
[  0.01136671    0.01032675    0.00416223  -0.00032334    0.00205958    0.00845087 
    0.00467904    0.00916966]
[-0.03216185  -0.02774332  -0.03174558  -0.02460635  -0.03386919  -0.03124707 
  -0.03154493  -0.03872721]
[  0.01136671    0.01032675    0.00416223  -0.00032334    0.00205958    0.00845087 
    0.00467904    0.00916966]
[0.06368138  0.05481653  0.06264498  0.04885408  0.06574427  0.0607851 
  0.06047235  0.07660868]
[  0.00888205    0.01155225  -0.00120536    0.00574266  -0.00720146  -0.00310051 
  -0.0065153    -0.00434583]
[-0.03216185  -0.02774332  -0.03174558  -0.02460635  -0.03386919  -0.03124707 
  -0.03154493  -0.03872721]
[  0.00888205    0.01155225  -0.00120536    0.00574266  -0.00720146  -0.00310051 
  -0.0065153    -0.00434583]
[-0.03244325  -0.02650801  -0.01107097  -0.01150428  -0.00219415    0.00070305 
    0.00529007  -0.01981386]
increment_80
[-0.03620054  -0.03225114  -0.05779744  -0.04098727  -0.07232814  -0.0692319 
  -0.07509385  -0.06511381]
[  0.0116256      0.01080537    0.00428248  -0.0014313      0.00255703    0.00894011 
    0.0054218      0.01055937]
[-0.03677708  -0.03137658  -0.0358248    -0.02768442  -0.03893204  -0.03564902 
  -0.03636812  -0.04460175]
[  0.0116256      0.01080537    0.00428248  -0.0014313      0.00255703    0.00894011 
    0.0054218      0.01055937]
[0.07291752  0.06201869  0.07060449  0.05494169  0.07529269  0.06911589 
  0.06938853  0.08807983]
[  0.00935071    0.01299307  -0.00078425    0.00726082  -0.00793882  -0.00319692 
  -0.00728741  -0.00527694]
[-0.03677708  -0.03137658  -0.0358248    -0.02768442  -0.03893204  -0.03564902 
  -0.03636812  -0.04460175]
[  0.00935071    0.01299307  -0.00078425    0.00726082  -0.00793882  -0.00319692 
  -0.00728741  -0.00527694]
[-0.03671697  -0.02976755  -0.01280706  -0.01395442  -0.00296455    0.00011601 
    0.00570532  -0.02296602]
increment_90
[-0.04122954  -0.03612852  -0.06371094  -0.04447549  -0.08075751  -0.0766247 
  -0.08410527  -0.07345137]
[  0.01156908    0.01105297    0.00431022  -0.00265246    0.00303226    0.00926434 
    0.00609946    0.01197843]
[-0.04136384  -0.03499295  -0.03988032  -0.03075623  -0.0438882    -0.03989931 
  -0.04112        -0.05053974]
[  0.01156908    0.01105297    0.00431022  -0.00265246    0.00303226    0.00926434 
    0.00609946    0.01197843]
[0.0820976    0.06920928  0.07852486  0.06100609  0.08459107  0.077113 
  0.07809835  0.09963484]
[  0.00971036    0.01438048  -0.00024505    0.00885268  -0.00849043  -0.00312523 
  -0.00788215  -0.0062977  ]
[-0.04136384  -0.03499295  -0.03988032  -0.03075623  -0.0438882    -0.03989931 
  -0.04112        -0.05053974]
[  0.00971036    0.01438048  -0.00024505    0.00885268  -0.00849043  -0.00312523 
  -0.00788215  -0.0062977  ]
[-0.04086806  -0.03308077  -0.01481393  -0.01653061  -0.00383356  -0.0004883 
    0.00600692  -0.02618347]
increment_100
[-0.04634071  -0.03990353  -0.06938714  -0.04794363  -0.08882909  -0.08370489 
  -0.09278096  -0.08188862]
[  0.01126158    0.01107307    0.00429032  -0.00390127    0.0034333      0.00943291 
    0.00667573    0.01346576]
[-0.04598812  -0.03864676  -0.04400274  -0.03387195  -0.04868796  -0.04398162 
  -0.0458156    -0.0565985  ]
[  0.01126158    0.01107307    0.00429032  -0.00390127    0.0034333      0.00943291 
    0.00667573    0.01346576]
[0.09135236  0.07649157  0.08659568  0.06714439  0.09354627  0.0847467 
  0.08664292  0.11138064]
[  0.00997087    0.01570862    0.0003516      0.01047754  -0.00885244  -0.00288807 
  -0.00830988  -0.00745572]
[-0.04598812  -0.03864676  -0.04400274  -0.03387195  -0.04868796  -0.04398162 
  -0.0458156    -0.0565985  ]
[  0.00997087    0.01570862    0.0003516      0.01047754  -0.00885244  -0.00288807 
  -0.00830988  -0.00745572]
[-0.04501165  -0.03658803  -0.01720854  -0.01920076  -0.00471718  -0.00104181 
    0.00613804  -0.02949202]
increment_110
[-0.05162792  -0.0435626    -0.07485988  -0.05146872  -0.09658613  -0.09056165 
  -0.10120453  -0.09052913]
[  0.01079049    0.01087415    0.00426741  -0.00512819    0.00373038    0.00947727 
    0.00715593    0.01506294]
[-0.05072753  -0.042353      -0.04822147  -0.03707759  -0.05332069  -0.04793067 
  -0.05051404  -0.06283118]
[  0.01079049    0.01087415    0.00426741  -0.00512819    0.00373038    0.00947727 
    0.00715593    0.01506294]
[0.10083586  0.08388666  0.09488157  0.0734489    0.10213669  0.09208467 
  0.09514096  0.12340852]
[  0.01010923    0.01698346    0.0009794      0.01210352  -0.00904204  -0.00251628 
  -0.00862536  -0.00880384]
[-0.05072753  -0.042353      -0.04822147  -0.03707759  -0.05332069  -0.04793067 
  -0.05051404  -0.06283118]
[  0.01010923    0.01698346    0.0009794      0.01210352  -0.00904204  -0.00251628 
  -0.00862536  -0.00880384]
[-0.04920795  -0.04032406  -0.02002169  -0.02198018  -0.00555055  -0.00152303 
    0.00606358  -0.03287938]
increment_120
[-0.05713847  -0.0471395    -0.08014884  -0.05511635  -0.10411944  -0.09725648 
  -0.10946793  -0.09933325]
[  0.01024132    0.01046444    0.00426929  -0.00628313    0.0039249      0.00943121 
    0.0075582      0.01679592]
[-0.05562164  -0.04607266  -0.0524982    -0.04048419  -0.05782724  -0.05181251 
  -0.05528096  -0.06924505]
[  0.01024132    0.01046444    0.00426929  -0.00628313    0.0039249      0.00943121 
    0.0075582      0.01679592]
[0.1106264    0.09130705  0.10330399  0.08015032  0.11043849  0.09926134 
  0.10372264  0.13573113]
[  0.0101361      0.01823232    0.00164495    0.01366108  -0.00909563  -0.00204045 
  -0.00888079  -0.01032812]
[-0.05562164  -0.04607266  -0.0524982    -0.04048419  -0.05782724  -0.05181251 
  -0.05528096  -0.06924505]
[  0.0101361      0.01823232    0.00164495    0.01366108  -0.00909563  -0.00204045 
  -0.00888079  -0.01032812]
[-0.05348792  -0.04416754  -0.02315515  -0.02503397  -0.00631905  -0.00200486 
    0.00574529  -0.03639788]
