inc
eps_11
eps_12
eps_13
eps_21
eps_22
eps_23
eps_31
eps_32
eps_33
increment_0
[-5.83665592e-17  -5.83665592e-17  -5.83665592e-17  -5.83665592e-17 
  -5.83665592e-17  -5.83665592e-17  -5.83665592e-17  -5.83665592e-17 
  -5.83665592e-17  -5.83665592e-17  -5.83665592e-17  -5.83665592e-17 
  -5.83665592e-17  -5.83665592e-17  -5.83665592e-17  -5.83665592e-17 
  -5.83665592e-17  -5.83665592e-17  -5.83665592e-17  -5.83665592e-17 
  -5.83665592e-17  -5.83665592e-17  -5.83665592e-17  -5.83665592e-17 
  -5.83665592e-17  -5.83665592e-17  -5.83665592e-17  -5.83665592e-17 
  -5.83665592e-17  -5.83665592e-17  -5.83665592e-17  -5.83665592e-17 
  -5.83665592e-17  -5.83665592e-17]
[3.42082862e-17  3.42082862e-17  3.42082862e-17  3.42082862e-17 
  3.42082862e-17  3.42082862e-17  3.42082862e-17  3.42082862e-17 
  3.42082862e-17  3.42082862e-17  3.42082862e-17  3.42082862e-17 
  3.42082862e-17  3.42082862e-17  3.42082862e-17  3.42082862e-17 
  3.42082862e-17  3.42082862e-17  3.42082862e-17  3.42082862e-17 
  3.42082862e-17  3.42082862e-17  3.42082862e-17  3.42082862e-17 
  3.42082862e-17  3.42082862e-17  3.42082862e-17  3.42082862e-17 
  3.42082862e-17  3.42082862e-17  3.42082862e-17  3.42082862e-17 
  3.42082862e-17  3.42082862e-17]
[-9.47077962e-18  -9.47077962e-18  -9.47077962e-18  -9.47077962e-18 
  -9.47077962e-18  -9.47077962e-18  -9.47077962e-18  -9.47077962e-18 
  -9.47077962e-18  -9.47077962e-18  -9.47077962e-18  -9.47077962e-18 
  -9.47077962e-18  -9.47077962e-18  -9.47077962e-18  -9.47077962e-18 
  -9.47077962e-18  -9.47077962e-18  -9.47077962e-18  -9.47077962e-18 
  -9.47077962e-18  -9.47077962e-18  -9.47077962e-18  -9.47077962e-18 
  -9.47077962e-18  -9.47077962e-18  -9.47077962e-18  -9.47077962e-18 
  -9.47077962e-18  -9.47077962e-18  -9.47077962e-18  -9.47077962e-18 
  -9.47077962e-18  -9.47077962e-18]
[3.42082862e-17  3.42082862e-17  3.42082862e-17  3.42082862e-17 
  3.42082862e-17  3.42082862e-17  3.42082862e-17  3.42082862e-17 
  3.42082862e-17  3.42082862e-17  3.42082862e-17  3.42082862e-17 
  3.42082862e-17  3.42082862e-17  3.42082862e-17  3.42082862e-17 
  3.42082862e-17  3.42082862e-17  3.42082862e-17  3.42082862e-17 
  3.42082862e-17  3.42082862e-17  3.42082862e-17  3.42082862e-17 
  3.42082862e-17  3.42082862e-17  3.42082862e-17  3.42082862e-17 
  3.42082862e-17  3.42082862e-17  3.42082862e-17  3.42082862e-17 
  3.42082862e-17  3.42082862e-17]
[-4.65332396e-16  -4.65332396e-16  -4.65332396e-16  -4.65332396e-16 
  -4.65332396e-16  -4.65332396e-16  -4.65332396e-16  -4.65332396e-16 
  -4.65332396e-16  -4.65332396e-16  -4.65332396e-16  -4.65332396e-16 
  -4.65332396e-16  -4.65332396e-16  -4.65332396e-16  -4.65332396e-16 
  -4.65332396e-16  -4.65332396e-16  -4.65332396e-16  -4.65332396e-16 
  -4.65332396e-16  -4.65332396e-16  -4.65332396e-16  -4.65332396e-16 
  -4.65332396e-16  -4.65332396e-16  -4.65332396e-16  -4.65332396e-16 
  -4.65332396e-16  -4.65332396e-16  -4.65332396e-16  -4.65332396e-16 
  -4.65332396e-16  -4.65332396e-16]
[1.13461594e-16  1.13461594e-16  1.13461594e-16  1.13461594e-16 
  1.13461594e-16  1.13461594e-16  1.13461594e-16  1.13461594e-16 
  1.13461594e-16  1.13461594e-16  1.13461594e-16  1.13461594e-16 
  1.13461594e-16  1.13461594e-16  1.13461594e-16  1.13461594e-16 
  1.13461594e-16  1.13461594e-16  1.13461594e-16  1.13461594e-16 
  1.13461594e-16  1.13461594e-16  1.13461594e-16  1.13461594e-16 
  1.13461594e-16  1.13461594e-16  1.13461594e-16  1.13461594e-16 
  1.13461594e-16  1.13461594e-16  1.13461594e-16  1.13461594e-16 
  1.13461594e-16  1.13461594e-16]
[-9.47077962e-18  -9.47077962e-18  -9.47077962e-18  -9.47077962e-18 
  -9.47077962e-18  -9.47077962e-18  -9.47077962e-18  -9.47077962e-18 
  -9.47077962e-18  -9.47077962e-18  -9.47077962e-18  -9.47077962e-18 
  -9.47077962e-18  -9.47077962e-18  -9.47077962e-18  -9.47077962e-18 
  -9.47077962e-18  -9.47077962e-18  -9.47077962e-18  -9.47077962e-18 
  -9.47077962e-18  -9.47077962e-18  -9.47077962e-18  -9.47077962e-18 
  -9.47077962e-18  -9.47077962e-18  -9.47077962e-18  -9.47077962e-18 
  -9.47077962e-18  -9.47077962e-18  -9.47077962e-18  -9.47077962e-18 
  -9.47077962e-18  -9.47077962e-18]
[1.13461594e-16  1.13461594e-16  1.13461594e-16  1.13461594e-16 
  1.13461594e-16  1.13461594e-16  1.13461594e-16  1.13461594e-16 
  1.13461594e-16  1.13461594e-16  1.13461594e-16  1.13461594e-16 
  1.13461594e-16  1.13461594e-16  1.13461594e-16  1.13461594e-16 
  1.13461594e-16  1.13461594e-16  1.13461594e-16  1.13461594e-16 
  1.13461594e-16  1.13461594e-16  1.13461594e-16  1.13461594e-16 
  1.13461594e-16  1.13461594e-16  1.13461594e-16  1.13461594e-16 
  1.13461594e-16  1.13461594e-16  1.13461594e-16  1.13461594e-16 
  1.13461594e-16  1.13461594e-16]
[-8.69237086e-17  -8.69237086e-17  -8.69237086e-17  -8.69237086e-17 
  -8.69237086e-17  -8.69237086e-17  -8.69237086e-17  -8.69237086e-17 
  -8.69237086e-17  -8.69237086e-17  -8.69237086e-17  -8.69237086e-17 
  -8.69237086e-17  -8.69237086e-17  -8.69237086e-17  -8.69237086e-17 
  -8.69237086e-17  -8.69237086e-17  -8.69237086e-17  -8.69237086e-17 
  -8.69237086e-17  -8.69237086e-17  -8.69237086e-17  -8.69237086e-17 
  -8.69237086e-17  -8.69237086e-17  -8.69237086e-17  -8.69237086e-17 
  -8.69237086e-17  -8.69237086e-17  -8.69237086e-17  -8.69237086e-17 
  -8.69237086e-17  -8.69237086e-17]
increment_10
[-0.00340856  -0.00163102  -0.00273011  -0.00314415  -0.00367496  -0.00312832 
  -0.00239139  -0.00250553  -0.00253451  -0.00329511  -0.00391291  -0.00252934 
  -0.0026446    -0.00284212  -0.00317391  -0.00341795  -0.00419245  -0.00243273 
  -0.00227185  -0.00269659  -0.00247375  -0.00321541  -0.00251262  -0.00196323 
  -0.00255539  -0.00279838  -0.00306343  -0.00239415  -0.00343569  -0.00215323 
  -0.00174752  -0.00176105  -0.00225626  -0.0024893  ]
[-0.00070835  -0.00106373  -0.00076264  -0.00073314  -0.00068006  -0.00079164 
  -0.00084132  -0.00083077  -0.00085382  -0.00077084  -0.00069539  -0.00076416 
  -0.00077615  -0.00077134  -0.00076281  -0.00074006  -0.00067331  -0.00082786 
  -0.0009153    -0.00082826  -0.00094977  -0.00077064  -0.00092796  -0.00093756 
  -0.00093297  -0.0008007    -0.00077009  -0.00090303  -0.0007725    -0.00141573 
  -0.00137602  -0.00127175  -0.0009884    -0.00091932]
[-0.00243913  -0.00189048  -0.0021432    -0.00232709  -0.00254771  -0.0023799 
  -0.00205276  -0.00210009  -0.00213851  -0.00244451  -0.00268742  -0.00204189 
  -0.00211525  -0.00221239  -0.00237418  -0.0024765    -0.00280844  -0.00204627 
  -0.00202215  -0.00218814  -0.0021968    -0.00240309  -0.00220232  -0.00192598 
  -0.00217266  -0.00220332  -0.00232246  -0.00211645  -0.0025191    -0.00249655 
  -0.00225866  -0.00215847  -0.00212261  -0.00218217]
[-0.00070835  -0.00106373  -0.00076264  -0.00073314  -0.00068006  -0.00079164 
  -0.00084132  -0.00083077  -0.00085382  -0.00077084  -0.00069539  -0.00076416 
  -0.00077615  -0.00077134  -0.00076281  -0.00074006  -0.00067331  -0.00082786 
  -0.0009153    -0.00082826  -0.00094977  -0.00077064  -0.00092796  -0.00093756 
  -0.00093297  -0.0008007    -0.00077009  -0.00090303  -0.0007725    -0.00141573 
  -0.00137602  -0.00127175  -0.0009884    -0.00091932]
[0.00487555  0.00378077  0.00428591  0.00465255  0.00509171  0.00475812 
  0.00410521  0.00419969  0.00427657  0.00488684  0.00537029  0.00408328 
  0.00422973  0.00442359  0.0047462    0.00495028  0.00561105  0.00409132 
  0.00391833  0.00436725  0.00417669  0.00480415  0.00440434  0.00379507 
  0.00407449  0.0043956    0.00459162  0.00423263  0.00503436  0.00329979 
  0.00319442  0.00342686  0.00406488  0.00436289]
[-0.00164899  -0.00080002  -0.00110653  -0.00142398  -0.00178694  -0.00154659 
  -0.00116551  -0.00123252  -0.00124275  -0.00162782  -0.00193773  -0.00112954 
  -0.00126397  -0.00140533  -0.0015711    -0.00169303  -0.00207775  -0.00119817 
  -0.00111959  -0.00133415  -0.00122312  -0.00159239  -0.00124144  -0.00091683 
  -0.00126219  -0.00138554  -0.0015173    -0.00118327  -0.00170206  -0.00106237 
  -0.00085957  -0.00086892  -0.00111538  -0.00123062]
[-0.00243913  -0.00189048  -0.0021432    -0.00232709  -0.00254771  -0.0023799 
  -0.00205276  -0.00210009  -0.00213851  -0.00244451  -0.00268742  -0.00204189 
  -0.00211525  -0.00221239  -0.00237418  -0.0024765    -0.00280844  -0.00204627 
  -0.00202215  -0.00218814  -0.0021968    -0.00240309  -0.00220232  -0.00192598 
  -0.00217266  -0.00220332  -0.00232246  -0.00211645  -0.0025191    -0.00249655 
  -0.00225866  -0.00215847  -0.00212261  -0.00218217]
[-0.00164899  -0.00080002  -0.00110653  -0.00142398  -0.00178694  -0.00154659 
  -0.00116551  -0.00123252  -0.00124275  -0.00162782  -0.00193773  -0.00112954 
  -0.00126397  -0.00140533  -0.0015711    -0.00169303  -0.00207775  -0.00119817 
  -0.00111959  -0.00133415  -0.00122312  -0.00159239  -0.00124144  -0.00091683 
  -0.00126219  -0.00138554  -0.0015173    -0.00118327  -0.00170206  -0.00106237 
  -0.00085957  -0.00086892  -0.00111538  -0.00123062]
[-0.00146699  -0.00214974  -0.0015558    -0.0015084    -0.00141674  -0.0016298 
  -0.00171382  -0.00169416  -0.00174206  -0.00159173  -0.00145738  -0.00155394 
  -0.00158514  -0.00158147  -0.0015723    -0.00153233  -0.0014186    -0.00165859 
  -0.00164648  -0.00167065  -0.00170294  -0.00158874  -0.00189172  -0.00183184 
  -0.0015191    -0.00159722  -0.00152818  -0.00183848  -0.00159867  -0.00114656 
  -0.0014469    -0.00166581  -0.00180862  -0.00187359]
increment_20
[-0.0082078    -0.00343772  -0.00651316  -0.00733246  -0.0082914    -0.00659275 
  -0.00482419  -0.00570224  -0.00581943  -0.00751757  -0.00823414  -0.00531633 
  -0.00560158  -0.00616499  -0.00697667  -0.00757839  -0.00887978  -0.00540477 
  -0.00510332  -0.00554714  -0.005315      -0.00698151  -0.00521372  -0.00426152 
  -0.00570017  -0.006122      -0.0065384    -0.00487128  -0.00739464  -0.00505691 
  -0.00381937  -0.00387695  -0.00510646  -0.00476763]
[-0.00141083  -0.00235921  -0.0015698    -0.00150688  -0.00139138  -0.00175999 
  -0.00198074  -0.00185489  -0.00185833  -0.00159203  -0.0015041    -0.00182724 
  -0.00180539  -0.00177446  -0.00166605  -0.00155995  -0.00140917  -0.00207458 
  -0.00247716  -0.00197845  -0.00254257  -0.00167173  -0.00205215  -0.0022731 
  -0.00234168  -0.00185579  -0.00182446  -0.00205717  -0.00163417  -0.0031557 
  -0.0031716    -0.00306982  -0.00246211  -0.00211433]
[-0.00566174  -0.00413075  -0.0048956    -0.00527939  -0.00568238  -0.00516608 
  -0.00446131  -0.00479152  -0.00485784  -0.00548392  -0.00578357  -0.00453795 
  -0.00463689  -0.004954      -0.00527306  -0.00548372  -0.00602495  -0.00455874 
  -0.00470044  -0.00475411  -0.00521669  -0.00527825  -0.00474        -0.0044338 
  -0.00499007  -0.00493158  -0.00518689  -0.00456497  -0.00547173  -0.00573858 
  -0.00512837  -0.0050483    -0.00501663  -0.00457258]
[-0.00141083  -0.00235921  -0.0015698    -0.00150688  -0.00139138  -0.00175999 
  -0.00198074  -0.00185489  -0.00185833  -0.00159203  -0.0015041    -0.00182724 
  -0.00180539  -0.00177446  -0.00166605  -0.00155995  -0.00140917  -0.00207458 
  -0.00247716  -0.00197845  -0.00254257  -0.00167173  -0.00205215  -0.0022731 
  -0.00234168  -0.00185579  -0.00182446  -0.00205717  -0.00163417  -0.0031557 
  -0.0031716    -0.00306982  -0.00246211  -0.00211433]
[0.01130451  0.00826004  0.00978709  0.01054915  0.01134546  0.01032594 
  0.00892237  0.00958052  0.00971299  0.01095515  0.01154866  0.00907471 
  0.00926997  0.00990354  0.01053517  0.01095362  0.01202453  0.00911124 
  0.00842657  0.00937529  0.00859338  0.01054738  0.00947903  0.00835497 
  0.00894946  0.00980557  0.00993376  0.00912959  0.01091167  0.00751383 
  0.00698873  0.00724289  0.00866958  0.00913958]
[-0.00388723  -0.00165075  -0.00206758  -0.00294603  -0.00383147  -0.00321648 
  -0.00226871  -0.00276191  -0.00279368  -0.00366437  -0.00403371  -0.00220707 
  -0.00245005  -0.00300965  -0.00341048  -0.00371105  -0.00435479  -0.0026316 
  -0.00248412  -0.00270664  -0.0025935    -0.00341675  -0.00253657  -0.00194837 
  -0.00278293  -0.00299231  -0.00319682  -0.00236888  -0.00362945  -0.00246158 
  -0.00183396  -0.00188353  -0.00249349  -0.00231816]
[-0.00566174  -0.00413075  -0.0048956    -0.00527939  -0.00568238  -0.00516608 
  -0.00446131  -0.00479152  -0.00485784  -0.00548392  -0.00578357  -0.00453795 
  -0.00463689  -0.004954      -0.00527306  -0.00548372  -0.00602495  -0.00455874 
  -0.00470044  -0.00475411  -0.00521669  -0.00527825  -0.00474        -0.0044338 
  -0.00499007  -0.00493158  -0.00518689  -0.00456497  -0.00547173  -0.00573858 
  -0.00512837  -0.0050483    -0.00501663  -0.00457258]
[-0.00388723  -0.00165075  -0.00206758  -0.00294603  -0.00383147  -0.00321648 
  -0.00226871  -0.00276191  -0.00279368  -0.00366437  -0.00403371  -0.00220707 
  -0.00245005  -0.00300965  -0.00341048  -0.00371105  -0.00435479  -0.0026316 
  -0.00248412  -0.00270664  -0.0025935    -0.00341675  -0.00253657  -0.00194837 
  -0.00278293  -0.00299231  -0.00319682  -0.00236888  -0.00362945  -0.00246158 
  -0.00183396  -0.00188353  -0.00249349  -0.00231816]
[-0.00309671  -0.00482232  -0.00327393  -0.0032167    -0.00305406  -0.0037332 
  -0.00409818  -0.00387828  -0.00389356  -0.00343758  -0.00331452  -0.00375838 
  -0.00366839  -0.00373855  -0.0035585    -0.00337524  -0.00314475  -0.00370647 
  -0.00332326  -0.00382815  -0.00327838  -0.00356587  -0.00426531  -0.00409345 
  -0.00324929  -0.00368358  -0.00339536  -0.00425831  -0.00351704  -0.00245692 
  -0.00316936  -0.00336594  -0.00356312  -0.00437195]
increment_30
[-0.01327936  -0.00530871  -0.01056304  -0.01183175  -0.01308799  -0.0101909 
  -0.00735306  -0.00904033  -0.00931502  -0.01185863  -0.01274125  -0.00821534 
  -0.00891014  -0.00952987  -0.01088742  -0.01166312  -0.01362203  -0.00862014 
  -0.00803705  -0.00850574  -0.0081904    -0.01090362  -0.00782036  -0.00676318 
  -0.00910193  -0.00944952  -0.01012885  -0.00732051  -0.01139179  -0.00810471 
  -0.00589233  -0.00616439  -0.00809027  -0.00711788]
[-0.00198361  -0.00364069  -0.00228672  -0.00215186  -0.0019975    -0.00267704 
  -0.00309209  -0.00283284  -0.00279385  -0.00233597  -0.00220945  -0.00287287 
  -0.00288555  -0.00274582  -0.00250857  -0.00234714  -0.00206425  -0.00340554 
  -0.00407445  -0.00314309  -0.00412892  -0.00251007  -0.00317077  -0.00360636 
  -0.00368258  -0.00286916  -0.0028962    -0.00321675  -0.00245043  -0.00487307 
  -0.00493541  -0.0048434    -0.0039411    -0.0032919  ]
[-0.00899757  -0.00642072  -0.00773043  -0.00833073  -0.00888846  -0.00803552 
  -0.00692569  -0.00756805  -0.00767521  -0.00859229  -0.00896959  -0.00708857 
  -0.00722832  -0.00774615  -0.00824024  -0.00849783  -0.00929056  -0.00712252 
  -0.00748511  -0.00740185  -0.00825758  -0.00824399  -0.00726793  -0.00708279 
  -0.00794587  -0.00770014  -0.00817764  -0.00704532  -0.00848492  -0.00907702 
  -0.00799604  -0.00803173  -0.00801835  -0.00702122]
[-0.00198361  -0.00364069  -0.00228672  -0.00215186  -0.0019975    -0.00267704 
  -0.00309209  -0.00283284  -0.00279385  -0.00233597  -0.00220945  -0.00287287 
  -0.00288555  -0.00274582  -0.00250857  -0.00234714  -0.00206425  -0.00340554 
  -0.00407445  -0.00314309  -0.00412892  -0.00251007  -0.00317077  -0.00360636 
  -0.00368258  -0.00286916  -0.0028962    -0.00321675  -0.00245043  -0.00487307 
  -0.00493541  -0.0048434    -0.0039411    -0.0032919  ]
[0.01794104  0.01283767  0.01544695  0.01663363  0.01772769  0.01605666 
  0.01385128  0.01512953  0.01534266  0.01715123  0.01789471  0.01417374 
  0.01443859  0.01548253  0.01645489  0.01696356  0.01852038  0.01423249 
  0.01299185  0.01450458  0.01307783  0.01646565  0.01453159  0.01303392 
  0.01403235  0.01530555  0.01533119  0.01409034  0.01687579  0.01181312 
  0.01086192  0.01120396  0.01335664  0.01403225]
[-0.00615728  -0.00249423  -0.00291588  -0.00438307  -0.00578989  -0.00490897 
  -0.00328182  -0.00431256  -0.00436505  -0.00569424  -0.00617412  -0.00324661 
  -0.00355476  -0.00459081  -0.00524759  -0.00563303  -0.0066104    -0.00414542 
  -0.00385739  -0.00409089  -0.00394218  -0.00527259  -0.0037431    -0.00301865 
  -0.00439005  -0.00455675  -0.00487574  -0.0034988    -0.00553827  -0.00389146 
  -0.00275929  -0.00294526  -0.00389691  -0.00340038]
[-0.00899757  -0.00642072  -0.00773043  -0.00833073  -0.00888846  -0.00803552 
  -0.00692569  -0.00756805  -0.00767521  -0.00859229  -0.00896959  -0.00708857 
  -0.00722832  -0.00774615  -0.00824024  -0.00849783  -0.00929056  -0.00712252 
  -0.00748511  -0.00740185  -0.00825758  -0.00824399  -0.00726793  -0.00708279 
  -0.00794587  -0.00770014  -0.00817764  -0.00704532  -0.00848492  -0.00907702 
  -0.00799604  -0.00803173  -0.00801835  -0.00702122]
[-0.00615728  -0.00249423  -0.00291588  -0.00438307  -0.00578989  -0.00490897 
  -0.00328182  -0.00431256  -0.00436505  -0.00569424  -0.00617412  -0.00324661 
  -0.00355476  -0.00459081  -0.00524759  -0.00563303  -0.0066104    -0.00414542 
  -0.00385739  -0.00409089  -0.00394218  -0.00527259  -0.0037431    -0.00301865 
  -0.00439005  -0.00455675  -0.00487574  -0.0034988    -0.00553827  -0.00389146 
  -0.00275929  -0.00294526  -0.00389691  -0.00340038]
[-0.00466167  -0.00752896  -0.00488391  -0.00480187  -0.0046397    -0.00586576 
  -0.00649822  -0.0060892    -0.00602764  -0.0052926    -0.00515346  -0.00595839 
  -0.00552846  -0.00595266  -0.00556747  -0.00530044  -0.00489835  -0.00561234 
  -0.0049548    -0.00599884  -0.00488743  -0.00556203  -0.00671123  -0.00627074 
  -0.00493042  -0.00585603  -0.00520234  -0.00676983  -0.00548399  -0.00370841 
  -0.00496959  -0.00503957  -0.00526637  -0.00691437]
increment_40
[-0.0185346    -0.00732583  -0.01482431  -0.0164514    -0.01808108  -0.01393154 
  -0.01008078  -0.01247301  -0.01291571  -0.01633683  -0.01748244  -0.01125317 
  -0.01245945  -0.01300789  -0.0148297    -0.01572004  -0.01842895  -0.01202674 
  -0.01101848  -0.01163115  -0.01114028  -0.01494947  -0.01039174  -0.00932922 
  -0.01271613  -0.01273999  -0.0138339    -0.00981118  -0.01547618  -0.011354 
  -0.0079881    -0.00853358  -0.01115162  -0.00953653]
[-0.00243675  -0.00489395  -0.00292753  -0.00271209  -0.0024958    -0.00352749 
  -0.00414568  -0.00375952  -0.00366541  -0.00299265  -0.00279098  -0.00390654 
  -0.00399836  -0.00365848  -0.00329458  -0.00309364  -0.00263191  -0.00468925 
  -0.00562095  -0.00426849  -0.00562965  -0.00327487  -0.0042878    -0.00491504 
  -0.00497373  -0.00383706  -0.00395034  -0.00435778  -0.00320445  -0.00651414 
  -0.00665184  -0.00657163  -0.00538853  -0.00444246]
[-0.01242005  -0.00879152  -0.01063794  -0.01143669  -0.01217987  -0.01098346 
  -0.00946765  -0.01040468  -0.01054129  -0.01177478  -0.01226278  -0.00968252 
  -0.00987233  -0.0106024    -0.0112407    -0.011533      -0.01260969  -0.00977581 
  -0.01032114  -0.01012791  -0.01128289  -0.01128104  -0.00982054  -0.00978464 
  -0.01106554  -0.01048564  -0.01125518  -0.00957063  -0.01156231  -0.01249351 
  -0.0108576    -0.01104276  -0.01108286  -0.00951814]
[-0.00243675  -0.00489395  -0.00292753  -0.00271209  -0.0024958    -0.00352749 
  -0.00414568  -0.00375952  -0.00366541  -0.00299265  -0.00279098  -0.00390654 
  -0.00399836  -0.00365848  -0.00329458  -0.00309364  -0.00263191  -0.00468925 
  -0.00562095  -0.00426849  -0.00562965  -0.00327487  -0.0042878    -0.00491504 
  -0.00497373  -0.00383706  -0.00395034  -0.00435778  -0.00320445  -0.00651414 
  -0.00665184  -0.00657163  -0.00538853  -0.00444246]
[0.02472859  0.01757645  0.0212437    0.02281582  0.02426271  0.02193971 
  0.01893522  0.02079632  0.02106656  0.02348401  0.024439      0.01935309 
  0.01970767  0.0211868    0.02243556  0.02300919  0.02510202  0.01952634 
  0.01768554  0.01980472  0.01775769  0.02251943  0.01960922  0.01778934 
  0.01924452  0.02085695  0.02079365  0.01914102  0.0229359    0.01632313 
  0.01485641  0.01530223  0.01813549  0.01902271]
[-0.00844102  -0.00336833  -0.00373243  -0.00578016  -0.00774265  -0.00662629 
  -0.00422611  -0.00586303  -0.00587682  -0.00772651  -0.0083812    -0.00424356 
  -0.00466419  -0.00618212  -0.0070333    -0.0074729    -0.00885072  -0.00570629 
  -0.00520799  -0.00551406  -0.00528575  -0.00714227  -0.00488935  -0.00405422 
  -0.00605871  -0.00605724  -0.00652759  -0.00460594  -0.00744332  -0.00537809 
  -0.00363673  -0.00400403  -0.00529426  -0.00447329]
[-0.01242005  -0.00879152  -0.01063794  -0.01143669  -0.01217987  -0.01098346 
  -0.00946765  -0.01040468  -0.01054129  -0.01177478  -0.01226278  -0.00968252 
  -0.00987233  -0.0106024    -0.0112407    -0.011533      -0.01260969  -0.00977581 
  -0.01032114  -0.01012791  -0.01128289  -0.01128104  -0.00982054  -0.00978464 
  -0.01106554  -0.01048564  -0.01125518  -0.00957063  -0.01156231  -0.01249351 
  -0.0108576    -0.01104276  -0.01108286  -0.00951814]
[-0.00844102  -0.00336833  -0.00373243  -0.00578016  -0.00774265  -0.00662629 
  -0.00422611  -0.00586303  -0.00587682  -0.00772651  -0.0083812    -0.00424356 
  -0.00466419  -0.00618212  -0.0070333    -0.0074729    -0.00885072  -0.00570629 
  -0.00520799  -0.00551406  -0.00528575  -0.00714227  -0.00488935  -0.00405422 
  -0.00605871  -0.00605724  -0.00652759  -0.00460594  -0.00744332  -0.00537809 
  -0.00363673  -0.00400403  -0.00529426  -0.00447329]
[-0.00619399  -0.01025062  -0.00641939  -0.00636443  -0.00618163  -0.00800817 
  -0.00885444  -0.00832331  -0.00815084  -0.00714718  -0.00695657  -0.00809992 
  -0.00724823  -0.00817891  -0.00760586  -0.00728915  -0.00667307  -0.00749961 
  -0.00666707  -0.00817358  -0.00661741  -0.00756996  -0.00921749  -0.00846012 
  -0.00652839  -0.00811696  -0.00695974  -0.00932984  -0.00745971  -0.00496913 
  -0.0068683    -0.00676865  -0.00698387  -0.00948618]
increment_50
[-0.02398075  -0.00949632  -0.01927019  -0.02115366  -0.02321357  -0.01778266 
  -0.01306007  -0.01598459  -0.01661609  -0.02091297  -0.02237183  -0.01444185 
  -0.01618955  -0.01658017  -0.01880262  -0.01975317  -0.02324618  -0.01563613 
  -0.01403126  -0.01496993  -0.01413675  -0.0190951    -0.01293963  -0.01190492 
  -0.01649606  -0.01598845  -0.01769032  -0.01237332  -0.01967117  -0.01482984 
  -0.01015259  -0.01090788  -0.01428195  -0.01202782]
[-0.00275871  -0.00611112  -0.0034968    -0.00319721  -0.00289402  -0.00430754 
  -0.00512362  -0.00463243  -0.00447198  -0.00356514  -0.00325457  -0.00493831 
  -0.00508722  -0.00450934  -0.00402262  -0.00379954  -0.00312022  -0.00590881 
  -0.00710243  -0.00532943  -0.00703016  -0.00396187  -0.00542343  -0.00618217 
  -0.006229      -0.00476972  -0.00496024  -0.00546731  -0.00388949  -0.00804897 
  -0.00828837  -0.0082442    -0.0067818    -0.0055609  ]
[-0.0159296    -0.01124326  -0.01361148  -0.01459193  -0.01554176  -0.01399399 
  -0.01209845  -0.0132939    -0.01345096  -0.015019      -0.01563502  -0.01231805 
  -0.01257528  -0.01351333  -0.01427218  -0.01459092  -0.01596589  -0.01252537 
  -0.01317209  -0.0129434    -0.01428388  -0.01437699  -0.01242542  -0.01248814 
  -0.014341      -0.01328329  -0.01440811  -0.01214578  -0.01470898  -0.01597916 
  -0.01370613  -0.01403614  -0.01418992  -0.01206249]
[-0.00275871  -0.00611112  -0.0034968    -0.00319721  -0.00289402  -0.00430754 
  -0.00512362  -0.00463243  -0.00447198  -0.00356514  -0.00325457  -0.00493831 
  -0.00508722  -0.00450934  -0.00402262  -0.00379954  -0.00312022  -0.00590881 
  -0.00710243  -0.00532943  -0.00703016  -0.00396187  -0.00542343  -0.00618217 
  -0.006229      -0.00476972  -0.00496024  -0.00546731  -0.00388949  -0.00804897 
  -0.00828837  -0.0082442    -0.0067818    -0.0055609  ]
[0.03166356  0.02247709  0.02716195  0.02908418  0.03091866  0.02794248 
  0.02419622  0.02656554  0.0268739    0.0299279    0.03112334  0.02459652 
  0.02509771  0.02699705  0.0284725    0.02909479  0.03173112  0.0249931 
  0.0225175    0.02530186  0.02262295  0.02868282  0.02469075  0.02259989 
  0.02453443  0.02644081  0.02634575  0.02429134  0.02909774  0.02108844 
  0.01903575  0.01952315  0.02302549  0.02410973]
[-0.01073993  -0.0042743    -0.0045223    -0.0071527    -0.00969364  -0.0083504 
  -0.00513769  -0.00740596  -0.00731696  -0.00974947  -0.01061168  -0.00518747 
  -0.00578688  -0.00777284  -0.00876252  -0.00924249  -0.01105114  -0.00730663 
  -0.0065269    -0.00699734  -0.00660778  -0.00901279  -0.00598155  -0.0049923 
  -0.00776077  -0.00749044  -0.00813884  -0.00570375  -0.00934996  -0.00693182 
  -0.00448071  -0.00502185  -0.00668058  -0.00553737]
[-0.0159296    -0.01124326  -0.01361148  -0.01459193  -0.01554176  -0.01399399 
  -0.01209845  -0.0132939    -0.01345096  -0.015019      -0.01563502  -0.01231805 
  -0.01257528  -0.01351333  -0.01427218  -0.01459092  -0.01596589  -0.01252537 
  -0.01317209  -0.0129434    -0.01428388  -0.01437699  -0.01242542  -0.01248814 
  -0.014341      -0.01328329  -0.01440811  -0.01214578  -0.01470898  -0.01597916 
  -0.01370613  -0.01403614  -0.01418992  -0.01206249]
[-0.01073993  -0.0042743    -0.0045223    -0.0071527    -0.00969364  -0.0083504 
  -0.00513769  -0.00740596  -0.00731696  -0.00974947  -0.01061168  -0.00518747 
  -0.00578688  -0.00777284  -0.00876252  -0.00924249  -0.01105114  -0.00730663 
  -0.0065269    -0.00699734  -0.00660778  -0.00901279  -0.00598155  -0.0049923 
  -0.00776077  -0.00749044  -0.00813884  -0.00570375  -0.00934996  -0.00693182 
  -0.00448071  -0.00502185  -0.00668058  -0.00553737]
[-0.00768281  -0.01298077  -0.00789176  -0.00793052  -0.00770508  -0.01015982 
  -0.01113615  -0.01058095  -0.01025782  -0.00901492  -0.00875151  -0.01015467 
  -0.00890816  -0.01041688  -0.00966988  -0.00934162  -0.00848495  -0.00935697 
  -0.00848624  -0.01033193  -0.0084862    -0.00958773  -0.01175111  -0.01069497 
  -0.00803837  -0.01045236  -0.00865543  -0.01191802  -0.00942657  -0.0062586 
  -0.00888316  -0.00861528  -0.00874355  -0.01208191]
increment_60
[-0.02959353  -0.01178392  -0.0238878    -0.02590645  -0.02839845  -0.0216899 
  -0.01630144  -0.01958808  -0.02040212  -0.02552334  -0.02728769  -0.01777238 
  -0.02008612  -0.02021418  -0.02279631  -0.02372375  -0.02802005  -0.01945709 
  -0.01707106  -0.01854642  -0.01714979  -0.02330713  -0.015438      -0.01447193 
  -0.02039334  -0.0191732    -0.02170331  -0.01504127  -0.02397552  -0.01852732 
  -0.01242305  -0.01321913  -0.01745883  -0.01456867]
[-0.00294556  -0.00729258  -0.00399641  -0.00361322  -0.00320722  -0.00502396 
  -0.00601852  -0.00544353  -0.00521615  -0.00406261  -0.00361875  -0.00596327 
  -0.00612835  -0.0053011    -0.00469404  -0.00447383  -0.00354009  -0.00706382 
  -0.0085214    -0.00630149  -0.00832817  -0.0045735    -0.00659839  -0.00739717 
  -0.00746383  -0.00567814  -0.00591593  -0.00653406  -0.00450149  -0.00946875 
  -0.00981417  -0.00985829  -0.00810979  -0.00664854]
[-0.01951234  -0.01376104  -0.01664913  -0.0177881    -0.01894669  -0.0170472 
  -0.01481968  -0.01623809  -0.01639947  -0.01830266  -0.01904629  -0.01500458 
  -0.01533884  -0.01646669  -0.01733084  -0.01765974  -0.01934108  -0.01537334 
  -0.01602304  -0.01585563  -0.0172548    -0.01751902  -0.01508999  -0.01516527 
  -0.0177587    -0.016084      -0.01762712  -0.01478071  -0.01792582  -0.01952997 
  -0.01653412  -0.01697582  -0.01731986  -0.01464537]
[-0.00294556  -0.00729258  -0.00399641  -0.00361322  -0.00320722  -0.00502396 
  -0.00601852  -0.00544353  -0.00521615  -0.00406261  -0.00361875  -0.00596327 
  -0.00612835  -0.0053011    -0.00469404  -0.00447383  -0.00354009  -0.00706382 
  -0.0085214    -0.00630149  -0.00832817  -0.0045735    -0.00659839  -0.00739717 
  -0.00746383  -0.00567814  -0.00591593  -0.00653406  -0.00450149  -0.00946875 
  -0.00981417  -0.00985829  -0.00810979  -0.00664854]
[0.03871453  0.02750993  0.0331957    0.03542168  0.03764083  0.03402525 
  0.0296366    0.0324413    0.03275469  0.0364386    0.03786898  0.02990159 
  0.03061105  0.03288865  0.034558      0.03519836  0.03837172  0.03060851 
  0.02747636  0.03101475  0.02765044  0.03492979  0.02973129  0.02746588 
  0.02985211  0.03203371  0.03199088  0.02956114  0.03536308  0.02609973 
  0.02345757  0.023849      0.02802892  0.02927479]
[-0.01302317  -0.00519237  -0.00529143  -0.00850331  -0.01161966  -0.01005314 
  -0.00603802  -0.00894528  -0.00868992  -0.01173935  -0.01280577  -0.00608771 
  -0.00690919  -0.00934582  -0.01043468  -0.01094106  -0.01318582  -0.00892214 
  -0.00781127  -0.00855069  -0.00789198  -0.01086669  -0.00700886  -0.00579417 
  -0.00945288  -0.00884489  -0.009703      -0.00680758  -0.01125679  -0.0085483 
  -0.00531234  -0.00596526  -0.00804438  -0.00658029]
[-0.01951234  -0.01376104  -0.01664913  -0.0177881    -0.01894669  -0.0170472 
  -0.01481968  -0.01623809  -0.01639947  -0.01830266  -0.01904629  -0.01500458 
  -0.01533884  -0.01646669  -0.01733084  -0.01765974  -0.01934108  -0.01537334 
  -0.01602304  -0.01585563  -0.0172548    -0.01751902  -0.01508999  -0.01516527 
  -0.0177587    -0.016084      -0.01762712  -0.01478071  -0.01792582  -0.01952997 
  -0.01653412  -0.01697582  -0.01731986  -0.01464537]
[-0.01302317  -0.00519237  -0.00529143  -0.00850331  -0.01161966  -0.01005314 
  -0.00603802  -0.00894528  -0.00868992  -0.01173935  -0.01280577  -0.00608771 
  -0.00690919  -0.00934582  -0.01043468  -0.01094106  -0.01318582  -0.00892214 
  -0.00781127  -0.00855069  -0.00789198  -0.01086669  -0.00700886  -0.00579417 
  -0.00945288  -0.00884489  -0.009703      -0.00680758  -0.01125679  -0.0085483 
  -0.00531234  -0.00596526  -0.00804438  -0.00658029]
[-0.00912099  -0.01572601  -0.0093079    -0.00951523  -0.00924239  -0.01233535 
  -0.01333516  -0.01285322  -0.01235256  -0.01091526  -0.0105813    -0.0121292 
  -0.01052493  -0.01267447  -0.0117617    -0.01147461  -0.01035167  -0.01115141 
  -0.0104053    -0.01246833  -0.01050065  -0.01162267  -0.01429329  -0.01299394 
  -0.00945876  -0.01286051  -0.01028758  -0.01451987  -0.01138756  -0.00757242 
  -0.01103452  -0.01062988  -0.01057009  -0.01470611]
increment_70
[-0.03533285  -0.01414461  -0.02863048  -0.03067183  -0.03355313  -0.02560072 
  -0.01980504  -0.02328252  -0.02422252  -0.03010879  -0.03211804  -0.02122442 
  -0.02413315  -0.02387023  -0.02674857  -0.02760825  -0.03270239  -0.02352509 
  -0.02014596  -0.02235844  -0.02014578  -0.02752966  -0.01782611  -0.01696009 
  -0.02442        -0.02227762  -0.025872      -0.01784193  -0.02835895  -0.02240453 
  -0.01479677  -0.01544051  -0.0206537    -0.01713022]
[-0.00300214  -0.00844284  -0.00443619  -0.00397025  -0.0034529    -0.00568707 
  -0.00682682  -0.0061892    -0.00591017  -0.00449601  -0.00390714  -0.00696551 
  -0.00710205  -0.00604238  -0.005325      -0.00512092  -0.00390125  -0.00814078 
  -0.00988285  -0.00716466  -0.00953107  -0.00512274  -0.00780675  -0.00857267 
  -0.00866874  -0.0065719    -0.00681749  -0.00754963  -0.00503846  -0.01078194 
  -0.01121769  -0.01140218  -0.00937975  -0.00771205]
[-0.02314901  -0.01632887  -0.01973996  -0.02101043  -0.02236957  -0.02012485 
  -0.01763214  -0.01923624  -0.01937123  -0.02160456  -0.02245984  -0.01775918 
  -0.01816143  -0.0194505    -0.02039708  -0.02072917  -0.02271557  -0.01833431 
  -0.01886993  -0.01886808  -0.02019139  -0.02068976  -0.01777303  -0.01778652 
  -0.02130165  -0.01888262  -0.02091667  -0.01748552  -0.02120113  -0.02313598 
  -0.01933346  -0.01983685  -0.02046407  -0.01725929]
[-0.00300214  -0.00844284  -0.00443619  -0.00397025  -0.0034529    -0.00568707 
  -0.00682682  -0.0061892    -0.00591017  -0.00449601  -0.00390714  -0.00696551 
  -0.00710205  -0.00604238  -0.005325      -0.00512092  -0.00390125  -0.00814078 
  -0.00988285  -0.00716466  -0.00953107  -0.00512274  -0.00780675  -0.00857267 
  -0.00866874  -0.0065719    -0.00681749  -0.00754963  -0.00503846  -0.01078194 
  -0.01121769  -0.01140218  -0.00937975  -0.00771205]
[0.04584068  0.03264281  0.03932188  0.04179933  0.04438142  0.04015232 
  0.03525628  0.03842104  0.03867799  0.04297524  0.04460662  0.0352805 
  0.03624118  0.03883804  0.04065462  0.04130095  0.04499249  0.03636909 
  0.03255765  0.03694702  0.03281857  0.04122649  0.03471764  0.03235956 
  0.03519981  0.03762393  0.03773831  0.03497059  0.04172926  0.03131565 
  0.02813794  0.02829781  0.033127      0.03450222]
[-0.01525273  -0.00609934  -0.00604145  -0.0098184    -0.0135003    -0.01170777 
  -0.00693925  -0.01047667  -0.00998848  -0.01367146  -0.01490946  -0.00696271 
  -0.00799439  -0.01088031  -0.01202678  -0.01256271  -0.0152291    -0.01052361 
  -0.00906351  -0.01017074  -0.00912072  -0.01267515  -0.0079413    -0.00643581 
  -0.0110857    -0.0101114    -0.01125031  -0.00792868  -0.01314983  -0.01020496 
  -0.00614047  -0.00682008  -0.00937067  -0.00758664]
[-0.02314901  -0.01632887  -0.01973996  -0.02101043  -0.02236957  -0.02012485 
  -0.01763214  -0.01923624  -0.01937123  -0.02160456  -0.02245984  -0.01775918 
  -0.01816143  -0.0194505    -0.02039708  -0.02072917  -0.02271557  -0.01833431 
  -0.01886993  -0.01886808  -0.02019139  -0.02068976  -0.01777303  -0.01778652 
  -0.02130165  -0.01888262  -0.02091667  -0.01748552  -0.02120113  -0.02313598 
  -0.01933346  -0.01983685  -0.02046407  -0.01725929]
[-0.01525273  -0.00609934  -0.00604145  -0.0098184    -0.0135003    -0.01170777 
  -0.00693925  -0.01047667  -0.00998848  -0.01367146  -0.01490946  -0.00696271 
  -0.00799439  -0.01088031  -0.01202678  -0.01256271  -0.0152291    -0.01052361 
  -0.00906351  -0.01017074  -0.00912072  -0.01267515  -0.0079413    -0.00643581 
  -0.0110857    -0.0101114    -0.01125031  -0.00792868  -0.01314983  -0.01020496 
  -0.00614047  -0.00682008  -0.00937067  -0.00758664]
[-0.01050783  -0.0184982    -0.0106914    -0.01112751  -0.01082829  -0.0145516 
  -0.01545124  -0.01513853  -0.01445547  -0.01286646  -0.01248858  -0.01405608 
  -0.01210802  -0.01496781  -0.01390604  -0.0136927    -0.0122901    -0.01284401 
  -0.01241169  -0.01458858  -0.01267279  -0.01369684  -0.01689153  -0.01539946 
  -0.01077981  -0.01534631  -0.01186631  -0.01712865  -0.0133703    -0.00891112 
  -0.01334117  -0.0128573    -0.01247331  -0.017372    ]
increment_80
[-0.0411499    -0.01654676  -0.03340302  -0.03542491  -0.03862663  -0.02947442 
  -0.02357468  -0.02704228  -0.02800034  -0.03461424  -0.03678425  -0.02476352 
  -0.02831917  -0.02751727  -0.03058808  -0.03140624  -0.03726488  -0.0278844 
  -0.0232536    -0.02634967  -0.02311023  -0.03170101  -0.02007728  -0.01926425 
  -0.02862718  -0.02531404  -0.03016896  -0.02077276  -0.03277841  -0.0264014 
  -0.01721758  -0.01759464  -0.02386017  -0.0196931  ]
[-0.00294103  -0.00956614  -0.00483776  -0.00428014  -0.0036419    -0.00630623 
  -0.00754387  -0.00687248  -0.00657429  -0.00487867  -0.00414382  -0.00793061 
  -0.00799206  -0.00674182  -0.00593692  -0.00573936  -0.00420522  -0.00909533 
  -0.01117631  -0.00790829  -0.0106537    -0.00562751  -0.0090276    -0.00974603 
  -0.0097983    -0.00745249  -0.00765237  -0.00850922  -0.00550026  -0.01200193 
  -0.0125206    -0.01286048  -0.01061077  -0.00875887]
[-0.02681917  -0.01893608  -0.02285802  -0.02424177  -0.0257974    -0.02321189 
  -0.02053844  -0.022279      -0.02234201  -0.02490514  -0.02584855  -0.02059169 
  -0.02103964  -0.02245597  -0.02344773  -0.02379366  -0.0260734    -0.02142491 
  -0.02171139  -0.02196934  -0.02309935  -0.02386979  -0.02043509  -0.02033135 
  -0.02493713  -0.02168424  -0.02426987  -0.02025819  -0.02451514  -0.02677799 
  -0.02209841  -0.02261669  -0.02363534  -0.01990195]
[-0.00294103  -0.00956614  -0.00483776  -0.00428014  -0.0036419    -0.00630623 
  -0.00754387  -0.00687248  -0.00657429  -0.00487867  -0.00414382  -0.00793061 
  -0.00799206  -0.00674182  -0.00593692  -0.00573936  -0.00420522  -0.00909533 
  -0.01117631  -0.00790829  -0.0106537    -0.00562751  -0.0090276    -0.00974603 
  -0.0097983    -0.00745249  -0.00765237  -0.00850922  -0.00550026  -0.01200193 
  -0.0125206    -0.01286048  -0.01061077  -0.00875887]
[0.05300059  0.03785418  0.04548987  0.0481837    0.05111749  0.04629484 
  0.04105795  0.04448596  0.04459679  0.04950144  0.05128763  0.04073784 
  0.04197729  0.04482839  0.04671969  0.04739259  0.05157603  0.04231074 
  0.03777147  0.04306953  0.0381091    0.04753642  0.03967927  0.03721975 
  0.04063608  0.04322135  0.04360072  0.04051547  0.0481721    0.03669127 
  0.03301875  0.03289937  0.0382988    0.03978718]
[-0.01739601  -0.00697835  -0.0067649    -0.01106449  -0.01533088  -0.01329382 
  -0.00785298  -0.01198337  -0.01119167  -0.01552205  -0.01688536  -0.00782196 
  -0.00899973  -0.01235979  -0.01350887  -0.01410156  -0.01716356  -0.01209578 
  -0.01028031  -0.01182742  -0.0102854    -0.01440647  -0.00876299  -0.0069113 
  -0.01262626  -0.01129487  -0.0127987    -0.00906413  -0.01500961  -0.01187036 
  -0.0069443    -0.00759597  -0.0106548    -0.00854501]
[-0.02681917  -0.01893608  -0.02285802  -0.02424177  -0.0257974    -0.02321189 
  -0.02053844  -0.022279      -0.02234201  -0.02490514  -0.02584855  -0.02059169 
  -0.02103964  -0.02245597  -0.02344773  -0.02379366  -0.0260734    -0.02142491 
  -0.02171139  -0.02196934  -0.02309935  -0.02386979  -0.02043509  -0.02033135 
  -0.02493713  -0.02168424  -0.02426987  -0.02025819  -0.02451514  -0.02677799 
  -0.02209841  -0.02261669  -0.02363534  -0.01990195]
[-0.01739601  -0.00697835  -0.0067649    -0.01106449  -0.01533088  -0.01329382 
  -0.00785298  -0.01198337  -0.01119167  -0.01552205  -0.01688536  -0.00782196 
  -0.00899973  -0.01235979  -0.01350887  -0.01410156  -0.01716356  -0.01209578 
  -0.01028031  -0.01182742  -0.0102854    -0.01440647  -0.00876299  -0.0069113 
  -0.01262626  -0.01129487  -0.0127987    -0.00906413  -0.01500961  -0.01187036 
  -0.0069443    -0.00759597  -0.0106548    -0.00854501]
[-0.01185069  -0.02130742  -0.01208685  -0.01275879  -0.01249086  -0.01682042 
  -0.01748327  -0.01744369  -0.01659644  -0.0148872    -0.01450338  -0.01597432 
  -0.01365813  -0.01731112  -0.01613161  -0.01598635  -0.01431115  -0.01442635 
  -0.01451787  -0.01671986  -0.01499887  -0.01583541  -0.01960199  -0.0179555 
  -0.01200889  -0.0179073    -0.01343176  -0.01974272  -0.01539369  -0.01028988 
  -0.01580117  -0.01530473  -0.01443863  -0.02009408]
increment_90
[-0.04696886  -0.01897471  -0.03813745  -0.04012898  -0.04356015  -0.03326889 
  -0.02761051  -0.03086565  -0.03167458  -0.03897737  -0.04121427  -0.02835471 
  -0.03262973  -0.03115475  -0.03430471  -0.03511043  -0.0416734    -0.03253288 
  -0.02635755  -0.03044501  -0.02605676  -0.0358041    -0.02221455  -0.02134929 
  -0.03301696  -0.02829548  -0.03454406  -0.02379836  -0.03722555  -0.0304451 
  -0.01963725  -0.01972052  -0.02707296  -0.02224351]
[-0.00278793  -0.01066395  -0.00521748  -0.00456063  -0.00378514  -0.00689371 
  -0.0081646    -0.00749106  -0.00722782  -0.00523048  -0.00435862  -0.00885329 
  -0.00879462  -0.00740015  -0.00653708  -0.00633246  -0.0044584    -0.00988636 
  -0.0123893    -0.00853487  -0.01171064  -0.00609485  -0.01024629  -0.01094448 
  -0.01080661  -0.00831804  -0.0083966    -0.00941562  -0.00588786  -0.0131378 
  -0.01374602  -0.0142356    -0.01180589  -0.00979127]
[-0.03049511  -0.02157705  -0.02598688  -0.02746239  -0.02921501  -0.02629304 
  -0.02353724  -0.0253642    -0.02529467  -0.02818242  -0.02918653  -0.02350388 
  -0.02396903  -0.02548349  -0.02647797  -0.02684768  -0.02940112  -0.02464304 
  -0.0245447    -0.02513698  -0.02599512  -0.02705312  -0.02307326  -0.02280814 
  -0.02861742  -0.02449234  -0.0276593    -0.02308505  -0.02786768  -0.03042516 
  -0.02482542  -0.02533877  -0.02683433  -0.02256806]
[-0.00278793  -0.01066395  -0.00521748  -0.00456063  -0.00378514  -0.00689371 
  -0.0081646    -0.00749106  -0.00722782  -0.00523048  -0.00435862  -0.00885329 
  -0.00879462  -0.00740015  -0.00653708  -0.00633246  -0.0044584    -0.00988636 
  -0.0123893    -0.00853487  -0.01171064  -0.00609485  -0.01024629  -0.01094448 
  -0.01080661  -0.00831804  -0.0083966    -0.00941562  -0.00588786  -0.0131378 
  -0.01374602  -0.0142356    -0.01180589  -0.00979127]
[0.06014204  0.04313264  0.05166911  0.05453745  0.05782369  0.05242411 
  0.04703691  0.05063138  0.05047892  0.05597768  0.05786755  0.04626912 
  0.04780729  0.05086083  0.05274589  0.05346358  0.05810856  0.04845026 
  0.04310837  0.04933709  0.0435086    0.05384927  0.04465011  0.04201845 
  0.04621549  0.04883285  0.04957988  0.04616841  0.05467444  0.04218686 
  0.03803673  0.03765141  0.04353827  0.04511895]
[-0.01941666  -0.0078206    -0.00746835  -0.01220206  -0.01709676  -0.0147903 
  -0.00877703  -0.01345905  -0.01228812  -0.01726205  -0.01869907  -0.00867491 
  -0.00990661  -0.01378281  -0.01487196  -0.01554825  -0.01897072  -0.01362098 
  -0.01144085  -0.01348186  -0.01139114  -0.01605133  -0.00948411  -0.00724239 
  -0.01407087  -0.01240084  -0.01432377  -0.01019536  -0.01683383  -0.0135069 
  -0.00769636  -0.00831061  -0.01189257  -0.00944734]
[-0.03049511  -0.02157705  -0.02598688  -0.02746239  -0.02921501  -0.02629304 
  -0.02353724  -0.0253642    -0.02529467  -0.02818242  -0.02918653  -0.02350388 
  -0.02396903  -0.02548349  -0.02647797  -0.02684768  -0.02940112  -0.02464304 
  -0.0245447    -0.02513698  -0.02599512  -0.02705312  -0.02307326  -0.02280814 
  -0.02861742  -0.02449234  -0.0276593    -0.02308505  -0.02786768  -0.03042516 
  -0.02482542  -0.02533877  -0.02683433  -0.02256806]
[-0.01941666  -0.0078206    -0.00746835  -0.01220206  -0.01709676  -0.0147903 
  -0.00877703  -0.01345905  -0.01228812  -0.01726205  -0.01869907  -0.00867491 
  -0.00990661  -0.01378281  -0.01487196  -0.01554825  -0.01897072  -0.01362098 
  -0.01144085  -0.01348186  -0.01139114  -0.01605133  -0.00948411  -0.00724239 
  -0.01407087  -0.01240084  -0.01432377  -0.01019536  -0.01683383  -0.0135069 
  -0.00769636  -0.00831061  -0.01189257  -0.00944734]
[-0.01317318  -0.02415793  -0.01353165  -0.01440847  -0.01426354  -0.01915522 
  -0.0194264    -0.01976573  -0.01880434  -0.01700031  -0.01665327  -0.0179144 
  -0.01517756  -0.01970608  -0.01844117  -0.01835315  -0.01643516  -0.01591738 
  -0.01675082  -0.01889208  -0.01745185  -0.01804517  -0.02243556  -0.02066916 
  -0.01319853  -0.02053737  -0.01503582  -0.02237005  -0.01744889  -0.01174175 
  -0.01839948  -0.01793089  -0.01646531  -0.02287544]
increment_100
[-0.05272994  -0.02141558  -0.0427897    -0.04474714  -0.04828022  -0.03695938 
  -0.03190425  -0.03473817  -0.03520749  -0.04316842  -0.04537114  -0.03199249 
  -0.03703137  -0.03476442  -0.03789392  -0.0387084    -0.04589913  -0.03743794 
  -0.02942213  -0.03461362  -0.0289744    -0.03981307  -0.024237      -0.02326003 
  -0.03753801  -0.03122483  -0.03896903  -0.0268789    -0.04167759  -0.03446194 
  -0.02203722  -0.02184732  -0.03026032  -0.02478872]
[-0.0025707    -0.01173686  -0.0055855    -0.00482883  -0.00389361  -0.00746106 
  -0.00868754  -0.00804521  -0.00788562  -0.0055657    -0.00457035  -0.0097366 
  -0.00950488  -0.00802223  -0.00713178  -0.00690683  -0.00467145  -0.01050655 
  -0.0135254    -0.00905181  -0.01271863  -0.00653374  -0.01146816  -0.01217335 
  -0.01167315  -0.0091674    -0.00903385  -0.01027599  -0.00621149  -0.0141932 
  -0.01490901  -0.01554154  -0.01296106  -0.01080441]
[-0.03415253  -0.02424549  -0.02911306  -0.0306585    -0.03260039  -0.02936125 
  -0.02661829  -0.02848392  -0.02821948  -0.03142448  -0.03246303  -0.02649892 
  -0.02694622  -0.0285264    -0.02948341  -0.0298859    -0.03269532  -0.02797072 
  -0.02737398  -0.02835903  -0.02888616  -0.03022904  -0.02569198  -0.02524925 
  -0.03229437  -0.02730565  -0.0310672    -0.025953      -0.0312597    -0.03404801 
  -0.02751578  -0.02803262  -0.03003851  -0.02525683]
[-0.0025707    -0.01173686  -0.0055855    -0.00482883  -0.00389361  -0.00746106 
  -0.00868754  -0.00804521  -0.00788562  -0.0055657    -0.00457035  -0.0097366 
  -0.00950488  -0.00802223  -0.00713178  -0.00690683  -0.00467145  -0.01050655 
  -0.0135254    -0.00905181  -0.01271863  -0.00653374  -0.01146816  -0.01217335 
  -0.01167315  -0.0091674    -0.00903385  -0.01027599  -0.00621149  -0.0141932 
  -0.01490901  -0.01554154  -0.01296106  -0.01080441]
[0.06722163  0.04846546  0.05783527  0.06083606  0.06446371  0.05852803 
  0.05317135  0.0568414    0.05630716  0.06238413  0.06433143  0.05187027 
  0.05372182  0.05692288  0.05872572  0.05950487  0.06458567  0.05475654 
  0.04853573  0.05572364  0.04898474  0.06014593  0.04961571  0.04677791 
  0.05195269  0.05445603  0.05567275  0.05190318  0.061214      0.04777106 
  0.04314871  0.04253308  0.04883136  0.05049592]
[-0.02127676  -0.00861886  -0.00815296  -0.01320696  -0.01876073  -0.01618429 
  -0.00967631  -0.01489326  -0.01327142  -0.01887668  -0.02033407  -0.0095422 
  -0.01070143  -0.01513962  -0.01610572  -0.01689417  -0.02063975  -0.01506691 
  -0.01252263  -0.01511734  -0.01243143  -0.01759672  -0.01010519  -0.00747596 
  -0.01541774  -0.0134302    -0.01579927  -0.01130156  -0.0186141    -0.01507531 
  -0.00837271  -0.00897636  -0.01306749  -0.01029635]
[-0.03415253  -0.02424549  -0.02911306  -0.0306585    -0.03260039  -0.02936125 
  -0.02661829  -0.02848392  -0.02821948  -0.03142448  -0.03246303  -0.02649892 
  -0.02694622  -0.0285264    -0.02948341  -0.0298859    -0.03269532  -0.02797072 
  -0.02737398  -0.02835903  -0.02888616  -0.03022904  -0.02569198  -0.02524925 
  -0.03229437  -0.02730565  -0.0310672    -0.025953      -0.0312597    -0.03404801 
  -0.02751578  -0.02803262  -0.03003851  -0.02525683]
[-0.02127676  -0.00861886  -0.00815296  -0.01320696  -0.01876073  -0.01618429 
  -0.00967631  -0.01489326  -0.01327142  -0.01887668  -0.02033407  -0.0095422 
  -0.01070143  -0.01513962  -0.01610572  -0.01689417  -0.02063975  -0.01506691 
  -0.01252263  -0.01511734  -0.01243143  -0.01759672  -0.01010519  -0.00747596 
  -0.01541774  -0.0134302    -0.01579927  -0.01130156  -0.0186141    -0.01507531 
  -0.00837271  -0.00897636  -0.01306749  -0.01029635]
[-0.01449168  -0.02704988  -0.01504557  -0.01608892  -0.01618349  -0.02156865 
  -0.0212671    -0.02210322  -0.02109967  -0.01921572  -0.01896028  -0.01987778 
  -0.01669046  -0.02215846  -0.0208318    -0.02079646  -0.01868654  -0.0173186 
  -0.0191136    -0.02111002  -0.02001034  -0.02033286  -0.02537871  -0.02351788 
  -0.01441468  -0.0232312    -0.01670372  -0.02502428  -0.01953642  -0.01330912 
  -0.02111149  -0.02068576  -0.01857104  -0.0257072  ]
increment_110
[-0.0584287    -0.02387163  -0.04730547  -0.04924769  -0.05271854  -0.04055904 
  -0.03649016  -0.0385895    -0.03858128  -0.0471744    -0.04926116  -0.03565868 
  -0.04149088  -0.03828707  -0.04135842  -0.04217864  -0.04995499  -0.04260463 
  -0.03238569  -0.03886571  -0.03181021  -0.04370402  -0.02610993  -0.02504223 
  -0.04214869  -0.0341091    -0.04343016  -0.02998175  -0.04609403  -0.03840136 
  -0.024384      -0.02400476  -0.03338673  -0.02735217]
[-0.0023056    -0.0127845    -0.00595957  -0.00509487  -0.00397792  -0.00801011 
  -0.00910336  -0.00855284  -0.00855816  -0.00589655  -0.00477508  -0.01059066 
  -0.01010685  -0.00862578  -0.00772649  -0.00747355  -0.00484539  -0.01096308 
  -0.01460042  -0.00946303  -0.01370464  -0.00695473  -0.01271512  -0.01343227 
  -0.01238672  -0.00999918  -0.00955443  -0.01109769  -0.00648553  -0.01516471 
  -0.01603003  -0.01678941  -0.01407433  -0.01179076]
[-0.03778514  -0.0269423    -0.03221748  -0.03382752  -0.0359358    -0.03242332 
  -0.02978453  -0.03161262  -0.03111625  -0.03462601  -0.03568808  -0.02956745 
  -0.02998059  -0.03156376  -0.03246431  -0.03290133  -0.03596857  -0.03139384 
  -0.03019662  -0.0316381    -0.0317672    -0.03338844  -0.0282907    -0.02768453 
  -0.03593474  -0.0301255    -0.03448198  -0.0288521    -0.0346866    -0.03762659 
  -0.03016499  -0.03072584  -0.03322304  -0.02797483]
[-0.0023056    -0.0127845    -0.00595957  -0.00509487  -0.00397792  -0.00801011 
  -0.00910336  -0.00855284  -0.00855816  -0.00589655  -0.00477508  -0.01059066 
  -0.01010685  -0.00862578  -0.00772649  -0.00747355  -0.00484539  -0.01096308 
  -0.01460042  -0.00946303  -0.01370464  -0.00695473  -0.01271512  -0.01343227 
  -0.01238672  -0.00999918  -0.00955443  -0.01109769  -0.00648553  -0.01516471 
  -0.01603003  -0.01678941  -0.01407433  -0.01179076]
[0.07422978  0.0538544    0.06395421  0.06707791  0.0710115    0.06462102 
  0.05946411  0.06306669  0.06208295  0.06871369  0.07070329  0.05751838 
  0.05973733  0.06297485  0.06466063  0.06550454  0.07102869  0.06120767 
  0.05400341  0.06222832  0.05448212  0.06641074  0.05453127  0.05153156 
  0.05785949  0.06009355  0.06187895  0.05769998  0.06776615  0.05343138 
  0.04831183  0.04753384  0.05417037  0.05593119]
[-0.022957      -0.00937279  -0.00879472  -0.01408404  -0.02028123  -0.0174809 
  -0.01053172  -0.0162537    -0.0141482    -0.02035807  -0.02179735  -0.01040673 
  -0.01139755  -0.01640078  -0.01720769  -0.01812741  -0.02218147  -0.01642522 
  -0.01348759  -0.01673737  -0.01337939  -0.01903071  -0.01060961  -0.00765282 
  -0.01667459  -0.01438548  -0.01720779  -0.01236543  -0.02033577  -0.01654459 
  -0.00893782  -0.00960438  -0.01416083  -0.01110227]
[-0.03778514  -0.0269423    -0.03221748  -0.03382752  -0.0359358    -0.03242332 
  -0.02978453  -0.03161262  -0.03111625  -0.03462601  -0.03568808  -0.02956745 
  -0.02998059  -0.03156376  -0.03246431  -0.03290133  -0.03596857  -0.03139384 
  -0.03019662  -0.0316381    -0.0317672    -0.03338844  -0.0282907    -0.02768453 
  -0.03593474  -0.0301255    -0.03448198  -0.0288521    -0.0346866    -0.03762659 
  -0.03016499  -0.03072584  -0.03322304  -0.02797483]
[-0.022957      -0.00937279  -0.00879472  -0.01408404  -0.02028123  -0.0174809 
  -0.01053172  -0.0162537    -0.0141482    -0.02035807  -0.02179735  -0.01040673 
  -0.01139755  -0.01640078  -0.01720769  -0.01812741  -0.02218147  -0.01642522 
  -0.01348759  -0.01673737  -0.01337939  -0.01903071  -0.01060961  -0.00765282 
  -0.01667459  -0.01438548  -0.01720779  -0.01236543  -0.02033577  -0.01654459 
  -0.00893782  -0.00960438  -0.01416083  -0.01110227]
[-0.01580107  -0.02998276  -0.01664874  -0.01783022  -0.01829296  -0.02406197 
  -0.02297396  -0.02447719  -0.02350167  -0.02153928  -0.02144213  -0.0218597 
  -0.01824645  -0.02468779  -0.02330221  -0.0233259    -0.0210737    -0.01860303 
  -0.02161772  -0.02336261  -0.02267191  -0.02270671  -0.02842134  -0.02648932 
  -0.0157108    -0.02598445  -0.01844879  -0.02771824  -0.02167211  -0.01503002 
  -0.02392783  -0.02352908  -0.02078364  -0.02857902]
increment_120
[-0.06407172  -0.02639309  -0.05168371  -0.05362806  -0.05684333  -0.04410462 
  -0.04142006  -0.0423442    -0.04184259  -0.05098774  -0.05292998  -0.03940788 
  -0.04602308  -0.04168292  -0.04475988  -0.04551197  -0.05388557  -0.04803932 
  -0.03523453  -0.04324642  -0.03455914  -0.04751661  -0.02784814  -0.0267863 
  -0.04683512  -0.0369746    -0.04793617  -0.03311537  -0.05046625  -0.04225808 
  -0.02667897  -0.02623093  -0.03644852  -0.02997813]
[-0.00201168  -0.01379786  -0.00635468  -0.00535764  -0.00403592  -0.00853336 
  -0.0093954    -0.0090427    -0.00923604  -0.00623724  -0.00495622  -0.01140391 
  -0.01059626  -0.00922693  -0.00830703  -0.00804401  -0.0049803    -0.01128297 
  -0.0156238    -0.00976272  -0.01468595  -0.00734964  -0.01399911  -0.0147061 
  -0.01295373  -0.01080971  -0.00996095  -0.01188        -0.00671242  -0.01605664 
  -0.01712991  -0.01799198  -0.01515084  -0.01273825]
[-0.04138652  -0.02969085  -0.0352961    -0.03698019  -0.03922869  -0.03549312 
  -0.03305243  -0.0347265    -0.0340089    -0.03778826  -0.03888573  -0.03271014 
  -0.03308949  -0.03458271  -0.03544506  -0.03589502  -0.03923766  -0.03488785 
  -0.03302182  -0.03498897  -0.03465215  -0.03654514  -0.03088476  -0.0301525 
  -0.03953713  -0.03296402  -0.03790075  -0.03178885  -0.03815293  -0.04115835 
  -0.03278586  -0.03345202  -0.03638774  -0.03073784]
[-0.00201168  -0.01379786  -0.00635468  -0.00535764  -0.00403592  -0.00853336 
  -0.0093954    -0.0090427    -0.00923604  -0.00623724  -0.00495622  -0.01140391 
  -0.01059626  -0.00922693  -0.00830703  -0.00804401  -0.0049803    -0.01128297 
  -0.0156238    -0.00976272  -0.01468595  -0.00734964  -0.01399911  -0.0147061 
  -0.01295373  -0.01080971  -0.00996095  -0.01188        -0.00671242  -0.01605664 
  -0.01712991  -0.01799198  -0.01515084  -0.01273825]
[0.0811564    0.05934667  0.07002022  0.07328689  0.07749025  0.07073046 
  0.06594271  0.06926295  0.06785394  0.07497252  0.0770317    0.06322517 
  0.06588751  0.06899327  0.07059775  0.07146654  0.07746775  0.06778161 
  0.05950342  0.06887127  0.05998708  0.07267098  0.05939878  0.05633578 
  0.06393098  0.06576941  0.06819647  0.06357186  0.07433687  0.05916449 
  0.05350404  0.05264609  0.05955822  0.06145643]
[-0.02442985  -0.01010384  -0.00934036  -0.01486446  -0.02164385  -0.01869668 
  -0.01137143  -0.01749732  -0.0149581    -0.02169721  -0.02311535  -0.01121646 
  -0.01206506  -0.01754551  -0.01821616  -0.01924089  -0.0236177    -0.01770087 
  -0.01431791  -0.01836297  -0.01423063  -0.02037205  -0.01100027  -0.00781129 
  -0.01786497  -0.01527702  -0.01854799  -0.01338881  -0.02199982  -0.01790095 
  -0.00936749  -0.01020651  -0.01516847  -0.01188463]
[-0.04138652  -0.02969085  -0.0352961    -0.03698019  -0.03922869  -0.03549312 
  -0.03305243  -0.0347265    -0.0340089    -0.03778826  -0.03888573  -0.03271014 
  -0.03308949  -0.03458271  -0.03544506  -0.03589502  -0.03923766  -0.03488785 
  -0.03302182  -0.03498897  -0.03465215  -0.03654514  -0.03088476  -0.0301525 
  -0.03953713  -0.03296402  -0.03790075  -0.03178885  -0.03815293  -0.04115835 
  -0.03278586  -0.03345202  -0.03638774  -0.03073784]
[-0.02442985  -0.01010384  -0.00934036  -0.01486446  -0.02164385  -0.01869668 
  -0.01137143  -0.01749732  -0.0149581    -0.02169721  -0.02311535  -0.01121646 
  -0.01206506  -0.01754551  -0.01821616  -0.01924089  -0.0236177    -0.01770087 
  -0.01431791  -0.01836297  -0.01423063  -0.02037205  -0.01100027  -0.00781129 
  -0.01786497  -0.01527702  -0.01854799  -0.01338881  -0.02199982  -0.01790095 
  -0.00936749  -0.01020651  -0.01516847  -0.01188463]
[-0.01708468  -0.03295358  -0.01833651  -0.01965883  -0.02064692  -0.02662584 
  -0.02452265  -0.02691875  -0.02601135  -0.02398478  -0.02410172  -0.02381729 
  -0.01986443  -0.02731034  -0.02583787  -0.02595457  -0.02358218  -0.01974229 
  -0.0242689    -0.02562485  -0.02542794  -0.02515437  -0.03155064  -0.02954948 
  -0.01709586  -0.02879481  -0.0202603    -0.03045649  -0.02387063  -0.01690641 
  -0.02682507  -0.02641516  -0.0231097    -0.03147829]
