inc
eps_11
eps_12
eps_13
eps_21
eps_22
eps_23
eps_31
eps_32
eps_33
increment_0
[-3.26627508e-17  -3.26627508e-17  -3.26627508e-17  -3.26627508e-17 
  -3.26627508e-17  -3.26627508e-17  -3.26627508e-17  -3.26627508e-17 
  -3.26627508e-17  -3.26627508e-17  -3.26627508e-17  -3.26627508e-17 
  -3.26627508e-17  -3.26627508e-17  -3.26627508e-17  -3.26627508e-17 
  -3.26627508e-17  -3.26627508e-17  -3.26627508e-17  -3.26627508e-17 
  -3.26627508e-17  -3.26627508e-17  -3.26627508e-17  -3.26627508e-17 
  -3.26627508e-17  -3.26627508e-17  -3.26627508e-17  -3.26627508e-17 
  -3.26627508e-17  -3.26627508e-17  -3.26627508e-17  -3.26627508e-17 
  -3.26627508e-17  -3.26627508e-17  -3.26627508e-17  -3.26627508e-17 
  -3.26627508e-17  -3.26627508e-17  -3.26627508e-17  -3.26627508e-17 
  -3.26627508e-17]
[9.20003719e-18  9.20003719e-18  9.20003719e-18  9.20003719e-18 
  9.20003719e-18  9.20003719e-18  9.20003719e-18  9.20003719e-18 
  9.20003719e-18  9.20003719e-18  9.20003719e-18  9.20003719e-18 
  9.20003719e-18  9.20003719e-18  9.20003719e-18  9.20003719e-18 
  9.20003719e-18  9.20003719e-18  9.20003719e-18  9.20003719e-18 
  9.20003719e-18  9.20003719e-18  9.20003719e-18  9.20003719e-18 
  9.20003719e-18  9.20003719e-18  9.20003719e-18  9.20003719e-18 
  9.20003719e-18  9.20003719e-18  9.20003719e-18  9.20003719e-18 
  9.20003719e-18  9.20003719e-18  9.20003719e-18  9.20003719e-18 
  9.20003719e-18  9.20003719e-18  9.20003719e-18  9.20003719e-18 
  9.20003719e-18]
[-7.57298816e-17  -7.57298816e-17  -7.57298816e-17  -7.57298816e-17 
  -7.57298816e-17  -7.57298816e-17  -7.57298816e-17  -7.57298816e-17 
  -7.57298816e-17  -7.57298816e-17  -7.57298816e-17  -7.57298816e-17 
  -7.57298816e-17  -7.57298816e-17  -7.57298816e-17  -7.57298816e-17 
  -7.57298816e-17  -7.57298816e-17  -7.57298816e-17  -7.57298816e-17 
  -7.57298816e-17  -7.57298816e-17  -7.57298816e-17  -7.57298816e-17 
  -7.57298816e-17  -7.57298816e-17  -7.57298816e-17  -7.57298816e-17 
  -7.57298816e-17  -7.57298816e-17  -7.57298816e-17  -7.57298816e-17 
  -7.57298816e-17  -7.57298816e-17  -7.57298816e-17  -7.57298816e-17 
  -7.57298816e-17  -7.57298816e-17  -7.57298816e-17  -7.57298816e-17 
  -7.57298816e-17]
[9.20003719e-18  9.20003719e-18  9.20003719e-18  9.20003719e-18 
  9.20003719e-18  9.20003719e-18  9.20003719e-18  9.20003719e-18 
  9.20003719e-18  9.20003719e-18  9.20003719e-18  9.20003719e-18 
  9.20003719e-18  9.20003719e-18  9.20003719e-18  9.20003719e-18 
  9.20003719e-18  9.20003719e-18  9.20003719e-18  9.20003719e-18 
  9.20003719e-18  9.20003719e-18  9.20003719e-18  9.20003719e-18 
  9.20003719e-18  9.20003719e-18  9.20003719e-18  9.20003719e-18 
  9.20003719e-18  9.20003719e-18  9.20003719e-18  9.20003719e-18 
  9.20003719e-18  9.20003719e-18  9.20003719e-18  9.20003719e-18 
  9.20003719e-18  9.20003719e-18  9.20003719e-18  9.20003719e-18 
  9.20003719e-18]
[1.12304698e-16  1.12304698e-16  1.12304698e-16  1.12304698e-16 
  1.12304698e-16  1.12304698e-16  1.12304698e-16  1.12304698e-16 
  1.12304698e-16  1.12304698e-16  1.12304698e-16  1.12304698e-16 
  1.12304698e-16  1.12304698e-16  1.12304698e-16  1.12304698e-16 
  1.12304698e-16  1.12304698e-16  1.12304698e-16  1.12304698e-16 
  1.12304698e-16  1.12304698e-16  1.12304698e-16  1.12304698e-16 
  1.12304698e-16  1.12304698e-16  1.12304698e-16  1.12304698e-16 
  1.12304698e-16  1.12304698e-16  1.12304698e-16  1.12304698e-16 
  1.12304698e-16  1.12304698e-16  1.12304698e-16  1.12304698e-16 
  1.12304698e-16  1.12304698e-16  1.12304698e-16  1.12304698e-16 
  1.12304698e-16]
[-1.05560061e-17  -1.05560061e-17  -1.05560061e-17  -1.05560061e-17 
  -1.05560061e-17  -1.05560061e-17  -1.05560061e-17  -1.05560061e-17 
  -1.05560061e-17  -1.05560061e-17  -1.05560061e-17  -1.05560061e-17 
  -1.05560061e-17  -1.05560061e-17  -1.05560061e-17  -1.05560061e-17 
  -1.05560061e-17  -1.05560061e-17  -1.05560061e-17  -1.05560061e-17 
  -1.05560061e-17  -1.05560061e-17  -1.05560061e-17  -1.05560061e-17 
  -1.05560061e-17  -1.05560061e-17  -1.05560061e-17  -1.05560061e-17 
  -1.05560061e-17  -1.05560061e-17  -1.05560061e-17  -1.05560061e-17 
  -1.05560061e-17  -1.05560061e-17  -1.05560061e-17  -1.05560061e-17 
  -1.05560061e-17  -1.05560061e-17  -1.05560061e-17  -1.05560061e-17 
  -1.05560061e-17]
[-7.57298816e-17  -7.57298816e-17  -7.57298816e-17  -7.57298816e-17 
  -7.57298816e-17  -7.57298816e-17  -7.57298816e-17  -7.57298816e-17 
  -7.57298816e-17  -7.57298816e-17  -7.57298816e-17  -7.57298816e-17 
  -7.57298816e-17  -7.57298816e-17  -7.57298816e-17  -7.57298816e-17 
  -7.57298816e-17  -7.57298816e-17  -7.57298816e-17  -7.57298816e-17 
  -7.57298816e-17  -7.57298816e-17  -7.57298816e-17  -7.57298816e-17 
  -7.57298816e-17  -7.57298816e-17  -7.57298816e-17  -7.57298816e-17 
  -7.57298816e-17  -7.57298816e-17  -7.57298816e-17  -7.57298816e-17 
  -7.57298816e-17  -7.57298816e-17  -7.57298816e-17  -7.57298816e-17 
  -7.57298816e-17  -7.57298816e-17  -7.57298816e-17  -7.57298816e-17 
  -7.57298816e-17]
[-1.05560061e-17  -1.05560061e-17  -1.05560061e-17  -1.05560061e-17 
  -1.05560061e-17  -1.05560061e-17  -1.05560061e-17  -1.05560061e-17 
  -1.05560061e-17  -1.05560061e-17  -1.05560061e-17  -1.05560061e-17 
  -1.05560061e-17  -1.05560061e-17  -1.05560061e-17  -1.05560061e-17 
  -1.05560061e-17  -1.05560061e-17  -1.05560061e-17  -1.05560061e-17 
  -1.05560061e-17  -1.05560061e-17  -1.05560061e-17  -1.05560061e-17 
  -1.05560061e-17  -1.05560061e-17  -1.05560061e-17  -1.05560061e-17 
  -1.05560061e-17  -1.05560061e-17  -1.05560061e-17  -1.05560061e-17 
  -1.05560061e-17  -1.05560061e-17  -1.05560061e-17  -1.05560061e-17 
  -1.05560061e-17  -1.05560061e-17  -1.05560061e-17  -1.05560061e-17 
  -1.05560061e-17]
[1.97913809e-16  1.97913809e-16  1.97913809e-16  1.97913809e-16 
  1.97913809e-16  1.97913809e-16  1.97913809e-16  1.97913809e-16 
  1.97913809e-16  1.97913809e-16  1.97913809e-16  1.97913809e-16 
  1.97913809e-16  1.97913809e-16  1.97913809e-16  1.97913809e-16 
  1.97913809e-16  1.97913809e-16  1.97913809e-16  1.97913809e-16 
  1.97913809e-16  1.97913809e-16  1.97913809e-16  1.97913809e-16 
  1.97913809e-16  1.97913809e-16  1.97913809e-16  1.97913809e-16 
  1.97913809e-16  1.97913809e-16  1.97913809e-16  1.97913809e-16 
  1.97913809e-16  1.97913809e-16  1.97913809e-16  1.97913809e-16 
  1.97913809e-16  1.97913809e-16  1.97913809e-16  1.97913809e-16 
  1.97913809e-16]
increment_10
[-0.0040085    -0.00340529  -0.00348035  -0.00395322  -0.00352488  -0.00362825 
  -0.00338814  -0.00383316  -0.0051037    -0.00521376  -0.00450606  -0.00379213 
  -0.00377098  -0.00429131  -0.00396978  -0.00442324  -0.0044607    -0.00421809 
  -0.00504482  -0.00445096  -0.00434869  -0.00470858  -0.00450194  -0.00467591 
  -0.00487211  -0.00512298  -0.00457508  -0.00497324  -0.00429945  -0.00382449 
  -0.00274303  -0.00234209  -0.00167682  -0.00236174  -0.00369938  -0.00313745 
  -0.00228107  -0.00247206  -0.00226314  -0.00289671  -0.00327158]
[  2.31573237e-05    1.82334232e-04    2.07885003e-04    6.03190654e-05 
    1.58364881e-04    1.22048336e-04    2.17846982e-04    2.19631435e-05 
  -3.66511521e-05  -4.18832869e-05  -2.38981971e-05    7.66864000e-05 
    1.38792830e-04    6.41307320e-06    9.52410626e-05  -6.65060546e-07 
  -2.32069225e-05    2.28596039e-05  -1.28161189e-04  -1.58746898e-05 
    5.43419648e-05  -2.06168452e-05    8.29608717e-06  -1.90658776e-05 
    8.78370267e-06  -3.36692509e-05  -1.59782849e-05  -2.80273090e-05 
    7.99868606e-06    2.08755797e-04    4.13369649e-04    5.38894121e-04 
    7.74800137e-04    5.43657670e-04    1.89751843e-04    3.40701937e-04 
    5.92072974e-04    4.97395927e-04    6.55045810e-04    4.13389817e-04 
    9.86839240e-05]
[0.00205472  0.00190767  0.0019727    0.00206608  0.001944      0.00195926 
  0.00192698  0.00195416  0.00257239  0.00263135  0.0022671    0.00199945 
  0.00204784  0.00217208  0.00210991  0.00220098  0.00224212  0.00216494 
  0.00263536  0.00224122  0.00225629  0.00237287  0.00224139  0.00234414 
  0.00241789  0.00257677  0.00229259  0.00250085  0.00213887  0.00190483 
  0.00189126  0.00172257  0.00162165  0.00161479  0.00208466  0.0019299 
  0.00174545  0.00174548  0.00179984  0.00187587  0.00173854]
[  2.31573237e-05    1.82334232e-04    2.07885003e-04    6.03190654e-05 
    1.58364881e-04    1.22048336e-04    2.17846982e-04    2.19631435e-05 
  -3.66511521e-05  -4.18832869e-05  -2.38981971e-05    7.66864000e-05 
    1.38792830e-04    6.41307320e-06    9.52410626e-05  -6.65060546e-07 
  -2.32069225e-05    2.28596039e-05  -1.28161189e-04  -1.58746898e-05 
    5.43419648e-05  -2.06168452e-05    8.29608717e-06  -1.90658776e-05 
    8.78370267e-06  -3.36692509e-05  -1.59782849e-05  -2.80273090e-05 
    7.99868606e-06    2.08755797e-04    4.13369649e-04    5.38894121e-04 
    7.74800137e-04    5.43657670e-04    1.89751843e-04    3.40701937e-04 
    5.92072974e-04    4.97395927e-04    6.55045810e-04    4.13389817e-04 
    9.86839240e-05]
[0.0040979    0.00380864  0.00393863  0.00412163  0.0038808    0.00391082 
  0.00384189  0.00390104  0.00512488  0.00521242  0.00451901  0.00398922 
  0.00408662  0.00433045  0.00420918  0.00438771  0.00447023  0.0043174 
  0.00519713  0.00447009  0.00433244  0.00471603  0.00446069  0.00467114 
  0.00480872  0.00513388  0.00456714  0.00498042  0.00426372  0.00365754 
  0.00378061  0.00344429  0.00324297  0.00301688  0.00416147  0.00385544 
  0.00349006  0.00348986  0.00359911  0.00370626  0.00347309]
[-0.00199352  -0.00167206  -0.00170545  -0.00191423  -0.00166837  -0.00163729 
  -0.00108175  -0.00101371  -0.00254047  -0.00258267  -0.00223409  -0.00187742 
  -0.00186943  -0.00212765  -0.00194064  -0.00214282  -0.00205589  -0.00203937 
  -0.00247468  -0.00170778  -0.00174672  -0.00234169  -0.00223696  -0.00232504 
  -0.00242241  -0.00253064  -0.0021583    -0.00242928  -0.00121806  -0.00148083 
  -0.0012426    -0.00101896  -0.00074438  -0.00011311  -0.0018175    -0.00154133 
  -0.00111845  -0.00100897  -0.00108136  -0.00110015  -0.0003265  ]
[0.00205472  0.00190767  0.0019727    0.00206608  0.001944      0.00195926 
  0.00192698  0.00195416  0.00257239  0.00263135  0.0022671    0.00199945 
  0.00204784  0.00217208  0.00210991  0.00220098  0.00224212  0.00216494 
  0.00263536  0.00224122  0.00225629  0.00237287  0.00224139  0.00234414 
  0.00241789  0.00257677  0.00229259  0.00250085  0.00213887  0.00190483 
  0.00189126  0.00172257  0.00162165  0.00161479  0.00208466  0.0019299 
  0.00174545  0.00174548  0.00179984  0.00187587  0.00173854]
[-0.00199352  -0.00167206  -0.00170545  -0.00191423  -0.00166837  -0.00163729 
  -0.00108175  -0.00101371  -0.00254047  -0.00258267  -0.00223409  -0.00187742 
  -0.00186943  -0.00212765  -0.00194064  -0.00214282  -0.00205589  -0.00203937 
  -0.00247468  -0.00170778  -0.00174672  -0.00234169  -0.00223696  -0.00232504 
  -0.00242241  -0.00253064  -0.0021583    -0.00242928  -0.00121806  -0.00148083 
  -0.0012426    -0.00101896  -0.00074438  -0.00011311  -0.0018175    -0.00154133 
  -0.00111845  -0.00100897  -0.00108136  -0.00110015  -0.0003265  ]
[-8.93954465e-05  -4.03349648e-04  -4.58283389e-04  -1.68409255e-04 
  -3.55922015e-04  -2.82572803e-04  -4.53752513e-04  -6.78787840e-05 
  -2.11749694e-05    1.34083259e-06  -1.29521495e-05  -1.97093574e-04 
  -3.15633939e-04  -3.91385102e-05  -2.39405420e-04    3.55377793e-05 
  -9.53087630e-06  -9.93176782e-05  -1.52309710e-04  -1.91275305e-05 
    1.62511223e-05  -7.45094196e-06    4.12500848e-05    4.77148017e-06 
    6.33838831e-05  -1.08988982e-05    7.93517125e-06  -7.18335694e-06 
    3.57281115e-05    1.66950839e-04  -1.03757618e-03  -1.10220490e-03 
  -1.56615139e-03  -6.55147722e-04  -4.62091281e-04  -7.17997901e-04 
  -1.20898231e-03  -1.01780382e-03  -1.33597223e-03  -8.09541362e-04 
  -2.01512894e-04]
increment_20
[-0.00869737  -0.00703438  -0.0069611    -0.00798941  -0.00730532  -0.0077633 
  -0.0065349    -0.00743417  -0.01033384  -0.01044146  -0.00966347  -0.00807065 
  -0.00764374  -0.00894626  -0.0077377    -0.00941658  -0.00941577  -0.00874625 
  -0.0103702    -0.00933346  -0.00912314  -0.00957893  -0.01013644  -0.0100244 
  -0.01033417  -0.01092934  -0.00988335  -0.01090039  -0.00939474  -0.00787074 
  -0.00498519  -0.00414633  -0.00322806  -0.0043091    -0.00766918  -0.00638531 
  -0.00466656  -0.00526694  -0.00411541  -0.00492787  -0.00667902]
[  1.04869791e-04    5.87456974e-04    5.96768491e-04    3.38832280e-04 
    5.08333408e-04    3.30500578e-04    7.82183903e-04    3.33471711e-04 
  -2.53020529e-04  -2.61769512e-04  -1.10920884e-04    2.93813982e-04 
    7.34594389e-04    2.84609578e-04    5.01436977e-04  -2.94647840e-05 
  -1.01697180e-04    1.73262470e-04  -1.12479669e-03  -1.28443219e-04 
    4.08896037e-04    3.55023715e-06    3.18899626e-04  -2.76796330e-05 
    6.73716880e-05  -2.49611188e-04  -4.55382560e-05    1.65108491e-04 
    1.34997754e-04    1.15054643e-03    7.86408046e-04    1.54780208e-03 
    1.85389543e-03    1.61665312e-03    4.81690168e-04    9.49048231e-04 
    1.44161683e-03    1.17897572e-03    1.67815929e-03    1.50265523e-03 
    4.50838923e-04]
[0.00459465  0.00420549  0.00430188  0.00446158  0.00426108  0.00431022 
  0.00410832  0.00410493  0.00534953  0.00542038  0.00489925  0.00445157 
  0.00436199  0.00466734  0.0044892    0.0047131    0.00476043  0.0046931 
  0.00624199  0.00477067  0.00508494  0.00496373  0.00479486  0.00498891 
  0.00508615  0.00542648  0.00497749  0.00555335  0.00458276  0.00404502 
  0.00414794  0.00366771  0.00349965  0.00353964  0.00455424  0.00423127 
  0.00383263  0.00386922  0.00378716  0.00401715  0.00380521]
[  1.04869791e-04    5.87456974e-04    5.96768491e-04    3.38832280e-04 
    5.08333408e-04    3.30500578e-04    7.82183903e-04    3.33471711e-04 
  -2.53020529e-04  -2.61769512e-04  -1.10920884e-04    2.93813982e-04 
    7.34594389e-04    2.84609578e-04    5.01436977e-04  -2.94647840e-05 
  -1.01697180e-04    1.73262470e-04  -1.12479669e-03  -1.28443219e-04 
    4.08896037e-04    3.55023715e-06    3.18899626e-04  -2.76796330e-05 
    6.73716880e-05  -2.49611188e-04  -4.55382560e-05    1.65108491e-04 
    1.34997754e-04    1.15054643e-03    7.86408046e-04    1.54780208e-03 
    1.85389543e-03    1.61665312e-03    4.81690168e-04    9.49048231e-04 
    1.44161683e-03    1.17897572e-03    1.67815929e-03    1.50265523e-03 
    4.50838923e-04]
[0.00913757  0.00838664  0.00858173  0.00888596  0.00849557  0.00858871 
  0.00811156  0.0081875    0.01060755  0.01056888  0.00972849  0.0088631 
  0.008693      0.00926768  0.0089439    0.00936159  0.00945803  0.00933619 
  0.01093406  0.00948649  0.00897111  0.00977711  0.00947705  0.00988821 
  0.01000073  0.0107416    0.0097858    0.01033701  0.00904243  0.00767551 
  0.00829304  0.00733518  0.00699708  0.00662305  0.00907822  0.00844845 
  0.00766318  0.00773404  0.00757406  0.00759087  0.00759556]
[-4.31051983e-03  -3.45562158e-03  -3.41647945e-03  -3.83225414e-03 
  -3.36657048e-03  -3.21756103e-03  -1.95997482e-03  -1.64483703e-03 
  -5.30820703e-03  -5.17265397e-03  -4.78404932e-03  -3.98862223e-03 
  -3.77644028e-03  -4.42701407e-03  -3.79339218e-03  -4.56463313e-03 
  -4.29709093e-03  -4.27349034e-03  -5.10656280e-03  -3.56104312e-03 
  -3.30757490e-03  -4.74749995e-03  -5.02924248e-03  -4.97144692e-03 
  -5.12554358e-03  -5.40229063e-03  -4.75268117e-03  -5.36169061e-03 
  -2.58247869e-03  -2.30906693e-03  -2.33717178e-03  -1.77022660e-03 
  -1.17133523e-03    7.79219648e-05  -3.77164368e-03  -3.13200944e-03 
  -2.27700399e-03  -2.14099190e-03  -1.97091539e-03  -1.85320676e-03 
  -2.67975643e-04]
[0.00459465  0.00420549  0.00430188  0.00446158  0.00426108  0.00431022 
  0.00410832  0.00410493  0.00534953  0.00542038  0.00489925  0.00445157 
  0.00436199  0.00466734  0.0044892    0.0047131    0.00476043  0.0046931 
  0.00624199  0.00477067  0.00508494  0.00496373  0.00479486  0.00498891 
  0.00508615  0.00542648  0.00497749  0.00555335  0.00458276  0.00404502 
  0.00414794  0.00366771  0.00349965  0.00353964  0.00455424  0.00423127 
  0.00383263  0.00386922  0.00378716  0.00401715  0.00380521]
[-4.31051983e-03  -3.45562158e-03  -3.41647945e-03  -3.83225414e-03 
  -3.36657048e-03  -3.21756103e-03  -1.95997482e-03  -1.64483703e-03 
  -5.30820703e-03  -5.17265397e-03  -4.78404932e-03  -3.98862223e-03 
  -3.77644028e-03  -4.42701407e-03  -3.79339218e-03  -4.56463313e-03 
  -4.29709093e-03  -4.27349034e-03  -5.10656280e-03  -3.56104312e-03 
  -3.30757490e-03  -4.74749995e-03  -5.02924248e-03  -4.97144692e-03 
  -5.12554358e-03  -5.40229063e-03  -4.75268117e-03  -5.36169061e-03 
  -2.58247869e-03  -2.30906693e-03  -2.33717178e-03  -1.77022660e-03 
  -1.17133523e-03    7.79219648e-05  -3.77164368e-03  -3.13200944e-03 
  -2.27700399e-03  -2.14099190e-03  -1.97091539e-03  -1.85320676e-03 
  -2.67975643e-04]
[-4.40193680e-04  -1.35225770e-03  -1.62063318e-03  -8.96550943e-04 
  -1.19025131e-03  -8.25413996e-04  -1.57665946e-03  -7.53330482e-04 
  -2.73710970e-04  -1.27418551e-04  -6.50161116e-05  -7.92454411e-04 
  -1.04926677e-03  -3.21422071e-04  -1.20620080e-03    5.49955648e-05 
  -4.22615186e-05  -5.89937796e-04  -5.63857937e-04  -1.53026889e-04 
    1.52028079e-04  -1.98184296e-04    6.59394550e-04    1.36186848e-04 
    3.33445229e-04    1.87740200e-04    9.75475597e-05    5.63377328e-04 
    3.52312269e-04    1.95230065e-04  -3.30784796e-03  -3.18885032e-03 
  -3.76901953e-03  -2.31394887e-03  -1.40904078e-03  -2.06313758e-03 
  -2.99662222e-03  -2.46710446e-03  -3.45865115e-03  -2.66299971e-03 
  -9.16540371e-04]
increment_30
[-0.01334004  -0.01081915  -0.01044405  -0.01189239  -0.01130679  -0.01217332 
  -0.00981448  -0.01092778  -0.0153979    -0.01533697  -0.01460111  -0.01249954 
  -0.01172826  -0.01365758  -0.01146213  -0.01448891  -0.01449169  -0.01349612 
  -0.01541535  -0.01402565  -0.0136848    -0.01413211  -0.01587893  -0.01546951 
  -0.01578199  -0.01677238  -0.01521536  -0.01713799  -0.01456809  -0.0121393 
  -0.00725423  -0.00608829  -0.00500671  -0.00629684  -0.01187182  -0.00959953 
  -0.00726585  -0.00828994  -0.00602065  -0.00695409  -0.01014206]
[  1.58414388e-04    9.34993709e-04    6.49550197e-04    6.13171236e-04 
    7.71325201e-04    4.28742774e-04    1.34002110e-03    7.07693828e-04 
  -6.45064406e-04  -7.42831323e-04  -2.38795526e-04    4.24175150e-04 
    1.41787626e-03    6.53831270e-04    8.93692040e-04  -8.09664812e-05 
  -2.36943991e-04    2.05166308e-04  -2.35210995e-03  -4.00908286e-04 
    7.16707160e-04    1.07890170e-04    6.15261248e-04  -8.73861975e-05 
    1.66344584e-05  -6.10194645e-04  -1.15311687e-04    4.99372530e-04 
    2.19607620e-04    2.10156927e-03    1.12413213e-03    2.52827760e-03 
    2.87172497e-03    2.59593383e-03    6.20372183e-04    1.54017642e-03 
    2.22327880e-03    1.79029199e-03    2.69373659e-03    2.64902550e-03 
    8.16162680e-04]
[0.00716829  0.00658485  0.0067527    0.00689658  0.00665684  0.00674658 
  0.00637975  0.00628491  0.00814868  0.00833287  0.00750785  0.00697474 
  0.00670088  0.00722107  0.00689217  0.00732003  0.00736976  0.00730498 
  0.00991334  0.00734755  0.00780711  0.00755377  0.00743736  0.00771331 
  0.00782144  0.00827364  0.00774504  0.00884663  0.00714367  0.00623153 
  0.00642117  0.00567612  0.00544483  0.00549748  0.00708155  0.00654697 
  0.00599661  0.00607263  0.00582043  0.00623716  0.00592482]
[  1.58414388e-04    9.34993709e-04    6.49550197e-04    6.13171236e-04 
    7.71325201e-04    4.28742774e-04    1.34002110e-03    7.07693828e-04 
  -6.45064406e-04  -7.42831323e-04  -2.38795526e-04    4.24175150e-04 
    1.41787626e-03    6.53831270e-04    8.93692040e-04  -8.09664812e-05 
  -2.36943991e-04    2.05166308e-04  -2.35210995e-03  -4.00908286e-04 
    7.16707160e-04    1.07890170e-04    6.15261248e-04  -8.73861975e-05 
    1.66344584e-05  -6.10194645e-04  -1.15311687e-04    4.99372530e-04 
    2.19607620e-04    2.10156927e-03    1.12413213e-03    2.52827760e-03 
    2.87172497e-03    2.59593383e-03    6.20372183e-04    1.54017642e-03 
    2.22327880e-03    1.79029199e-03    2.69373659e-03    2.64902550e-03 
    8.16162680e-04]
[0.0142177    0.01311456  0.01345871  0.01371722  0.01325247  0.01341557 
  0.01246603  0.01252664  0.016094      0.0159639    0.01485753  0.01385474 
  0.01334109  0.01420485  0.01371623  0.01448926  0.01459117  0.01449103 
  0.01667085  0.01457317  0.0135927    0.01479599  0.01463991  0.01518976 
  0.01528235  0.01625294  0.01500161  0.01555463  0.01392777  0.01181568 
  0.01283734  0.01135234  0.0108843    0.01041523  0.01408893  0.01306526 
  0.01198833  0.01213391  0.0116408    0.01151685  0.01181616]
[-0.00658202  -0.00527756  -0.00511534  -0.00566794  -0.00501209  -0.00479194 
  -0.00282195  -0.00216403  -0.0081558    -0.00763646  -0.00720231  -0.00615242 
  -0.00576676  -0.0067326    -0.00559973  -0.00692067  -0.00650572  -0.00659673 
  -0.0075854    -0.00528552  -0.0046529    -0.00697155  -0.00785592  -0.00764553 
  -0.00780085  -0.00827322  -0.00728026  -0.0084281    -0.00398887  -0.00306516 
  -0.00342621  -0.00251141  -0.00151979    0.00012915  -0.00582078  -0.00467923 
  -0.00351524  -0.0032847    -0.00285812  -0.00258739  -0.00027007]
[0.00716829  0.00658485  0.0067527    0.00689658  0.00665684  0.00674658 
  0.00637975  0.00628491  0.00814868  0.00833287  0.00750785  0.00697474 
  0.00670088  0.00722107  0.00689217  0.00732003  0.00736976  0.00730498 
  0.00991334  0.00734755  0.00780711  0.00755377  0.00743736  0.00771331 
  0.00782144  0.00827364  0.00774504  0.00884663  0.00714367  0.00623153 
  0.00642117  0.00567612  0.00544483  0.00549748  0.00708155  0.00654697 
  0.00599661  0.00607263  0.00582043  0.00623716  0.00592482]
[-0.00658202  -0.00527756  -0.00511534  -0.00566794  -0.00501209  -0.00479194 
  -0.00282195  -0.00216403  -0.0081558    -0.00763646  -0.00720231  -0.00615242 
  -0.00576676  -0.0067326    -0.00559973  -0.00692067  -0.00650572  -0.00659673 
  -0.0075854    -0.00528552  -0.0046529    -0.00697155  -0.00785592  -0.00764553 
  -0.00780085  -0.00827322  -0.00728026  -0.0084281    -0.00398887  -0.00306516 
  -0.00342621  -0.00251141  -0.00151979    0.00012915  -0.00582078  -0.00467923 
  -0.00351524  -0.0032847    -0.00285812  -0.00258739  -0.00027007]
[-8.77658869e-04  -2.29541896e-03  -3.01465708e-03  -1.82483266e-03 
  -1.94567389e-03  -1.24225094e-03  -2.65154903e-03  -1.59886548e-03 
  -6.96097881e-04  -6.26923266e-04  -2.56422307e-04  -1.35519883e-03 
  -1.61283351e-03  -5.47264035e-04  -2.25409916e-03  -3.50953698e-07 
  -9.94791663e-05  -9.94905836e-04  -1.25550072e-03  -5.47521006e-04 
    9.21004384e-05  -6.63879843e-04    1.23901452e-03    2.79754698e-04 
    4.99643852e-04    5.19432668e-04    2.13752677e-04    1.58336885e-03 
    6.40320963e-04    3.23622350e-04  -5.58310594e-03  -5.26404797e-03 
  -5.87759539e-03  -4.11839447e-03  -2.21710870e-03  -3.46573188e-03 
  -4.72248426e-03  -3.84397267e-03  -5.62014431e-03  -4.56275133e-03 
  -1.67409722e-03]
increment_40
[-0.01797907  -0.01474408  -0.01407414  -0.01577869  -0.0153347    -0.01667399 
  -0.01314832  -0.01450122  -0.02048249  -0.02011864  -0.01934824  -0.01698746 
  -0.01583749  -0.01842508  -0.01514108  -0.01964628  -0.0196346    -0.01851267 
  -0.02025958  -0.01863894  -0.01816497  -0.0186131    -0.02149572  -0.02088826 
  -0.02119986  -0.02258265  -0.02059144  -0.02341497  -0.01974577  -0.01655989 
  -0.00957134  -0.00820897  -0.00699058  -0.00837102  -0.01627528  -0.01286216 
  -0.00993929  -0.01132354  -0.00794086  -0.00908506  -0.01375019]
[  1.55774098e-04    1.21227122e-03    5.28499976e-04    7.67585484e-04 
    1.00434850e-03    4.75113315e-04    1.89317839e-03    1.06045513e-03 
  -1.16517185e-03  -1.35854552e-03  -4.05112497e-04    4.95002164e-04 
    1.90898462e-03    9.36454867e-04    1.27510331e-03  -1.71326770e-04 
  -4.32112628e-04    9.09511337e-05  -3.70622769e-03  -7.71292063e-04 
    9.24377243e-04    2.02945606e-04    6.82398691e-04  -2.56130426e-04 
  -1.63508733e-04  -1.05626825e-03  -2.50662088e-04    7.62185621e-04 
    2.42640600e-04    2.93225666e-03    1.51654405e-03    3.45923211e-03 
    3.83504840e-03    3.54800101e-03    6.11171008e-04    2.08945175e-03 
    2.97615529e-03    2.39534575e-03    3.70739664e-03    3.76513568e-03 
    1.15238407e-03]
[0.00976907  0.00902551  0.00927825  0.0093926    0.00909198  0.00924034 
  0.00870849  0.00850484  0.01099088  0.01138725  0.01015204  0.00955172 
  0.00912452  0.00986241  0.00931983  0.00997504  0.01004359  0.0100096 
  0.0135904    0.00996633  0.0104387    0.01017702  0.01018328  0.01051091 
  0.01062097  0.01117705  0.01059577  0.01221561  0.00980329  0.0084712 
  0.00870549  0.0077508    0.0074563    0.0075023    0.00968934  0.00889742 
  0.00820812  0.00831053  0.00788683  0.00850495  0.0081096  ]
[  1.55774098e-04    1.21227122e-03    5.28499976e-04    7.67585484e-04 
    1.00434850e-03    4.75113315e-04    1.89317839e-03    1.06045513e-03 
  -1.16517185e-03  -1.35854552e-03  -4.05112497e-04    4.95002164e-04 
    1.90898462e-03    9.36454867e-04    1.27510331e-03  -1.71326770e-04 
  -4.32112628e-04    9.09511337e-05  -3.70622769e-03  -7.71292063e-04 
    9.24377243e-04    2.02945606e-04    6.82398691e-04  -2.56130426e-04 
  -1.63508733e-04  -1.05626825e-03  -2.50662088e-04    7.62185621e-04 
    2.42640600e-04    2.93225666e-03    1.51654405e-03    3.45923211e-03 
    3.83504840e-03    3.54800101e-03    6.11171008e-04    2.08945175e-03 
    2.97615529e-03    2.39534575e-03    3.70739664e-03    3.76513568e-03 
    1.15238407e-03]
[0.01932462  0.01795023  0.01847121  0.01865731  0.01807397  0.0183344 
  0.01690055  0.01693748  0.02162522  0.02141192  0.02003235  0.01892916 
  0.01814321  0.0192143    0.01852963  0.01967711  0.01981527  0.01979081 
  0.02244628  0.01972001  0.01832062  0.01983622  0.01995091  0.02056146 
  0.02067121  0.02178735  0.02028342  0.02077686  0.01887866  0.01610875 
  0.01740221  0.01550181  0.01490307  0.01431228  0.01923051  0.01774541 
  0.01640703  0.01659989  0.01577371  0.01553793  0.01615775]
[-0.00882928  -0.00707435  -0.00687293  -0.00749676  -0.00661845  -0.00639859 
  -0.00371885  -0.00264491  -0.01102785  -0.01011753  -0.0094886    -0.00832219 
  -0.00774492  -0.00904334  -0.00735709  -0.00920486  -0.00870524  -0.00903118 
  -0.00995354  -0.00695841  -0.0059539    -0.00913545  -0.01059793  -0.01028464 
  -0.01043903  -0.01110683  -0.00975819  -0.01149167  -0.00540384  -0.00385528 
  -0.00451469  -0.00328014  -0.00189396    0.00010906  -0.00795175  -0.00622401 
  -0.00476204  -0.00438991  -0.0037224    -0.00332171  -0.00039243]
[0.00976907  0.00902551  0.00927825  0.0093926    0.00909198  0.00924034 
  0.00870849  0.00850484  0.01099088  0.01138725  0.01015204  0.00955172 
  0.00912452  0.00986241  0.00931983  0.00997504  0.01004359  0.0100096 
  0.0135904    0.00996633  0.0104387    0.01017702  0.01018328  0.01051091 
  0.01062097  0.01117705  0.01059577  0.01221561  0.00980329  0.0084712 
  0.00870549  0.0077508    0.0074563    0.0075023    0.00968934  0.00889742 
  0.00820812  0.00831053  0.00788683  0.00850495  0.0081096  ]
[-0.00882928  -0.00707435  -0.00687293  -0.00749676  -0.00661845  -0.00639859 
  -0.00371885  -0.00264491  -0.01102785  -0.01011753  -0.0094886    -0.00832219 
  -0.00774492  -0.00904334  -0.00735709  -0.00920486  -0.00870524  -0.00903118 
  -0.00995354  -0.00695841  -0.0059539    -0.00913545  -0.01059793  -0.01028464 
  -0.01043903  -0.01110683  -0.00975819  -0.01149167  -0.00540384  -0.00385528 
  -0.00451469  -0.00328014  -0.00189396    0.00010906  -0.00795175  -0.00622401 
  -0.00476204  -0.00438991  -0.0037224    -0.00332171  -0.00039243]
[-1.34555249e-03  -3.20614841e-03  -4.39706675e-03  -2.87861692e-03 
  -2.73926676e-03  -1.66040519e-03  -3.75222980e-03  -2.43625735e-03 
  -1.14273262e-03  -1.29327704e-03  -6.84106947e-04  -1.94170098e-03 
  -2.30572515e-03  -7.89217563e-04  -3.38855273e-03  -3.08338019e-05 
  -1.80675239e-04  -1.27814417e-03  -2.18669999e-03  -1.08106549e-03 
  -1.55648858e-04  -1.22312599e-03    1.54481615e-03    3.26804008e-04 
    5.28644439e-04    7.95301301e-04    3.08010247e-04    2.63811614e-03 
    8.67102577e-04    4.51144841e-04  -7.83087732e-03  -7.29284035e-03 
  -7.91248870e-03  -5.94126335e-03  -2.95523511e-03  -4.88325094e-03 
  -6.46773870e-03  -5.27635017e-03  -7.83284269e-03  -6.45286375e-03 
  -2.40755801e-03]
increment_50
[-0.02259346  -0.0188059    -0.01781142  -0.01966893  -0.0193231    -0.02121465 
  -0.01648414  -0.01812834  -0.02556545  -0.02486302  -0.02402611  -0.02152066 
  -0.01991772  -0.02325701  -0.0187535    -0.02485613  -0.02481006  -0.0237265 
  -0.02498866  -0.02322497  -0.02268851  -0.02308513  -0.02701103  -0.02625972 
  -0.02661631  -0.02837962  -0.02601064  -0.02969631  -0.02493829  -0.0211079 
  -0.01191764  -0.01048731  -0.00917767  -0.01049325  -0.02081153  -0.01621272 
  -0.01263253  -0.01431142  -0.00986353  -0.01130401  -0.01749452]
[  0.00010837    0.00141669    0.00032269    0.00075877    0.00122984    0.00048348 
    0.00243024    0.00139803  -0.00180266  -0.00207697  -0.00065545    0.00051129 
    0.00223825    0.00108918    0.00165569  -0.00031652  -0.00068556  -0.00015224 
  -0.00516052  -0.00121031    0.00102586    0.00025166    0.00053656  -0.00052914 
  -0.00044989  -0.00159215  -0.00045465    0.0009264      0.00022644    0.00365797 
    0.00196421    0.00433998    0.00474341    0.00450329    0.00045632    0.00258082 
    0.00371276    0.00301142    0.00472315    0.00484333    0.00145607]
[0.01239718  0.01152072  0.01185371  0.01195486  0.01155933  0.01178399 
  0.01106188  0.0107595    0.01387578  0.01458735  0.01284291  0.01218198 
  0.01162124  0.01256975  0.01176941  0.01266449  0.01276448  0.0127987 
  0.01729054  0.01262384  0.01303962  0.01283034  0.01302458  0.0133608 
  0.0134826    0.01414235  0.01352857  0.01564612  0.01256352  0.01076345 
  0.01100339  0.00988366  0.00953731  0.00955022  0.01237971  0.01129403 
  0.01045262  0.01056927  0.00998461  0.01080292  0.01036036]
[  0.00010837    0.00141669    0.00032269    0.00075877    0.00122984    0.00048348 
    0.00243024    0.00139803  -0.00180266  -0.00207697  -0.00065545    0.00051129 
    0.00223825    0.00108918    0.00165569  -0.00031652  -0.00068556  -0.00015224 
  -0.00516052  -0.00121031    0.00102586    0.00025166    0.00053656  -0.00052914 
  -0.00044989  -0.00159215  -0.00045465    0.0009264      0.00022644    0.00365797 
    0.00196421    0.00433998    0.00474341    0.00450329    0.00045632    0.00258082 
    0.00371276    0.00301142    0.00472315    0.00484333    0.00145607]
[0.02446011  0.02287869  0.02356804  0.02371558  0.02294753  0.0233301 
  0.02142041  0.02140932  0.02719825  0.02692809  0.02527526  0.0240849 
  0.02307022  0.02432598  0.0233797    0.02489932  0.0250955    0.02521341 
  0.02825027  0.02492035  0.02316058  0.0249268    0.02537693  0.02597245 
  0.02614644  0.02735767  0.0256263    0.02604014  0.02386327  0.02055122 
  0.02198992  0.01976742  0.01906074  0.01828164  0.02449425  0.02250891 
  0.02089051  0.02110583  0.01996921  0.01963636  0.02062082]
[-1.10409632e-02  -8.80133120e-03  -8.66717647e-03  -9.32086284e-03 
  -8.22069909e-03  -8.03502472e-03  -4.66911242e-03  -3.11149891e-03 
  -1.38759883e-02  -1.26507501e-02  -1.16724075e-02  -1.04900063e-02 
  -9.68246380e-03  -1.13627723e-02  -9.05358911e-03  -1.14109413e-02 
  -1.08660022e-02  -1.15419005e-02  -1.22542307e-02  -8.60043242e-03 
  -7.25020984e-03  -1.12701035e-02  -1.32662507e-02  -1.28779895e-02 
  -1.30535885e-02  -1.39119982e-02  -1.22368431e-02  -1.45343753e-02 
  -6.78554656e-03  -4.74523293e-03  -5.59156397e-03  -4.08214565e-03 
  -2.33842344e-03    5.02162489e-05  -1.01371163e-02  -7.78686333e-03 
  -5.98897358e-03  -5.42499849e-03  -4.55594906e-03  -4.01784933e-03 
  -6.63080826e-04]
[0.01239718  0.01152072  0.01185371  0.01195486  0.01155933  0.01178399 
  0.01106188  0.0107595    0.01387578  0.01458735  0.01284291  0.01218198 
  0.01162124  0.01256975  0.01176941  0.01266449  0.01276448  0.0127987 
  0.01729054  0.01262384  0.01303962  0.01283034  0.01302458  0.0133608 
  0.0134826    0.01414235  0.01352857  0.01564612  0.01256352  0.01076345 
  0.01100339  0.00988366  0.00953731  0.00955022  0.01237971  0.01129403 
  0.01045262  0.01056927  0.00998461  0.01080292  0.01036036]
[-1.10409632e-02  -8.80133120e-03  -8.66717647e-03  -9.32086284e-03 
  -8.22069909e-03  -8.03502472e-03  -4.66911242e-03  -3.11149891e-03 
  -1.38759883e-02  -1.26507501e-02  -1.16724075e-02  -1.04900063e-02 
  -9.68246380e-03  -1.13627723e-02  -9.05358911e-03  -1.14109413e-02 
  -1.08660022e-02  -1.15419005e-02  -1.22542307e-02  -8.60043242e-03 
  -7.25020984e-03  -1.12701035e-02  -1.32662507e-02  -1.28779895e-02 
  -1.30535885e-02  -1.39119982e-02  -1.22368431e-02  -1.45343753e-02 
  -6.78554656e-03  -4.74523293e-03  -5.59156397e-03  -4.08214565e-03 
  -2.33842344e-03    5.02162489e-05  -1.01371163e-02  -7.78686333e-03 
  -5.98897358e-03  -5.42499849e-03  -4.55594906e-03  -4.01784933e-03 
  -6.63080826e-04]
[-1.86664695e-03  -4.07278161e-03  -5.75662555e-03  -4.04664736e-03 
  -3.62442950e-03  -2.11545488e-03  -4.93627169e-03  -3.28097879e-03 
  -1.63280206e-03  -2.06507343e-03  -1.24915307e-03  -2.56423683e-03 
  -3.15249413e-03  -1.06897774e-03  -4.62619526e-03  -4.31974949e-05 
  -2.85437833e-04  -1.48690813e-03  -3.26160767e-03  -1.69537599e-03 
  -4.72072790e-04  -1.84166760e-03    1.63409673e-03    2.87262855e-04 
    4.69876575e-04    1.02195223e-03    3.84343115e-04    3.65616660e-03 
    1.07502150e-03    5.56685616e-04  -1.00722862e-02  -9.28010973e-03 
  -9.88306864e-03  -7.78839691e-03  -3.68272460e-03  -6.29618989e-03 
  -8.25798051e-03  -6.79441507e-03  -1.01056747e-02  -8.33235517e-03 
  -3.12630058e-03]
increment_60
[-0.0271674    -0.02297331  -0.02156134  -0.02357903  -0.02325422  -0.02575977 
  -0.01978603  -0.02181672  -0.03059973  -0.02962029  -0.0286951    -0.02609363 
  -0.02395347  -0.02814391  -0.02230488  -0.03007378  -0.02999334  -0.02907522 
  -0.02961985  -0.02780196  -0.02728707  -0.02757656  -0.03248148  -0.03159481 
  -0.0320433    -0.03417298  -0.03149101  -0.03595953  -0.03015628  -0.02577606 
  -0.01430728  -0.01292674  -0.01152839  -0.01265346  -0.02540668  -0.01964369 
  -0.01533258  -0.01726398  -0.01179168  -0.01362342  -0.02135695]
[  2.21731588e-05    1.55263689e-03    5.05792025e-05    6.18892781e-04 
    1.45215051e-03    4.62251724e-04    2.95045599e-03    1.71573576e-03 
  -2.55766937e-03  -2.87877325e-03  -1.01146331e-03    4.69299219e-04 
    2.46396548e-03    1.09880278e-03    2.03313504e-03  -5.26393230e-04 
  -9.91690017e-04  -5.06751312e-04  -6.70355519e-03  -1.70698493e-03 
    1.03671271e-03    2.31248522e-04    2.38420715e-04  -8.92056605e-04 
  -8.25961343e-04  -2.21771884e-03  -7.21245920e-04    9.64176239e-04 
    1.93674861e-04    4.28117916e-03    2.45733409e-03    5.16455117e-03 
    5.60675197e-03    5.47340027e-03    1.65520196e-04    3.00779250e-03 
    4.43675315e-03    3.63340521e-03    5.73841732e-03    5.87726254e-03 
    1.72756628e-03]
[0.01505307  0.01406406  0.01446612  0.01457203  0.01405629  0.01437242 
  0.01342585  0.01305255  0.01679853  0.01794638  0.01558025  0.01486138 
  0.01417028  0.01532632  0.01424109  0.01538748  0.01551891  0.01566504 
  0.02101422  0.01531886  0.01563872  0.01550802  0.0159479    0.0162437 
  0.01640346  0.01716228  0.01656158  0.01912288  0.0154215    0.01312216 
  0.01332236  0.01207465  0.01168303  0.01164163  0.01515584  0.01373883 
  0.01272764  0.01284494  0.01211337  0.01312971  0.01267632]
[  2.21731588e-05    1.55263689e-03    5.05792025e-05    6.18892781e-04 
    1.45215051e-03    4.62251724e-04    2.95045599e-03    1.71573576e-03 
  -2.55766937e-03  -2.87877325e-03  -1.01146331e-03    4.69299219e-04 
    2.46396548e-03    1.09880278e-03    2.03313504e-03  -5.26393230e-04 
  -9.91690017e-04  -5.06751312e-04  -6.70355519e-03  -1.70698493e-03 
    1.03671271e-03    2.31248522e-04    2.38420715e-04  -8.92056605e-04 
  -8.25961343e-04  -2.21771884e-03  -7.21245920e-04    9.64176239e-04 
    1.93674861e-04    4.28117916e-03    2.45733409e-03    5.16455117e-03 
    5.60675197e-03    5.47340027e-03    1.65520196e-04    3.00779250e-03 
    4.43675315e-03    3.63340521e-03    5.73841732e-03    5.87726254e-03 
    1.72756628e-03]
[0.02962723  0.0278859    0.02872472  0.02886811  0.02786974  0.02839327 
  0.02602506  0.02594869  0.03280581  0.03251422  0.03058479  0.02931294 
  0.02808091  0.02954171  0.02826571  0.03015443  0.03040628  0.03074125 
  0.034071      0.03017106  0.02808491  0.0300861    0.03087779  0.03140772 
  0.03168484  0.03295823  0.03102482  0.03137458  0.02885562  0.02515365 
  0.02660643  0.02414893  0.02334845  0.02231177  0.02985715  0.02735611 
  0.02543404  0.02564457  0.02422643  0.02380971  0.02520292]
[-1.32060746e-02  -1.04747895e-02  -1.04515960e-02  -1.11429214e-02 
  -9.82253209e-03  -9.70311489e-03  -5.67632604e-03  -3.60031044e-03 
  -1.66360128e-02  -1.52676290e-02  -1.37522514e-02  -1.26524175e-02 
  -1.15703071e-02  -1.36856798e-02  -1.06918866e-02  -1.35449890e-02 
  -1.29505161e-02  -1.40970919e-02  -1.44986413e-02  -1.02133089e-02 
  -8.51399375e-03  -1.33889435e-02  -1.58887966e-02  -1.54310471e-02 
  -1.56501362e-02  -1.66934321e-02  -1.47390171e-02  -1.75443613e-02 
  -8.09582934e-03  -5.79324102e-03  -6.66546052e-03  -4.93136882e-03 
  -2.86378919e-03  -2.86750954e-05  -1.23557486e-02  -9.36496191e-03 
  -7.18795562e-03  -6.36895492e-03  -5.35890168e-03  -4.66541482e-03 
  -1.09075713e-03]
[0.01505307  0.01406406  0.01446612  0.01457203  0.01405629  0.01437242 
  0.01342585  0.01305255  0.01679853  0.01794638  0.01558025  0.01486138 
  0.01417028  0.01532632  0.01424109  0.01538748  0.01551891  0.01566504 
  0.02101422  0.01531886  0.01563872  0.01550802  0.0159479    0.0162437 
  0.01640346  0.01716228  0.01656158  0.01912288  0.0154215    0.01312216 
  0.01332236  0.01207465  0.01168303  0.01164163  0.01515584  0.01373883 
  0.01272764  0.01284494  0.01211337  0.01312971  0.01267632]
[-1.32060746e-02  -1.04747895e-02  -1.04515960e-02  -1.11429214e-02 
  -9.82253209e-03  -9.70311489e-03  -5.67632604e-03  -3.60031044e-03 
  -1.66360128e-02  -1.52676290e-02  -1.37522514e-02  -1.26524175e-02 
  -1.15703071e-02  -1.36856798e-02  -1.06918866e-02  -1.35449890e-02 
  -1.29505161e-02  -1.40970919e-02  -1.44986413e-02  -1.02133089e-02 
  -8.51399375e-03  -1.33889435e-02  -1.58887966e-02  -1.54310471e-02 
  -1.56501362e-02  -1.66934321e-02  -1.47390171e-02  -1.75443613e-02 
  -8.09582934e-03  -5.79324102e-03  -6.66546052e-03  -4.93136882e-03 
  -2.86378919e-03  -2.86750954e-05  -1.23557486e-02  -9.36496191e-03 
  -7.18795562e-03  -6.36895492e-03  -5.35890168e-03  -4.66541482e-03 
  -1.09075713e-03]
[-2.45983180e-03  -4.91259006e-03  -7.16337587e-03  -5.28907936e-03 
  -4.61552522e-03  -2.63349900e-03  -6.23903674e-03  -4.13197637e-03 
  -2.20608603e-03  -2.89393808e-03  -1.88969182e-03  -3.21931861e-03 
  -4.12743813e-03  -1.39780151e-03  -5.96082153e-03  -8.06505367e-05 
  -4.12938572e-04  -1.66603468e-03  -4.45114923e-03  -2.36909324e-03 
  -7.97849112e-04  -2.50954138e-03    1.60369703e-03    1.87092570e-04 
    3.58458756e-04    1.21474418e-03    4.66182109e-04    4.58494931e-03 
    1.30065787e-03    6.22407714e-04  -1.22991592e-02  -1.12221923e-02 
  -1.18200535e-02  -9.65831171e-03  -4.45046721e-03  -7.71241534e-03 
  -1.01014575e-02  -8.38059346e-03  -1.24347435e-02  -1.01862887e-02 
  -3.84596618e-03]
increment_70
[-0.03168155  -0.02720085  -0.02523692  -0.02752937  -0.0271288    -0.03029006 
  -0.02303466  -0.02559661  -0.03552947  -0.0344162    -0.0333444    -0.0307085 
  -0.0279576    -0.03306694  -0.02580693  -0.03528555  -0.03517596  -0.03450144 
  -0.03413754  -0.03236996  -0.03193936  -0.0321091    -0.03794619  -0.03690699 
  -0.03748273  -0.03994319  -0.03704365  -0.04219839  -0.03538686  -0.0305785 
  -0.01676014  -0.01554826  -0.01400416  -0.01487477  -0.02997567  -0.0231212 
  -0.01806059  -0.02022087  -0.01372165  -0.01607757  -0.02534649]
[-0.00011655    0.00161147  -0.0002722      0.00040098    0.00166877    0.00041284 
    0.00346326    0.00200096  -0.00345235  -0.00375092  -0.00149105    0.00036104 
    0.00263025    0.00096618    0.00240197  -0.00080198  -0.00134675  -0.00095602 
  -0.0083237    -0.00226014    0.00098125    0.00013634  -0.00016466  -0.00133769 
  -0.00128239  -0.00292384  -0.00104332    0.00083598    0.00015479    0.00477911 
    0.00298378    0.0059225      0.00643408    0.00645673  -0.00024343    0.00336258 
    0.00514199    0.00424673    0.00675312    0.00685736    0.00195639]
[0.01774113  0.01665617  0.01710428  0.01723022  0.016581      0.01700514 
  0.01580437  0.01539172  0.019757      0.0214701    0.01836263  0.01758631 
  0.01675689  0.01812221  0.0167391    0.01814753  0.01830185  0.01859912 
  0.02474736  0.0180508    0.01824215  0.01821954  0.01894378  0.01915009 
  0.01938255  0.0202273    0.01970723  0.02265396  0.0183475    0.01557172 
  0.01567        0.0143312    0.01388756  0.01378343  0.018024      0.01623045 
  0.01503946  0.01513891  0.01427165  0.01549392  0.01506229]
[-0.00011655    0.00161147  -0.0002722      0.00040098    0.00166877    0.00041284 
    0.00346326    0.00200096  -0.00345235  -0.00375092  -0.00149105    0.00036104 
    0.00263025    0.00096618    0.00240197  -0.00080198  -0.00134675  -0.00095602 
  -0.0083237    -0.00226014    0.00098125    0.00013634  -0.00016466  -0.00133769 
  -0.00128239  -0.00292384  -0.00104332    0.00083598    0.00015479    0.00477911 
    0.00298378    0.0059225      0.00643408    0.00645673  -0.00024343    0.00336258 
    0.00514199    0.00424673    0.00675312    0.00685736    0.00195639]
[0.03483827  0.03297289  0.03392252  0.03408578  0.03283837  0.03352356 
  0.03070897  0.03056931  0.03844886  0.03817145  0.03595896  0.03460469 
  0.03315089  0.03484969  0.03318853  0.03544793  0.0357385    0.03635469 
  0.03989703  0.03546919  0.03306345  0.03532047  0.03642281  0.03686868 
  0.03726514  0.03857611  0.03646801  0.03680206  0.03384025  0.02994036 
  0.03125868  0.02866078  0.02775477  0.02640426  0.03528763  0.03228222 
  0.03005012  0.0302187    0.02854235  0.02806954  0.02991204]
[-0.01529285  -0.01212026  -0.01218391  -0.0129669    -0.01141444  -0.0114227 
  -0.00673599  -0.0041338    -0.01927035  -0.01798596  -0.01573261  -0.01481026 
  -0.01341215  -0.01600173  -0.01228087  -0.01562103  -0.01495256  -0.01666731 
  -0.01668379  -0.01180147  -0.00970383  -0.01550239  -0.01848512  -0.0179488 
  -0.01822962  -0.01944113  -0.01725782  -0.02051719  -0.00928782  -0.00704602 
  -0.00774766  -0.00585989  -0.00346302  -0.00010783  -0.01458965  -0.01094257 
  -0.00836713  -0.00721133  -0.00612803  -0.00528209  -0.00169375]
[0.01774113  0.01665617  0.01710428  0.01723022  0.016581      0.01700514 
  0.01580437  0.01539172  0.019757      0.0214701    0.01836263  0.01758631 
  0.01675689  0.01812221  0.0167391    0.01814753  0.01830185  0.01859912 
  0.02474736  0.0180508    0.01824215  0.01821954  0.01894378  0.01915009 
  0.01938255  0.0202273    0.01970723  0.02265396  0.0183475    0.01557172 
  0.01567        0.0143312    0.01388756  0.01378343  0.018024      0.01623045 
  0.01503946  0.01513891  0.01427165  0.01549392  0.01506229]
[-0.01529285  -0.01212026  -0.01218391  -0.0129669    -0.01141444  -0.0114227 
  -0.00673599  -0.0041338    -0.01927035  -0.01798596  -0.01573261  -0.01481026 
  -0.01341215  -0.01600173  -0.01228087  -0.01562103  -0.01495256  -0.01666731 
  -0.01668379  -0.01180147  -0.00970383  -0.01550239  -0.01848512  -0.0179488 
  -0.01822962  -0.01944113  -0.01725782  -0.02051719  -0.00928782  -0.00704602 
  -0.00774766  -0.00585989  -0.00346302  -0.00010783  -0.01458965  -0.01094257 
  -0.00836713  -0.00721133  -0.00612803  -0.00528209  -0.00169375]
[-3.15672036e-03  -5.77204233e-03  -8.68560687e-03  -6.55641834e-03 
  -5.70956802e-03  -3.23349976e-03  -7.67430855e-03  -4.97269089e-03 
  -2.91939120e-03  -3.75525638e-03  -2.61455334e-03  -3.89618764e-03 
  -5.19328669e-03  -1.78274953e-03  -7.38160233e-03  -1.62375274e-04 
  -5.62531818e-04  -1.85325252e-03  -5.75948413e-03  -3.09922677e-03 
  -1.12409542e-03  -3.21137232e-03    1.52338336e-03    3.83127653e-05 
    2.17596905e-04    1.36708284e-03    5.75636958e-04    5.39633059e-03 
    1.54661716e-03    6.38141905e-04  -1.44985396e-02  -1.31125244e-02 
  -1.37506079e-02  -1.15294876e-02  -5.31196539e-03  -9.16101569e-03 
  -1.19895210e-02  -9.99783016e-03  -1.48207063e-02  -1.19919701e-02 
  -4.56554986e-03]
increment_80
[-0.03610895  -0.03139922  -0.02880576  -0.03153167  -0.03094367  -0.03478857 
  -0.02624425  -0.02948145  -0.04030082  -0.03921819  -0.03792004  -0.03536557 
  -0.03195518  -0.03800808  -0.02927582  -0.04048147  -0.04036784  -0.03995315 
  -0.03855371  -0.03690375  -0.03661656  -0.03670406  -0.04342059  -0.04221164 
  -0.04293516  -0.04568266  -0.04264769  -0.04841326  -0.04062847  -0.03553081 
  -0.01928142  -0.01835917  -0.01659984  -0.01716543  -0.03440256  -0.02658664 
  -0.02084871  -0.02320572  -0.01566256  -0.01867596  -0.02946969]
[-3.61023473e-04    1.55002537e-03  -6.03841134e-04    1.28971751e-04 
    1.87897661e-03    3.34835376e-04    3.96936024e-03    2.24922180e-03 
  -4.48926025e-03  -4.71101568e-03  -2.12161574e-03    1.77061945e-04 
    2.75646877e-03    7.03281790e-04    2.75523574e-03  -1.13809739e-03 
  -1.75324739e-03  -1.48884869e-03  -1.00034336e-02  -2.87509209e-03 
    8.80318748e-04  -3.87306666e-05  -6.55896618e-04  -1.86087561e-03 
  -1.82523267e-03  -3.70549173e-03  -1.42665143e-03    5.01795497e-04 
    1.21215124e-04    5.13394197e-03    3.53053487e-03    6.60729793e-03 
    7.22074020e-03    7.45053119e-03  -7.40115347e-04    3.63282766e-03 
    5.81717919e-03    4.84301950e-03    7.76470929e-03    7.77111730e-03 
    2.13015714e-03]
[0.02046846  0.01930293  0.01975877  0.01992507  0.0191292    0.01968069 
  0.01821024  0.01778026  0.02274603  0.0251396    0.02119274  0.02035369 
  0.01937501  0.02095261  0.01927298  0.02094143  0.02111903  0.02158479 
  0.02847864  0.02081695  0.02085396  0.02097518  0.02200221  0.02208435 
  0.02242556  0.02333766  0.02294891  0.02625258  0.02132827  0.01812798 
  0.01804311  0.01665891  0.01614881  0.01597932  0.02096431  0.01876351 
  0.01739592  0.01745482  0.01646263  0.01788859  0.01752191]
[-3.61023473e-04    1.55002537e-03  -6.03841134e-04    1.28971751e-04 
    1.87897661e-03    3.34835376e-04    3.96936024e-03    2.24922180e-03 
  -4.48926025e-03  -4.71101568e-03  -2.12161574e-03    1.77061945e-04 
    2.75646877e-03    7.03281790e-04    2.75523574e-03  -1.13809739e-03 
  -1.75324739e-03  -1.48884869e-03  -1.00034336e-02  -2.87509209e-03 
    8.80318748e-04  -3.87306666e-05  -6.55896618e-04  -1.86087561e-03 
  -1.82523267e-03  -3.70549173e-03  -1.42665143e-03    5.01795497e-04 
    1.21215124e-04    5.13394197e-03    3.53053487e-03    6.60729793e-03 
    7.22074020e-03    7.45053119e-03  -7.40115347e-04    3.63282766e-03 
    5.81717919e-03    4.84301950e-03    7.76470929e-03    7.77111730e-03 
    2.13015714e-03]
[0.04011252  0.03815417  0.03914659  0.03935868  0.03784665  0.03871922 
  0.0354717    0.03527611  0.04412322  0.04389952  0.04140592  0.03995233 
  0.03827416  0.0402338    0.03815298  0.04077361  0.04110276  0.04202182 
  0.04571975  0.04080649  0.03808484  0.04062825  0.04200483  0.04236362 
  0.04286622  0.04421113  0.04193833  0.0423225    0.03880908  0.03492486 
  0.03595365  0.03331345  0.0322752    0.03055328  0.04074754  0.03728069 
  0.03475392  0.03483502  0.03292322  0.03242696  0.03475331]
[-0.01724105  -0.01374785  -0.0138447    -0.01479296  -0.01297928  -0.01319946 
  -0.00784514  -0.0046976    -0.02177561  -0.02076877  -0.01764345  -0.01696396 
  -0.01520503  -0.01829827  -0.01383464  -0.01761787  -0.01690165  -0.01922672 
  -0.01881584  -0.0133442    -0.01082294  -0.01762099  -0.02106285  -0.02042202 
  -0.02079205  -0.02215051  -0.01975849  -0.02345123  -0.01033628  -0.00853389 
  -0.00883236  -0.00688657  -0.00413939  -0.00015974  -0.01678609  -0.01249235 
  -0.0095386    -0.00796709  -0.00686635  -0.00587468  -0.002486    ]
[0.02046846  0.01930293  0.01975877  0.01992507  0.0191292    0.01968069 
  0.01821024  0.01778026  0.02274603  0.0251396    0.02119274  0.02035369 
  0.01937501  0.02095261  0.01927298  0.02094143  0.02111903  0.02158479 
  0.02847864  0.02081695  0.02085396  0.02097518  0.02200221  0.02208435 
  0.02242556  0.02333766  0.02294891  0.02625258  0.02132827  0.01812798 
  0.01804311  0.01665891  0.01614881  0.01597932  0.02096431  0.01876351 
  0.01739592  0.01745482  0.01646263  0.01788859  0.01752191]
[-0.01724105  -0.01374785  -0.0138447    -0.01479296  -0.01297928  -0.01319946 
  -0.00784514  -0.0046976    -0.02177561  -0.02076877  -0.01764345  -0.01696396 
  -0.01520503  -0.01829827  -0.01383464  -0.01761787  -0.01690165  -0.01922672 
  -0.01881584  -0.0133442    -0.01082294  -0.01762099  -0.02106285  -0.02042202 
  -0.02079205  -0.02215051  -0.01975849  -0.02345123  -0.01033628  -0.00853389 
  -0.00883236  -0.00688657  -0.00413939  -0.00015974  -0.01678609  -0.01249235 
  -0.0095386    -0.00796709  -0.00686635  -0.00587468  -0.002486    ]
[-4.00356980e-03  -6.75494732e-03  -1.03408346e-02  -7.82701381e-03 
  -6.90297445e-03  -3.93064181e-03  -9.22745774e-03  -5.79466415e-03 
  -3.82239497e-03  -4.68132912e-03  -3.48587741e-03  -4.58676640e-03 
  -6.31898362e-03  -2.22572135e-03  -8.87715346e-03  -2.92138053e-04 
  -7.34920308e-04  -2.06866423e-03  -7.16603870e-03  -3.90274666e-03 
  -1.46827781e-03  -3.92419325e-03    1.41576839e-03  -1.51979830e-04 
    6.89454643e-05    1.47153076e-03    7.09365733e-04    6.09075719e-03 
    1.81939127e-03    6.05947938e-04  -1.66722277e-02  -1.49542715e-02 
  -1.56753558e-02  -1.33878541e-02  -6.34497762e-03  -1.06940504e-02 
  -1.39052064e-02  -1.16292977e-02  -1.72606624e-02  -1.37509987e-02 
  -5.28362543e-03]
increment_90
[-0.04041214  -0.03551653  -0.03229996  -0.03559182  -0.0346847    -0.03923387 
  -0.02944217  -0.03346475  -0.04487929  -0.04394194  -0.04235167  -0.04004632 
  -0.03600159  -0.04298304  -0.03272546  -0.04565099  -0.04557667  -0.04539125 
  -0.04291436  -0.04136576  -0.04128365  -0.04135735  -0.04888996  -0.04752866 
  -0.04842699  -0.05141736  -0.04827555  -0.05456728  -0.0459014    -0.04068022 
  -0.02186953  -0.02137675  -0.01933155  -0.01949841  -0.03859994  -0.02997291 
  -0.02370498  -0.02621559  -0.01764452  -0.02142566  -0.03374437]
[-7.35290054e-04    1.33837818e-03  -9.13729607e-04  -2.05908201e-04 
    2.08764884e-03    2.28415492e-04    4.45627085e-03    2.46213935e-03 
  -5.65083558e-03  -5.78415441e-03  -2.91671159e-03  -9.32816059e-05 
    2.83269810e-03    3.24038752e-04    3.08385977e-03  -1.52577267e-03 
  -2.21557691e-03  -2.10035159e-03  -1.17419146e-02  -3.56151533e-03 
    7.54458330e-04  -2.95011194e-04  -1.23779139e-03  -2.45088224e-03 
  -2.48363368e-03  -4.57259056e-03  -1.89807710e-03  -5.76563695e-05 
    1.05262152e-04    5.32543355e-03    4.07478701e-03    7.20588432e-03 
    7.95312356e-03    8.45838290e-03  -1.29472000e-03    3.80618803e-03 
    6.45563669e-03    5.42131018e-03    8.76158033e-03    8.59960158e-03 
    2.23129180e-03]
[0.02322884  0.02200588  0.02242879  0.02266107  0.02169397  0.02239424 
  0.02064945  0.02021626  0.02575932  0.02891898  0.02406586  0.02316154 
  0.02203085  0.02382269  0.0218402    0.02376146  0.02397565  0.02460469 
  0.03222482  0.02361828  0.02348113  0.02377461  0.0250984    0.02505857 
  0.02556165  0.02650788  0.02625886  0.02989675  0.02437782  0.02080727 
  0.02043836  0.01906286  0.01846712  0.01822511  0.02394567  0.021328 
  0.01979596  0.01979581  0.01869211  0.02029907  0.02005809]
[-7.35290054e-04    1.33837818e-03  -9.13729607e-04  -2.05908201e-04 
    2.08764884e-03    2.28415492e-04    4.45627085e-03    2.46213935e-03 
  -5.65083558e-03  -5.78415441e-03  -2.91671159e-03  -9.32816059e-05 
    2.83269810e-03    3.24038752e-04    3.08385977e-03  -1.52577267e-03 
  -2.21557691e-03  -2.10035159e-03  -1.17419146e-02  -3.56151533e-03 
    7.54458330e-04  -2.95011194e-04  -1.23779139e-03  -2.45088224e-03 
  -2.48363368e-03  -4.57259056e-03  -1.89807710e-03  -5.76563695e-05 
    1.05262152e-04    5.32543355e-03    4.07478701e-03    7.20588432e-03 
    7.95312356e-03    8.45838290e-03  -1.29472000e-03    3.80618803e-03 
    6.45563669e-03    5.42131018e-03    8.76158033e-03    8.59960158e-03 
    2.23129180e-03]
[0.0454421    0.04343533  0.04439677  0.04469425  0.04288332  0.04397284 
  0.04030862  0.04006421  0.04982017  0.04968423  0.04692168  0.04535168 
  0.04346162  0.04568766  0.04315787  0.04611797  0.04650793  0.0477068 
  0.05155046  0.046176      0.04314249  0.04599769  0.04762357  0.04790165 
  0.04848414  0.04987628  0.04742895  0.04792469  0.04376145  0.04012376 
  0.04070413  0.03811587  0.0369099    0.03474402  0.04621653  0.04234181 
  0.03954302  0.03949977  0.03738071  0.03689389  0.03972918]
[-0.01904905  -0.01537003  -0.0154443    -0.01662321  -0.01449348  -0.01501916 
  -0.00898412  -0.00527571  -0.0241684    -0.02355439  -0.01949893  -0.0191056 
  -0.01693713  -0.02056708  -0.01535742  -0.01950455  -0.01882447  -0.02175772 
  -0.02091289  -0.01480065  -0.01190151  -0.01974171  -0.02361463  -0.02281478 
  -0.02334848  -0.02483325  -0.02220209  -0.02632691  -0.01125203  -0.01028054 
  -0.00990948  -0.00802542  -0.00490165  -0.00016848  -0.0188883    -0.01398311 
  -0.01070104  -0.00866816  -0.00758772  -0.00644837  -0.00346319]
[0.02322884  0.02200588  0.02242879  0.02266107  0.02169397  0.02239424 
  0.02064945  0.02021626  0.02575932  0.02891898  0.02406586  0.02316154 
  0.02203085  0.02382269  0.0218402    0.02376146  0.02397565  0.02460469 
  0.03222482  0.02361828  0.02348113  0.02377461  0.0250984    0.02505857 
  0.02556165  0.02650788  0.02625886  0.02989675  0.02437782  0.02080727 
  0.02043836  0.01906286  0.01846712  0.01822511  0.02394567  0.021328 
  0.01979596  0.01979581  0.01869211  0.02029907  0.02005809]
[-0.01904905  -0.01537003  -0.0154443    -0.01662321  -0.01449348  -0.01501916 
  -0.00898412  -0.00527571  -0.0241684    -0.02355439  -0.01949893  -0.0191056 
  -0.01693713  -0.02056708  -0.01535742  -0.01950455  -0.01882447  -0.02175772 
  -0.02091289  -0.01480065  -0.01190151  -0.01974171  -0.02361463  -0.02281478 
  -0.02334848  -0.02483325  -0.02220209  -0.02632691  -0.01125203  -0.01028054 
  -0.00990948  -0.00802542  -0.00490165  -0.00016848  -0.0188883    -0.01398311 
  -0.01070104  -0.00866816  -0.00758772  -0.00644837  -0.00346319]
[-5.02995996e-03  -7.91880110e-03  -1.20968084e-02  -9.10242839e-03 
  -8.19861585e-03  -4.73896060e-03  -1.08664494e-02  -6.59945248e-03 
  -4.94087492e-03  -5.74229350e-03  -4.57001837e-03  -5.30535537e-03 
  -7.46002400e-03  -2.70461335e-03  -1.04324114e-02  -4.66984079e-04 
  -9.31255320e-04  -2.31555136e-03  -8.63609847e-03  -4.81023707e-03 
  -1.85883716e-03  -4.64033797e-03    1.26638436e-03  -3.72989880e-04 
  -5.71590008e-05    1.54107839e-03    8.46597095e-04    6.64258356e-03 
    2.13994502e-03    5.56454217e-04  -1.88345974e-02  -1.67391174e-02 
  -1.75783445e-02  -1.52456016e-02  -7.61659096e-03  -1.23688948e-02 
  -1.58380328e-02  -1.32841755e-02  -1.97361980e-02  -1.54682249e-02 
  -5.98480473e-03]
increment_100
[-0.04459246  -0.03958484  -0.03575881  -0.03968455  -0.03834683  -0.04360352 
  -0.03261612  -0.03752703  -0.04925264  -0.04852214  -0.046611      -0.04472251 
  -0.04014824  -0.04801063  -0.03615933  -0.05077711  -0.05079729  -0.0507998 
  -0.04723495  -0.04574864  -0.04590783  -0.04602485  -0.05432972  -0.05286266 
  -0.05397248  -0.05716932  -0.05391881  -0.06057906  -0.05122742  -0.04608593 
  -0.02452299  -0.02462123  -0.02219872  -0.02180966  -0.04255049  -0.03321678 
  -0.02660827  -0.02922983  -0.01969028  -0.02433016  -0.03819118]
[-1.22600082e-03    9.94654933e-04  -1.21483549e-03  -5.97244113e-04 
    2.29840575e-03    9.32399159e-05    4.91433155e-03    2.64470374e-03 
  -6.93519173e-03  -6.97451764e-03  -3.86105578e-03  -4.73419624e-04 
    2.84011938e-03  -1.48083703e-04    3.38277537e-03  -1.95560197e-03 
  -2.73414404e-03  -2.78844961e-03  -1.35675372e-02  -4.32871923e-03 
    6.21147985e-04  -6.17036233e-04  -1.91361851e-03  -3.10844913e-03 
  -3.26473998e-03  -5.53688150e-03  -2.48471967e-03  -8.23509526e-04 
    1.04413593e-04    5.31885637e-03    4.59716191e-03    7.70243460e-03 
    8.62601020e-03    9.49552832e-03  -1.88074951e-03    3.87455199e-03 
    7.06176136e-03    5.98325275e-03    9.73334084e-03    9.33500772e-03 
    2.24438265e-03]
[0.02601675  0.02475964  0.02511938  0.02543473  0.02427309  0.02513928 
  0.02311843  0.0226913    0.0287996    0.03277945  0.02697425  0.02601189 
  0.0247348    0.02673428  0.02442295  0.02659885  0.02686933  0.02765118 
  0.03602291  0.02646843  0.02612611  0.02660695  0.02820868  0.02807883 
  0.02880127  0.02975367  0.02962137  0.03352441  0.02751057  0.02362705 
  0.02285829  0.02154751  0.02084428  0.02050606  0.0269579    0.02391625 
  0.02223259  0.02216361  0.0209637    0.02272239  0.02267216]
[-1.22600082e-03    9.94654933e-04  -1.21483549e-03  -5.97244113e-04 
    2.29840575e-03    9.32399159e-05    4.91433155e-03    2.64470374e-03 
  -6.93519173e-03  -6.97451764e-03  -3.86105578e-03  -4.73419624e-04 
    2.84011938e-03  -1.48083703e-04    3.38277537e-03  -1.95560197e-03 
  -2.73414404e-03  -2.78844961e-03  -1.35675372e-02  -4.32871923e-03 
    6.21147985e-04  -6.17036233e-04  -1.91361851e-03  -3.10844913e-03 
  -3.26473998e-03  -5.53688150e-03  -2.48471967e-03  -8.23509526e-04 
    1.04413593e-04    5.31885637e-03    4.59716191e-03    7.70243460e-03 
    8.62601020e-03    9.49552832e-03  -1.88074951e-03    3.87455199e-03 
    7.06176136e-03    5.98325275e-03    9.73334084e-03    9.33500772e-03 
    2.24438265e-03]
[0.05081749  0.04880413  0.04968239  0.05008611  0.04794626  0.04927485 
  0.04520738  0.0449163    0.05553857  0.05550927  0.05249518  0.05080777 
  0.0487277    0.05119825  0.04820167  0.05146627  0.05194903  0.05339313 
  0.05741103  0.05157337  0.0482257    0.05140675  0.0532726    0.05347917 
  0.05414072  0.0555793    0.0529525    0.05358899  0.04871139  0.04555146 
  0.04551871  0.04307504  0.04166204  0.03895665  0.05168756  0.0474571 
  0.04440362  0.04421686  0.04192218  0.0414779    0.04483767]
[-0.02075781  -0.01700308  -0.01700127  -0.01844915  -0.01594653  -0.01685004 
  -0.01011855  -0.00584271  -0.02646751  -0.02630881  -0.02130518  -0.02122426 
  -0.01862861  -0.02277585  -0.0168343    -0.02126403  -0.02072182  -0.02425394 
  -0.02298353  -0.01615572  -0.01294504  -0.02183876  -0.02612834  -0.0251345 
  -0.02590793  -0.02749853  -0.02457018  -0.02910437  -0.01207736  -0.0122968 
  -0.01097725  -0.00928366  -0.00575713  -0.00013368  -0.02088464  -0.01538904 
  -0.01183912  -0.00934235  -0.00830255  -0.007019      -0.00459243]
[0.02601675  0.02475964  0.02511938  0.02543473  0.02427309  0.02513928 
  0.02311843  0.0226913    0.0287996    0.03277945  0.02697425  0.02601189 
  0.0247348    0.02673428  0.02442295  0.02659885  0.02686933  0.02765118 
  0.03602291  0.02646843  0.02612611  0.02660695  0.02820868  0.02807883 
  0.02880127  0.02975367  0.02962137  0.03352441  0.02751057  0.02362705 
  0.02285829  0.02154751  0.02084428  0.02050606  0.0269579    0.02391625 
  0.02223259  0.02216361  0.0209637    0.02272239  0.02267216]
[-0.02075781  -0.01700308  -0.01700127  -0.01844915  -0.01594653  -0.01685004 
  -0.01011855  -0.00584271  -0.02646751  -0.02630881  -0.02130518  -0.02122426 
  -0.01862861  -0.02277585  -0.0168343    -0.02126403  -0.02072182  -0.02425394 
  -0.02298353  -0.01615572  -0.01294504  -0.02183876  -0.02612834  -0.0251345 
  -0.02590793  -0.02749853  -0.02457018  -0.02910437  -0.01207736  -0.0122968 
  -0.01097725  -0.00928366  -0.00575713  -0.00013368  -0.02088464  -0.01538904 
  -0.01183912  -0.00934235  -0.00830255  -0.007019      -0.00459243]
[-0.00622503  -0.00921929  -0.01392358  -0.01040156  -0.00959943  -0.00567134 
  -0.01259126  -0.00738927  -0.00628593  -0.00698713  -0.00588418  -0.00608526 
  -0.00857947  -0.00318762  -0.01204234  -0.00068916  -0.00115175  -0.00259333 
  -0.01017609  -0.00582473  -0.00231787  -0.0053819      0.00105712  -0.00061651 
  -0.00016823    0.00159002    0.00096631    0.00699008    0.00251603    0.00053447 
  -0.02099572  -0.01845381  -0.01946332  -0.01714698  -0.00913708  -0.01424032 
  -0.01779534  -0.01498703  -0.02223191  -0.01714774  -0.00664648]
increment_110
[-0.04868554  -0.0436608    -0.03917979  -0.04378792  -0.04193243  -0.04789319 
  -0.03576598  -0.0416704    -0.05342178  -0.0529451    -0.05070919  -0.04939089 
  -0.04439274  -0.05309788  -0.03960726  -0.05584282  -0.05603315  -0.05619096 
  -0.05147306  -0.05007056  -0.05045199  -0.05064882  -0.05972323  -0.05820138 
  -0.05954537  -0.0629833    -0.05958559  -0.06644159  -0.05663883  -0.05174767 
  -0.02725092  -0.02809437  -0.02521741  -0.02406507  -0.04628182  -0.03630368 
  -0.02953972  -0.03225037  -0.02184667  -0.0273882    -0.04282368]
[-1.80777170e-03    5.45143345e-04  -1.52061602e-03  -1.02506273e-03 
    2.51188792e-03  -7.78674229e-05    5.31985039e-03    2.79504863e-03 
  -8.35188246e-03  -8.26316497e-03  -4.93211495e-03  -9.82001567e-04 
    2.77067082e-03  -6.95386362e-04    3.63452110e-03  -2.41572341e-03 
  -3.31459594e-03  -3.55424934e-03  -1.55064662e-02  -5.17282971e-03 
    4.90501692e-04  -9.78799361e-04  -2.68082608e-03  -3.84186803e-03 
  -4.15549124e-03  -6.62392437e-03  -3.18511376e-03  -1.74614786e-03 
    1.20525319e-04    5.07871121e-03    5.07700347e-03    8.08681334e-03 
    9.22959128e-03    1.05681138e-02  -2.47340744e-03    3.83769741e-03 
    7.64200802e-03    6.51683797e-03    1.06612106e-02    9.97853523e-03 
    2.15716342e-03]
[0.0288264    0.0275574    0.02782706  0.02823871  0.02686913  0.02791261 
  0.02562377  0.02520601  0.03188553  0.03667904  0.02991223  0.0289068 
  0.02749203  0.02968745  0.02702746  0.02944817  0.02980336  0.03072978 
  0.03988806  0.02937532  0.02878107  0.02945944  0.03132208  0.03114139 
  0.03213059  0.03310284  0.03304028  0.03711525  0.03075682  0.02660631 
  0.02531106  0.02411212  0.02328919  0.02280903  0.02999114  0.02652565 
  0.02470317  0.02456357  0.02328706  0.02516282  0.02536779]
[-1.80777170e-03    5.45143345e-04  -1.52061602e-03  -1.02506273e-03 
    2.51188792e-03  -7.78674229e-05    5.31985039e-03    2.79504863e-03 
  -8.35188246e-03  -8.26316497e-03  -4.93211495e-03  -9.82001567e-04 
    2.77067082e-03  -6.95386362e-04    3.63452110e-03  -2.41572341e-03 
  -3.31459594e-03  -3.55424934e-03  -1.55064662e-02  -5.17282971e-03 
    4.90501692e-04  -9.78799361e-04  -2.68082608e-03  -3.84186803e-03 
  -4.15549124e-03  -6.62392437e-03  -3.18511376e-03  -1.74614786e-03 
    1.20525319e-04    5.07871121e-03    5.07700347e-03    8.08681334e-03 
    9.22959128e-03    1.05681138e-02  -2.47340744e-03    3.83769741e-03 
    7.64200802e-03    6.51683797e-03    1.06612106e-02    9.97853523e-03 
    2.15716342e-03]
[0.05622619  0.05424327  0.05499708  0.05552105  0.05304225  0.05462167 
  0.05017868  0.04983229  0.06127946  0.06135801  0.05811553  0.05632425 
  0.05407889  0.05675572  0.05330466  0.05681151  0.0574309    0.05909263 
  0.06331343  0.05699101  0.05331823  0.05683558  0.05893873  0.05908203 
  0.05984173  0.06133241  0.05851685  0.05929798  0.05366615  0.05121568 
  0.05040823  0.0481871    0.04654909  0.04318514  0.05715596  0.05262171 
  0.04933083  0.04899698  0.0465674    0.04618057  0.05008097]
[-2.23897721e-02  -1.86516888e-02  -1.85156410e-02  -2.02629888e-02 
  -1.73441416e-02  -1.86627128e-02  -1.12479784e-02  -6.40218849e-03 
  -2.86968829e-02  -2.90091624e-02  -2.30831830e-02  -2.33127970e-02 
  -2.03239653e-02  -2.49054134e-02  -1.82764916e-02  -2.28976818e-02 
  -2.26128120e-02  -2.67201055e-02  -2.50158130e-02  -1.74203563e-02 
  -1.39238650e-02  -2.38752981e-02  -2.85960036e-02  -2.74096751e-02 
  -2.84709901e-02  -3.01661070e-02  -2.68593091e-02  -3.17809933e-02 
  -1.28611203e-02  -1.45765984e-02  -1.20439298e-02  -1.06491012e-02 
  -6.72458283e-03  -5.15798522e-05  -2.27803749e-02  -1.67090395e-02 
  -1.29460759e-02  -1.00176741e-02  -9.03355181e-03  -7.59934402e-03 
  -5.85908581e-03]
[0.0288264    0.0275574    0.02782706  0.02823871  0.02686913  0.02791261 
  0.02562377  0.02520601  0.03188553  0.03667904  0.02991223  0.0289068 
  0.02749203  0.02968745  0.02702746  0.02944817  0.02980336  0.03072978 
  0.03988806  0.02937532  0.02878107  0.02945944  0.03132208  0.03114139 
  0.03213059  0.03310284  0.03304028  0.03711525  0.03075682  0.02660631 
  0.02531106  0.02411212  0.02328919  0.02280903  0.02999114  0.02652565 
  0.02470317  0.02456357  0.02328706  0.02516282  0.02536779]
[-2.23897721e-02  -1.86516888e-02  -1.85156410e-02  -2.02629888e-02 
  -1.73441416e-02  -1.86627128e-02  -1.12479784e-02  -6.40218849e-03 
  -2.86968829e-02  -2.90091624e-02  -2.30831830e-02  -2.33127970e-02 
  -2.03239653e-02  -2.49054134e-02  -1.82764916e-02  -2.28976818e-02 
  -2.26128120e-02  -2.67201055e-02  -2.50158130e-02  -1.74203563e-02 
  -1.39238650e-02  -2.38752981e-02  -2.85960036e-02  -2.74096751e-02 
  -2.84709901e-02  -3.01661070e-02  -2.68593091e-02  -3.17809933e-02 
  -1.28611203e-02  -1.45765984e-02  -1.20439298e-02  -1.06491012e-02 
  -6.72458283e-03  -5.15798522e-05  -2.27803749e-02  -1.67090395e-02 
  -1.29460759e-02  -1.00176741e-02  -9.03355181e-03  -7.59934402e-03 
  -5.85908581e-03]
[-0.00754066  -0.01058247  -0.0158173    -0.01173313  -0.01110982  -0.00672849 
  -0.0144127    -0.00816189  -0.00785768  -0.0084129    -0.00740634  -0.00693337 
  -0.00968615  -0.00365784  -0.0136974    -0.0009687    -0.00139774  -0.00290167 
  -0.01184037  -0.00692045  -0.00286623  -0.00618676    0.0007845    -0.00088065 
  -0.00029636    0.00165089    0.00106873    0.00714361    0.00297269    0.00053199 
  -0.02315732  -0.02009273  -0.02133168  -0.01912007  -0.01087414  -0.01631803 
  -0.01979111  -0.01674661  -0.02472073  -0.01879237  -0.0072573  ]
increment_120
[-0.05271584  -0.04777506  -0.04250533  -0.04789652  -0.04541335  -0.05210263 
  -0.03890394  -0.04591292  -0.05740308  -0.05725263  -0.05467111  -0.05410734 
  -0.04868292  -0.05824949  -0.04308406  -0.06081671  -0.06127971  -0.06157079 
  -0.05554191  -0.05431812  -0.05487361  -0.0551621    -0.06508852  -0.06352374 
  -0.06509301  -0.06888277  -0.06528051  -0.07219431  -0.0621255    -0.05766175 
  -0.03002961  -0.03171538  -0.0283777    -0.02623937  -0.04982099  -0.03928394 
  -0.03247245  -0.03530798  -0.02416584  -0.03056135  -0.04758171]
[-2.46350124e-03    9.66598651e-06  -1.82774629e-03  -1.48614200e-03 
    2.74449737e-03  -2.78881176e-04    5.66725879e-03    2.90906694e-03 
  -9.89754638e-03  -9.62156556e-03  -6.10150496e-03  -1.60627390e-03 
    2.63030307e-03  -1.31969770e-03    3.81752531e-03  -2.88114272e-03 
  -3.95510301e-03  -4.39887076e-03  -1.75486042e-02  -6.07366986e-03 
    3.52657813e-04  -1.34545800e-03  -3.53661749e-03  -4.64292461e-03 
  -5.13209545e-03  -7.85065104e-03  -4.00346593e-03  -2.77924406e-03 
    1.70168875e-04    4.61499933e-03    5.50547933e-03    8.38507066e-03 
    9.76207218e-03    1.16851056e-02  -3.06227766e-03    3.70143487e-03 
    8.20792049e-03    7.00285123e-03    1.15244473e-02    1.05546148e-02 
    1.98394389e-03]
[0.0316581    0.03039976  0.03054297  0.03107274  0.02948133  0.03071441 
  0.02816945  0.02776854  0.03504761  0.04057655  0.03287143  0.03185141 
  0.03029766  0.03268516  0.02966534  0.03230543  0.03277528  0.03384162 
  0.04378402  0.03231798  0.03144627  0.03232058  0.0344521    0.03422906 
  0.0355249    0.036559      0.03651322  0.04068308  0.03411116  0.02976454 
  0.02780455  0.02674589  0.02580541  0.02512434  0.03302463  0.02916234 
  0.02720715  0.02700416  0.02567479  0.02762503  0.0281311  ]
[-2.46350124e-03    9.66598651e-06  -1.82774629e-03  -1.48614200e-03 
    2.74449737e-03  -2.78881176e-04    5.66725879e-03    2.90906694e-03 
  -9.89754638e-03  -9.62156556e-03  -6.10150496e-03  -1.60627390e-03 
    2.63030307e-03  -1.31969770e-03    3.81752531e-03  -2.88114272e-03 
  -3.95510301e-03  -4.39887076e-03  -1.75486042e-02  -6.07366986e-03 
    3.52657813e-04  -1.34545800e-03  -3.53661749e-03  -4.64292461e-03 
  -5.13209545e-03  -7.85065104e-03  -4.00346593e-03  -2.77924406e-03 
    1.70168875e-04    4.61499933e-03    5.50547933e-03    8.38507066e-03 
    9.76207218e-03    1.16851056e-02  -3.06227766e-03    3.70143487e-03 
    8.20792049e-03    7.00285123e-03    1.15244473e-02    1.05546148e-02 
    1.98394389e-03]
[0.06166915  0.05975154  0.06032793  0.06099918  0.05817427  0.06001679 
  0.05522898  0.05482635  0.06704115  0.0672241    0.06376525  0.06190744 
  0.0595072    0.06236089  0.05848295  0.06215391  0.06294879  0.06481136 
  0.06925337  0.06243288  0.05842763  0.06227248  0.06463226  0.06469982 
  0.06557765  0.06714099  0.06413687  0.06503947  0.05861494  0.05710415 
  0.05538253  0.05342942  0.0515774    0.04742655  0.06262546  0.05784381 
  0.05432433  0.05385619  0.05134215  0.05098979  0.05543069]
[-2.39443121e-02  -2.03128921e-02  -1.99607683e-02  -2.20590102e-02 
  -1.86730400e-02  -2.04354766e-02  -1.23811420e-02  -6.96088986e-03 
  -3.08783225e-02  -3.16444218e-02  -2.48323834e-02  -2.53528352e-02 
  -2.20264194e-02  -2.69783584e-02  -1.96969044e-02  -2.44137585e-02 
  -2.44866471e-02  -2.91567271e-02  -2.69823185e-02  -1.85932330e-02 
  -1.48104106e-02  -2.58055970e-02  -3.10258823e-02  -2.96333732e-02 
  -3.10355047e-02  -3.28476606e-02  -2.90653138e-02  -3.43773120e-02 
  -1.35956856e-02  -1.71247648e-02  -1.31023870e-02  -1.20720473e-02 
  -7.80603521e-03    9.64590561e-05  -2.45669730e-02  -1.79704125e-02 
  -1.40172809e-02  -1.07121279e-02  -9.80602996e-03  -8.17165518e-03 
  -7.22355640e-03]
[0.0316581    0.03039976  0.03054297  0.03107274  0.02948133  0.03071441 
  0.02816945  0.02776854  0.03504761  0.04057655  0.03287143  0.03185141 
  0.03029766  0.03268516  0.02966534  0.03230543  0.03277528  0.03384162 
  0.04378402  0.03231798  0.03144627  0.03232058  0.0344521    0.03422906 
  0.0355249    0.036559      0.03651322  0.04068308  0.03411116  0.02976454 
  0.02780455  0.02674589  0.02580541  0.02512434  0.03302463  0.02916234 
  0.02720715  0.02700416  0.02567479  0.02762503  0.0281311  ]
[-2.39443121e-02  -2.03128921e-02  -1.99607683e-02  -2.20590102e-02 
  -1.86730400e-02  -2.04354766e-02  -1.23811420e-02  -6.96088986e-03 
  -3.08783225e-02  -3.16444218e-02  -2.48323834e-02  -2.53528352e-02 
  -2.20264194e-02  -2.69783584e-02  -1.96969044e-02  -2.44137585e-02 
  -2.44866471e-02  -2.91567271e-02  -2.69823185e-02  -1.85932330e-02 
  -1.48104106e-02  -2.58055970e-02  -3.10258823e-02  -2.96333732e-02 
  -3.10355047e-02  -3.28476606e-02  -2.90653138e-02  -3.43773120e-02 
  -1.35956856e-02  -1.71247648e-02  -1.31023870e-02  -1.20720473e-02 
  -7.80603521e-03    9.64590561e-05  -2.45669730e-02  -1.79704125e-02 
  -1.40172809e-02  -1.07121279e-02  -9.80602996e-03  -8.17165518e-03 
  -7.22355640e-03]
[-0.00895331  -0.01197648  -0.0178226    -0.01310266  -0.01276092  -0.00791416 
  -0.01632504  -0.00891344  -0.00963807  -0.00997146  -0.00909413  -0.0078001 
  -0.01082428  -0.0041114    -0.01539888  -0.0013372    -0.00166908  -0.00324057 
  -0.01371146  -0.00811476  -0.00355402  -0.00711038    0.00045626  -0.00117607 
  -0.00048464    0.00174178    0.00114364    0.00715484    0.00351057    0.00055759 
  -0.02535292  -0.02171404  -0.02319969  -0.02118718  -0.01280447  -0.01855987 
  -0.02185188  -0.01854821  -0.02717631  -0.02042844  -0.00784898]
