inc
sigma_11
sigma_12
sigma_13
sigma_21
sigma_22
sigma_23
sigma_31
sigma_32
sigma_33
increment_0
9.381603118740243e-06
-4.622905407725589e-06
1.8995341660924374e-06
-4.622905407725589e-06
1.4612553425890005e-05
-5.2148942411631805e-06
1.8995341660924374e-06
-5.2148942411631805e-06
1.3903861512461761e-05
increment_10
-102085168.03744905
3834053.366672258
-8130756.182317289
3834053.366672258
29463842.37306413
-15073162.045490481
-8130756.182317289
-15073162.045490481
-3087090.352697823
increment_20
-104017189.33825395
3644130.733586811
-8781860.814646041
3644130.733586811
29807014.821585696
-15836317.610402906
-8781860.814646041
-15836317.610402906
-5012009.83770515
increment_30
-105344498.72098893
3305281.0780241853
-8703356.667901685
3305281.0780241853
30512161.408781033
-15976904.127592627
-8703356.667901685
-15976904.127592627
-5990360.754822072
increment_40
-106489741.0796039
2926362.640980311
-8601044.642153934
2926362.640980311
31295830.167777725
-16058893.135847485
-8601044.642153934
-16058893.135847485
-6825892.3060234105
increment_50
-107514649.00238742
2449067.1256823996
-8491006.383902496
2449067.1256823996
32146682.121908806
-16090250.09197484
-8491006.383902496
-16090250.09197484
-7619809.438255149
increment_60
-108415932.55974886
1868926.1535886552
-8382583.702785637
1868926.1535886552
33101456.93473611
-16070141.474531297
-8382583.702785637
-16070141.474531297
-8377995.175663513
increment_70
-109180154.7521849
1241973.5097575788
-8259281.808989143
1241973.5097575788
34194896.620357476
-15997999.688188223
-8259281.808989143
-15997999.688188223
-9031636.554222794
increment_80
-109771614.34112775
612501.867715909
-8088642.986260909
612501.867715909
35469737.442640945
-15867726.531341445
-8088642.986260909
-15867726.531341445
-9489171.985386223
increment_90
-110187180.2954616
-28367.213307142203
-7831381.756781414
-28367.213307142203
36929752.79194505
-15662406.249015339
-7831381.756781414
-15662406.249015339
-9720639.51506336
increment_100
-110514258.99773744
-631743.8015940787
-7416930.158048751
-631743.8015940787
38440897.098449185
-15358187.6401589
-7416930.158048751
-15358187.6401589
-9731938.903576618
increment_110
-110847311.14482862
-1039988.3497397698
-6907617.764040466
-1039988.3497397698
39869944.54863538
-15053346.53715512
-6907617.764040466
-15053346.53715512
-9570821.877323227
increment_120
-111264433.65183787
-1230823.9106560573
-6424446.342643864
-1230823.9106560573
41166783.80014666
-14857626.68333216
-6424446.342643864
-14857626.68333216
-9407312.004910469
