inc
sigma_11
sigma_12
sigma_13
sigma_21
sigma_22
sigma_23
sigma_31
sigma_32
sigma_33
increment_0
0.00011448569516184809
1.0029473068080264e-05
-1.1277847581065417e-06
1.0029473068080264e-05
0.0001209959134901403
3.345456294901875e-07
-1.1277847581065417e-06
3.345456294901875e-07
0.00011823322654753703
increment_10
-98163721.26376684
1360067.3995353421
3845221.837974096
1360067.3995353421
-14641655.412755605
-20323216.752914157
3845221.837974096
-20323216.752914157
6240328.804847434
increment_20
-99471855.29452538
1885587.0832260768
3790591.32092728
1885587.0832260768
-16228436.638008965
-21234138.403631918
3790591.32092728
-21234138.403631918
7101431.53255711
increment_30
-100988430.14336883
2081774.2104702932
3746056.917370204
2081774.2104702932
-17282059.739249427
-21698007.761782665
3746056.917370204
-21698007.761782665
7326994.371014337
increment_40
-102515896.95511675
2114029.306114294
3661267.8753694356
2114029.306114294
-18026062.603634294
-22109100.141246535
3661267.8753694356
-22109100.141246535
7296642.334417361
increment_50
-103990460.38403626
2061691.6015505008
3510040.3641259987
2061691.6015505008
-18539291.485215057
-22512537.484049667
3510040.3641259987
-22512537.484049667
7129305.749262833
increment_60
-105405959.30638468
2003745.0979924488
3317659.8857976915
2003745.0979924488
-18945538.29445727
-22910068.575881694
3317659.8857976915
-22910068.575881694
6950932.382364748
increment_70
-106806035.28213817
1997767.3051420522
3093802.9357652827
1997767.3051420522
-19379009.22795759
-23287308.44139596
3093802.9357652827
-23287308.44139596
6790959.095785502
increment_80
-108183719.9308851
2083035.685322598
2871873.651472022
2083035.685322598
-19918565.063714605
-23632928.882634133
2871873.651472022
-23632928.882634133
6707208.081878601
increment_90
-109497746.6750333
2250241.1012097714
2639074.75150645
2250241.1012097714
-20527465.87877987
-23942952.857919496
2639074.75150645
-23942952.857919496
6707458.8923244625
increment_100
-110722178.5168415
2493845.6648589494
2400212.5243526218
2493845.6648589494
-21184734.394010324
-24210475.40781383
2400212.5243526218
-24210475.40781383
6810061.634662948
increment_110
-111902842.1863401
2791484.7855038815
2180776.5621521696
2791484.7855038815
-21884726.44868155
-24452665.044543684
2180776.5621521696
-24452665.044543684
6982978.664568782
increment_120
-113108697.09139425
3085200.5255842656
1978631.0220862436
3085200.5255842656
-22604653.688602235
-24721235.00964629
1978631.0220862436
-24721235.00964629
7105919.791432037
