inc
sigma_11
sigma_12
sigma_13
sigma_21
sigma_22
sigma_23
sigma_31
sigma_32
sigma_33
increment_0
-6.540258911778234e-05
2.4935087386442855e-06
-6.718976040493297e-06
2.4935087386442855e-06
-3.831202517570135e-05
1.5985629036657078e-06
-6.718976040493297e-06
1.5985629036657078e-06
-3.524478524918722e-05
increment_10
-81878988.41183682
-1894235.5889738607
9882906.450639784
-1894235.5889738607
-2808461.0345195886
-7329326.9513340555
9882906.450639784
-7329326.9513340555
23082443.212916337
increment_20
-83210486.59314334
-1115932.8195059802
11448365.642967151
-1115932.8195059802
-2675010.7185091865
-6396887.097948449
11448365.642967151
-6396887.097948449
24504637.319129743
increment_30
-84463786.36739685
-729235.6167772408
12143631.306505006
-729235.6167772408
-2796353.6173822884
-5933989.10821433
12143631.306505006
-5933989.10821433
25435862.955242917
increment_40
-85520101.86603028
-385437.93912725576
12606287.693913404
-385437.93912725576
-2856467.2075178972
-5513791.567778042
12606287.693913404
-5513791.567778042
26395656.182464153
increment_50
-86411170.77123769
-11665.49458247925
12951839.780724442
-11665.49458247925
-2829455.8193786363
-5060151.77070962
12951839.780724442
-5060151.77070962
27348046.97130993
increment_60
-87187337.15868087
395093.17434272147
13223531.90142067
395093.17434272147
-2731617.9636074193
-4583739.0043091215
13223531.90142067
-4583739.0043091215
28223763.636079207
increment_70
-87893268.48147984
806179.3705604082
13404550.888247542
806179.3705604082
-2606630.0330086206
-4130906.543757851
13404550.888247542
-4130906.543757851
28948925.240811452
increment_80
-88627248.90424275
1188171.4308031152
13429435.567855142
1188171.4308031152
-2568986.4551166166
-3749229.9388636374
13429435.567855142
-3749229.9388636374
29416666.95967121
increment_90
-89398525.6429712
1565382.111526149
13343849.069122957
1565382.111526149
-2627531.011522866
-3441950.4598008785
13343849.069122957
-3441950.4598008785
29655541.782215938
increment_100
-90205913.83441818
2038226.1132480747
13245006.28346645
2038226.1132480747
-2757974.612124717
-3058102.6449711546
13245006.28346645
-3058102.6449711546
29776239.311821684
increment_110
-91125970.8780697
2548438.587480155
13083306.263530433
2548438.587480155
-3043885.297877438
-2671896.666806196
13083306.263530433
-2671896.666806196
29620586.616211195
increment_120
-92045812.4749368
3008034.0549884336
12862839.45189502
3008034.0549884336
-3364331.9930669586
-2404891.9605237576
12862839.45189502
-2404891.9605237576
29235937.871077325
