inc
sigma_11
sigma_12
sigma_13
sigma_21
sigma_22
sigma_23
sigma_31
sigma_32
sigma_33
increment_0
-4.78857124176401e-05
-5.239041152829116e-06
-2.351546435628875e-06
-5.239041152829116e-06
-7.19746473645861e-05
-8.646822768058443e-06
-2.351546435628875e-06
-8.646822768058443e-06
-4.436438513183935e-05
increment_10
-94223494.82483478
2329139.8952335785
-7150951.003496796
2329139.8952335785
-25483607.705215205
-3974644.073813939
-7150951.003496796
-3974644.073813939
3187624.457143651
increment_20
-96562527.27047266
2091642.5709967494
-9902068.382658305
2091642.5709967494
-26882489.255800396
-3971611.463460795
-9902068.382658305
-3971611.463460795
4418182.903225921
increment_30
-98984304.90080893
1925109.9128593418
-12036235.526308764
1925109.9128593418
-28097322.801582795
-3829773.5195158958
-12036235.526308764
-3829773.5195158958
4970563.716121538
increment_40
-101206043.31129383
1722900.266567198
-13894265.601276547
1722900.266567198
-29095412.44247185
-3461762.3146458375
-13894265.601276547
-3461762.3146458375
5430743.3288394315
increment_50
-103164287.74847229
1483715.7386960022
-15471509.773647772
1483715.7386960022
-29766041.161497425
-3001646.342223382
-15471509.773647772
-3001646.342223382
6011173.29106363
increment_60
-104974438.2228793
1236034.4782474218
-16778843.338380363
1236034.4782474218
-30249111.17168101
-2585271.3614975614
-16778843.338380363
-2585271.3614975614
6724777.456162351
increment_70
-106712799.88685757
1000561.2259362787
-17788743.35234958
1000561.2259362787
-30667372.588675134
-2211279.444549457
-17788743.35234958
-2211279.444549457
7397196.771429998
increment_80
-108277617.25854431
848543.4799788963
-18561380.821480583
848543.4799788963
-30962794.792267993
-1864085.583461956
-18561380.821480583
-1864085.583461956
8044781.130877688
increment_90
-109584772.04487908
843933.2015097274
-19186840.185775388
843933.2015097274
-31073624.63842957
-1529718.6650144027
-19186840.185775388
-1529718.6650144027
8676658.096592352
increment_100
-110699729.24739945
963258.6598823919
-19704649.84650096
963258.6598823919
-31069398.01941164
-1247513.5217519582
-19704649.84650096
-1247513.5217519582
9354135.80676516
increment_110
-111756881.86079663
1187049.1027892977
-20094914.11162826
1187049.1027892977
-31082246.927286856
-1051661.233190428
-20094914.11162826
-1051661.233190428
10014690.006456014
increment_120
-112881389.53268941
1432414.831644824
-20401357.625662174
1432414.831644824
-31206188.61309599
-918249.2943344795
-20401357.625662174
-918249.2943344795
10656512.638621386
