inc
Fp11
Fp12
Fp13
Fp21
Fp22
Fp23
Fp31
Fp32
Fp33
increment_0
[0.98480646  0.98480646  0.98480646  0.98480646  0.98480646  0.98480646 
  0.98480646  0.98480646  0.98480646  0.98480646  0.98480646  0.98480646 
  0.98480646  0.98480646  0.98480646  0.98480646  0.98480646  0.98480646 
  0.98480646  0.98480646  0.98480646  0.98480646]
[0.05645751  0.05645751  0.05645751  0.05645751  0.05645751  0.05645751 
  0.05645751  0.05645751  0.05645751  0.05645751  0.05645751  0.05645751 
  0.05645751  0.05645751  0.05645751  0.05645751  0.05645751  0.05645751 
  0.05645751  0.05645751  0.05645751  0.05645751]
[0.16422174  0.16422174  0.16422174  0.16422174  0.16422174  0.16422174 
  0.16422174  0.16422174  0.16422174  0.16422174  0.16422174  0.16422174 
  0.16422174  0.16422174  0.16422174  0.16422174  0.16422174  0.16422174 
  0.16422174  0.16422174  0.16422174  0.16422174]
[-0.15561733  -0.15561733  -0.15561733  -0.15561733  -0.15561733  -0.15561733 
  -0.15561733  -0.15561733  -0.15561733  -0.15561733  -0.15561733  -0.15561733 
  -0.15561733  -0.15561733  -0.15561733  -0.15561733  -0.15561733  -0.15561733 
  -0.15561733  -0.15561733  -0.15561733  -0.15561733]
[-0.13277393  -0.13277393  -0.13277393  -0.13277393  -0.13277393  -0.13277393 
  -0.13277393  -0.13277393  -0.13277393  -0.13277393  -0.13277393  -0.13277393 
  -0.13277393  -0.13277393  -0.13277393  -0.13277393  -0.13277393  -0.13277393 
  -0.13277393  -0.13277393  -0.13277393  -0.13277393]
[0.97885358  0.97885358  0.97885358  0.97885358  0.97885358  0.97885358 
  0.97885358  0.97885358  0.97885358  0.97885358  0.97885358  0.97885358 
  0.97885358  0.97885358  0.97885358  0.97885358  0.97885358  0.97885358 
  0.97885358  0.97885358  0.97885358  0.97885358]
[0.077068  0.077068  0.077068  0.077068  0.077068  0.077068  0.077068  0.077068 
  0.077068  0.077068  0.077068  0.077068  0.077068  0.077068  0.077068  0.077068 
  0.077068  0.077068  0.077068  0.077068  0.077068  0.077068]
[-0.98953708  -0.98953708  -0.98953708  -0.98953708  -0.98953708  -0.98953708 
  -0.98953708  -0.98953708  -0.98953708  -0.98953708  -0.98953708  -0.98953708 
  -0.98953708  -0.98953708  -0.98953708  -0.98953708  -0.98953708  -0.98953708 
  -0.98953708  -0.98953708  -0.98953708  -0.98953708]
[-0.12197086  -0.12197086  -0.12197086  -0.12197086  -0.12197086  -0.12197086 
  -0.12197086  -0.12197086  -0.12197086  -0.12197086  -0.12197086  -0.12197086 
  -0.12197086  -0.12197086  -0.12197086  -0.12197086  -0.12197086  -0.12197086 
  -0.12197086  -0.12197086  -0.12197086  -0.12197086]
increment_10
[0.97886245  0.97559838  0.97721454  0.976204      0.97320108  0.97486221 
  0.97692271  0.97907428  0.97910262  0.97594083  0.97279864  0.97672514 
  0.97838565  0.98094632  0.97844453  0.97818071  0.97763727  0.98058353 
  0.97872226  0.98027806  0.97976204  0.97979878]
[0.05742217  0.06010498  0.0587844    0.05649564  0.05968969  0.06115932 
  0.05968723  0.05761421  0.057658      0.06017643  0.05726146  0.05802102 
  0.05823739  0.05525063  0.05852898  0.05843046  0.05786572  0.05712866 
  0.05801296  0.05723882  0.05698428  0.05872574]
[0.16417566  0.16731203  0.16531346  0.16479803  0.16816548  0.16941148 
  0.16768947  0.16706015  0.16553695  0.1666469    0.16353525  0.16272473 
  0.16539509  0.1657993    0.16697498  0.16747363  0.1668823    0.16302602 
  0.16416453  0.16432271  0.16560886  0.16753011]
[-0.15412422  -0.15710912  -0.15518352  -0.15549261  -0.15812699  -0.15871848 
  -0.15701286  -0.15609576  -0.15608888  -0.15655421  -0.15551461  -0.15348945 
  -0.15514262  -0.15525129  -0.15632218  -0.15653169  -0.15628865  -0.15425533 
  -0.15418106  -0.15483371  -0.15519747  -0.1564835  ]
[-0.13505341  -0.13269581  -0.1344108    -0.13598897  -0.12949456  -0.13096932 
  -0.13248987  -0.13280947  -0.13292395  -0.13329852  -0.13845837  -0.1377111 
  -0.13406417  -0.13333056  -0.13285016  -0.1324933    -0.13300491  -0.13463651 
  -0.13496257  -0.13400411  -0.1336278    -0.13227948]
[0.98204887  0.98380886  0.98302781  0.98425497  0.98563596  0.98359226 
  0.98237265  0.98060203  0.98104028  0.98378712  0.98794482  0.98448014 
  0.98204267  0.97967715  0.98136975  0.98123261  0.98197399  0.98068474 
  0.98225673  0.98084986  0.98080785  0.9798006  ]
[0.07542852  0.07788822  0.07636396  0.07590334  0.08036145  0.07960068 
  0.07817951  0.07773618  0.0774621    0.0774128    0.07598733  0.07526924 
  0.07637532  0.07556154  0.07765749  0.07829415  0.07759451  0.07611888 
  0.07569052  0.07621571  0.0762254    0.07966977]
[-0.99245815  -0.99273987  -0.99263602  -0.99247892  -0.99308193  -0.99295603 
  -0.99277956  -0.99277592  -0.99259168  -0.99261499  -0.99210697  -0.99218967 
  -0.99250194  -0.99259429  -0.99258253  -0.99280981  -0.99284305  -0.99237365 
  -0.99232059  -0.99214848  -0.9924528    -0.99236626]
[-0.12096276  -0.12278192  -0.1216629    -0.12131308  -0.12461729  -0.12404324 
  -0.12299642  -0.12267247  -0.12252716  -0.1224269    -0.12134584  -0.12082827 
  -0.12166269  -0.12106793  -0.12260339  -0.12308101  -0.12257408  -0.12011483 
  -0.12115108  -0.12117287  -0.12155178  -0.1241989  ]
increment_20
[0.97280744  0.96564723  0.96899409  0.96569147  0.9602257    0.96428384 
  0.96788949  0.97212058  0.97259876  0.96570957  0.96029399  0.96876852 
  0.97119163  0.9762123    0.97072601  0.96999434  0.96889669  0.97559775 
  0.9715418    0.97541443  0.97420742  0.97350898]
[0.05752231  0.06445942  0.06099113  0.05607598  0.06419152  0.06707077 
  0.06328882  0.05902816  0.05885579  0.06467144  0.06052157  0.05976041 
  0.05982615  0.05402206  0.06119578  0.06064808  0.05834068  0.05940698 
  0.05992071  0.05860064  0.05801866  0.06155567]
[0.16398517  0.17036519  0.16617828  0.16554162  0.17363382  0.176344 
  0.17210085  0.17036967  0.16447309  0.16911093  0.16080833  0.16001483 
  0.1661552    0.16836283  0.17049704  0.17138623  0.16942302  0.16019825 
  0.16375491  0.16316348  0.16643479  0.17146335]
[-0.15216332  -0.15830834  -0.15435064  -0.15570127  -0.16141771  -0.16263645 
  -0.15885545  -0.15669507  -0.1566135    -0.15747023  -0.15328277  -0.1499388 
  -0.15402326  -0.15511429  -0.15731851  -0.15779464  -0.15702105  -0.15251501 
  -0.15222608  -0.15388512  -0.15368714  -0.1574681  ]
[-0.13764238  -0.13312106  -0.13660306  -0.14001371  -0.12542033  -0.12846866 
  -0.13177701  -0.13287758  -0.13314351  -0.13416154  -0.14655345  -0.14372189 
  -0.13606213  -0.13363108  -0.13280521  -0.13177346  -0.13366192  -0.13699872 
  -0.13783968  -0.13522566  -0.13416982  -0.13167129]
[0.98506953  0.98922267  0.98761606  0.99116782  0.99272868  0.98780871 
  0.98620578  0.98289065  0.98371416  0.98978401  0.99809187  0.9901975 
  0.98572507  0.98033019  0.98438129  0.98441407  0.98636675  0.98289109 
  0.98646183  0.98253391  0.98297456  0.98074289]
[0.07296073  0.07843927  0.07527756  0.07462849  0.08489953  0.08386207 
  0.08004495  0.07849663  0.07780152  0.07767386  0.07441514  0.07278062 
  0.07500439  0.07448145  0.07862697  0.0803186    0.07784716  0.07620887 
  0.07392854  0.07564674  0.0744141    0.0832511  ]
[-0.99597949  -0.99633737  -0.99615755  -0.9958627    -0.99730341  -0.99688286 
  -0.99660846  -0.99661566  -0.99639383  -0.99605783  -0.9947331    -0.9951501 
  -0.99603343  -0.99648132  -0.99629149  -0.99665104  -0.99660352  -0.99584233 
  -0.99558778  -0.99569012  -0.9961575    -0.99614712]
[-0.11935252  -0.12342468  -0.12109182  -0.12058685  -0.12824395  -0.12741763 
  -0.12461556  -0.12348244  -0.12319008  -0.12284593  -0.12033014  -0.11916221 
  -0.12088637  -0.1205283    -0.12356004  -0.12481508  -0.12300795  -0.11739609 
  -0.12006328  -0.119853      -0.12046999  -0.12756464]
increment_30
[0.96711313  0.95624579  0.96109288  0.95473508  0.9477391    0.95463005 
  0.95847944  0.96486598  0.96645157  0.95565706  0.9483078    0.96061048 
  0.96415849  0.97152007  0.96320266  0.96180679  0.96014505  0.9701584 
  0.96463221  0.97095417  0.96864691  0.96691688]
[0.0569561    0.06841104  0.06281409  0.05552779  0.06861118  0.07233102 
  0.06666834  0.0606744    0.05979495  0.06901538  0.06369333  0.06193931 
  0.06111513  0.05259375  0.0634317    0.06262231  0.05854418  0.06172282 
  0.06117809  0.06032255  0.05946304  0.06455958]
[0.16411639  0.17324436  0.16679331  0.16648323  0.17910932  0.18276471 
  0.17631708  0.17377912  0.1623532    0.17147686  0.15758666  0.1566966 
  0.16707089  0.17107847  0.17348214  0.17521537  0.17200577  0.1572451 
  0.16363666  0.16147751  0.16687521  0.17542338]
[-0.15040395  -0.159201      -0.15326833  -0.15620153  -0.16460029  -0.16583946 
  -0.16066918  -0.15740888  -0.15710313  -0.15824685  -0.15062109  -0.1459182 
  -0.1529545    -0.15501622  -0.15789688  -0.1589837    -0.1577717    -0.15058672 
  -0.15036275  -0.15304739  -0.15172821  -0.15864611]
[-0.13994643  -0.13371415  -0.13903628  -0.14393901  -0.12158564  -0.12642745 
  -0.13109433  -0.13290441  -0.13330573  -0.13515096  -0.15546531  -0.1504286 
  -0.13797385  -0.1338574    -0.13313456  -0.13113242  -0.13439198  -0.13996499 
  -0.14054556  -0.13634214  -0.13456833  -0.13093572]
[0.98764185  0.99422132  0.99205827  0.99857278  0.99946509  0.99128845 
  0.99052357  0.98542735  0.98617923  0.99572426  1.00818206  0.99637943 
  0.98920468  0.98083239  0.98742368  0.98763895  0.99077758  0.98560691 
  0.99026192  0.98369972  0.98526205  0.98183876]
[0.07029225  0.07882852  0.07393963  0.07351808  0.08939088  0.0880672 
  0.08179213  0.07934966  0.07810289  0.07786273  0.07276635  0.07030441 
  0.0735804    0.07338056  0.07903236  0.08223459  0.07804708  0.07612825 
  0.07197354  0.07520984  0.0723217    0.086922    ]
[-0.99967466  -1.00001275  -0.99972778  -0.99932436  -1.00153959  -1.00083364 
  -1.00049333  -1.00051428  -1.00030694  -0.99956034  -0.99725499  -0.99805613 
  -0.99969495  -1.00050116  -1.00007286  -1.00056969  -1.00046673  -0.999293 
  -0.99910601  -0.99940774  -0.99998863  -1.00004243]
[-0.11756882  -0.12395425  -0.12032313  -0.11996961  -0.13186758  -0.13075987 
  -0.12615867  -0.12436572  -0.12393722  -0.12321458  -0.11921041  -0.11745857 
  -0.1200666    -0.11998343  -0.12410619  -0.12648231  -0.12340895  -0.11472691 
  -0.11882777  -0.11872157  -0.11917602  -0.13119059]
increment_40
[0.96157435  0.94748381  0.95339934  0.94354874  0.93588519  0.94577223 
  0.94867763  0.95740064  0.96061051  0.94580849  0.93692037  0.95205924 
  0.95729773  0.96686043  0.95580819  0.95362962  0.95139956  0.96417307 
  0.95791362  0.9665902    0.96288312  0.96007918]
[0.05607607  0.07173501  0.06447713  0.05479245  0.07312819  0.07692963 
  0.0700065    0.0624045    0.06060528  0.07311684  0.06667571  0.06475534 
  0.06212378  0.05093707  0.06543737  0.06434076  0.05872111  0.06415255 
  0.0620633    0.06240179  0.06103885  0.06763969]
[0.16450901  0.17599011  0.16725784  0.16763761  0.18475215  0.1886585 
  0.18049006  0.1772879    0.15967185  0.17384747  0.15414593  0.15277209 
  0.16808127  0.17382121  0.17618516  0.17900221  0.17465313  0.15408781 
  0.16358476  0.15930275  0.16736463  0.17932807]
[-0.14883504  -0.15981261  -0.1520261    -0.1569459    -0.16775425  -0.1683889 
  -0.16256148  -0.15820999  -0.15754021  -0.15894782  -0.1477512    -0.14152509 
  -0.15190549  -0.15491666  -0.1582785    -0.16010023  -0.15854429  -0.14825781 
  -0.14848969  -0.15232632  -0.149814      -0.160028    ]
[-0.14203374  -0.1344113    -0.1415967    -0.14770378  -0.11809974  -0.12483458 
  -0.13039523  -0.1328809    -0.13344108  -0.13618107  -0.16477609  -0.15794215 
  -0.13983309  -0.13406868  -0.13363312  -0.13054118  -0.13515325  -0.14369703 
  -0.1432298    -0.13756486  -0.13501164  -0.13006979]
[0.98997169  0.99868896  0.99642031  1.00627219  1.00562307  0.99417944 
  0.99529233  0.98812147  0.98840857  1.00151542  1.01804094  1.00325453 
  0.99250666  0.98126968  0.99044667  0.99085787  0.99519095  0.98900327 
  0.99386907  0.98474485  0.98771505  0.98311646]
[0.06759184  0.07906186  0.07245756  0.07254244  0.09380819  0.0920469 
  0.08351292  0.08030398  0.078379      0.07802842  0.07108342  0.06797839 
  0.07208366  0.07210933  0.07918906  0.08411876  0.07822546  0.07572645 
  0.06986364  0.07504872  0.07026945  0.0905234  ]
[-1.00349552  -1.00378217  -1.00334453  -1.00287811  -1.00576385  -1.00481232 
  -1.00443772  -1.0044887    -1.00431735  -1.00316412  -0.99970612  -1.00083015 
  -1.00345879  -1.00462411  -1.00393167  -1.00459121  -1.0044141    -1.00269371 
  -1.00275393  -1.00318156  -1.00389191  -1.00401908]
[-0.11572351  -0.12437345  -0.11943283  -0.11944062  -0.13546283  -0.13394627 
  -0.12769407  -0.12533061  -0.124722      -0.12356926  -0.11802291  -0.11581496 
  -0.11918678  -0.11931727  -0.12446179  -0.12814097  -0.12379813  -0.11216434 
  -0.11746263  -0.11766517  -0.11790062  -0.13496309]
increment_50
[0.95612172  0.93943125  0.94587994  0.93241161  0.92454593  0.93767945 
  0.93868724  0.94978938  0.9549704    0.93620291  0.92611983  0.94320871 
  0.95057209  0.96217537  0.94851811  0.94543538  0.94272576  0.95762919 
  0.95128722  0.96225412  0.95695907  0.95304101]
[0.05502528  0.07428995  0.06601557  0.05392368  0.07812066  0.0808065 
  0.07329521  0.06414284  0.06136108  0.07693085  0.07003816  0.06827949 
  0.0628937    0.04920248  0.06729625  0.0658359    0.05897129  0.06688569 
  0.06274378  0.06473994  0.0626759    0.07074117]
[0.16507914  0.17864526  0.16764807  0.16894888  0.19088281  0.19402341 
  0.1846268    0.180893      0.15660937  0.17616154  0.15022378  0.14823568 
  0.16922115  0.17659808  0.17868762  0.18276698  0.17737114  0.15057631 
  0.16354352  0.15679291  0.16800373  0.18312043]
[-0.14741743  -0.16016577  -0.15068376  -0.15781815  -0.17113526  -0.1703221 
  -0.16448299  -0.15907908  -0.15792927  -0.15955237  -0.14441006  -0.13676181 
  -0.15090605  -0.15482207  -0.15855164  -0.16116896  -0.15932531  -0.14538557 
  -0.14659057  -0.15167792  -0.14802565  -0.16158901]
[-0.14396097  -0.13516519  -0.14421458  -0.15134001  -0.1149331    -0.12368008 
  -0.12973642  -0.13280193  -0.13358188  -0.13727011  -0.17432297  -0.1661712 
  -0.14161727  -0.13427198  -0.13421946  -0.12995009  -0.13591675  -0.14826562 
  -0.14594292  -0.13888201  -0.13544309  -0.12908695]
[0.99213914  1.00252278  1.00069845  1.01401246  1.01116857  0.99652571 
  1.00032368  0.99091221  0.99048494  1.00713489  1.02773955  1.0107756 
  0.99564829  0.98168865  0.99343238  0.99409235  0.99954493  0.99316552 
  0.99740591  0.98574364  0.99026452  0.9845553  ]
[0.06491877  0.07911827  0.07087754  0.07163685  0.09817432  0.09567002 
  0.08518176  0.08136842  0.07865123  0.0781503    0.06941507  0.06583858 
  0.07054562  0.07078651  0.07921834  0.08604433  0.07839516  0.07501937 
  0.06764527  0.0750787    0.06830159  0.09401399]
[-1.00742731  -1.00766325  -1.00701963  -1.00652032  -1.00996002  -1.00882894 
  -1.00843678  -1.00854443  -1.00841218  -1.00686418  -1.00206009  -1.00343832 
  -1.00732638  -1.00883202  -1.00786984  -1.00871095  -1.00843588  -1.00601596 
  -1.0064979    -1.00700573  -1.00787102  -1.0080798  ]
[-0.11383592  -0.12466517  -0.11845404  -0.1189465    -0.13904158  -0.13688068 
  -0.12920266  -0.12638477  -0.12549108  -0.12388763  -0.11680666  -0.11425905 
  -0.11827098  -0.11861477  -0.12470504  -0.12984591  -0.1241837    -0.10972722 
  -0.11599858  -0.11665399  -0.11667742  -0.13887241]
increment_60
[0.95072783  0.93209111  0.93851294  0.92153267  0.91341506  0.93018968 
  0.92866095  0.94210731  0.94946962  0.92688039  0.91569015  0.93408124 
  0.94394165  0.95746478  0.94131449  0.93725361  0.93419644  0.95050361 
  0.94469286  0.95794549  0.95094539  0.94585105]
[0.05387541  0.07600618  0.06740577  0.05300366  0.08386034  0.08395256 
  0.07650333  0.06581541  0.06212198  0.08041687  0.0743366    0.07255501 
  0.0634731    0.0474299    0.06904217  0.06711258  0.05924593  0.07020572 
  0.06332293  0.06722922  0.0643146    0.07381758]
[0.16573564  0.18128394  0.16804652  0.17034154  0.19772359  0.19891742 
  0.18869042  0.1845866    0.15325482  0.17836003  0.14544702  0.14307765 
  0.17050774  0.17942397  0.18100317  0.18650791  0.18013347  0.14648528 
  0.16345329  0.15407034  0.16878857  0.18673856]
[-0.14611262  -0.1603161    -0.1493042    -0.15873334  -0.17496197  -0.17175329 
  -0.16636608  -0.15998967  -0.15827067  -0.16004239  -0.14033353  -0.13163345 
  -0.14997048  -0.15473959  -0.15873488  -0.16218433  -0.1600937    -0.14184594 
  -0.14463375  -0.15109564  -0.14635126  -0.16330846]
[-0.14577998  -0.13591329  -0.14683235  -0.15485742  -0.11198088  -0.12289377 
  -0.12919789  -0.13266542  -0.13375636  -0.13843362  -0.18423662  -0.17509976 
  -0.14332021  -0.1344584    -0.13488189  -0.12934836  -0.13668809  -0.15377797 
  -0.14873886  -0.14024595  -0.13584789  -0.12799603]
[0.99418868  1.00567003  1.00487306  1.02159335  1.01630732  0.99847216 
  1.00548811  0.99372897  0.99246377  1.01255432  1.03758769  1.01894843 
  0.99865772  0.98208151  0.99639357  0.99731525  1.00377764  0.99820355 
  1.00095589  0.98668914  0.99285288  0.98612805]
[0.06229299  0.07898836  0.06922938  0.07077118  0.10249586  0.09880486 
  0.08673739  0.08255317  0.07894775  0.07820947  0.06783511  0.06390268 
  0.06899133  0.06946647  0.07914489  0.08803793  0.07853915  0.0741149 
  0.06533647  0.07523783  0.06640249  0.09737437]
[-1.01146322  -1.01167737  -1.0107711    -1.01024679  -1.01411857  -1.01291586 
  -1.012488      -1.01268538  -1.01258048  -1.01065835  -1.004257      -1.00585937 
  -1.01129613  -1.0131199    -1.01188543  -1.01292635  -1.01252765  -1.00920918 
  -1.01031804  -1.01088655  -1.01192437  -1.0122251  ]
[-0.11188968  -0.12482144  -0.11740907  -0.11844848  -0.14262501  -0.13946659 
  -0.13063781  -0.12753689  -0.12618376  -0.12414463  -0.1156154    -0.11280762 
  -0.11734142  -0.11791533  -0.12484465  -0.13161875  -0.1245509    -0.10743215 
  -0.11444601  -0.1156803    -0.11549558  -0.14294613]
increment_70
[0.94539142  0.92546896  0.93131201  0.91103746  0.90242975  0.92312588 
  0.91869048  0.93434456  0.94408422  0.91785338  0.90545429  0.92467061 
  0.93729684  0.95272548  0.93413599  0.92913256  0.92585212  0.94284782 
  0.93803903  0.95368928  0.94481529  0.93856873]
[0.05262568  0.0768255    0.06857296  0.05210181  0.09002538  0.08641248 
  0.07957715  0.06736584  0.06292952  0.0835179    0.07956369  0.07749456 
  0.06401307  0.04559538  0.07075831  0.0681135    0.05944322  0.07442532 
  0.06397058  0.06977161  0.06592257  0.0768521  ]
[0.16642718  0.1840205    0.16851611  0.17172919  0.20499332  0.20342749 
  0.19260537  0.18837467  0.1496688    0.18045813  0.13964057  0.13737863 
  0.17187936  0.182297      0.18312995  0.19020374  0.18290512  0.14158274 
  0.16321437  0.15122772  0.16969996  0.19019151]
[-0.14490372  -0.16034332  -0.14792948  -0.15965334  -0.17883017  -0.17281315 
  -0.1681342    -0.1609359    -0.15856181  -0.16043893  -0.13549653  -0.12622234 
  -0.14906811  -0.15466529  -0.15884637  -0.16311277  -0.16084342  -0.13759085 
  -0.14256334  -0.15055969  -0.14479404  -0.1651392  ]
[-0.14752578  -0.13656415  -0.14940917  -0.1581958    -0.10946905  -0.12238512 
  -0.12887826  -0.13244869  -0.13398338  -0.13965322  -0.19492822  -0.18472138 
  -0.14500673  -0.13463216  -0.13562337  -0.12874552  -0.13746149  -0.16023962 
  -0.15170934  -0.14161005  -0.13631221  -0.1268223  ]
[0.9961359    1.00805841  1.00889719  1.02886883  1.02124003  1.00016566 
  1.01072705  0.9965673    0.99436413  1.01774227  1.04782196  1.02776826 
  1.00166849  0.98245118  0.99939474  1.00048205  1.00784845  1.00413237 
  1.00465191  0.98755417  0.99551749  0.98778195]
[0.05970441  0.07869468  0.06751362  0.06996841  0.10661431  0.10139882 
  0.08809308  0.0839129    0.07929688  0.07821246  0.06640175  0.06216422 
  0.06743844  0.06812069  0.07899149  0.09010877  0.07866006  0.07321566 
  0.06297087  0.07549809  0.06457409  0.10064539]
[-1.01559845  -1.0158476    -1.01461856  -1.01407311  -1.01821193  -1.01709953 
  -1.01659182  -1.01692555  -1.0168153    -1.01455578  -1.00620826  -1.00809761 
  -1.01534579  -1.0174952    -1.01596976  -1.01724432  -1.01669602  -1.01222943 
  -1.01418219  -1.01483506  -1.01603929  -1.01645155]
[-0.10985864  -0.12485943  -0.11629841  -0.11793586  -0.1463027    -0.1416658 
  -0.13193222  -0.12882964  -0.12674915  -0.12433747  -0.11449235  -0.11146101 
  -0.11641701  -0.11719994  -0.12488951  -0.1334675    -0.12489845  -0.10527059 
  -0.11282669  -0.11467757  -0.11435666  -0.14720482]
increment_80
[0.94009684  0.91947932  0.92430492  0.90099924  0.8915215    0.91640404 
  0.90884293  0.92648217  0.9387771    0.9091222    0.8952662    0.91505661 
  0.93050818  0.94794262  0.92691991  0.92110708  0.91768016  0.93482816 
  0.93123779  0.94947563  0.93850038  0.93123386]
[0.05127146  0.07681931  0.06942702  0.05129186  0.09604367  0.08822386 
  0.08250676  0.06870933  0.06377826  0.0861506    0.08560552  0.08284146 
  0.06470069  0.04366905  0.07255451  0.06881415  0.0595277    0.07967084 
  0.06487291  0.07229268  0.06749001  0.07985982]
[0.16713026  0.18693015  0.16912203  0.17301793  0.21231559  0.2076099 
  0.196324      0.19221747  0.14594521  0.18246858  0.13288825  0.13133436 
  0.17326462  0.18519031  0.18505752  0.19384338  0.18566003  0.13580614 
  0.16273132  0.14835571  0.17073685  0.19354505]
[-0.14380448  -0.1603221    -0.14660621  -0.16054691  -0.18191278  -0.17358913 
  -0.16973793  -0.16189403  -0.15880988  -0.1607528    -0.13007799  -0.12070308 
  -0.14816954  -0.154586      -0.15892255  -0.16393595  -0.16159491  -0.13271393 
  -0.14033061  -0.15003776  -0.14337665  -0.16703146]
[-0.1492354    -0.13706139  -0.15190165  -0.16131734  -0.10791307  -0.12209146 
  -0.12883157  -0.13215436  -0.13426301  -0.14093793  -0.20657049  -0.19495747 
  -0.14674981  -0.13481494  -0.13642841  -0.12815669  -0.13818622  -0.16746209 
  -0.15494206  -0.14293701  -0.13693292  -0.12559735]
[0.99800468  1.00972967  1.01271328  1.03574811  1.0262633    1.00168102 
  1.01599655  0.999459      0.99620851  1.02268885  1.05859338  1.037121 
  1.00484196  0.98283091  1.00249521  1.00356704  1.01175199  1.01078625 
  1.00862925  0.98834934  0.99832635  0.98947612]
[0.05716516  0.07827942  0.06572991  0.06924916  0.11031117  0.1034469 
  0.08920056  0.08545611  0.07970964  0.07814543  0.06519416  0.06060661 
  0.06591431  0.06667858  0.0788132    0.09224811  0.07881763  0.07250917 
  0.06059742  0.07582778  0.06283452  0.10388444]
[-1.01982187  -1.02017517  -1.01857522  -1.01800789  -1.02222501  -1.02138143 
  -1.02074494  -1.02127241  -1.02111465  -1.01856103  -1.00784057  -1.01016159 
  -1.01945009  -1.02195804  -1.02011585  -1.02166233  -1.02095423  -1.01506968 
  -1.0180522    -1.01886106  -1.02020681  -1.02075247]
[-0.10773393  -0.12481107  -0.11512182  -0.11740204  -0.15047996  -0.1434723 
  -0.133046      -0.13027116  -0.1271815    -0.1244505    -0.11350651  -0.11021222 
  -0.11552016  -0.1164196    -0.12487137  -0.13538378  -0.12526982  -0.10320852 
  -0.11117416  -0.11357733  -0.11327464  -0.15162051]
increment_90
[0.93477305  0.91394287  0.91748347  0.89143241  0.8805935    0.90992584 
  0.89917722  0.91848075  0.93353117  0.90064246  0.88500537  0.90527589 
  0.92357516  0.94309685  0.91964497  0.91315875  0.90965951  0.92655945 
  0.92425158  0.9452668    0.9319781    0.92386537]
[0.04983072  0.0762132    0.06992727  0.05063679  0.10160346  0.08942828 
  0.08524991  0.06979619  0.06456771  0.088264      0.09255987  0.08847248 
  0.06554655  0.04162504  0.07450441  0.06921637  0.0595154    0.08598591 
  0.06612148  0.07480155  0.0689687    0.08282864]
[0.16785785  0.19005261  0.16996804  0.17416689  0.21964248  0.21150106 
  0.19984384  0.19606597  0.14219872  0.18439652  0.12523288  0.12500717 
  0.17462656  0.18805045  0.18677111  0.19742583  0.18837704  0.12914647 
  0.16195404  0.1454721    0.17193075  0.19680568]
[-0.14286484  -0.16030907  -0.14541224  -0.16137437  -0.18385278  -0.17415671 
  -0.1711585    -0.16284963  -0.15902922  -0.16099966  -0.12417663  -0.11515463 
  -0.14725713  -0.15448082  -0.15900533  -0.16467249  -0.16236895  -0.12726722 
  -0.13791071  -0.14950033  -0.14213435  -0.16895892]
[-0.15096642  -0.13739394  -0.15424152  -0.16425867  -0.10751853  -0.12197276 
  -0.12904733  -0.13179986  -0.13456514  -0.14231847  -0.21916735  -0.20585571 
  -0.14857273  -0.13504168  -0.13726192  -0.1276065    -0.13879325  -0.17530375 
  -0.15848451  -0.14423636  -0.13775987  -0.12434425]
[0.99985962  1.01083106  1.01628344  1.04221162  1.0315404    1.00311199 
  1.02123646  1.00247022  0.99798737  1.02743841  1.07004178  1.04698638 
  1.0081988    0.9832725    1.00570528  1.00660201  1.01548761  1.01804482 
  1.01295529  0.9891201    1.00129023  0.99121171]
[0.054731      0.07784366  0.06391979  0.06858997  0.11351804  0.10494131 
  0.09007278  0.08715058  0.08016471  0.07798711  0.06427911  0.05923973 
  0.06440499  0.06505098  0.07867453  0.09440349  0.0790952    0.07207101 
  0.05824062  0.0762155    0.06120409  0.10706609]
[-1.02411733  -1.0246463    -1.02265195  -1.02204297  -1.02619956  -1.02576287 
  -1.02495131  -1.02572738  -1.02548793  -1.02267323  -1.00909717  -1.01202005 
  -1.02360554  -1.02650233  -1.02432453  -1.02617389  -1.02531344  -1.01772232 
  -1.02190989  -1.0229639    -1.02442809  -1.02512424]
[-0.10555155  -0.12475398  -0.11391311  -0.11682747  -0.15546194  -0.14487553 
  -0.13398589  -0.13183865  -0.12754004  -0.12446288  -0.11272614  -0.10907622 
  -0.114633      -0.11550881  -0.12482924  -0.13732562  -0.12573589  -0.10123605 
  -0.10950435  -0.11234526  -0.1122655    -0.156108    ]
increment_100
[0.92933563  0.90861208  0.91076578  0.88224687  0.86968201  0.90350463 
  0.88962999  0.91035567  0.92835969  0.89234769  0.87458324  0.89526355 
  0.91657192  0.938181      0.9123271    0.90527515  0.9017559    0.91810373 
  0.91706928  0.94101579  0.9252961    0.91650766]
[0.0482387    0.07538381  0.07010953  0.05014424  0.10664515  0.09015386 
  0.08778482  0.0706218    0.06506141  0.08989318  0.10046992  0.09446109 
  0.06645585  0.03942003  0.07664429  0.06927277  0.05937765  0.09339576 
  0.06777306  0.07738538  0.07024365  0.08568055]
[0.16874654  0.19339753  0.17118333  0.17514668  0.22704144  0.21515726 
  0.20321068  0.19989609  0.13846896  0.18623278  0.11670775  0.11831021 
  0.17591283  0.19081788  0.18824408  0.20095152  0.19099353  0.12159821 
  0.16080212  0.14251531  0.17333147  0.19986111]
[-0.14219551  -0.16033716  -0.1444505    -0.16210981  -0.18477953  -0.17461775 
  -0.17245004  -0.16379276  -0.1592432    -0.16120474  -0.11787456  -0.10956469 
  -0.14629323  -0.15432242  -0.15913723  -0.16536204  -0.16317813  -0.12125074 
  -0.1352536    -0.14891956  -0.14110425  -0.17089296]
[-0.15272072  -0.13759504  -0.15636444  -0.16717171  -0.10810799  -0.12199871 
  -0.12946861  -0.13141564  -0.13480107  -0.14381904  -0.23277285  -0.21762387 
  -0.15049892  -0.13535177  -0.13807635  -0.12716283  -0.13921651  -0.18369144 
  -0.16240551  -0.14555744  -0.13880185  -0.1230924  ]
[1.00173829  1.01158572  1.01963028  1.04837598  1.03699666  1.00462516 
  1.02649275  1.00560732  0.99965884  1.03206573  1.08228728  1.05751036 
  1.01169041  0.9838178    1.00899702  1.00962222  1.01908299  1.02585236 
  1.01768313  0.98993306  1.00434245  0.99300438]
[0.05246593  0.07757887  0.062184      0.06793261  0.11634383  0.10597307 
  0.09077208  0.08894035  0.0805835    0.0777329    0.06369964  0.05811486 
  0.06285297  0.06314204  0.07863571  0.09643762  0.07958348  0.0719081 
  0.05589883  0.07668564  0.05969414  0.11006759]
[-1.02848274  -1.0292309    -1.02685481  -1.02615291  -1.03018114  -1.03023279 
  -1.02921686  -1.03028821  -1.02996147  -1.02688278  -1.00991475  -1.01358952 
  -1.02781632  -1.03112308  -1.02859952  -1.03077121  -1.02978085  -1.02016372 
  -1.0257381    -1.0271297    -1.02871204  -1.02956429]
[-0.10340636  -0.12483563  -0.11275542  -0.11616314  -0.16124322  -0.14593838 
  -0.13479753  -0.13349088  -0.12802693  -0.12436299  -0.11220919  -0.10810466 
  -0.11370035  -0.11439682  -0.12480292  -0.13918526  -0.12639177  -0.09937023 
  -0.10781224  -0.11096582  -0.11133708  -0.16053731]
increment_110
[0.92367749  0.90327086  0.90407735  0.8733548    0.85884452  0.89685399 
  0.88011161  0.90219569  0.92328473  0.88421365  0.86392022  0.88490109 
  0.90959426  0.93317956  0.90496184  0.89750577  0.89394525  0.90947896 
  0.90968306  0.93669019  0.91849607  0.90921946]
[0.04638939  0.07465224  0.06995915  0.04977005  0.11127055  0.09049411 
  0.09007407  0.07124612  0.06502166  0.09111979  0.10948716  0.10099961 
  0.06728024  0.03708853  0.07895885  0.06889632  0.05908135  0.10201365 
  0.06989302  0.08014886  0.07128336  0.08831814]
[0.16996419  0.19695243  0.17287822  0.17592875  0.23454848  0.21863047 
  0.20643958  0.20371923  0.13474164  0.18798249  0.10723174  0.11107566 
  0.17708661  0.19344075  0.18952603  0.20442001  0.19341118  0.11307932 
  0.1591773    0.13938619  0.17493602  0.20252721]
[-0.14189266  -0.16041662  -0.14380407  -0.1627337    -0.18500018  -0.1750945 
  -0.17365118  -0.16471493  -0.15944549  -0.1614067    -0.11113366  -0.10386651 
  -0.14523752  -0.15408381  -0.15932751  -0.16603974  -0.16400008  -0.11464065 
  -0.13229776  -0.14828284  -0.14027155  -0.1727916  ]
[-0.15447377  -0.13771457  -0.15822988  -0.17023213  -0.10936484  -0.12218988 
  -0.13009506  -0.13103203  -0.13488052  -0.14540362  -0.24745406  -0.23053697 
  -0.15254567  -0.1357862    -0.13886134  -0.1269254    -0.13941314  -0.19261254 
  -0.16678829  -0.14693841  -0.14002656  -0.12188235]
[1.00368878  1.01219604  1.02277161  1.05437093  1.04251532  1.00648213 
  1.03184911  1.00878937  1.00117803  1.03658566  1.09545808  1.06892643 
  1.01523389  0.9845099    1.01236584  1.01260589  1.02256677  1.03420684 
  1.02287076  0.99083955  1.00743495  0.99486531]
[0.0504199    0.07766344  0.0606156    0.06721562  0.1189652    0.10668508 
  0.09131843  0.09077616  0.08087691  0.07742209  0.06347088  0.05729856 
  0.06118439  0.06093938  0.07869573  0.09817082  0.08033827  0.07206842 
  0.05357205  0.07730106  0.0582882    0.11274661]
[-1.03292981  -1.03390418  -1.03119511  -1.03030709  -1.03419633  -1.03478028 
  -1.03355402  -1.0349443    -1.03456365  -1.03118389  -1.0102449    -1.01476782 
  -1.03209776  -1.03580491  -1.03294286  -1.03544018  -1.03436861  -1.02235057 
  -1.02951491  -1.03134544  -1.0330773    -1.03407949]
[-0.10142684  -0.1251941    -0.1117283    -0.11534625  -0.16765738  -0.14676602 
  -0.13549449  -0.13519049  -0.12890567  -0.12416964  -0.11199692  -0.10736471 
  -0.1126596    -0.11307229  -0.12480759  -0.14082092  -0.12732788  -0.09763485 
  -0.10609334  -0.10942097  -0.11047362  -0.16477378]
increment_120
[0.9177132    0.89789525  0.89759558  0.86485655  0.84810421  0.88992994 
  0.87084983  0.89413023  0.91831653  0.87626407  0.85315216  0.87430813 
  0.90276757  0.92800989  0.89757928  0.88988617  0.8862964    0.90068921 
  0.90209005  0.93227585  0.91155855  0.90197948]
[0.0442309    0.07401551  0.06922198  0.04950822  0.11533739  0.09033808 
  0.09207258  0.07172224  0.06466155  0.0918749    0.11939374  0.10831786 
  0.06780425  0.03483981  0.0812851    0.067989      0.05867046  0.11214618 
  0.07246892  0.08315405  0.07227708  0.09069326]
[0.1714101    0.20066298  0.17486316  0.1764393    0.24216832  0.22185354 
  0.20930965  0.20755244  0.13101483  0.18962139  0.0970638    0.10318437 
  0.17829139  0.19588196  0.19065291  0.20781181  0.19558026  0.10336155 
  0.15721641  0.13598261  0.17664141  0.20458896]
[-0.14197419  -0.16052726  -0.14332914  -0.16323687  -0.1844126    -0.17558839 
  -0.17454963  -0.1655832    -0.15960783  -0.16166841  -0.10401375  -0.09795002 
  -0.14415033  -0.15374266  -0.15940298  -0.16670805  -0.1647881    -0.1074887 
  -0.12914627  -0.14762844  -0.13953278  -0.17471032]
[-0.1563042    -0.13778526  -0.15995902  -0.17337772  -0.11141457  -0.12268079 
  -0.1311398    -0.1306436    -0.13489155  -0.14701342  -0.26273013  -0.24441287 
  -0.15460162  -0.13639726  -0.13979361  -0.12692452  -0.13951141  -0.20203761 
  -0.17152802  -0.14835017  -0.14136676  -0.12067848]
[1.00581354  1.01271573  1.02560692  1.06008249  1.04813933  1.00877702 
  1.03716315  1.0118785    1.00254075  1.04093695  1.10923675  1.08115769 
  1.01864127  0.98543827  1.01585208  1.01552607  1.02589937  1.04308603 
  1.02848146  0.9918505    1.01063127  0.99685016]
[0.04862827  0.07811965  0.05899669  0.06647435  0.12123605  0.10697015 
  0.09148919  0.09268857  0.08112522  0.07712023  0.06344221  0.05680982 
  0.05938486  0.05856895  0.07865493  0.09956138  0.08119998  0.07281064 
  0.05130668  0.07814756  0.05693549  0.11500388]
[-1.03745829  -1.03864579  -1.03566717  -1.03451022  -1.03822342  -1.03939517 
  -1.03795496  -1.03968551  -1.03928354  -1.03559886  -1.01027523  -1.01553119 
  -1.03648622  -1.04052604  -1.03734073  -1.04018109  -1.03906654  -1.024239 
  -1.03325712  -1.03561522  -1.03753018  -1.03869535]
[-0.0996057    -0.12584625  -0.11065434  -0.11435843  -0.17477714  -0.14727765 
  -0.13589522  -0.1369608    -0.12997241  -0.12390112  -0.1119761    -0.10687498 
  -0.11151492  -0.11162278  -0.12467305  -0.14219938  -0.12841158  -0.09601047 
  -0.10438501  -0.10773409  -0.10963935  -0.16886933]
