inc
Fp11
Fp12
Fp13
Fp21
Fp22
Fp23
Fp31
Fp32
Fp33
increment_0
[-0.40989786  -0.40989786  -0.40989786  -0.40989786  -0.40989786  -0.40989786 
  -0.40989786  -0.40989786  -0.40989786  -0.40989786  -0.40989786  -0.40989786 
  -0.40989786  -0.40989786  -0.40989786  -0.40989786  -0.40989786  -0.40989786 
  -0.40989786  -0.40989786  -0.40989786  -0.40989786]
[0.5621719  0.5621719  0.5621719  0.5621719  0.5621719  0.5621719  0.5621719 
  0.5621719  0.5621719  0.5621719  0.5621719  0.5621719  0.5621719  0.5621719 
  0.5621719  0.5621719  0.5621719  0.5621719  0.5621719  0.5621719  0.5621719 
  0.5621719]
[0.71829416  0.71829416  0.71829416  0.71829416  0.71829416  0.71829416 
  0.71829416  0.71829416  0.71829416  0.71829416  0.71829416  0.71829416 
  0.71829416  0.71829416  0.71829416  0.71829416  0.71829416  0.71829416 
  0.71829416  0.71829416  0.71829416  0.71829416]
[-0.4042819  -0.4042819  -0.4042819  -0.4042819  -0.4042819  -0.4042819 
  -0.4042819  -0.4042819  -0.4042819  -0.4042819  -0.4042819  -0.4042819 
  -0.4042819  -0.4042819  -0.4042819  -0.4042819  -0.4042819  -0.4042819 
  -0.4042819  -0.4042819  -0.4042819  -0.4042819]
[-0.8178862  -0.8178862  -0.8178862  -0.8178862  -0.8178862  -0.8178862 
  -0.8178862  -0.8178862  -0.8178862  -0.8178862  -0.8178862  -0.8178862 
  -0.8178862  -0.8178862  -0.8178862  -0.8178862  -0.8178862  -0.8178862 
  -0.8178862  -0.8178862  -0.8178862  -0.8178862]
[0.40941215  0.40941215  0.40941215  0.40941215  0.40941215  0.40941215 
  0.40941215  0.40941215  0.40941215  0.40941215  0.40941215  0.40941215 
  0.40941215  0.40941215  0.40941215  0.40941215  0.40941215  0.40941215 
  0.40941215  0.40941215  0.40941215  0.40941215]
[0.81764288  0.81764288  0.81764288  0.81764288  0.81764288  0.81764288 
  0.81764288  0.81764288  0.81764288  0.81764288  0.81764288  0.81764288 
  0.81764288  0.81764288  0.81764288  0.81764288  0.81764288  0.81764288 
  0.81764288  0.81764288  0.81764288  0.81764288]
[-0.12257616  -0.12257616  -0.12257616  -0.12257616  -0.12257616  -0.12257616 
  -0.12257616  -0.12257616  -0.12257616  -0.12257616  -0.12257616  -0.12257616 
  -0.12257616  -0.12257616  -0.12257616  -0.12257616  -0.12257616  -0.12257616 
  -0.12257616  -0.12257616  -0.12257616  -0.12257616]
[0.56252573  0.56252573  0.56252573  0.56252573  0.56252573  0.56252573 
  0.56252573  0.56252573  0.56252573  0.56252573  0.56252573  0.56252573 
  0.56252573  0.56252573  0.56252573  0.56252573  0.56252573  0.56252573 
  0.56252573  0.56252573  0.56252573  0.56252573]
increment_10
[-0.40853145  -0.40917151  -0.40720877  -0.40797124  -0.40785515  -0.40819608 
  -0.40891116  -0.40858337  -0.40735983  -0.40813733  -0.40933        -0.40814702 
  -0.40839482  -0.40910338  -0.40725523  -0.40694068  -0.40719625  -0.40730039 
  -0.40643003  -0.4074689    -0.40776613  -0.40756825]
[0.56444427  0.56407078  0.56633059  0.56627313  0.56534093  0.56485421 
  0.56371039  0.56408062  0.56596979  0.56372774  0.56305711  0.56489991 
  0.56423162  0.56331927  0.56371087  0.56232994  0.56615457  0.56662364 
  0.56616186  0.56597406  0.56498514  0.5665206  ]
[0.7199021    0.71981711  0.72121568  0.72149328  0.7204873    0.72015961 
  0.71935686  0.71969564  0.72105778  0.71991791  0.71890588  0.72018303 
  0.71984652  0.71912768  0.7207877    0.7213359    0.72117952  0.72150833 
  0.72210511  0.7209326    0.72074166  0.721762    ]
[-0.40204756  -0.4031496    -0.40093683  -0.40306039  -0.4036103    -0.40314765 
  -0.40253575  -0.40242205  -0.40085723  -0.40258462  -0.40217811  -0.40308069 
  -0.40203151  -0.40232487  -0.40155893  -0.4013901    -0.40192886  -0.40084362 
  -0.40215053  -0.40126576  -0.40208676  -0.40193489]
[-0.82092151  -0.82100832  -0.81934808  -0.81892698  -0.81907982  -0.81992566 
  -0.82108628  -0.8207537    -0.81967476  -0.8206263    -0.82173501  -0.81994467 
  -0.8206192    -0.82120249  -0.82095274  -0.82185078  -0.81918713  -0.81952381 
  -0.81885657  -0.81958993  -0.82010459  -0.81917733]
[0.41069135  0.41036659  0.41158271  0.41043153  0.40962612  0.40978737 
  0.40995084  0.4101427    0.4116669    0.41001608  0.41006465  0.40981733 
  0.41041801  0.41007285  0.41089807  0.4111912    0.41084179  0.41279205 
  0.41083719  0.41124291  0.41074382  0.41200959]
[0.81418576  0.81344912  0.81426946  0.81334316  0.81495105  0.81476184 
  0.81489987  0.81481442  0.8141936    0.81509892  0.81496204  0.81475958 
  0.81487061  0.81509863  0.81451246  0.81383348  0.81444044  0.81276765 
  0.81410178  0.81438408  0.81419757  0.81253976]
[-0.12034068  -0.12117009  -0.1209466    -0.12420175  -0.1245171    -0.12315904 
  -0.12091332  -0.12124645  -0.12047038  -0.12233232  -0.11960575  -0.1231072 
  -0.12092745  -0.12026066  -0.1221337    -0.12289002  -0.12274117  -0.11935095 
  -0.12490051  -0.12112038  -0.12213098  -0.12162576]
[0.5609967    0.56122656  0.56058423  0.56030073  0.5601422    0.56036152 
  0.56092818  0.56084336  0.56077075  0.56074473  0.56127157  0.56033532 
  0.56089973  0.5612139    0.56081714  0.56115932  0.56023454  0.56132843 
  0.55994883  0.56056593  0.56065869  0.56104411]
increment_20
[-0.40683745  -0.40838452  -0.40300755  -0.40591713  -0.40537038  -0.40672054 
  -0.40765497  -0.40687369  -0.4037573    -0.40492713  -0.408905      -0.40637484 
  -0.40642825  -0.40830076  -0.40369211  -0.40299281  -0.40311718  -0.40346073 
  -0.40127807  -0.40353214  -0.40421187  -0.40472319]
[0.56742292  0.56677478  0.57262524  0.5720119    0.56921101  0.56730264 
  0.56569706  0.56581641  0.57179452  0.56442689  0.56372789  0.5677534 
  0.56634203  0.56428727  0.56569268  0.56154991  0.5717409    0.57318174 
  0.57111439  0.57218909  0.56908161  0.5722564  ]
[0.72202315  0.72207602  0.72575595  0.72621817  0.72315841  0.72188212 
  0.72071881  0.72134695  0.72544214  0.72239434  0.71936465  0.72216784 
  0.72174493  0.71992639  0.72457329  0.72548821  0.72547482  0.72619808 
  0.72752349  0.72522336  0.72488774  0.72643549]
[-0.3989769    -0.40220323  -0.39512937  -0.40142749  -0.40266219  -0.40141712 
  -0.40057943  -0.39948192  -0.39645456  -0.40001161  -0.39957254  -0.40132659 
  -0.39847313  -0.39972033  -0.39796021  -0.39741309  -0.39797176  -0.3961252 
  -0.39829017  -0.39594783  -0.39864801  -0.39900517]
[-0.8242424    -0.82403783  -0.82021106  -0.81937772  -0.82078562  -0.82313247 
  -0.82469674  -0.82466554  -0.82072633  -0.82471604  -0.82649905  -0.82280693 
  -0.82434384  -0.82568527  -0.824369      -0.82706847  -0.82008181  -0.82042521 
  -0.81979289  -0.82044654  -0.82201768  -0.8202297  ]
[0.4134257    0.41183118  0.41581796  0.41240317  0.40992342  0.41043718 
  0.41055288  0.41144289  0.4155226    0.41094628  0.41086563  0.4104936 
  0.41214399  0.41093651  0.41349415  0.41412095  0.4135741    0.41854916 
  0.41361198  0.4149866    0.41337458  0.41628171]
[0.80936962  0.80783996  0.8099371    0.80700537  0.81154879  0.81126072 
  0.81166042  0.81152359  0.80903846  0.81223484  0.81193614  0.8113003 
  0.81157042  0.81203697  0.80996443  0.80876233  0.81048897  0.80603761 
  0.8098039    0.81023518  0.80954843  0.80536601]
[-0.1160262    -0.12003963  -0.11744533  -0.12619537  -0.12663687  -0.12223905 
  -0.11928342  -0.11866292  -0.11798739  -0.12301797  -0.11550403  -0.12267394 
  -0.11777626  -0.11679369  -0.12173998  -0.1230509    -0.12243694  -0.11425645 
  -0.1272082    -0.11814243  -0.12203665  -0.11955678]
[0.55997524  0.55995523  0.55856453  0.55806909  0.55720517  0.55827167 
  0.55897257  0.55914081  0.55897765  0.55852225  0.56001724  0.55805367 
  0.55923386  0.55978961  0.55914251  0.56013828  0.55761155  0.56055563 
  0.55708092  0.55838265  0.55854073  0.55999076]
increment_30
[-0.40511981  -0.40746854  -0.39864016  -0.40374952  -0.40282152  -0.40549427 
  -0.40653217  -0.40501499  -0.40022639  -0.4019304    -0.40841285  -0.40479037 
  -0.40443947  -0.40755337  -0.4002458    -0.39910849  -0.39883937  -0.39987506 
  -0.39603633  -0.39950932  -0.40046901  -0.4021659  ]
[0.57044338  0.56985168  0.57928161  0.57796256  0.57319941  0.56939862 
  0.56749442  0.56771044  0.57791243  0.56495597  0.56451549  0.57037754 
  0.56881205  0.56519885  0.56780714  0.56085564  0.5772337    0.57928153 
  0.5763319    0.57859428  0.5731302    0.57781055]
[0.72414053  0.72462037  0.73048519  0.73109237  0.72590258  0.72335699 
  0.72194335  0.72315081  0.73008338  0.72467768  0.71989834  0.72399541 
  0.72374147  0.72067241  0.72842357  0.72961917  0.72986186  0.73049755 
  0.73295842  0.72961018  0.72911733  0.73099702]
[-0.39576768  -0.40116045  -0.38880763  -0.39973227  -0.40162631  -0.39951841 
  -0.3984892    -0.39621961  -0.39243441  -0.3973901    -0.39697966  -0.3993065 
  -0.39479862  -0.39712324  -0.39452655  -0.393516      -0.39386421  -0.39148161 
  -0.39450024  -0.38987071  -0.39506177  -0.39644371]
[-0.8276502    -0.82688293  -0.82098737  -0.81974628  -0.82252287  -0.82677779 
  -0.82858595  -0.82863108  -0.8215742    -0.82910427  -0.83125225  -0.82601898 
  -0.82796479  -0.83031708  -0.82777574  -0.83227905  -0.82111127  -0.82173044 
  -0.82061839  -0.82141544  -0.82405128  -0.82145783]
[0.41633023  0.41342469  0.42046272  0.41446827  0.41027679  0.41117496 
  0.4111945    0.41299889  0.41941862  0.41184363  0.41165964  0.41134806 
  0.41397988  0.41176098  0.41603741  0.4168686    0.41635561  0.42406623 
  0.41632092  0.41928042  0.41604097  0.42034283]
[0.80449046  0.80205523  0.8055086    0.80063396  0.80808446  0.80770726 
  0.80840675  0.8081079    0.80341507  0.80933755  0.8088545    0.80775416 
  0.80814643  0.80893982  0.80522435  0.8038094    0.80660205  0.79961786 
  0.80558867  0.80598452  0.8049859    0.79808181]
[-0.11134111  -0.11910503  -0.11328686  -0.12823187  -0.12870637  -0.12052981 
  -0.11718892  -0.11573522  -0.1160282    -0.12324985  -0.11153262  -0.12141569 
  -0.11444619  -0.11324045  -0.12152013  -0.12342827  -0.12221002  -0.10886138 
  -0.12965627  -0.11394296  -0.12200419  -0.11771587]
[0.55903012  0.55861227  0.5566243    0.55580922  0.55423487  0.55639875 
  0.55711978  0.55746933  0.55721519  0.55637815  0.55869287  0.55599059 
  0.55752228  0.55835926  0.55744974  0.55899289  0.5549562    0.55982893 
  0.55407953  0.5564185    0.55636823  0.55898505]
increment_40
[-0.40348208  -0.40647393  -0.39422209  -0.40165617  -0.40030964  -0.40445689 
  -0.40555923  -0.40303611  -0.39684431  -0.39941512  -0.40789192  -0.40341299 
  -0.4024312    -0.40686076  -0.39691445  -0.39536065  -0.39444538  -0.39657749 
  -0.39098279  -0.39546609  -0.39665064  -0.3999162  ]
[0.57335305  0.57323054  0.58623433  0.5839755    0.57715091  0.57116121 
  0.56907279  0.56990406  0.58430863  0.56540158  0.56536066  0.57269391 
  0.57163238  0.56601995  0.57022778  0.56041854  0.58258361  0.58497834 
  0.58166588  0.58512661  0.57715772  0.58323737]
[0.72615478  0.72740027  0.73532276  0.73607091  0.72861165  0.72458025 
  0.72301218  0.72513508  0.73491596  0.72659436  0.72046584  0.72560316 
  0.72583329  0.72135838  0.732356      0.73362951  0.73427825  0.73446572 
  0.73831841  0.7340421    0.73337338  0.73549865]
[-0.39255864  -0.40005896  -0.38218053  -0.39808367  -0.4003762    -0.39738887 
  -0.39624315  -0.39271588  -0.38875063  -0.39467537  -0.39436807  -0.39706354 
  -0.39105887  -0.39444942  -0.3912249    -0.38979595  -0.38970246  -0.38715236 
  -0.39097852  -0.38335775  -0.39145299  -0.39430031]
[-0.83122208  -0.82961559  -0.82167846  -0.82014891  -0.82445017  -0.83085275 
  -0.83280136  -0.83252101  -0.82225684  -0.83380701  -0.83605273  -0.82965142 
  -0.83144367  -0.83514044  -0.83106634  -0.83739002  -0.82231099  -0.82337824 
  -0.82141859  -0.82245511  -0.82618305  -0.82283709]
[0.41921608  0.41519869  0.42543158  0.41660404  0.41074076  0.41196516 
  0.41188477  0.41483786  0.42337066  0.41273688  0.41245641  0.41231668 
  0.41590199  0.41259742  0.41858296  0.41939303  0.41911638  0.42937793 
  0.41884954  0.42393647  0.41866859  0.42431822]
[0.79963514  0.79602559  0.80094347  0.79406746  0.80457944  0.80421274 
  0.8051265    0.80449721  0.79734924  0.80637487  0.8057244    0.80416882 
  0.80462038  0.80580792  0.80028007  0.79900031  0.80277067  0.79326316 
  0.80131391  0.80162937  0.80047764  0.79049518]
[-0.10647039  -0.11820868  -0.10856437  -0.13025714  -0.1303355    -0.11805734 
  -0.11455396  -0.11249515  -0.11438494  -0.12248266  -0.10757308  -0.11934275 
  -0.11101905  -0.10945675  -0.12136736  -0.12390526  -0.12208816  -0.10334874 
  -0.13227439  -0.10892737  -0.12206852  -0.11601101]
[0.55812032  0.55727671  0.55479542  0.55362135  0.55133599  0.55468232 
  0.55538231  0.55584266  0.55552683  0.55441321  0.5573308    0.5541297 
  0.55576764  0.55695607  0.55573595  0.55769701  0.55227252  0.55919784 
  0.55102748  0.55462556  0.5541404    0.55811649]
increment_50
[-0.40199562  -0.40540189  -0.38979146  -0.3996936    -0.39787427  -0.40365225 
  -0.40472969  -0.40096568  -0.39366314  -0.39742624  -0.40743254  -0.4021972 
  -0.40041        -0.40619446  -0.39376773  -0.39174419  -0.39002261  -0.39354283 
  -0.3861857    -0.39140445  -0.39278861  -0.39797593]
[0.57600566  0.57686972  0.59343903  0.59001536  0.58100682  0.57252277 
  0.57044079  0.57244151  0.59095905  0.56583693  0.56611646  0.57476801 
  0.57469882  0.5667583    0.57296444  0.5602616    0.58779249  0.59037758 
  0.58700534  0.59182667  0.58116848  0.58858532]
[0.72796359  0.73037287  0.74024392  0.74114912  0.73124374  0.72551145 
  0.7239327    0.72730938  0.73994109  0.72812863  0.72096866  0.72703918 
  0.72799522  0.72200661  0.73630786  0.73750582  0.73867067  0.73818603 
  0.74357871  0.73853437  0.73762243  0.73996912]
[-0.38934669  -0.39888903  -0.3754399    -0.39650958  -0.39885896  -0.39497754 
  -0.39385792  -0.38907678  -0.38543591  -0.39183758  -0.39166399  -0.39465733 
  -0.38729631  -0.39168919  -0.3880827    -0.38624495  -0.3855353    -0.38327013 
  -0.38772929  -0.37665739  -0.38781404  -0.39257489]
[-0.83505582  -0.83227293  -0.82226482  -0.82061609  -0.8266425    -0.83542284 
  -0.83732352  -0.83628694  -0.82277953  -0.83878429  -0.84103575  -0.83363675 
  -0.83484113  -0.84013162  -0.83425224  -0.84239943  -0.82368811  -0.82528009 
  -0.82227303  -0.82346215  -0.82842055  -0.82433403]
[0.42197814  0.41717        0.43064984  0.41883508  0.4113345    0.41282916 
  0.4126229    0.41696749  0.42737928  0.41365672  0.41327859  0.41337676 
  0.4178765    0.41345821  0.4211521    0.42173361  0.42182921  0.43456809 
  0.42119677  0.42883776  0.42126846  0.42824851]
[0.79491839  0.7897822    0.7962097    0.78723434  0.80103669  0.80077476 
  0.80181605  0.80061432  0.79080535  0.80333431  0.80256279  0.80053148 
  0.80100566  0.80264837  0.79510949  0.79431384  0.79897481  0.78678642 
  0.79693921  0.79714882  0.79602499  0.78256111]
[-0.10138254  -0.11725207  -0.10348042  -0.13221309  -0.13136042  -0.11466295 
  -0.1114062    -0.10900269  -0.11305943  -0.12057835  -0.10334254  -0.11662439 
  -0.10754985  -0.10547468  -0.12111965  -0.12439057  -0.12200568  -0.09782744 
  -0.13500476  -0.10347785  -0.12213215  -0.11442089]
[0.55723361  0.55597427  0.55307874  0.55155839  0.54854981  0.55316275 
  0.55375866  0.5542827    0.55394837  0.55264983  0.55600744  0.55242809 
  0.55398069  0.55557791  0.55404925  0.55627196  0.54958051  0.55870263 
  0.54797778  0.55294691  0.55187702  0.55740562]
increment_60
[-0.40069259  -0.40424872  -0.38535269  -0.39784616  -0.39548718  -0.40308866 
  -0.40402102  -0.39886504  -0.39067684  -0.39585191  -0.40711037  -0.40107703 
  -0.39843602  -0.4055354    -0.39088759  -0.38823662  -0.38564087  -0.3907449 
  -0.38167662  -0.3873105    -0.38891618  -0.39632414]
[0.57833096  0.58073225  0.60088896  0.59607537  0.58481515  0.5734814 
  0.57163243  0.57528613  0.5978527    0.56631782  0.56665431  0.57670078 
  0.57785105  0.56747325  0.57599438  0.56035757  0.59285737  0.59555389 
  0.59226652  0.59875516  0.58515466  0.59388586]
[0.72952214  0.73349768  0.74525248  0.7463172    0.73383019  0.72615884 
  0.72472959  0.72964272  0.74518058  0.72937396  0.72132305  0.72837226 
  0.73015696  0.7226443    0.7401993    0.74126774  0.74299368  0.74172078 
  0.74873177  0.74311775  0.74182811  0.74443269]
[-0.38609577  -0.39764069  -0.36870284  -0.39500375  -0.39702797  -0.39231274 
  -0.39136681  -0.38544737  -0.38245114  -0.3888886    -0.38881088  -0.39209221 
  -0.38358083  -0.38886302  -0.38514914  -0.3828232    -0.38139469  -0.37990833 
  -0.38473117  -0.3699236    -0.38412752  -0.39123457]
[-0.83919741  -0.83488657  -0.8227179    -0.82115642  -0.82906658  -0.84046558 
  -0.84210265  -0.8399385    -0.82314683  -0.84394419  -0.84630396  -0.83787612 
  -0.83826333  -0.845225      -0.83736988  -0.84733455  -0.82525457  -0.8273764 
  -0.82324791  -0.82434533  -0.83078434  -0.82592693]
[0.42455713  0.41935175  0.4360842    0.42118157  0.41209483  0.41377134 
  0.41340397  0.4193598    0.43147553  0.41461544  0.41414375  0.41454498 
  0.41985975  0.41434343  0.42375785  0.42394445  0.42447363  0.43970321 
  0.42337957  0.43392477  0.42385581  0.43215693]
[0.79041659  0.78336168  0.791281      0.78014854  0.79745283  0.7973685 
  0.79847156  0.79639211  0.78378466  0.80022498  0.79938891  0.79683815 
  0.79730093  0.79946177  0.78968493  0.78971377  0.79520223  0.78006979 
  0.79243573  0.79252069  0.79162856  0.7742866  ]
[-0.09605638  -0.11614829  -0.09818373  -0.13405455  -0.13174361  -0.1103702 
  -0.10782973  -0.10532722  -0.11201909  -0.11774636  -0.09860965  -0.11337948 
  -0.10402994  -0.10136229  -0.12061095  -0.12482425  -0.1218972    -0.09236515 
  -0.13778536  -0.09785622  -0.12207836  -0.11293611]
[0.5563513    0.55472481  0.55147147  0.54963353  0.54588678  0.55185106 
  0.55223524  0.55282207  0.55250267  0.55104714  0.55478914  0.5508507 
  0.55220226  0.55420978  0.55244723  0.55474951  0.54689743  0.55837191 
  0.54497298  0.55134286  0.54960299  0.5568518  ]
increment_70
[-0.39958089  -0.40301473  -0.38088499  -0.39608081  -0.39312056  -0.40272875 
  -0.40341225  -0.39681955  -0.38786909  -0.39455734  -0.40694308  -0.4000216 
  -0.39657468  -0.40489326  -0.3883546    -0.38480299  -0.38135784  -0.38815599 
  -0.37745362  -0.38316023  -0.38508777  -0.39492889]
[0.58031751  0.58478167  0.60863853  0.60216067  0.58862325  0.57409864 
  0.57267793  0.57834418  0.60503026  0.56681155  0.56693787  0.5785271 
  0.58097529  0.56821685  0.57928804  0.56064074  0.59778781  0.60057127 
  0.59740908  0.60598105  0.58912318  0.59917645]
[0.73083102  0.73673662  0.75038585  0.75155971  0.73640187  0.72657041 
  0.72542443  0.73206783  0.75068805  0.73042025  0.72150804  0.7296191 
  0.73226967  0.72327627  0.74395821  0.74495103  0.74721104  0.74512639 
  0.75379288  0.74783404  0.7459561    0.74892587]
[-0.38280167  -0.39631165  -0.36202985  -0.39355958  -0.39481703  -0.38945827 
  -0.38879713  -0.3819758    -0.37975525  -0.38582983  -0.38579951  -0.38929846 
  -0.38004626  -0.3859779    -0.38249484  -0.37948136  -0.37730961  -0.37709401 
  -0.38194649  -0.36323973  -0.38039787  -0.39023463]
[-0.84364899  -0.83748813  -0.82297899  -0.82176526  -0.83169502  -0.84589283 
  -0.84709249  -0.84353292  -0.8233223    -0.84926085  -0.85187172  -0.84234324 
  -0.84177693  -0.85038006  -0.84045795  -0.85224204  -0.82701566  -0.82962035 
  -0.82438263  -0.82502802  -0.8332873    -0.82759062]
[0.42693232  0.4217503    0.44175333  0.42362795  0.413068      0.41476685 
  0.41422299  0.42196331  0.43568553  0.41561792  0.41505533  0.41584884 
  0.4218106    0.41525719  0.42641586  0.4260726    0.42703043  0.44484023 
  0.42543138  0.43917755  0.42643975  0.43607254]
[0.78613724  0.77679469  0.78611405  0.77287284  0.79382243  0.79398658 
  0.79509419  0.79178702  0.77628318  0.79706677  0.79621112  0.7931212 
  0.79345206  0.79624136  0.78395698  0.78516842  0.79144136  0.77303767 
  0.78777771  0.78772244  0.78726508  0.76567803]
[-0.09051438  -0.11482728  -0.09276601  -0.13579236  -0.13141175  -0.10536091 
  -0.10390033  -0.10151019  -0.11128704  -0.11422239  -0.09332388  -0.10955564 
  -0.10051962  -0.09711336  -0.11970172  -0.12519244  -0.12171149  -0.08700567 
  -0.14056504  -0.092237      -0.12180051  -0.11155502]
[0.55546206  0.55354435  0.54997622  0.5478236    0.54336735  0.5507088 
  0.5507991    0.551499      0.55119199  0.54956607  0.55369337  0.54938956 
  0.55047307  0.55284822  0.55099295  0.55315878  0.54423294  0.55822367 
  0.54204197  0.54978644  0.54734557  0.55645065]
increment_80
[-0.39864779  -0.40170458  -0.37639154  -0.39437007  -0.39076091  -0.40250696 
  -0.40288692  -0.39488577  -0.38526558  -0.3934304    -0.40688834  -0.39903039 
  -0.39486603  -0.4042974    -0.38620578  -0.38142173  -0.37721496  -0.38573764 
  -0.37346385  -0.37896077  -0.38134161  -0.39376604]
[0.58199478  0.58898256  0.61671058  0.60832075  0.59245532  0.57448229 
  0.57359821  0.58147632  0.61249599  0.56724107  0.56703213  0.58023646 
  0.58404247  0.56896972  0.58281666  0.56096773  0.60258791  0.6055014 
  0.60245259  0.61351348  0.59309538  0.60447935]
[0.73191919  0.74005483  0.75566005  0.75689132  0.73897412  0.72682279 
  0.72603165  0.73450257  0.75648994  0.731331      0.7215689    0.73076766 
  0.73433938  0.72387696  0.74756514  0.74857341  0.75129568  0.74846167 
  0.75881054  0.75269244  0.74999954  0.75347455]
[-0.37949682  -0.39490676  -0.35549849  -0.39216779  -0.39220007  -0.38647762 
  -0.38616049  -0.37872811  -0.37734573  -0.38263448  -0.38266738  -0.38617696 
  -0.37682699  -0.38299653  -0.38018926  -0.37618693  -0.37328341  -0.37476105 
  -0.37931121  -0.35668431  -0.37661551  -0.38953092]
[-0.84838022  -0.84010745  -0.8230118    -0.82239876  -0.83451149  -0.85158138 
  -0.85225855  -0.84716823  -0.82329165  -0.85476074  -0.85766659  -0.84705597 
  -0.84538732  -0.85562476  -0.84353652  -0.85721433  -0.82898096  -0.83195979 
  -0.82567008  -0.82548731  -0.83592905  -0.82930783]
[0.42911954  0.42437128  0.44766429  0.42616028  0.41427001  0.41578457 
  0.41507379  0.42474345  0.43999549  0.41667749  0.41600266  0.41732702 
  0.42373178  0.41622007  0.42915021  0.42814194  0.42949677  0.45000995 
  0.42741007  0.44457486  0.42905485  0.43999999]
[0.78203288  0.77010183  0.78066694  0.76545        0.79014377  0.79062875 
  0.79169476  0.78681333  0.76830022  0.7938787    0.79302459  0.78941176 
  0.78935212  0.79298461  0.77786095  0.78065634  0.78768477  0.76570064 
  0.78295221  0.78273082  0.78289003  0.75676495]
[-0.08480534  -0.11322815  -0.0873068    -0.1374762    -0.13033683  -0.09988645 
  -0.09967078  -0.09750715  -0.11090773  -0.11015508  -0.08762267  -0.10499863 
  -0.09711036  -0.09260822  -0.11835844  -0.12550582  -0.12137922  -0.08177448 
  -0.14331392  -0.08672887  -0.12119616  -0.11029366]
[0.5545687    0.5524499    0.54860714  0.54609679  0.54100316  0.5496705 
  0.54943787  0.5503535    0.55002064  0.54818664  0.5526855    0.5480626 
  0.548835      0.55151861  0.54973767  0.55153862  0.54160111  0.55823966 
  0.53919475  0.54827544  0.54513981  0.55618707]
increment_90
[-0.39787097  -0.40033977  -0.37187696  -0.39267822  -0.38840206  -0.40236107 
  -0.40242259  -0.39306839  -0.38291872  -0.39241839  -0.40687882  -0.39811157 
  -0.3933168    -0.40375647  -0.38441539  -0.37807295  -0.37323918  -0.38345368 
  -0.3696089    -0.37471535  -0.37764816  -0.39280725]
[0.58340231  0.59332033  0.62511933  0.6146465    0.59631852  0.57473712 
  0.57442644  0.58457047  0.62020663  0.56755797  0.56704871  0.58182054 
  0.58707668  0.56969806  0.58655711  0.56118349  0.60726909  0.61039416 
  0.60747774  0.62136217  0.59711202  0.60979623]
[0.73281945  0.74344532  0.76109234  0.76236562  0.74155315  0.7269881 
  0.7265736    0.736887      0.76258218  0.73213329  0.72157952  0.73181412 
  0.73640665  0.72443245  0.75105132  0.75213465  0.75523146  0.75176491 
  0.7638364    0.75770551  0.75399788  0.7580823  ]
[-0.37618307  -0.39346408  -0.34918108  -0.39079963  -0.38917072  -0.3834077 
  -0.38346608  -0.37569823  -0.37523647  -0.37926595  -0.37947132  -0.38270721 
  -0.37397974  -0.37987393  -0.37826152  -0.37292159  -0.36932892  -0.37278474 
  -0.37675541  -0.35029191  -0.37272314  -0.38906851]
[-0.85335827  -0.84275283  -0.82278593  -0.82298043  -0.83750488  -0.85742758 
  -0.85756803  -0.85092541  -0.82307445  -0.8604641    -0.86358099  -0.85201433 
  -0.84907076  -0.86098911  -0.84660294  -0.86234595  -0.83114376  -0.83436202 
  -0.82705146  -0.8257072    -0.83868678  -0.83107674]
[0.43113988  0.42722758  0.4538205    0.42880226  0.41570017  0.41680877 
  0.41594898  0.42768885  0.44435706  0.41781601  0.41696907  0.41899378 
  0.42565638  0.41725758  0.4319713    0.43014794  0.4318655    0.45520945 
  0.42936915  0.45012596  0.43176609  0.44392196]
[0.77807356  0.76324722  0.77490369  0.75788535  0.78641923  0.78729078 
  0.78827754  0.78152636  0.75985502  0.79067161  0.78981913  0.78570625 
  0.7849136    0.78969376  0.77137432  0.77618743  0.78393022  0.75814127 
  0.77799567  0.77752192  0.77847511  0.74761885]
[-0.07895839  -0.11133876  -0.08189249  -0.13914848  -0.12851343  -0.0941445 
  -0.09520549  -0.09324981  -0.11092712  -0.10557027  -0.08172478  -0.09965862 
  -0.09386123  -0.08774925  -0.11666701  -0.12580059  -0.12087363  -0.07666802 
  -0.14603301  -0.08136997  -0.12019967  -0.10916141]
[0.55366768  0.55146812  0.54737841  0.54443286  0.53880506  0.54867949 
  0.54813021  0.54940602  0.54899224  0.54691082  0.55170855  0.54688158 
  0.54731591  0.55024483  0.54869065  0.54991309  0.53900784  0.55837524 
  0.53640553  0.5468231    0.54300623  0.55603197]
increment_100
[-0.39723184  -0.39896812  -0.36731259  -0.39097274  -0.38603798  -0.40225168 
  -0.40200766  -0.39136027  -0.38083255  -0.39149322  -0.40687787  -0.39727841 
  -0.39192942  -0.40325453  -0.38290791  -0.37473989  -0.36942246  -0.381238 
  -0.36576349  -0.37039655  -0.37392973  -0.3919539  ]
[0.58457056  0.59777177  0.63394452  0.62121966  0.60018942  0.57493055 
  0.57518215  0.58754726  0.6281116    0.56771942  0.56705007  0.58326742 
  0.59008289  0.57040227  0.59046248  0.56121093  0.61189545  0.6153377 
  0.61259093  0.62960292  0.60124537  0.61517298]
[0.73355663  0.74690704  0.76674442  0.76804314  0.74413792  0.7271119 
  0.72706444  0.73919006  0.76893308  0.73283769  0.72158052  0.73275487 
  0.73849035  0.72495437  0.75446798  0.7556343    0.75903905  0.75508936 
  0.7689028    0.7629287    0.75802053  0.76275909]
[-0.37284828  -0.39206803  -0.34309691  -0.38942328  -0.38567113  -0.38026795 
  -0.38073032  -0.37290405  -0.37338869  -0.37571166  -0.37624607  -0.37899856 
  -0.37149539  -0.37659637  -0.37666807  -0.36967958  -0.36545902  -0.37098686 
  -0.3742175    -0.34406602  -0.36864414  -0.38872353]
[-0.85855821  -0.84542787  -0.82221884  -0.82343506  -0.84069654  -0.86336652 
  -0.8630049    -0.85484719  -0.82270011  -0.86637716  -0.86954962  -0.85718693 
  -0.85282516  -0.86646196  -0.84965861  -0.86767613  -0.83344907  -0.8367657 
  -0.82843966  -0.82561875  -0.84150169  -0.8328669  ]
[0.43300976  0.43031808  0.46025248  0.43158414  0.41736769  0.4178376 
  0.41684874  0.43076775  0.44871274  0.41904115  0.41794426  0.42078578 
  0.42760493  0.41838206  0.43484876  0.43207483  0.43413994  0.4604566 
  0.43133524  0.45588736  0.43463593  0.44785126]
[0.77424493  0.75616057  0.76879807  0.7501766    0.78265131  0.78396578 
  0.7848301    0.77597772  0.7510561    0.78746032  0.78659312  0.78200087 
  0.78011534  0.78637176  0.76456777  0.77178377  0.78017121  0.7504687 
  0.77300387  0.77205169  0.77402364  0.7383754  ]
[-0.07298534  -0.10920169  -0.07661824  -0.14085184  -0.12584569  -0.08824531 
  -0.09054304  -0.0887736    -0.11135035  -0.10049349  -0.07575785  -0.09370698 
  -0.09076923  -0.08253808  -0.1147935    -0.12612354  -0.12023091  -0.07164605 
  -0.14875915  -0.07618895  -0.11881425  -0.10811901]
[0.55275419  0.55063415  0.54629077  0.54281994  0.5368248    0.54770548 
  0.54686784  0.54865243  0.54807923  0.54574353  0.55073242  0.54582213 
  0.54592946  0.54902876  0.54780693  0.54828247  0.53644073  0.55857336 
  0.53361229  0.54544783  0.54093502  0.55593028]
increment_110
[-0.39672999  -0.39764929  -0.36265534  -0.38922133  -0.38365586  -0.40216545 
  -0.4016535    -0.38974762  -0.37898521  -0.3906246    -0.40687739  -0.39656305 
  -0.39070138  -0.40278892  -0.38158968  -0.37148274  -0.36574427  -0.37903324 
  -0.36181728  -0.36597964  -0.37011488  -0.39109653]
[0.58549847  0.60226569  0.64331093  0.62807336  0.60393237  0.57508511 
  0.57584576  0.59029427  0.6361725    0.56763618  0.56704936  0.58452414 
  0.59304505  0.57106305  0.5944708    0.56109813  0.61652369  0.6203913 
  0.61785782  0.63834134  0.60553947  0.6206585  ]
[0.73413449  0.75040425  0.77270761  0.7739483    0.74670508  0.72720956 
  0.72749349  0.74138904  0.77550804  0.73344585  0.72158071  0.73356068 
  0.74058463  0.72544025  0.75785746  0.75904262  0.76274636  0.75846129 
  0.77400404  0.7684415    0.76211664  0.76750842]
[-0.36951131  -0.39081409  -0.33722855  -0.38801079  -0.38163329  -0.37707065 
  -0.3779735    -0.37035342  -0.37174397  -0.37199001  -0.37300296  -0.3752057 
  -0.36933013  -0.37317494  -0.37530466  -0.36653767  -0.36164764  -0.36916796 
  -0.37167247  -0.33805103  -0.36430994  -0.38835988]
[-0.8639734    -0.8481742    -0.82119225  -0.82372652  -0.84419048  -0.86936166 
  -0.86858066  -0.85899699  -0.8221906    -0.8725382    -0.87555132  -0.86256968 
  -0.85666987  -0.87204291  -0.85272336  -0.8731628    -0.83586049  -0.83913132 
  -0.82977004  -0.82511875  -0.84433682  -0.83464554]
[0.43472024  0.43360833  0.46699591  0.43450946  0.41922825  0.41886237 
  0.41778279  0.43392006  0.45299037  0.42033094  0.41892485  0.42258414 
  0.42958711  0.41958563  0.43772319  0.43386266  0.43634736  0.46572827 
  0.43328519  0.46188799  0.43769546  0.45178669]
[0.77053954  0.74880469  0.76233746  0.74236113  0.77885259  0.78066402 
  0.78133245  0.77023837  0.74204984  0.78426532  0.78335039  0.77831538 
  0.77498394  0.78302589  0.75758106  0.76744348  0.77639758  0.74284483 
  0.76810552  0.76626823  0.76956609  0.72919862]
[-0.06691922  -0.10686022  -0.07159709  -0.14261922  -0.12223954  -0.08224736 
  -0.08566197  -0.08417299  -0.11220024  -0.09501123  -0.06975702  -0.0873872 
  -0.08778305  -0.07699743  -0.11289741  -0.12652905  -0.11943802  -0.066661 
  -0.15157328  -0.07132724  -0.11706243  -0.1071353  ]
[0.55182456  0.5499762    0.54532993  0.54123803  0.53516533  0.54673571 
  0.54566952  0.54806988  0.54722546  0.54467996  0.54975192  0.54484175 
  0.54468015  0.5478705    0.54700645  0.54662623  0.5338958    0.55875337 
  0.5307333    0.54414971  0.53890215  0.55580844]
increment_120
[-0.39633966  -0.39648695  -0.35797493  -0.3874975    -0.38118942  -0.40210065 
  -0.40136318  -0.38824758  -0.37742301  -0.38978641  -0.40687484  -0.39599267 
  -0.38962877  -0.40238608  -0.38041375  -0.36842505  -0.36219419  -0.37682948 
  -0.35782309  -0.36154405  -0.36625456  -0.39025888]
[0.5862328    0.60663663  0.65319316  0.63515294  0.60737063  0.57520305 
  0.57641391  0.59266515  0.64427194  0.56723168  0.56704468  0.58554166 
  0.59592265  0.57162485  0.59855148  0.56096846  0.62121076  0.62558556 
  0.62327501  0.64759442  0.61003684  0.62628326]
[0.73458597  0.75384456  0.77899477  0.78005416  0.74925838  0.72728319 
  0.72786125  0.74343739  0.78223259  0.73395924  0.72158147  0.73420479 
  0.74265799  0.7258584    0.76126842  0.76233536  0.76637412  0.76190278 
  0.77909595  0.77429792  0.76627376  0.77238024]
[-0.36623673  -0.38982692  -0.33171696  -0.38662274  -0.377026      -0.37383475 
  -0.37524181  -0.36804667  -0.37031712  -0.36813887  -0.36974005  -0.37146179 
  -0.36743065  -0.36966559  -0.3741113    -0.3636202    -0.35783594  -0.36728674 
  -0.36922415  -0.33248518  -0.3598003    -0.38798661]
[-0.86957384  -0.85110863  -0.81971023  -0.82388725  -0.84811099  -0.87539966 
  -0.87429676  -0.86347461  -0.8216399    -0.878995      -0.88158975  -0.86817714 
  -0.86065704  -0.87776582  -0.85580831  -0.87873171  -0.8383664    -0.84144669 
  -0.83103354  -0.8241725    -0.84716239  -0.83638964]
[0.43631335  0.43697244  0.47400385  0.43749586  0.42122474  0.41986914 
  0.41876512  0.43702986  0.45708558  0.42164715  0.41991145  0.42428248 
  0.43160725  0.42082051  0.44053936  0.43545775  0.43853324  0.47101297 
  0.43512646  0.46808361  0.44090129  0.45572018]
[0.76687537  0.74119318  0.75544713  0.73444163  0.77503933  0.77739135 
  0.77774301  0.76441253  0.73292299  0.78109481  0.78008994  0.77466166 
  0.76956419  0.77966424  0.75048156  0.76308429  0.77258931  0.73528826 
  0.76331501  0.7600092    0.76507389  0.72003713]
[-0.06080908  -0.10440816  -0.06699906  -0.14453634  -0.11776314  -0.07619302 
  -0.08057587  -0.07956034  -0.11349749  -0.08923779  -0.06372328  -0.08090979 
  -0.08480599  -0.0711792    -0.11113527  -0.1270479    -0.11840007  -0.061732 
  -0.15459455  -0.0670879    -0.11500767  -0.1062902  ]
[0.55089556  0.54949698  0.54452121  0.5396775    0.53388        0.54576252 
  0.54455215  0.54761053  0.54640358  0.54370016  0.54876611  0.54389921 
  0.54357031  0.54676379  0.54622656  0.54493984  0.53138077  0.55888889 
  0.5277313    0.5429641    0.53689576  0.5556636  ]
