inc
Fp11
Fp12
Fp13
Fp21
Fp22
Fp23
Fp31
Fp32
Fp33
increment_0
[0.7461089  0.7461089  0.7461089  0.7461089  0.7461089  0.7461089  0.7461089 
  0.7461089  0.7461089  0.7461089  0.7461089  0.7461089  0.7461089  0.7461089 
  0.7461089  0.7461089  0.7461089  0.7461089  0.7461089  0.7461089  0.7461089 
  0.7461089  0.7461089  0.7461089  0.7461089  0.7461089  0.7461089  0.7461089 
  0.7461089  0.7461089  0.7461089  0.7461089  0.7461089  0.7461089]
[-0.48895707  -0.48895707  -0.48895707  -0.48895707  -0.48895707  -0.48895707 
  -0.48895707  -0.48895707  -0.48895707  -0.48895707  -0.48895707  -0.48895707 
  -0.48895707  -0.48895707  -0.48895707  -0.48895707  -0.48895707  -0.48895707 
  -0.48895707  -0.48895707  -0.48895707  -0.48895707  -0.48895707  -0.48895707 
  -0.48895707  -0.48895707  -0.48895707  -0.48895707  -0.48895707  -0.48895707 
  -0.48895707  -0.48895707  -0.48895707  -0.48895707]
[-0.45193197  -0.45193197  -0.45193197  -0.45193197  -0.45193197  -0.45193197 
  -0.45193197  -0.45193197  -0.45193197  -0.45193197  -0.45193197  -0.45193197 
  -0.45193197  -0.45193197  -0.45193197  -0.45193197  -0.45193197  -0.45193197 
  -0.45193197  -0.45193197  -0.45193197  -0.45193197  -0.45193197  -0.45193197 
  -0.45193197  -0.45193197  -0.45193197  -0.45193197  -0.45193197  -0.45193197 
  -0.45193197  -0.45193197  -0.45193197  -0.45193197]
[0.26765335  0.26765335  0.26765335  0.26765335  0.26765335  0.26765335 
  0.26765335  0.26765335  0.26765335  0.26765335  0.26765335  0.26765335 
  0.26765335  0.26765335  0.26765335  0.26765335  0.26765335  0.26765335 
  0.26765335  0.26765335  0.26765335  0.26765335  0.26765335  0.26765335 
  0.26765335  0.26765335  0.26765335  0.26765335  0.26765335  0.26765335 
  0.26765335  0.26765335  0.26765335  0.26765335]
[0.84175494  0.84175494  0.84175494  0.84175494  0.84175494  0.84175494 
  0.84175494  0.84175494  0.84175494  0.84175494  0.84175494  0.84175494 
  0.84175494  0.84175494  0.84175494  0.84175494  0.84175494  0.84175494 
  0.84175494  0.84175494  0.84175494  0.84175494  0.84175494  0.84175494 
  0.84175494  0.84175494  0.84175494  0.84175494  0.84175494  0.84175494 
  0.84175494  0.84175494  0.84175494  0.84175494]
[-0.46883932  -0.46883932  -0.46883932  -0.46883932  -0.46883932  -0.46883932 
  -0.46883932  -0.46883932  -0.46883932  -0.46883932  -0.46883932  -0.46883932 
  -0.46883932  -0.46883932  -0.46883932  -0.46883932  -0.46883932  -0.46883932 
  -0.46883932  -0.46883932  -0.46883932  -0.46883932  -0.46883932  -0.46883932 
  -0.46883932  -0.46883932  -0.46883932  -0.46883932  -0.46883932  -0.46883932 
  -0.46883932  -0.46883932  -0.46883932  -0.46883932]
[0.60965826  0.60965826  0.60965826  0.60965826  0.60965826  0.60965826 
  0.60965826  0.60965826  0.60965826  0.60965826  0.60965826  0.60965826 
  0.60965826  0.60965826  0.60965826  0.60965826  0.60965826  0.60965826 
  0.60965826  0.60965826  0.60965826  0.60965826  0.60965826  0.60965826 
  0.60965826  0.60965826  0.60965826  0.60965826  0.60965826  0.60965826 
  0.60965826  0.60965826  0.60965826  0.60965826]
[0.22884408  0.22884408  0.22884408  0.22884408  0.22884408  0.22884408 
  0.22884408  0.22884408  0.22884408  0.22884408  0.22884408  0.22884408 
  0.22884408  0.22884408  0.22884408  0.22884408  0.22884408  0.22884408 
  0.22884408  0.22884408  0.22884408  0.22884408  0.22884408  0.22884408 
  0.22884408  0.22884408  0.22884408  0.22884408  0.22884408  0.22884408 
  0.22884408  0.22884408  0.22884408  0.22884408]
[0.75891184  0.75891184  0.75891184  0.75891184  0.75891184  0.75891184 
  0.75891184  0.75891184  0.75891184  0.75891184  0.75891184  0.75891184 
  0.75891184  0.75891184  0.75891184  0.75891184  0.75891184  0.75891184 
  0.75891184  0.75891184  0.75891184  0.75891184  0.75891184  0.75891184 
  0.75891184  0.75891184  0.75891184  0.75891184  0.75891184  0.75891184 
  0.75891184  0.75891184  0.75891184  0.75891184]
increment_10
[0.7423793    0.74433659  0.74300878  0.74261756  0.74209182  0.74270516 
  0.74349969  0.74338114  0.74334749  0.74252247  0.74185045  0.74329415 
  0.7432091    0.74301693  0.74265607  0.74239054  0.74154638  0.74347042 
  0.74366705  0.74318155  0.74342466  0.7426116    0.7433776    0.74395097 
  0.74336716  0.74307685  0.74277829  0.74350653  0.74237071  0.74377729 
  0.7442131    0.74420066  0.74366288  0.74340231]
[-0.48527033  -0.48716756  -0.48636822  -0.48572145  -0.48496706  -0.48551554 
  -0.48635409  -0.48621128  -0.4861853    -0.4853344    -0.48464781  -0.48638348 
  -0.48612324  -0.48583122  -0.48546273  -0.48519234  -0.48433703  -0.48630556 
  -0.48651695  -0.48599773  -0.4862431    -0.48541587  -0.4861914    -0.48689244 
  -0.4862161    -0.48589572  -0.48558615  -0.48632198  -0.48517283  -0.48660413 
  -0.48704295  -0.48702908  -0.48648663  -0.48621722]
[-0.45453777  -0.45319253  -0.45381589  -0.45424343  -0.45474995  -0.45435571 
  -0.45376904  -0.45386639  -0.45388624  -0.45448367  -0.45496643  -0.4537714 
  -0.45393755  -0.4541329    -0.45439252  -0.45458264  -0.45518493  -0.45377825 
  -0.4535824    -0.45400398  -0.45383205  -0.45442483  -0.45387928  -0.45339065 
  -0.45377588  -0.45406162  -0.45430196  -0.45378702  -0.45459765  -0.45357577 
  -0.45327811  -0.4532821    -0.45365718  -0.45386205]
[0.26246707  0.2635521    0.26366692  0.26296487  0.26221781  0.26249123 
  0.26324092  0.26311041  0.26303714  0.26235632  0.26182724  0.26355241 
  0.26318246  0.26285381  0.2625001    0.26227697  0.26155972  0.26322338 
  0.26331411  0.26290402  0.26295538  0.26243496  0.26286889  0.26363093 
  0.26303348  0.26287104  0.26262781  0.26305501  0.26218446  0.26281334 
  0.26320411  0.26326803  0.26310332  0.262913    ]
[0.84709749  0.84591374  0.84634461  0.84680463  0.84733775  0.84698763 
  0.84626257  0.84637163  0.84645418  0.84712817  0.84766016  0.84618462 
  0.8463851    0.84662023  0.84697542  0.84719988  0.84792579  0.84625373 
  0.84612513  0.84656319  0.84645499  0.84703942  0.84660003  0.84593147 
  0.8463676    0.8465954    0.84683088  0.84641147  0.84729198  0.84620822 
  0.84591253  0.84595751  0.84631368  0.84655438]
[-0.47259089  -0.47176687  -0.47200936  -0.47236118  -0.4727614    -0.47252304 
  -0.47200873  -0.47208808  -0.47214528  -0.47262156  -0.47299655  -0.47192738 
  -0.47208793  -0.47226438  -0.47251462  -0.47267298  -0.47318417  -0.47200481 
  -0.47181521  -0.4722181    -0.47197628  -0.47256006  -0.47225071  -0.47172149 
  -0.47187125  -0.47223949  -0.47237214  -0.47211792  -0.47273905  -0.47062562 
  -0.47071238  -0.47109219  -0.471908      -0.47221937]
[0.60807032  0.60732105  0.60797061  0.60802384  0.6081261    0.60789218 
  0.6077979    0.60781907  0.60776769  0.60793427  0.6080827    0.60796909 
  0.60793773  0.60794308  0.60795472  0.6079993    0.60812684  0.6078368 
  0.60771237  0.6078288    0.60763834  0.60793672  0.60760486  0.60761802 
  0.6077272    0.60789447  0.60796066  0.60766203  0.6079274    0.60713776 
  0.60709658  0.60717662  0.60754635  0.6076244  ]
[0.23045218  0.23121039  0.23055354  0.23049897  0.23039538  0.23063246 
  0.23072801  0.23070631  0.23075857  0.2305898    0.23043717  0.23055398 
  0.23058613  0.23058078  0.23056909  0.23052396  0.23039479  0.23068099 
  0.23075806  0.23069053  0.23082816  0.23058721  0.23092342  0.23089256 
  0.23069843  0.23061882  0.23054821  0.23086543  0.23059673  0.23094037 
  0.23108462  0.23111722  0.23092973  0.23090356]
[0.75777958  0.75724569  0.75770815  0.75774655  0.75781953  0.75765266 
  0.7575854    0.75760134  0.7575639    0.75768269  0.75778989  0.75771118 
  0.75768635  0.75768956  0.75769747  0.75772919  0.75781999  0.75764123 
  0.75773313  0.75763012  0.75769817  0.75768504  0.75744779  0.75752297 
  0.75790823  0.75769613  0.75775655  0.75748896  0.75767777  0.75879804 
  0.75839017  0.75802777  0.75760125  0.75746186]
increment_20
[0.7371043    0.74238419  0.73843057  0.73779066  0.7369612    0.73894018 
  0.7408301    0.73990504  0.7397626    0.73792374  0.73714941  0.74013829 
  0.7398988    0.73940885  0.73852162  0.73786529  0.73644408  0.74043965 
  0.74084342  0.74014128  0.74038811  0.73852079  0.74044968  0.74144398 
  0.74011754  0.73951365  0.7390108    0.74082333  0.73805611  0.74064669 
  0.74197759  0.74192479  0.74061989  0.7409334  ]
[-0.48015314  -0.48519485  -0.48371945  -0.48199956  -0.48023011  -0.48171231 
  -0.4837927    -0.48272505  -0.48263706  -0.48070814  -0.47988807  -0.48379559 
  -0.48334082  -0.48218128  -0.4812832    -0.48061393  -0.47917044  -0.48338796 
  -0.48384951  -0.48295835  -0.48319986  -0.48127489  -0.48322671  -0.48452001 
  -0.4830457    -0.48232148  -0.48178357  -0.48360531  -0.48081858  -0.48343785 
  -0.48480934  -0.48474        -0.48344957  -0.48372022]
[-0.45816566  -0.45458198  -0.45590157  -0.45699344  -0.4581361    -0.45703458 
  -0.45558823  -0.45632184  -0.45639339  -0.4577444    -0.45831781  -0.45564044 
  -0.45589451  -0.4567015    -0.45733606  -0.45780645  -0.45882293  -0.45539387 
  -0.4549087    -0.45602812  -0.45589076  -0.45733588  -0.45596689  -0.45504245 
  -0.45565059  -0.45647687  -0.45696362  -0.45569853  -0.45767961  -0.45579881 
  -0.45485358  -0.4548848    -0.45569689  -0.45562355]
[0.25578343  0.25870707  0.2601274    0.25800802  0.25600867  0.25647658 
  0.25819643  0.25732446  0.25725091  0.25582653  0.25516084  0.25887655 
  0.25838018  0.25692538  0.25624204  0.25578485  0.25462197  0.25778916 
  0.25781234  0.25739173  0.25697451  0.25621905  0.25737506  0.25854173 
  0.25719612  0.25698242  0.2565719    0.25775248  0.25581293  0.25657654 
  0.25769154  0.25768319  0.25724428  0.25773833]
[0.85409447  0.85082645  0.85193914  0.8530119    0.85409085  0.85308787 
  0.85151418  0.85226412  0.8523965    0.85377163  0.85442574  0.85152738 
  0.85179409  0.8526269    0.85331936  0.85377796  0.85495114  0.85176034 
  0.85147755  0.85211305  0.85207707  0.85333385  0.85216342  0.8511198 
  0.85207777  0.8525471    0.85286865  0.85178102  0.85372895  0.85191955 
  0.85100567  0.85108267  0.85192605  0.85179124]
[-0.47749195  -0.47522517  -0.47572473  -0.47659951  -0.47746443  -0.47681711 
  -0.47569041  -0.47623321  -0.47632        -0.47729562  -0.47775849  -0.47562139 
  -0.47583405  -0.47649329  -0.47697907  -0.47730388  -0.47813089  -0.4758794 
  -0.47490998  -0.4760283    -0.47464785  -0.47699178  -0.47616795  -0.47499434 
  -0.47528971  -0.47639601  -0.47631861  -0.47589858  -0.4772859    -0.47283703 
  -0.47274408  -0.47315423  -0.47493413  -0.47590932]
[0.60633511  0.60441921  0.60612245  0.60619168  0.60638126  0.60562885 
  0.60521716  0.60546004  0.60544736  0.60595867  0.60609606  0.60556794 
  0.60562934  0.60561723  0.60582068  0.60602659  0.60629125  0.60520858 
  0.604749      0.60529839  0.60465077  0.60580935  0.60503852  0.60479446 
  0.60496024  0.60551849  0.60565392  0.60504205  0.60587042  0.60402584 
  0.60377582  0.60385808  0.60467648  0.60491862]
[0.23220986  0.23414699  0.23242977  0.23235054  0.23216213  0.23292439 
  0.23334182  0.23309434  0.23310839  0.23259032  0.23243504  0.23298291 
  0.23291042  0.2329355    0.23272962  0.23252145  0.23225348  0.23319412 
  0.23334778  0.23318125  0.23339235  0.23273987  0.23352197  0.23361988 
  0.23317798  0.23297913  0.2327768    0.23351807  0.23267904  0.23348343 
  0.23392797  0.2339501    0.23348637  0.23364324]
[0.75654199  0.75517783  0.75638717  0.75644214  0.75657542  0.75603893 
  0.75574508  0.75592284  0.75590966  0.75627421  0.75638165  0.75602142 
  0.7561154    0.75603328  0.75617778  0.75632329  0.75651128  0.75631512 
  0.75713876  0.75609041  0.75726979  0.75617415  0.75561821  0.75600164 
  0.75712513  0.75617066  0.75650797  0.75562255  0.75621276  0.75882405 
  0.75793977  0.75760882  0.75684335  0.75553335]
increment_30
[0.73150045  0.74037326  0.7334591    0.73252521  0.73156597  0.73503543 
  0.73801247  0.73627873  0.73593262  0.73318673  0.73224527  0.73685523 
  0.73621287  0.73576141  0.73426747  0.73341809  0.73127857  0.73729534 
  0.73793973  0.737018      0.73735405  0.73426385  0.73763303  0.73871433 
  0.73658804  0.73593879  0.7351262    0.73818042  0.73369145  0.73737985 
  0.73975441  0.73948362  0.73745617  0.73839601]
[-0.47483067  -0.48316206  -0.48116415  -0.47829564  -0.47552625  -0.47776372 
  -0.48130809  -0.47909717  -0.47893345  -0.47598414  -0.4749218    -0.48121922 
  -0.48076898  -0.47848915  -0.47700509  -0.47614233  -0.47394117  -0.48046116 
  -0.48111787  -0.47985387  -0.48017968  -0.47696629  -0.4803762    -0.4819747 
  -0.4795797    -0.4787239    -0.47790438  -0.48092953  -0.47642878  -0.48013309 
  -0.48261526  -0.48228523  -0.48029524  -0.4811541  ]
[-0.46195227  -0.45601366  -0.45797606  -0.4597821    -0.46153236  -0.45981537 
  -0.45737852  -0.4588789    -0.45902024  -0.46107863  -0.46181451  -0.45748367 
  -0.45750265  -0.4593004    -0.46035156  -0.4609582    -0.4625065    -0.45670882 
  -0.45625461  -0.45804421  -0.45788343  -0.46036326  -0.45797504  -0.45682717 
  -0.45776987  -0.45894309  -0.4596639    -0.45758108  -0.46080304  -0.45811999 
  -0.45640473  -0.45660264  -0.45780125  -0.45743396]
[0.24905972  0.25376978  0.25704034  0.25346358  0.25005424  0.25030459 
  0.25332222  0.25139195  0.25139043  0.2492358    0.24835291  0.25425416 
  0.25398567  0.25091011  0.24989451  0.2493443    0.24762252  0.2522689 
  0.25216756  0.25173967  0.25096742  0.24983843  0.2519238    0.25328906 
  0.251112      0.25102797  0.25038147  0.2523994    0.24935481  0.25019986 
  0.25221108  0.25193508  0.25122488  0.25245573]
[0.86126671  0.8558316    0.85760206  0.85931243  0.86090085  0.85934373 
  0.8568236    0.85831645  0.85850913  0.86052011  0.86134556  0.85695016 
  0.85724196  0.85871952  0.85977686  0.86033183  0.86203773  0.85735802 
  0.85694227  0.85779464  0.85773074  0.85979513  0.85768344  0.85648714 
  0.85802115  0.85856882  0.85902692  0.85720177  0.86023571  0.8577429 
  0.85611565  0.85636068  0.85766611  0.85713713]
[-0.48250144  -0.47874866  -0.47942965  -0.48084665  -0.48217248  -0.48122114 
  -0.47938717  -0.48048965  -0.48060401  -0.48203851  -0.48262783  -0.47935611 
  -0.47954982  -0.48078296  -0.48152088  -0.48191426  -0.48312212  -0.47982262 
  -0.47796354  -0.47989924  -0.4773675    -0.48154101  -0.48005392  -0.47825685 
  -0.47882249  -0.48061172  -0.4801919    -0.47971532  -0.48189078  -0.47503992 
  -0.47484885  -0.47529007  -0.47794363  -0.47967622]
[0.60470431  0.60148521  0.60440999  0.60451192  0.60472127  0.6033535 
  0.60262872  0.60308961  0.60316438  0.60399956  0.6041559    0.60315337 
  0.60334169  0.60324726  0.60368438  0.60398752  0.6044571    0.60245506 
  0.60170123  0.60268401  0.60160888  0.60368253  0.60240204  0.60195489 
  0.60224591  0.60310569  0.60326957  0.60233114  0.60377694  0.60091112 
  0.60043598  0.60054042  0.60175907  0.60217339]
[0.23386262  0.23711646  0.23417491  0.23403018  0.23384442  0.23522855 
  0.23596461  0.23549431  0.23542091  0.2345742    0.23437455  0.23542232 
  0.23519047  0.23533518  0.23489248  0.23458608  0.23411063  0.23573084 
  0.23597278  0.23572766  0.23600089  0.23489138  0.23619075  0.2363225 
  0.23559813  0.23539122  0.23502597  0.23626272  0.23479588  0.23600024 
  0.23681256  0.23676957  0.23604959  0.23642288]
[0.75537833  0.75308686  0.7551591    0.75525669  0.75539085  0.75441662 
  0.75389854  0.75423523  0.75428173  0.75487774  0.75501325  0.75435826 
  0.75484865  0.75434453  0.75465643  0.75487039  0.75520361  0.75528223 
  0.7566717    0.75459912  0.75684123  0.75466581  0.75374061  0.75462301 
  0.75640202  0.75456547  0.75541857  0.75369152  0.75473134  0.75895543 
  0.75739552  0.75723678  0.75620517  0.75357682]
increment_40
[0.72567672  0.73821459  0.72821342  0.72710449  0.72592661  0.73097999 
  0.73491875  0.73255429  0.73195755  0.72829035  0.7270822    0.73342325 
  0.73231562  0.73199587  0.72997091  0.72899219  0.72603493  0.73396173 
  0.73497531  0.73373713  0.73426486  0.72987286  0.73486227  0.73590918 
  0.73281172  0.73239529  0.73111545  0.73550221  0.72923272  0.73391346 
  0.73751458  0.73697786  0.73422166  0.73579476]
[-0.46935279  -0.48097961  -0.47858017  -0.47458057  -0.47071161  -0.47365917 
  -0.4788431    -0.47537255  -0.47524068  -0.47113906  -0.4696929    -0.47868858 
  -0.47822623  -0.47467677  -0.47273147  -0.47174171  -0.46863778  -0.47735962 
  -0.4783172    -0.47660038  -0.47711058  -0.47252139  -0.47757702  -0.47941198 
  -0.47584216  -0.47514608  -0.47400102  -0.478218      -0.47194437  -0.47662705 
  -0.48045181  -0.47975971  -0.47706113  -0.47852233]
[-0.46585575  -0.45755069  -0.46009839  -0.4625948    -0.46502176  -0.4627056 
  -0.45918821  -0.46150524  -0.46165707  -0.46450258  -0.46549608  -0.45924546 
  -0.45893868  -0.46198436  -0.46336916  -0.46406546  -0.46624769  -0.4581395 
  -0.4577109    -0.46013554  -0.45988966  -0.46348859  -0.45994991  -0.45864172 
  -0.46014975  -0.46143144  -0.46236628  -0.45948897  -0.4639938    -0.46058162 
  -0.45793997  -0.4583639    -0.45997051  -0.45928954]
[0.24228465  0.24867447  0.25413943  0.2490611    0.24413099  0.24398786 
  0.24865795  0.24535847  0.24564033  0.24257243  0.24137516  0.24974997 
  0.24965443  0.24478162  0.24356234  0.24294881  0.24055458  0.24659733 
  0.24644341  0.24593723  0.24494378  0.24333639  0.24644962  0.24802877 
  0.24477639  0.24505451  0.24418355  0.2469676    0.24280009  0.24367103 
  0.24677791  0.24612374  0.24510919  0.24708629]
[0.86856774  0.86099677  0.86336787  0.86567983  0.8678346    0.8657429 
  0.86222719  0.86447479  0.86467232  0.86738468  0.86845244  0.86242101 
  0.86276759  0.8649263    0.86626732  0.86689053  0.86918899  0.86312269 
  0.86250786  0.86363382  0.86346199  0.86637955  0.86322104  0.86192056 
  0.86416979  0.86461511  0.86526104  0.86270224  0.86683322  0.86373512 
  0.86126155  0.86172774  0.86349746  0.86257195]
[-0.48759305  -0.48238483  -0.48317459  -0.48511742  -0.48695037  -0.48572644 
  -0.48311609  -0.48482036  -0.48490553  -0.48685841  -0.48762719  -0.48310186 
  -0.48330499  -0.48515307  -0.48608052  -0.48652214  -0.48816421  -0.48388516 
  -0.48111188  -0.48389509  -0.48032282  -0.48617711  -0.48393737  -0.48153503 
  -0.48234727  -0.48486037  -0.48402492  -0.48358821  -0.48654125  -0.47740435 
  -0.47707839  -0.47754107  -0.48098421  -0.48350484]
[0.60314512  0.59854105  0.60279798  0.60287361  0.60313993  0.60108887 
  0.60009889  0.60071262  0.60091167  0.6020694    0.60228441  0.60074922 
  0.60106801  0.60088312  0.60153817  0.60190177  0.60263222  0.59972081 
  0.5986499    0.60006247  0.59859616  0.60156916  0.5996932    0.59909941 
  0.5995597    0.60066011  0.60085725  0.59957687  0.60168093  0.59784262 
  0.59709239  0.597224      0.59882302  0.59940519]
[0.23544388  0.24009628  0.23582398  0.23564108  0.23544912  0.23752186 
  0.2385304    0.2379014    0.23770379  0.23652896  0.23622986  0.23784638 
  0.23746147  0.23772912  0.23706558  0.23669811  0.23595807  0.23824451 
  0.23862901  0.23827528  0.2386329    0.23702997  0.23892706  0.23903798 
  0.23796049  0.23785363  0.23726784  0.23905126  0.23690895  0.2384841 
  0.23973665  0.23960718  0.23862591  0.23922586]
[0.7542651    0.75098861  0.75399924  0.75411662  0.75426109  0.75280195 
  0.75209233  0.75254179  0.75267469  0.75350179  0.75370248  0.75278145 
  0.75377188  0.75265936  0.75312786  0.75338441  0.75390268  0.75428084 
  0.75610324  0.75312506  0.75623742  0.75316451  0.75183267  0.75324855 
  0.75580727  0.75287376  0.75444355  0.7517294    0.75327169  0.75906866 
  0.75671824  0.75679421  0.75557594  0.75160375]
increment_50
[0.71962159  0.73590007  0.72273257  0.72158811  0.72012192  0.72680701 
  0.73149647  0.72874922  0.72783815  0.72328088  0.72175151  0.72982784 
  0.72824318  0.72813191  0.7256304    0.72458921  0.72076794  0.73041036 
  0.73197788  0.73024357  0.73113766  0.72537258  0.73212379  0.7330695 
  0.72884027  0.72889628  0.72692304  0.73275575  0.72465965  0.73021821 
  0.73520216  0.73448705  0.7309217    0.73312508]
[-0.46371302  -0.47863951  -0.47596808  -0.47083607  -0.4657903    -0.46943435 
  -0.47632622  -0.47156472  -0.47158465  -0.46619927  -0.46429369  -0.47623579 
  -0.47562068  -0.47076459  -0.4684715    -0.46738892  -0.46332066  -0.47407493 
  -0.47548253  -0.47313882  -0.47399869  -0.46796555  -0.47481888  -0.47695977 
  -0.47189612  -0.47160746  -0.47009476  -0.47543734  -0.46733591  -0.47289095 
  -0.47828014  -0.47724533  -0.4737524    -0.47581995]
[-0.46988126  -0.45919876  -0.46226383  -0.46543571  -0.468593      -0.46568037 
  -0.46106559  -0.46419059  -0.4642884    -0.46799542  -0.46929748  -0.46089451 
  -0.46037441  -0.46473876  -0.46638362  -0.46714179  -0.47000935  -0.45971607 
  -0.45922752  -0.4623521    -0.46193114  -0.46669375  -0.46190194  -0.46040208 
  -0.46273938  -0.46391027  -0.46506168  -0.46144567  -0.46726292  -0.46320246 
  -0.45948878  -0.46011577  -0.46220682  -0.4611934  ]
[0.23546781  0.24342237  0.25139754  0.24472381  0.23818396  0.23756418 
  0.24415796  0.23923556  0.24004128  0.23583982  0.23430061  0.2454056 
  0.24530396  0.23856131  0.23726241  0.23656373  0.23345593  0.24079539 
  0.24068816  0.23996044  0.23891878  0.23674084  0.24092045  0.24294341 
  0.23823219  0.23907445  0.23807625  0.24144687  0.236139      0.23699079 
  0.24140105  0.24032064  0.23892104  0.24163187]
[0.8759951    0.86632152  0.86923125  0.87212019  0.87487535  0.87224915 
  0.86775757  0.87072324  0.87087317  0.87434242  0.8756818    0.86792546 
  0.86840211  0.87122599  0.87278539  0.87346523  0.87636247  0.86905473 
  0.86814625  0.86965589  0.86925884  0.87305898  0.86878691  0.86734302 
  0.87047915  0.87067079  0.87156198  0.86829278  0.87353671  0.86991301 
  0.86647375  0.86713048  0.86941118  0.86809417]
[-0.49276426  -0.48613325  -0.48695945  -0.48942411  -0.49179437  -0.49030728 
  -0.48690164  -0.48921459  -0.48921224  -0.49174154  -0.49271007  -0.48683562 
  -0.48713562  -0.4895886    -0.49065279  -0.49113827  -0.49323257  -0.48805508 
  -0.48440113  -0.48803798  -0.4835087    -0.49088019  -0.48777075  -0.48482943 
  -0.48580389  -0.48912312  -0.48784126  -0.48752452  -0.49122747  -0.47999346 
  -0.47951418  -0.4799352    -0.48409968  -0.48739377]
[0.60167188  0.59559493  0.60127495  0.6012483    0.60161107  0.59883661 
  0.59766356  0.59832907  0.59869528  0.6001544    0.60045086  0.5983674 
  0.59883023  0.59852579  0.59938587  0.59976865  0.60079861  0.59703128 
  0.59560502  0.59746993  0.59562431  0.59947199  0.5968929    0.59624796 
  0.59687691  0.59817186  0.59846483  0.59680197  0.59959288  0.59484919 
  0.59378524  0.59390195  0.59588878  0.59662043]
[0.23693912  0.24307753  0.23738712  0.23720871  0.23700237  0.23980265 
  0.24100399  0.24031555  0.2399516    0.23846849  0.23802312  0.2402498 
  0.23971097  0.24011623  0.23924523  0.23885847  0.2378133    0.24071618 
  0.24132005  0.24079151  0.2412878    0.23915273  0.24173094  0.24176733 
  0.24027859  0.24036772  0.2394681    0.24186072  0.23900396  0.24092245 
  0.24268071  0.24249185  0.24121241  0.24204568]
[0.75321252  0.74888929  0.75290029  0.75300364  0.75316772  0.75119609 
  0.7503514    0.75084282  0.75109254  0.75213636  0.75243278  0.75131996 
  0.7527669    0.75097883  0.75159481  0.75186448  0.75259607  0.75331398 
  0.7553899    0.75167911  0.75542593  0.75167262  0.74995251  0.75181652 
  0.75536601  0.75112037  0.75357177  0.74975243  0.75185464  0.75912281 
  0.75585937  0.75619504  0.75490415  0.74961868]
increment_60
[0.71334894  0.73346903  0.71703728  0.71602103  0.71425706  0.7225749 
  0.72774271  0.7248477    0.72359594  0.71823165  0.71638548  0.72607496 
  0.72398947  0.72420431  0.72125904  0.72026239  0.71553497  0.72661699 
  0.72896249  0.72650216  0.72799619  0.72079842  0.72944665  0.73019903 
  0.72472037  0.72547015  0.72253902  0.72990324  0.71997171  0.72629768 
  0.73277602  0.73208164  0.72757833  0.7304116  ]
[-0.45797359  -0.47618155  -0.47332283  -0.46706393  -0.46082132  -0.46514919 
  -0.47371997  -0.4676608    -0.46796326  -0.46121906  -0.45885788  -0.47382766 
  -0.47294765  -0.46678808  -0.46422813  -0.46309129  -0.45804929  -0.47065032 
  -0.47263657  -0.46942807  -0.47086273  -0.46333521  -0.47213148  -0.47469784 
  -0.4678365    -0.46814039  -0.46620069  -0.47254934  -0.46260361  -0.46892976 
  -0.47604974  -0.47481537  -0.47039311  -0.47307251]
[-0.47399031  -0.46092981  -0.46447305  -0.46829869  -0.47219927  -0.46869758 
  -0.46303319  -0.46694419  -0.46691301  -0.4715167    -0.47312456  -0.46247994 
  -0.46185675  -0.46753853  -0.46939169  -0.47017691  -0.4737511    -0.46141437 
  -0.46076331  -0.46473861  -0.46400971  -0.46995256  -0.46381289  -0.4620577 
  -0.46546826  -0.4663468    -0.4677422    -0.46347778  -0.47061106  -0.46597701 
  -0.4610858    -0.46181039  -0.4644945    -0.46312822]
[0.22869882  0.23804717  0.24879355  0.24041914  0.23221698  0.23107688 
  0.23977928  0.23302239  0.23457494  0.22906237  0.22723119  0.24117404 
  0.2409604    0.23227569  0.23098989  0.23015712  0.22636678  0.23493935 
  0.23492524  0.23379409  0.23290732  0.23007973  0.23533901  0.23815983 
  0.23157103  0.23310786  0.23209927  0.23581625  0.22937074  0.23017097 
  0.23606065  0.23458347  0.23268845  0.23611195]
[0.88350894  0.87177264  0.87519387  0.87862575  0.88197423  0.8788194 
  0.87342842  0.87706571  0.87710954  0.88134983  0.88294676  0.87347942 
  0.87414441  0.87759198  0.8793267    0.88004179  0.88351928  0.8751296 
  0.87383772  0.87587762  0.87510327  0.87980552  0.87435818  0.8727182 
  0.87689494  0.87671415  0.87792191  0.8739946    0.88034686  0.87626545 
  0.87178409  0.87252371  0.87538902  0.87368345]
[-0.49798135  -0.48997047  -0.4907876    -0.49376577  -0.49667509  -0.49493323 
  -0.49075667  -0.49367473  -0.4935249    -0.49665928  -0.49781347  -0.49055538 
  -0.49103859  -0.4940708    -0.49523554  -0.49575798  -0.49830098  -0.49228648 
  -0.48783224  -0.49234451  -0.48690313  -0.4956305    -0.49149615  -0.48815072 
  -0.48913039  -0.49337972  -0.4916508    -0.49153921  -0.49595248  -0.48280002 
  -0.48223811  -0.48248944  -0.48731346  -0.49132926]
[0.60029342  0.59263997  0.59983425  0.59961989  0.6000988    0.59658049 
  0.59533398  0.59594953  0.596511      0.59823261  0.59860334  0.59601256 
  0.59664861  0.59616661  0.5972247    0.59756864  0.59893469  0.59440397 
  0.59256448  0.59493436  0.59269156  0.59738269  0.59397816  0.59341863 
  0.59417564  0.5956274    0.59611244  0.59402317  0.59751251  0.59193724 
  0.59054911  0.59056203  0.59296187  0.59381399]
[0.23833934  0.24606632  0.23886923  0.23874881  0.23853925  0.24208735 
  0.24337477  0.24272597  0.24216922  0.24041415  0.23979107  0.2426323 
  0.24192477  0.24250522  0.24143443  0.24108705  0.23969503  0.24312894 
  0.24404485  0.24325471  0.24396953  0.24126791  0.24461053  0.24450753 
  0.24256635  0.24294227  0.24161558  0.24467409  0.24108179  0.24330831 
  0.24562971  0.24545188  0.2438149    0.24488751]
[0.75222691  0.74678451  0.7518586    0.7519066    0.75208591  0.74958747 
  0.74868345  0.74914609  0.74953198  0.75076642  0.75117648  0.74996194 
  0.75180134  0.74929691  0.7500553    0.75029645  0.75127029  0.75241851 
  0.75454253  0.75025665  0.75439778  0.75018495  0.74813942  0.750287 
  0.75509499  0.74931384  0.75279367  0.74777287  0.75047782  0.75912433 
  0.7547709    0.75537177  0.75415124  0.74761802]
increment_70
[0.70689093  0.73096943  0.71119216  0.71044725  0.70843313  0.71834082 
  0.72366371  0.72084841  0.71929718  0.7132096    0.7111077    0.72218195 
  0.71953717  0.72025613  0.71692985  0.71604125  0.71039247  0.7225068 
  0.72592888  0.7225027    0.72487151  0.71621112  0.72689887  0.72737998 
  0.72041417  0.72213781  0.71798232  0.72691481  0.71519736  0.72219738 
  0.73024317  0.72978789  0.72422309  0.72768568]
[-0.45221785  -0.47365428  -0.47065272  -0.46329671  -0.45585699  -0.46086181 
  -0.47100458  -0.46366601  -0.46440256  -0.45625463  -0.45351015  -0.47139775 
  -0.4702475    -0.46279117  -0.46005625  -0.45886274  -0.45287641  -0.46711752 
  -0.46978729  -0.46545048  -0.46773307  -0.45869288  -0.4695811    -0.47268861 
  -0.46376567  -0.46476804  -0.46226469  -0.46952383  -0.45778096  -0.46479218 
  -0.47373897  -0.4724972    -0.46701722  -0.47031224]
[-0.47812987  -0.46270969  -0.46671384  -0.47115949  -0.47579818  -0.47171632 
  -0.46510203  -0.46976292  -0.469508      -0.47502556  -0.47688945  -0.4640892 
  -0.46340555  -0.47035274  -0.47235262  -0.47315924  -0.47743108  -0.46324757 
  -0.46229193  -0.46732962  -0.46611149  -0.47322082  -0.4656356    -0.46356136 
  -0.46826733  -0.46872001  -0.47043754  -0.46560623  -0.47401968  -0.46886694 
  -0.46274287  -0.4634297    -0.46680674  -0.46507181]
[0.22207949  0.23258514  0.24628829  0.23615151  0.22622533  0.22456383 
  0.23549197  0.2267292    0.22922505  0.22227185  0.22026044  0.2369689 
  0.23671528  0.22594987  0.22476162  0.22372956  0.21933645  0.22913019 
  0.2291618    0.22743441  0.22692116  0.22338966  0.22976682  0.23370228 
  0.2249764    0.22716521  0.22615736  0.23005462  0.22251391  0.22324259 
  0.2307283    0.2289408    0.22642968  0.2305428  ]
[0.89106072  0.87731473  0.88124426  0.88517094  0.88908897  0.88541553 
  0.87924862  0.88349851  0.88335908  0.88836527  0.89017149  0.87911755 
  0.87997617  0.88399914  0.88585582  0.88660291  0.89062618  0.88134065 
  0.87957701  0.8823026    0.88097915  0.88658303  0.87988872  0.87801111 
  0.88337812  0.88273438  0.88436707  0.87982909  0.8872473    0.88275696 
  0.87720219  0.87789657  0.88141155  0.87932287]
[-0.50320406  -0.4938714    -0.49465665  -0.49812675  -0.50156799  -0.49957744 
  -0.49468938  -0.49819745  -0.49783203  -0.50158332  -0.50288191  -0.49427405 
  -0.49499112  -0.49858194  -0.49980595  -0.50037104  -0.50333999  -0.49653835 
  -0.49140439  -0.49681619  -0.49048621  -0.50040245  -0.49513598  -0.4915016 
  -0.49231185  -0.49762071  -0.49548135  -0.49564732  -0.50073084  -0.48578305 
  -0.48528663  -0.48525304  -0.49061194  -0.49529983]
[0.59900999  0.5896627    0.59845034  0.59798054  0.59856295  0.59430087 
  0.59311245  0.59357638  0.59433575  0.59628185  0.59668761  0.59367568 
  0.59454981  0.5937872    0.59502571  0.59529493  0.5970165    0.59188465 
  0.58952489  0.59247226  0.58978128  0.59527573  0.59094582  0.59058565 
  0.59148323  0.59301346  0.59379156  0.59124907  0.59542991  0.58908883 
  0.58738953  0.58720653  0.59002705  0.59097073]
[0.23964421  0.24907496  0.24029412  0.24027937  0.24009727  0.24439582 
  0.24564084  0.24513022  0.24438061  0.24238606  0.24157055  0.24499639 
  0.24408768  0.24491471  0.24366273  0.24339063  0.24161526  0.24544999 
  0.2468013    0.24565509  0.24669388  0.24340125  0.24758738  0.24729396 
  0.2448036    0.24558855  0.24372048  0.24748255  0.24315953  0.24565309 
  0.24858711  0.24850385  0.24644739  0.24776663]
[0.75130847  0.74466544  0.75085719  0.75081397  0.75098893  0.7479621 
  0.74709031  0.74745349  0.74797629  0.7493776    0.74990566  0.74867276 
  0.75084723  0.74760055  0.74848847  0.74867549  0.74991556  0.75162205 
  0.75358057  0.74884384  0.75314468  0.74868366  0.74632337  0.74861082 
  0.75499203  0.74745274  0.7521016    0.74579724  0.74910812  0.75908533 
  0.75342402  0.75425627  0.75331154  0.74559105]
increment_80
[0.70029552  0.72843593  0.7053232    0.70488179  0.70271696  0.71414946 
  0.71926045  0.71677706  0.7150361    0.70827732  0.7060066    0.71818287 
  0.71486061  0.71632142  0.71272541  0.71192337  0.70537961  0.71798438 
  0.72287232  0.71828939  0.72177935  0.71167873  0.72451106  0.72475398 
  0.71583556  0.71888721  0.71329284  0.72379256  0.71037939  0.71798407 
  0.72766857  0.72757847  0.72086579  0.72496882]
[-0.44652417  -0.47109254  -0.46799055  -0.45960463  -0.45091262  -0.45661761 
  -0.46815932  -0.45961448  -0.46095877  -0.45136086  -0.44833961  -0.46890058 
  -0.46757971  -0.45880862  -0.45602625  -0.45471404  -0.44783167  -0.4634577 
  -0.46692703  -0.46124124  -0.46462761  -0.45410882  -0.46719624  -0.47096536 
  -0.45975158  -0.46147913  -0.4582419    -0.46636299  -0.45291575  -0.46054937 
  -0.4713926    -0.47026358  -0.46363687  -0.46756112]
[-0.48224805  -0.46451381  -0.4689526    -0.47397478  -0.47937313  -0.47470466 
  -0.4672843    -0.47262352  -0.47202944  -0.47848243  -0.48052939  -0.46578832 
  -0.46502354  -0.47315691  -0.47521539  -0.47608262  -0.48101782  -0.46529278 
  -0.46383165  -0.47013073  -0.46822131  -0.47644886  -0.46734767  -0.46487653 
  -0.47109626  -0.47103584  -0.4731866    -0.46782937  -0.47746        -0.47181665 
  -0.46442598  -0.46499293  -0.46912984  -0.4670089  ]
[0.21568735  0.22706074  0.24382463  0.23199428  0.22018104  0.21805514 
  0.23126865  0.22038508  0.22399449  0.21550004  0.21344809  0.23272323 
  0.23269182  0.21960155  0.21860699  0.21730593  0.21242165  0.22344262 
  0.22339733  0.22091051  0.2209563    0.21671019  0.22424923  0.22948882 
  0.21865166  0.22123485  0.22016772  0.22416693  0.215605      0.2162502 
  0.22540598  0.22338445  0.22013289  0.22492919]
[0.89860636  0.88292431  0.88734728  0.89171497  0.89620266  0.89200722 
  0.88522894  0.89000044  0.88958083  0.89535129  0.89730501  0.88486072 
  0.88587209  0.89042983  0.89233019  0.893136      0.8976649    0.88771038 
  0.88536974  0.88890066  0.88688203  0.89335273  0.88536265  0.88319007 
  0.88991207  0.88874337  0.89091348  0.88579124  0.89420193  0.88934253 
  0.88269295  0.8832671    0.88747831  0.8850074  ]
[-0.50839753  -0.49781937  -0.49855222  -0.5024746    -0.50646619  -0.50421853 
  -0.49870844  -0.50276689  -0.50210896  -0.50648782  -0.50787843  -0.49799938 
  -0.49896198  -0.50310957  -0.50433605  -0.50496718  -0.50832295  -0.50082042 
  -0.49513222  -0.50142788  -0.49423231  -0.50516859  -0.49876131  -0.49485661 
  -0.49541775  -0.50185386  -0.49937502  -0.49984535  -0.50555807  -0.48890598 
  -0.48860078  -0.4882679    -0.49395772  -0.49930211]
[0.59781165  0.58665122  0.59707374  0.59634285  0.59696951  0.59198295 
  0.59100212  0.59120195  0.59213447  0.59427817  0.59466439  0.59133888 
  0.59256397  0.59137084  0.59275456  0.59295613  0.59502227  0.58954159 
  0.58649475  0.59008108  0.5868718    0.59312077  0.58781112  0.58768211 
  0.58887775  0.59032916  0.59149523  0.58848248  0.5933388    0.58627717 
  0.58427328  0.58385419  0.58705979  0.5880739  ]
[0.24086354  0.25211405  0.2417119    0.24180837  0.24170268  0.24674305 
  0.24779906  0.24753609  0.24662187  0.24440494  0.2433928    0.24734996 
  0.24617955  0.24736163  0.24596526  0.24576038  0.24356709  0.24763407 
  0.24958879  0.24800417  0.24947392  0.24558338  0.25067433  0.25018993 
  0.24694347  0.2483066    0.24580028  0.25028323  0.24524888  0.24798042 
  0.25157439  0.25163844  0.24912049  0.25070001]
[0.75045026  0.74252447  0.74986081  0.74972243  0.74985738  0.74630944 
  0.74557498  0.74575967  0.7464002    0.74795495  0.74859734  0.74741498 
  0.74988664  0.74587783  0.74686905  0.7470078    0.74853357  0.75090015 
  0.75248116  0.7474059    0.75168373  0.74714751  0.7444108    0.74675964 
  0.75500058  0.74553959  0.75144485  0.7438277    0.74772124  0.75899978 
  0.75184039  0.75282623  0.75242008  0.74352588]
increment_90
[0.69364716  0.72588579  0.69952784  0.69935261  0.69718088  0.7100477 
  0.71453073  0.71263212  0.7108911    0.70350549  0.70116484  0.71412258 
  0.70996162  0.71240067  0.70865592  0.70791422  0.70054151  0.71301767 
  0.71981143  0.71393406  0.71870852  0.70722053  0.72225674  0.72238353 
  0.71097669  0.71570487  0.70851034  0.72057452  0.70552336  0.71373612 
  0.72510281  0.72540977  0.71751226  0.72227643]
[-0.44098562  -0.46851354  -0.46533317  -0.45607595  -0.44602506  -0.45246418 
  -0.465191      -0.45551716  -0.45766545  -0.44660519  -0.44342959  -0.46630508 
  -0.46497982  -0.4548411    -0.4521586    -0.45066469  -0.44295272  -0.45967322 
  -0.4640641    -0.45686909  -0.46153819  -0.44960332  -0.464952      -0.46949327 
  -0.45580995  -0.45826011  -0.45416059  -0.4631053    -0.44801714  -0.45628363 
  -0.46906873  -0.46807115  -0.46025855  -0.46483485]
[-0.48628017  -0.46633004  -0.47118024  -0.47668911  -0.48289413  -0.47762909 
  -0.46957628  -0.47551958  -0.47444859  -0.48183935  -0.48398563  -0.46761058 
  -0.4667007    -0.4759506    -0.47796669  -0.47893488  -0.48447656  -0.46759822 
  -0.46541711  -0.47310811  -0.47033621  -0.4796222    -0.4689681    -0.46601581 
  -0.47394323  -0.4733031    -0.47599738  -0.47012024  -0.4809294    -0.47476765 
  -0.46609498  -0.46652992  -0.47145904  -0.46892848]
[0.20958557  0.22148687  0.24131338  0.22803665  0.21409444  0.21158047 
  0.22712641  0.21400891  0.21886259  0.20878496  0.20683901  0.22837131 
  0.22895139  0.21322902  0.21254432  0.21091151  0.20568033  0.21794884 
  0.21764225  0.21427161  0.21499191  0.21005197  0.21877882  0.22540014 
  0.21267427  0.21530833  0.21416993  0.21818247  0.20865005  0.20925273 
  0.22012635  0.21788012  0.21379915  0.2192822  ]
[0.90609417  0.88858921  0.89348988  0.89821169  0.90328968  0.89856459 
  0.89136606  0.89656536  0.89575004  0.90226664  0.90430241  0.89071794 
  0.8918169    0.89688599  0.89874169  0.89962907  0.90462051  0.89423965 
  0.89120783  0.89562278  0.89282039  0.90010457  0.89079801  0.88826552 
  0.89648986  0.8947495    0.89753783  0.8918514    0.90119781  0.89597103 
  0.88821525  0.88865754  0.89358661  0.89072584]
[-0.513524      -0.5018057    -0.50247661  -0.50677192  -0.51135336  -0.50883544 
  -0.50281002  -0.50737727  -0.50634344  -0.51134404  -0.51277135  -0.50173728 
  -0.50293316  -0.50765502  -0.50881933  -0.50953647  -0.51322716  -0.50514517 
  -0.49900669  -0.50614478  -0.49811057  -0.50992174  -0.50241962  -0.49819945 
  -0.49856008  -0.50608497  -0.50336112  -0.50411241  -0.51041899  -0.49214976 
  -0.49210629  -0.49151091  -0.49734284  -0.50332825]
[0.59666848  0.58360011  0.59566342  0.59470792  0.59527391  0.58960928 
  0.58901079  0.58882966  0.58987289  0.59219197  0.59249776  0.58897946 
  0.59069713  0.58891507  0.59040588  0.59055264  0.59291795  0.5874164 
  0.58347967  0.58774268  0.5839492    0.59090819  0.58459217  0.58466388 
  0.58641343  0.5875794    0.58923562  0.58571471  0.59123968  0.58347915 
  0.58117319  0.58051326  0.58405448  0.58511909]
[0.242027      0.255188      0.2431675    0.24334892  0.24337694  0.24914666 
  0.24984159  0.24994017  0.24892832  0.24649885  0.24529473  0.24970804 
  0.24819167  0.24984847  0.2483477    0.24819581  0.2455498    0.24965026 
  0.25241397  0.25032544  0.25230838  0.24782396  0.25386419  0.25322885 
  0.24897013  0.25109117  0.24786464  0.25308496  0.24734605  0.25031913 
  0.25460422  0.25483409  0.2518378    0.2536921  ]
[0.74963133  0.74035836  0.74883821  0.74862434  0.74867352  0.74461707 
  0.74414284  0.74406711  0.74477886  0.74647854  0.7472256    0.74616371 
  0.74891525  0.744127      0.74519268  0.74529371  0.7471209    0.75020928 
  0.75120206  0.74591109  0.75006156  0.74556999  0.74237334  0.74474565 
  0.7550142    0.74357895  0.75074222  0.74185789  0.74632976  0.75883117 
  0.75005563  0.75113635  0.75148058  0.74141935]
increment_100
[0.68700883  0.72333314  0.69386764  0.6938968    0.69190513  0.70606386 
  0.70946429  0.70842701  0.70691185  0.69892844  0.69662714  0.71002496 
  0.7048665    0.70851414  0.70472325  0.70402712  0.6959115    0.70762558 
  0.71676822  0.70947201  0.71567298  0.70286592  0.72013522  0.72023655 
  0.70590364  0.71258809  0.70364675  0.71730398  0.70064997  0.7095249 
  0.72255742  0.72324999  0.71419627  0.71960054]
[-0.43570032  -0.46593158  -0.46268159  -0.45277176  -0.44128539  -0.44843033 
  -0.46217684  -0.45139666  -0.45454131  -0.44202231  -0.43882511  -0.46357318 
  -0.46247119  -0.45090899  -0.44847725  -0.4467337    -0.43827445  -0.45583754 
  -0.46122085  -0.45237429  -0.45848023  -0.44520632  -0.4628515    -0.46817169 
  -0.45195911  -0.45510825  -0.45005785  -0.45979449  -0.44311186  -0.45206901 
  -0.46681662  -0.46588955  -0.4569172    -0.46212549]
[-0.49016097  -0.46814831  -0.47338922  -0.47926206  -0.48629814  -0.48046934 
  -0.4719334    -0.47843615  -0.47674878  -0.48507189  -0.48722647  -0.46956768 
  -0.46843972  -0.47871949  -0.48059213  -0.48170322  -0.4877847    -0.47012278 
  -0.46706221  -0.47622377  -0.47244173  -0.48271964  -0.47049823  -0.46704157 
  -0.47678672  -0.47552339  -0.47886694  -0.47244832  -0.48441536  -0.47768246 
  -0.46771967  -0.46806149  -0.47376972  -0.47083617]
[0.20385877  0.21587616  0.23870062  0.22433071  0.20807472  0.20515177 
  0.22319048  0.20762719  0.21380943  0.20214384  0.20046692  0.223837 
  0.22552885  0.20684462  0.20660503  0.20456103  0.19914899  0.21276477 
  0.21191183  0.20754464  0.20902681  0.20343434  0.2133547    0.22130275 
  0.20705167  0.20938724  0.20822826  0.2121289    0.20165531  0.20230734 
  0.21494348  0.21239278  0.20746503  0.21360324]
[0.91347783  0.89429623  0.89965751  0.90463299  0.91030086  0.90507574 
  0.89762527  0.90317611  0.90185472  0.90909135  0.91114808  0.89669993 
  0.89780221  0.90335499  0.90508096  0.90607253  0.9114868    0.9008876 
  0.89707459  0.90244232  0.89878267  0.90681916  0.89618813  0.89329296 
  0.9030929    0.90075105  0.90421862  0.89798155  0.90821802  0.9025983 
  0.89374004  0.89408362  0.8997083    0.8964769  ]
[-0.51854646  -0.50582116  -0.50642728  -0.51099615  -0.51618802  -0.51341977 
  -0.50696043  -0.51201546  -0.5105307    -0.51613819  -0.51754762  -0.50549375 
  -0.50689413  -0.51220943  -0.51324638  -0.51407156  -0.51804668  -0.50948051 
  -0.50298189  -0.51094605  -0.50207481  -0.51464824  -0.50609466  -0.5015441 
  -0.5018194    -0.51031279  -0.5074469    -0.50842878  -0.51529366  -0.49550383 
  -0.49574198  -0.49492915  -0.50077172  -0.50737733]
[0.59555689  0.58050858  0.59419827  0.59305869  0.5934183    0.58716324 
  0.58715551  0.58646068  0.58752586  0.59000886  0.59015435  0.58658208 
  0.58893636  0.5864122    0.58797973  0.5880783    0.59066643  0.58551806 
  0.5804723    0.58544186  0.58099652  0.58862775  0.58128788  0.58152328 
  0.58409866  0.58476849  0.58702788  0.5829303    0.58911808  0.58067813 
  0.57808057  0.57717795  0.58101283  0.58211553]
[0.24315693  0.25829811  0.24468987  0.24491624  0.24512388  0.2516234 
  0.25175136  0.2523414    0.25132599  0.24868432  0.24729272  0.25208108 
  0.2501234    0.25238304  0.25081005  0.25070314  0.24756987  0.25148281 
  0.25528327  0.25263069  0.25520057  0.25013336  0.25715305  0.25640739 
  0.25090273  0.25393779  0.24991186  0.25590348  0.24946087  0.25269792 
  0.25767349  0.25807505  0.25460575  0.25673356]
[0.74883577  0.73816626  0.74776988  0.74750873  0.74742856  0.74287318 
  0.74280487  0.74237659  0.7430939    0.74493692  0.74577697  0.74492775 
  0.74791279  0.74234252  0.74345972  0.74352885  0.74566955  0.74954761 
  0.74974231  0.74436184  0.74831735  0.74394392  0.74022868  0.74260488 
  0.75493266  0.74157431  0.74994836  0.73987644  0.74494109  0.75852423 
  0.74810815  0.74926225  0.75046409  0.73927804]
increment_110
[0.68037815  0.72077558  0.68840356  0.68856113  0.68696137  0.70218426 
  0.70400087  0.70424075  0.70312868  0.69456187  0.69239047  0.70591092 
  0.69961197  0.7047283    0.70092391  0.70028679  0.69147393  0.7018069 
  0.71379282  0.70489773  0.71273163  0.69864274  0.71818558  0.71827721 
  0.70067574  0.70952943  0.69870391  0.71401651  0.69579659  0.70539046 
  0.7200581    0.72106635  0.71095621  0.71691522]
[-0.430725      -0.4633444    -0.46008859  -0.44969347  -0.43680148  -0.44450236 
  -0.4591614    -0.4473287    -0.45157276  -0.43763016  -0.43452258  -0.46074699 
  -0.46001263  -0.44707931  -0.4449893    -0.44294811  -0.43378532  -0.45200682 
  -0.4584572    -0.44775785  -0.45551305  -0.44094559  -0.46093587  -0.4669066 
  -0.44819498  -0.45201649  -0.4459617    -0.45646642  -0.43824845  -0.44795361 
  -0.46471323  -0.46369052  -0.45365338  -0.45940711]
[-0.49385705  -0.46997022  -0.47554141  -0.48168754  -0.48951309  -0.48323507 
  -0.47433601  -0.48131945  -0.47893464  -0.48816765  -0.49025434  -0.47162075 
  -0.47029026  -0.48141636  -0.48308787  -0.48436883  -0.49095593  -0.47279963 
  -0.46875274  -0.4794599    -0.47449712  -0.48572152  -0.47191037  -0.46801312 
  -0.47961743  -0.47770161  -0.48178765  -0.47478893  -0.48789533  -0.48055017 
  -0.46925194  -0.46960754  -0.47603196  -0.47275027]
[0.19858553  0.21022457  0.23599768  0.22085098  0.2022803    0.19875319 
  0.21958033  0.20128632  0.20878149  0.19558045  0.19437153  0.21915368 
  0.22237757  0.20048919  0.20079812  0.19826823  0.19282435  0.20797844 
  0.20624561  0.20072656  0.20308561  0.19687223  0.20799332  0.21707716 
  0.20175105  0.20346843  0.2023932    0.20602681  0.19463568  0.19545994 
  0.20993425  0.20689089  0.20116776  0.20787845]
[0.92074448  0.90004795  0.90581521  0.91098348  0.91719238  0.91155717 
  0.90399779  0.90978205  0.90790401  0.91581902  0.91786325  0.90278116 
  0.90385504  0.90979521  0.91135037  0.91245436  0.91828602  0.90762744 
  0.90293589  0.90936171  0.90473165  0.91348099  0.90150469  0.89832858 
  0.90971656  0.90675166  0.91094365  0.90416085  0.91523551  0.90919996 
  0.89923216  0.89956445  0.90581791  0.90227492]
[-0.52344846  -0.50986772  -0.51038223  -0.51515292  -0.52092637  -0.51798309 
  -0.51114165  -0.51664619  -0.51468231  -0.52086606  -0.52221535  -0.50924564 
  -0.51086517  -0.51674352  -0.51761725  -0.51856377  -0.52280014  -0.51380744 
  -0.50699439  -0.51582869  -0.50606222  -0.5193372    -0.50973485  -0.50491655 
  -0.50526247  -0.51453983  -0.51163844  -0.5127798    -0.52017064  -0.49897026 
  -0.49945046  -0.4984828    -0.50425923  -0.51145945]
[0.59447759  0.57737721  0.5926559    0.5913549    0.59133185  0.58464206 
  0.5854736    0.58406875  0.58507018  0.58771957  0.58759853  0.58413946 
  0.58724669  0.58383698  0.5854748    0.58551937  0.58825258  0.58385443 
  0.57744871  0.58317196  0.5779798    0.58626716  0.57787502  0.57825425 
  0.58192941  0.58190008  0.58488283  0.58011444  0.58695149  0.57786924 
  0.57497819  0.57384281  0.5779314    0.57907483]
[0.24424908  0.26144557  0.24631172  0.24652766  0.24693196  0.25417581 
  0.25349012  0.25476655  0.25383893  0.25097485  0.24936309  0.25447819 
  0.25197727  0.2549909    0.25335366  0.25329627  0.24962049  0.2531114 
  0.25821784  0.2549196    0.25817306  0.25252398  0.26055347  0.25972463 
  0.25276435  0.25684273  0.25193866  0.25875397  0.25161479  0.25513603 
  0.26079129  0.26134903  0.25743845  0.25981264]
[0.74806615  0.73594753  0.74663389  0.74636082  0.74612131  0.74107597 
  0.74158727  0.7406693    0.74132833  0.74332107  0.74426147  0.74371613 
  0.74684408  0.74050639  0.74166953  0.74170344  0.7441818    0.7489527 
  0.74809649  0.74277957  0.74647045  0.74226063  0.7380008    0.7403585 
  0.75468063  0.73952843  0.74903746  0.73787212  0.74354414  0.75802294 
  0.74601807  0.74726586  0.74932902  0.73711021]
increment_120
[0.67373368  0.71815831  0.68310574  0.68336783  0.68238679  0.69836851 
  0.69808358  0.70015553  0.6995021    0.69041489  0.68840728  0.70167331 
  0.69422675  0.70108855  0.69719527  0.69670484  0.68717854  0.69558335 
  0.71088783  0.70016787  0.70989092  0.69450756  0.71639716  0.71640664 
  0.6953273    0.70649991  0.69367298  0.7107025    0.69096369  0.70133046 
  0.71759001  0.71881601  0.70779702  0.71417131]
[-0.42613926  -0.4606961    -0.45766509  -0.44677938  -0.43262712  -0.44063938 
  -0.45609022  -0.44341239  -0.44866502  -0.43344719  -0.43047284  -0.45792971 
  -0.45747186  -0.44339916  -0.44160693  -0.43932165  -0.42943625  -0.4482371 
  -0.45579643  -0.44298155  -0.45264258  -0.43677638  -0.45918988  -0.46560122 
  -0.44447916  -0.44895693  -0.4418848    -0.45311112  -0.43343978  -0.44396314 
  -0.46281164  -0.46144479  -0.45047464  -0.45663058]
[-0.49732366  -0.47183509  -0.47757439  -0.48399962  -0.49250287  -0.48595509 
  -0.47682275  -0.48410144  -0.48106684  -0.49111467  -0.49310374  -0.47372075 
  -0.47230848  -0.48400816  -0.48551305  -0.48692225  -0.49402762  -0.47552811 
  -0.47048824  -0.48282529  -0.47650011  -0.48865923  -0.47321003  -0.4689988 
  -0.48244497  -0.47985764  -0.48474056  -0.47714968  -0.49137373  -0.48335838 
  -0.47066259  -0.47118935  -0.47823828  -0.47470543]
[0.19388906  0.20448431  0.23336535  0.21750357  0.19684277  0.19235533 
  0.21627443  0.19504985  0.20366656  0.18909806  0.18856273  0.21455176 
  0.21929485  0.19418778  0.1950455    0.19203013  0.18664663  0.20363183 
  0.20066158  0.1937895    0.19715227  0.19033472  0.2026718    0.21265506 
  0.19668722  0.19752758  0.19668687  0.19986204  0.18758326  0.1887439 
  0.20516291  0.20134406  0.19490658  0.20207497]
[0.92787629  0.90589468  0.91193236  0.91730073  0.92397373  0.91803915 
  0.91051927  0.91633527  0.91395683  0.9224557    0.92449745  0.90893675 
  0.91003964  0.91618243  0.91760599  0.91877949  0.9250563    0.91443257 
  0.90879326  0.91640692  0.91067242  0.92012067  0.9067673    0.90343959 
  0.91637441  0.91277748  0.91771097  0.91040364  0.92224864  0.91577196 
  0.90468339  0.90512453  0.91191876  0.90815385]
[-0.52820552  -0.5139806    -0.51430518  -0.51927508  -0.52555918  -0.52254666 
  -0.51537742  -0.52123391  -0.51884604  -0.52553085  -0.52680278  -0.51296096 
  -0.5149076    -0.52124009  -0.52197388  -0.52301629  -0.52751947  -0.51812916 
  -0.51101991  -0.52080508  -0.51004292  -0.52401026  -0.51332237  -0.5083475 
  -0.50890676  -0.51878434  -0.5159352    -0.51717555  -0.52507039  -0.50254293 
  -0.50318009  -0.50212711  -0.50780979  -0.51559841]
[0.59344359  0.57421059  0.59103869  0.58956241  0.58892317  0.5820561 
  0.58399622  0.58161462  0.58250573  0.58530517  0.58481487  0.58170897 
  0.58559081  0.58116758  0.58290835  0.5828586    0.58569795  0.58242381 
  0.57439394  0.58094102  0.57487711  0.58383998  0.57434081  0.5748801 
  0.57988785  0.57897692  0.58280432  0.5772629    0.58473151  0.57505072 
  0.57185472  0.57050137  0.57480114  0.57601242]
[0.24528843  0.26462354  0.24803026  0.24819482  0.24876892  0.2567929 
  0.25502524  0.2572555    0.25646734  0.25338904  0.25146469  0.25684836 
  0.25376897  0.25769418  0.25596094  0.25599266  0.25170166  0.25453859 
  0.2612293    0.25717602  0.26123757  0.25498212  0.26406957  0.26315073 
  0.25457116  0.25980324  0.25393907  0.26164095  0.25381901  0.25763639 
  0.2639574    0.26464215  0.2603451    0.2629137  ]
[0.74733286  0.73370674  0.74543217  0.74516986  0.74476057  0.73923312 
  0.74051275  0.73891716  0.73948187  0.74161782  0.74270172  0.74255605 
  0.74571401  0.73860304  0.73983461  0.73980525  0.74266007  0.7484626 
  0.74626388  0.74119947  0.74454394  0.74052979  0.73571312  0.73804386 
  0.75425585  0.73744319  0.74802219  0.73584113  0.74212288  0.75732237 
  0.74382314  0.74521831  0.74806888  0.73492689]
