inc
Fp11
Fp12
Fp13
Fp21
Fp22
Fp23
Fp31
Fp32
Fp33
increment_0
[0.32820659  0.32820659  0.32820659  0.32820659  0.32820659  0.32820659 
  0.32820659  0.32820659  0.32820659  0.32820659  0.32820659  0.32820659 
  0.32820659  0.32820659  0.32820659  0.32820659  0.32820659  0.32820659 
  0.32820659  0.32820659  0.32820659  0.32820659  0.32820659  0.32820659 
  0.32820659  0.32820659]
[-0.09479009  -0.09479009  -0.09479009  -0.09479009  -0.09479009  -0.09479009 
  -0.09479009  -0.09479009  -0.09479009  -0.09479009  -0.09479009  -0.09479009 
  -0.09479009  -0.09479009  -0.09479009  -0.09479009  -0.09479009  -0.09479009 
  -0.09479009  -0.09479009  -0.09479009  -0.09479009  -0.09479009  -0.09479009 
  -0.09479009  -0.09479009]
[-0.9398379  -0.9398379  -0.9398379  -0.9398379  -0.9398379  -0.9398379 
  -0.9398379  -0.9398379  -0.9398379  -0.9398379  -0.9398379  -0.9398379 
  -0.9398379  -0.9398379  -0.9398379  -0.9398379  -0.9398379  -0.9398379 
  -0.9398379  -0.9398379  -0.9398379  -0.9398379  -0.9398379  -0.9398379 
  -0.9398379  -0.9398379]
[-0.92492232  -0.92492232  -0.92492232  -0.92492232  -0.92492232  -0.92492232 
  -0.92492232  -0.92492232  -0.92492232  -0.92492232  -0.92492232  -0.92492232 
  -0.92492232  -0.92492232  -0.92492232  -0.92492232  -0.92492232  -0.92492232 
  -0.92492232  -0.92492232  -0.92492232  -0.92492232  -0.92492232  -0.92492232 
  -0.92492232  -0.92492232]
[0.16980653  0.16980653  0.16980653  0.16980653  0.16980653  0.16980653 
  0.16980653  0.16980653  0.16980653  0.16980653  0.16980653  0.16980653 
  0.16980653  0.16980653  0.16980653  0.16980653  0.16980653  0.16980653 
  0.16980653  0.16980653  0.16980653  0.16980653  0.16980653  0.16980653 
  0.16980653  0.16980653]
[-0.34012416  -0.34012416  -0.34012416  -0.34012416  -0.34012416  -0.34012416 
  -0.34012416  -0.34012416  -0.34012416  -0.34012416  -0.34012416  -0.34012416 
  -0.34012416  -0.34012416  -0.34012416  -0.34012416  -0.34012416  -0.34012416 
  -0.34012416  -0.34012416  -0.34012416  -0.34012416  -0.34012416  -0.34012416 
  -0.34012416  -0.34012416]
[0.19183101  0.19183101  0.19183101  0.19183101  0.19183101  0.19183101 
  0.19183101  0.19183101  0.19183101  0.19183101  0.19183101  0.19183101 
  0.19183101  0.19183101  0.19183101  0.19183101  0.19183101  0.19183101 
  0.19183101  0.19183101  0.19183101  0.19183101  0.19183101  0.19183101 
  0.19183101  0.19183101]
[0.98090804  0.98090804  0.98090804  0.98090804  0.98090804  0.98090804 
  0.98090804  0.98090804  0.98090804  0.98090804  0.98090804  0.98090804 
  0.98090804  0.98090804  0.98090804  0.98090804  0.98090804  0.98090804 
  0.98090804  0.98090804  0.98090804  0.98090804  0.98090804  0.98090804 
  0.98090804  0.98090804]
[-0.03194185  -0.03194185  -0.03194185  -0.03194185  -0.03194185  -0.03194185 
  -0.03194185  -0.03194185  -0.03194185  -0.03194185  -0.03194185  -0.03194185 
  -0.03194185  -0.03194185  -0.03194185  -0.03194185  -0.03194185  -0.03194185 
  -0.03194185  -0.03194185  -0.03194185  -0.03194185  -0.03194185  -0.03194185 
  -0.03194185  -0.03194185]
increment_10
[0.33072533  0.33151008  0.3310548    0.3295748    0.33186947  0.33235632 
  0.3302859    0.33160427  0.32911806  0.32939874  0.32448001  0.32605075 
  0.32796295  0.32867592  0.32678632  0.3256715    0.32548969  0.32776308 
  0.32742651  0.32661939  0.32730118  0.32584106  0.33466608  0.33101214 
  0.32931641  0.3230438  ]
[-0.09415796  -0.09383576  -0.09465072  -0.09549961  -0.09382885  -0.09307446 
  -0.09581395  -0.09412507  -0.09550764  -0.09504543  -0.09913064  -0.09801798 
  -0.09540538  -0.09588828  -0.09658612  -0.09871926  -0.09826307  -0.09543707 
  -0.09639138  -0.09731454  -0.0959523    -0.09741353  -0.09248205  -0.09425317 
  -0.09588834  -0.10090155]
[-0.94334335  -0.94342586  -0.94502993  -0.94472699  -0.94413991  -0.9439329 
  -0.94710404  -0.94448818  -0.94385035  -0.94297762  -0.94584968  -0.94553645 
  -0.94125492  -0.94415012  -0.94256371  -0.94695141  -0.94519853  -0.9409547 
  -0.94322588  -0.94448486  -0.94171115  -0.94467415  -0.9454459    -0.94433303 
  -0.9454121    -0.94844766]
[-0.91548046  -0.91507052  -0.91479198  -0.91624385  -0.91460946  -0.91419031 
  -0.91384503  -0.91514082  -0.91748175  -0.91757099  -0.91905611  -0.91827032 
  -0.92017004  -0.91708172  -0.92009676  -0.91727368  -0.91916826  -0.92056944 
  -0.91835983  -0.91857924  -0.92059687  -0.9189402    -0.9117921    -0.91482919 
  -0.91549092  -0.91714438]
[0.1724912    0.17336513  0.17393004  0.17299075  0.17387066  0.17360045 
  0.17499386  0.17390773  0.17224737  0.17177649  0.17181204  0.17221204 
  0.16893205  0.17207892  0.16883666  0.17350356  0.17179943  0.16773127 
  0.16981073  0.17126982  0.16833929  0.17115943  0.1759244    0.17276211 
  0.17319039  0.17164053]
[-0.34202528  -0.34243031  -0.3407751    -0.33980684  -0.34207394  -0.34266999 
  -0.33881202  -0.34127075  -0.33992631  -0.34088291  -0.33525276  -0.3365865 
  -0.34089869  -0.33964399  -0.33915742  -0.33543586  -0.3362722    -0.34099401 
  -0.33986804  -0.3377733    -0.34000559  -0.33752525  -0.34319368  -0.34146639 
  -0.33937646  -0.33467584]
[0.19362261  0.19386983  0.19264381  0.19192893  0.19356913  0.19441626 
  0.19191807  0.19301585  0.19191346  0.19239428  0.18984032  0.19045309 
  0.19086337  0.19164264  0.18945261  0.19062246  0.19026778  0.18975655 
  0.19029604  0.19041814  0.18958677  0.18976844  0.19424855  0.19329839 
  0.19165451  0.18809054]
[0.98421224  0.98394007  0.98349311  0.9834718    0.98367689  0.98384015 
  0.98322389  0.98329164  0.98337432  0.98371991  0.98331176  0.98328002 
  0.98416363  0.98376754  0.98418391  0.98307458  0.98313125  0.98454476 
  0.98440075  0.98362854  0.98417474  0.98358286  0.9833992    0.98399888 
  0.9837602    0.98351195]
[-0.03258941  -0.03272214  -0.03217194  -0.03183725  -0.03259377  -0.03297992 
  -0.03184668  -0.03239819  -0.03183496  -0.03203994  -0.03085071  -0.0311454 
  -0.03129621  -0.03168624  -0.0306332    -0.0312412    -0.03106354  -0.03075925 
  -0.03134376  -0.03111474  -0.03069795  -0.03127688  -0.03292738  -0.03244742 
  -0.03169747  -0.03168216]
increment_20
[0.33420791  0.33632117  0.33524149  0.33248278  0.3375377    0.33803319 
  0.33325541  0.33514344  0.32972861  0.33050672  0.32017601  0.3245089 
  0.32800942  0.32917708  0.32508507  0.32156796  0.32218657  0.32697364 
  0.32625122  0.32451775  0.32611152  0.32106932  0.34240446  0.33469601 
  0.33048104  0.31578114]
[-0.09287184  -0.09248258  -0.09401558  -0.09573797  -0.09184629  -0.09065794 
  -0.09689166  -0.09343936  -0.09688058  -0.09574319  -0.1041757    -0.1011707 
  -0.09565162  -0.09743954  -0.09871351  -0.10437069  -0.10222239  -0.09648005 
  -0.09866997  -0.10047176  -0.09724977  -0.102211      -0.08979094  -0.09319301 
  -0.09736723  -0.109497    ]
[-0.9487623    -0.94877149  -0.95134633  -0.95120606  -0.94933466  -0.9489104 
  -0.95625464  -0.94936936  -0.94927969  -0.94730979  -0.95275671  -0.95215315 
  -0.94209819  -0.94989922  -0.94569464  -0.95617766  -0.95091269  -0.94257177 
  -0.9478536    -0.94999301  -0.94359181  -0.95268021  -0.95242415  -0.9509144 
  -0.95221766  -0.96021325]
[-0.90349721  -0.90252944  -0.90223342  -0.90452858  -0.90148568  -0.9011304 
  -0.90019602  -0.90492911  -0.90822425  -0.9087177    -0.91220218  -0.90977178 
  -0.91464956  -0.90753708  -0.91463334  -0.90838039  -0.9127249    -0.91552595 
  -0.91074406  -0.91126262  -0.91580555  -0.9112263    -0.89626308  -0.90217934 
  -0.90471893  -0.90752818]
[0.17489122  0.17874026  0.17948583  0.17805566  0.17960888  0.17884038 
  0.18173281  0.17796395  0.17533096  0.17433312  0.17383337  0.17543456 
  0.16771398  0.17530642  0.16756452  0.17824317  0.17324435  0.16513938 
  0.17028779  0.17272684  0.16569766  0.17419148  0.18338049  0.17488068 
  0.17756451  0.17279973]
[-0.3437174    -0.34488555  -0.34204538  -0.33999996  -0.34529366  -0.34607156 
  -0.33731871  -0.3406504    -0.33907873  -0.34115068  -0.32974694  -0.33309901 
  -0.34266665  -0.33859004  -0.33801484  -0.32859922  -0.33198215  -0.34159136 
  -0.33906024  -0.33486724  -0.34005767  -0.33202713  -0.34661051  -0.34243875 
  -0.3381114    -0.32852812]
[0.19622891  0.19624891  0.19421809  0.19284879  0.19656413  0.19794886 
  0.19242186  0.19428606  0.19176684  0.19273026  0.18733018  0.18935071 
  0.19047585  0.19140388  0.18655939  0.18900761  0.18799982  0.18681507 
  0.18840079  0.18848594  0.18617119  0.18673885  0.19700786  0.19540451 
  0.19170342  0.18187517]
[0.98790507  0.98702735  0.98641277  0.98638188  0.98677346  0.98702709 
  0.98581044  0.98652265  0.98651647  0.98700255  0.98635137  0.98623679 
  0.98826771  0.98697807  0.98802371  0.98555684  0.986316      0.98884114 
  0.98804521  0.98696785  0.98839216  0.98648133  0.98617088  0.98757001 
  0.98676509  0.98632199]
[-0.03361362  -0.03367594  -0.032744      -0.03209972  -0.0338236    -0.0344563 
  -0.03192984  -0.03327738  -0.03157264  -0.03200181  -0.02942209  -0.03030233 
  -0.0308464    -0.03138646  -0.02902984  -0.03029773  -0.02954088  -0.02912413 
  -0.0308757    -0.02998315  -0.02883531  -0.03062093  -0.03406875  -0.03323693 
  -0.03154079  -0.03246549]
increment_30
[0.33737186  0.3405053    0.33825091  0.33503675  0.34314502  0.34388398 
  0.33615049  0.33799288  0.3299882    0.33137714  0.31562711  0.32362503 
  0.3280523    0.32971238  0.32330694  0.3172692    0.31918732  0.32610334 
  0.32524114  0.32238586  0.32513051  0.31619868  0.34987308  0.33826744 
  0.33103939  0.30854436]
[-0.0917789    -0.09156084  -0.09420539  -0.09609795  -0.08997804  -0.08831582 
  -0.09801576  -0.09320406  -0.0985867    -0.09680141  -0.10957211  -0.10382752 
  -0.09585444  -0.09915882  -0.10104041  -0.11046134  -0.10582818  -0.09764103 
  -0.10101009  -0.10379017  -0.09833195  -0.1077039    -0.08746519  -0.09226572 
  -0.09914139  -0.11824933]
[-0.95432077  -0.95422629  -0.95788232  -0.95736421  -0.95472814  -0.95403768 
  -0.96539711  -0.95429006  -0.95502019  -0.95226829  -0.96011276  -0.95850119 
  -0.94279672  -0.9562036    -0.94922703  -0.96624224  -0.95612035  -0.94434583 
  -0.95292981  -0.95584561  -0.94517633  -0.96189998  -0.9600319    -0.95745635 
  -0.95868092  -0.97208926]
[-0.8916679    -0.89038435  -0.89039821  -0.89325894  -0.88828065  -0.8878337 
  -0.88675064  -0.89533172  -0.89890674  -0.89950492  -0.90519288  -0.90118011 
  -0.90918649  -0.89758025  -0.90878549  -0.89902515  -0.90653471  -0.91043031 
  -0.90274468  -0.90369901  -0.91101762  -0.90265273  -0.88056817  -0.88960573 
  -0.89468412  -0.89796974]
[0.17644304  0.18379125  0.18454473  0.18265624  0.18540218  0.1843823 
  0.18840418  0.18181396  0.1783599    0.17710938  0.17626892  0.17898636 
  0.16633332  0.17894894  0.16667979  0.18373081  0.17465259  0.16261381 
  0.17148995  0.17447545  0.16269241  0.1782244    0.19098317  0.17671144 
  0.18126049  0.17368477]
[-0.34522678  -0.34687022  -0.34237429  -0.34026574  -0.34840038  -0.34957035 
  -0.33588804  -0.33911851  -0.33788103  -0.34092102  -0.32377692  -0.32973958 
  -0.34453112  -0.3372719    -0.33663432  -0.32112687  -0.32783514  -0.34203643 
  -0.33789199  -0.3317675    -0.34052706  -0.32575283  -0.3494832    -0.34346956 
  -0.33670081  -0.32263304]
[0.19873654  0.19829148  0.19523176  0.19374527  0.19945657  0.20140281 
  0.19296187  0.19531835  0.19139597  0.19279808  0.1849109    0.18879592 
  0.19007884  0.19117942  0.18379341  0.18754144  0.18601101  0.18381265 
  0.18684543  0.18662146  0.18267032  0.18399893  0.19946501  0.19751785 
  0.19149346  0.1754415  ]
[0.99179281  0.99021846  0.98944709  0.98948811  0.98992634  0.99025756 
  0.9884617    0.98985296  0.98981784  0.9903811    0.98934093  0.98928639 
  0.99249935  0.99018881  0.99191702  0.98793273  0.98967761  0.99315307 
  0.99161458  0.9903306    0.99281582  0.98919634  0.98896796  0.99134188 
  0.98994762  0.98918233]
[-0.03460055  -0.03446956  -0.03304558  -0.03234099  -0.03501112  -0.03590365 
  -0.03202678  -0.03387355  -0.03118487  -0.03182733  -0.02798958  -0.02946217 
  -0.03037346  -0.03109046  -0.02746149  -0.02939966  -0.02773705  -0.02744725 
  -0.03036922  -0.02885506  -0.02690552  -0.03009175  -0.03507882  -0.03403687 
  -0.03124035  -0.03331136]
increment_40
[0.34019204  0.3443481    0.34058524  0.33719912  0.34877466  0.34986651 
  0.33904422  0.34055001  0.33006467  0.33219539  0.3107091    0.32296184 
  0.32808978  0.33018006  0.3214512    0.31305333  0.31654215  0.32513175 
  0.32417228  0.32012933  0.32437322  0.31128454  0.35712757  0.3417013 
  0.33120836  0.30114361]
[-0.09087992  -0.09088337  -0.0948476    -0.0966218    -0.08825796  -0.08598434 
  -0.09916872  -0.09313575  -0.10051118  -0.09808261  -0.11547531  -0.1062555 
  -0.09606599  -0.1011879    -0.10355852  -0.11680199  -0.10903837  -0.09899409 
  -0.10354772  -0.10730124  -0.09913709  -0.11353885  -0.0854359    -0.09155534 
  -0.10120079  -0.12741158]
[-0.95967487  -0.9597765    -0.96446815  -0.96324952  -0.96063268  -0.95932394 
  -0.97463652  -0.95915534  -0.96103619  -0.95779217  -0.96812824  -0.9645467 
  -0.94350721  -0.96328573  -0.95311753  -0.97711879  -0.9608235    -0.94644936 
  -0.95842289  -0.96194371  -0.94637288  -0.9721136    -0.96816315  -0.96393698 
  -0.96520802  -0.98443092]
[-0.88022982  -0.87844453  -0.87906252  -0.88246443  -0.87478566  -0.87437543 
  -0.87342971  -0.88583572  -0.88955719  -0.88992775  -0.89797096  -0.89280863 
  -0.90362976  -0.88715774  -0.90266508  -0.88913985  -0.9005431    -0.9050847 
  -0.89455112  -0.89609667  -0.90635276  -0.89339996  -0.86481475  -0.87722476 
  -0.88494167  -0.88832208]
[0.1773608    0.18866001  0.18922841  0.1867973    0.19139144  0.19009258 
  0.19515388  0.18556038  0.18145022  0.18023395  0.1794017    0.18254883 
  0.16482987  0.18312892  0.16613761  0.19005115  0.17582716  0.16040628 
  0.17312454  0.17638153  0.1592607    0.18315202  0.19870003  0.17835502 
  0.18473986  0.17463105]
[-0.34677944  -0.34860823  -0.34224301  -0.34051674  -0.35122638  -0.35310997 
  -0.33447604  -0.33784867  -0.33642968  -0.34034264  -0.31705684  -0.32630979 
  -0.34650442  -0.33547559  -0.33501341  -0.31322346  -0.32410144  -0.34223299 
  -0.33628367  -0.32843495  -0.34145398  -0.31902258  -0.35191818  -0.34454083 
  -0.33502023  -0.31664059]
[0.20120359  0.20015886  0.19594986  0.19454592  0.20211133  0.20481521 
  0.19353506  0.19639267  0.19091957  0.1927802    0.18268715  0.18851109 
  0.18957607  0.19091165  0.18112396  0.18631247  0.18414304  0.18090187 
  0.18536671  0.18475553  0.17905739  0.1814022    0.20169706  0.19952849 
  0.19108517  0.168861    ]
[0.99585221  0.99349966  0.99259469  0.99275963  0.99309484  0.9935124 
  0.99111974  0.99325658  0.99317142  0.99377804  0.99219277  0.99245227 
  0.99685801  0.99335537  0.9958272    0.99013858  0.99321342  0.99747244 
  0.99516743  0.99369932  0.99741254  0.99175058  0.99176257  0.99523433 
  0.99322322  0.99199344]
[-0.0355812    -0.03518156  -0.03319812  -0.03252616  -0.0360947    -0.03734052 
  -0.03214023  -0.0343412    -0.03073389  -0.03160558  -0.02657778  -0.02855554 
  -0.02985885  -0.03078464  -0.02591475  -0.02860094  -0.02579531  -0.02580032 
  -0.02974698  -0.02769232  -0.02490011  -0.02976711  -0.03599103  -0.03478743 
  -0.03082913  -0.03428391]
increment_50
[0.34268377  0.34805728  0.34253377  0.33896121  0.35443583  0.35586563 
  0.34191525  0.34284528  0.32998277  0.33300264  0.30548242  0.3223765 
  0.32811068  0.33052848  0.31950669  0.30906667  0.31421699  0.32406034 
  0.32304955  0.31780373  0.32378883  0.30629406  0.36413664  0.34496389 
  0.33096737  0.29343605]
[-0.09015609  -0.09030342  -0.09571433  -0.0973517    -0.08670087  -0.08369924 
  -0.1003967    -0.09316715  -0.10263098  -0.09956185  -0.12181939  -0.10857111 
  -0.09630056  -0.10357305  -0.10627333  -0.12324882  -0.11187908  -0.10056956 
  -0.10628736  -0.11097444  -0.09967619  -0.11956592  -0.0836869    -0.09113722 
  -0.10362999  -0.13718644]
[-0.96476452  -0.96538135  -0.97096838  -0.96896409  -0.96712479  -0.96471608 
  -0.98406324  -0.96381403  -0.96730974  -0.9638837    -0.97671214  -0.97036619 
  -0.94424867  -0.97117143  -0.9573425    -0.98866974  -0.96508245  -0.9489636 
  -0.96434918  -0.96829797  -0.94721148  -0.98321251  -0.97670158  -0.97041979 
  -0.97200314  -0.99750894]
[-0.8692159    -0.86659543  -0.86811928  -0.87208484  -0.86098087  -0.86087614 
  -0.86018623  -0.87651314  -0.88020503  -0.87999653  -0.89059914  -0.8846207 
  -0.89800355  -0.87633292  -0.89633483  -0.87879702  -0.89466283  -0.8994265 
  -0.88615181  -0.88840979  -0.90183074  -0.88363639  -0.84913942  -0.86504148 
  -0.87538089  -0.87849246]
[0.17769553  0.19343982  0.19358084  0.19052138  0.19761739  0.19586355 
  0.20196965  0.18906654  0.18461802  0.18374793  0.18328794  0.18599434 
  0.16316844  0.18782721  0.16589125  0.1970785    0.17653182  0.15862651 
  0.17519227  0.1785049    0.15542949  0.18897451  0.20645155  0.17969528 
  0.1881714    0.17585454]
[-0.34842314  -0.35028388  -0.34195489  -0.34066778  -0.35372778  -0.35664284 
  -0.33300925  -0.33699068  -0.33473966  -0.33943813  -0.30957066  -0.32291204 
  -0.34853298  -0.33317356  -0.33314808  -0.30509246  -0.32100971  -0.34213044 
  -0.33426568  -0.32488817  -0.34277089  -0.3118601    -0.35396834  -0.34559905 
  -0.33290346  -0.31031858]
[0.20363252  0.20198215  0.1965242    0.19518436  0.20452839  0.20818586 
  0.19412071  0.19752045  0.19036114  0.19272149  0.18075466  0.1883368 
  0.18889743  0.1905855    0.1785159    0.18531008  0.18217628  0.17812995 
  0.18396806  0.18293935  0.17529829  0.17890072  0.20375123  0.20135942 
  0.19046501  0.16215401]
[1.0000706    0.99685569  0.99585751  0.99618864  0.99626045  0.99680286 
  0.993785      0.99676045  0.99655524  0.9971672    0.99489565  0.9957452 
  1.00134685  0.99645309  0.99974752  0.9921802    0.99695818  1.00178115 
  0.99869863  0.9970714    1.00216573  0.99414148  0.99455522  0.99924375 
  0.99654302  0.9946725  ]
[-0.03654741  -0.0358776    -0.03327213  -0.03262116  -0.03707731  -0.03876607 
  -0.03226002  -0.03474185  -0.03023005  -0.03135845  -0.0251461    -0.0275908 
  -0.02926482  -0.03049181  -0.02437195  -0.02790397  -0.02382978  -0.02420565 
  -0.02904036  -0.02650568  -0.0228062    -0.02962688  -0.03682718  -0.03544448 
  -0.03030237  -0.03545328]
increment_60
[0.34488735  0.35172299  0.34424353  0.34034358  0.36011419  0.36180305 
  0.34479189  0.34488062  0.32975836  0.33381824  0.30004348  0.32181922 
  0.32811275  0.3307254    0.31747663  0.30534825  0.31216162  0.32293647 
  0.32195316  0.31550632  0.32330944  0.30128522  0.3708847    0.34807297 
  0.33020612  0.28536351]
[-0.08960086  -0.08971977  -0.09668672  -0.09831277  -0.0853144    -0.08149109 
  -0.10171043  -0.09327269  -0.10491887  -0.10120297  -0.12848891  -0.11084417 
  -0.09656409  -0.10632551  -0.109176      -0.12972445  -0.11442072  -0.10232243 
  -0.10917752  -0.11477131  -0.09997673  -0.12561049  -0.08220861  -0.0910685 
  -0.10653421  -0.14768122]
[-0.96958132  -0.97091121  -0.97730649  -0.97461373  -0.97420112  -0.97017433 
  -0.99375838  -0.96818766  -0.97382131  -0.97047165  -0.9857116    -0.97607362 
  -0.94503194  -0.97981722  -0.96187059  -1.00075044  -0.96900174  -0.95183902 
  -0.9707101    -0.97498434  -0.94775961  -0.99507854  -0.98558169  -0.97702277 
  -0.9791418    -1.01147108]
[-0.85861431  -0.85484312  -0.85751358  -0.86205287  -0.84691226  -0.84742343 
  -0.84695429  -0.86740681  -0.87086115  -0.86977798  -0.88317061  -0.87652233 
  -0.89232979  -0.86519058  -0.88983582  -0.86812881  -0.88880651  -0.89347607 
  -0.87749442  -0.8805258    -0.89744324  -0.87347634  -0.83361718  -0.85298416 
  -0.86604694  -0.86846636]
[0.17749111  0.19811948  0.19762042  0.19389475  0.20407542  0.20162925 
  0.20887706  0.19224952  0.1878695    0.18760833  0.18804059  0.18932986 
  0.16136681  0.19295755  0.16589746  0.20464705  0.17671796  0.15723244 
  0.17772811  0.18103143  0.15128995  0.19568758  0.21418954  0.18057907 
  0.19156667  0.17766908]
[-0.35016788  -0.35206247  -0.34166895  -0.34064425  -0.35590612  -0.36013661 
  -0.33145523  -0.33659762  -0.33283201  -0.33826958  -0.30126953  -0.3195913 
  -0.35056107  -0.33042334  -0.33105757  -0.29686319  -0.318608      -0.34179679 
  -0.3319284    -0.32110181  -0.3443752    -0.30433206  -0.35566467  -0.34658341 
  -0.33020641  -0.30340016]
[0.20599483  0.20387454  0.19702926  0.19561562  0.20673823  0.21150648 
  0.19471596  0.19869003  0.18973314  0.19264944  0.17928663  0.18820257 
  0.18804107  0.19018936  0.17594893  0.18449756  0.18003636  0.17549189 
  0.18269818  0.1812886    0.17139034  0.17648123  0.20565553  0.20296001 
  0.18958593  0.15548718]
[1.00444047  1.00029528  0.9992375    0.99975596  0.99941057  1.00013458 
  0.99645314  1.00038505  0.99997097  1.00054776  0.99743532  0.99915391 
  1.00595391  0.99947755  1.0036826    0.994074      1.00091177  1.00609193 
  1.00220081  1.00041643  1.00705073  0.996374      0.99735139  1.00338684 
  0.99988629  0.99712654]
[-0.03747005  -0.03661405  -0.03330247  -0.03260184  -0.03798136  -0.04017584 
  -0.03238448  -0.03509897  -0.02967687  -0.03109855  -0.02361559  -0.02658467 
  -0.02858147  -0.03025168  -0.02282158  -0.02729613  -0.02190038  -0.0226594 
  -0.02829562  -0.02532317  -0.02062613  -0.02963302  -0.03759994  -0.0359803 
  -0.02963986  -0.03682477]
increment_70
[0.34686555  0.35537089  0.34574661  0.34138366  0.36578066  0.36763642 
  0.34773668  0.34664095  0.32935472  0.33462015  0.29451213  0.32130823 
  0.3281087    0.33080749  0.31536853  0.30191216  0.31033677  0.32179509 
  0.32100887  0.31340226  0.32284553  0.2963385    0.37735914  0.35109119 
  0.32885536  0.27688127]
[-0.08920662  -0.0890667    -0.09773086  -0.0995241    -0.08411858  -0.07937158 
  -0.10308059  -0.09344392  -0.10738268  -0.10298295  -0.1353358    -0.11308273 
  -0.09685932  -0.10941771  -0.11225231  -0.13617035  -0.11674588  -0.10420819 
  -0.11212517  -0.11858754  -0.10005187  -0.13158006  -0.08101613  -0.0913797 
  -0.10997515  -0.1589984  ]
[-0.97415813  -0.97622107  -0.98343882  -0.98031767  -0.98186133  -0.97564879 
  -1.00375425  -0.97221636  -0.98058744  -0.97744246  -0.99494097  -0.98173085 
  -0.94588797  -0.989201      -0.96666349  -1.0132248    -0.97266678  -0.95500739 
  -0.97748236  -0.98202828  -0.94808523  -1.00767472  -0.99481829  -0.98386387 
  -0.98664256  -1.02648321]
[-0.84837199  -0.84323489  -0.84724572  -0.85227573  -0.83263297  -0.83408053 
  -0.83368187  -0.85854469  -0.8615416    -0.85938575  -0.8757792    -0.86845439 
  -0.88658135  -0.85375169  -0.88320438  -0.85724848  -0.88292203  -0.88727552 
  -0.86851573  -0.87234609  -0.8931898    -0.86295766  -0.81826197  -0.84094447 
  -0.85698718  -0.85822127]
[0.17680908  0.20265331  0.2013282    0.19701231  0.21075136  0.20735706 
  0.21590454  0.19502924  0.19122038  0.19170727  0.19372942  0.19260998 
  0.15952459  0.19849348  0.16610659  0.21258852  0.17642217  0.15614328 
  0.18075633  0.18416136  0.14698348  0.20329581  0.22191117  0.18081671 
  0.19490684  0.18050628]
[-0.35201159  -0.35407176  -0.34143453  -0.34038047  -0.35775631  -0.36359308 
  -0.3298305    -0.33672257  -0.33066361  -0.33689918  -0.29215373  -0.31634348 
  -0.35256192  -0.32729659  -0.32877185  -0.28864941  -0.31683834  -0.34130521 
  -0.32941706  -0.31707041  -0.34614613  -0.29646597  -0.35698671  -0.3474767 
  -0.32686524  -0.2955455  ]
[0.20825611  0.20592947  0.19747509  0.19582061  0.20875805  0.21478501 
  0.1953365    0.19987651  0.18901515  0.19256462  0.17843508  0.18811234 
  0.18708676  0.18974194  0.17340492  0.18383502  0.17773725  0.17295944 
  0.18161406  0.17995964  0.16735497  0.17414817  0.20741215  0.2043267 
  0.18842425  0.14909939]
[1.00895179  1.00383539  1.00274186  1.00344146  1.00253364  1.00351064 
  0.99912493  1.00415403  1.00342429  1.00393779  0.99980491  1.00266162 
  1.01064908  1.00242415  1.00764274  0.99585432  1.0050601    1.01042565 
  1.00567059  1.00370599  1.01203959  0.99844494  1.00015489  1.00769509 
  1.00324347  0.99923781]
[-0.0383224    -0.03743634  -0.03329229  -0.03245588  -0.03882881  -0.04157329 
  -0.03251904  -0.03541941  -0.02906075  -0.03082421  -0.02191345  -0.02555727 
  -0.02784453  -0.03009493  -0.02125256  -0.02675964  -0.02001441  -0.02114704 
  -0.02756458  -0.02416711  -0.0183736    -0.02974121  -0.03830867  -0.03638933 
  -0.02883924  -0.03839851]
increment_80
[0.34873535  0.35901543  0.34704962  0.34213824  0.37139905  0.37333474 
  0.35080061  0.34811145  0.3287199    0.33537324  0.28902407  0.32091373 
  0.3281196    0.33088116  0.3131829    0.29877097  0.30869592  0.32065627 
  0.32031889  0.31169068  0.32229853  0.29156852  0.3835684    0.3541075 
  0.32690947  0.26803703]
[-0.08896311  -0.08830773  -0.09884932  -0.10099383  -0.08314762  -0.0773487 
  -0.10445375  -0.09369003  -0.11006614  -0.10489751  -0.14219607  -0.11524037 
  -0.09719138  -0.11278523  -0.11550108  -0.14253294  -0.11894804  -0.10619564 
  -0.11504709  -0.12226441  -0.09992349  -0.13744846  -0.08012617  -0.09204802 
  -0.11395961  -0.17115347]
[-0.97862912  -0.98123508  -0.98938196  -0.98619979  -0.99013078  -0.98109954 
  -1.0139911    -0.97589404  -0.98766809  -0.98470605  -1.00421154  -0.98734272 
  -0.94687211  -0.99933417  -0.97170245  -1.02597334  -0.97616481  -0.9584131 
  -0.98463259  -0.98937599  -0.94826651  -1.02101512  -1.00447185  -0.99100002 
  -0.9944827    -1.04267147]
[-0.83834053  -0.83179508  -0.83729781  -0.8426432    -0.81818499  -0.82088827 
  -0.82039189  -0.84994388  -0.85225089  -0.84893141  -0.86848823  -0.86039124 
  -0.88069925  -0.84198057  -0.87646446  -0.8462336    -0.87697949  -0.88087347 
  -0.85918553  -0.86383914  -0.88906423  -0.85206162  -0.80304674  -0.82883666 
  -0.84822653  -0.84771849]
[0.17577376  0.20703579  0.20471317  0.19999917  0.21764134  0.2130258 
  0.22302526  0.1973489    0.19471359  0.19595171  0.20027191  0.19589874 
  0.15778645  0.20450113  0.16648799  0.22075148  0.17571511  0.15529519 
  0.18426802  0.18805122  0.14266731  0.21177356  0.22964726  0.18027061 
  0.19815865  0.18486653]
[-0.35392318  -0.35636875  -0.34123809  -0.33982803  -0.35924627  -0.36701775 
  -0.3281616    -0.33734151  -0.32814591  -0.33535544  -0.28236292  -0.31316153 
  -0.35451016  -0.32383426  -0.32630297  -0.28056108  -0.31558586  -0.34070656 
  -0.32686591  -0.31276452  -0.34795178  -0.28830042  -0.35789928  -0.3483254 
  -0.32290668  -0.28645227]
[0.21037694  0.2082059    0.19784613  0.19581392  0.21058912  0.21802987 
  0.19600766  0.20101891  0.1881865    0.19245686  0.17823164  0.18811725 
  0.18614158  0.18930041  0.17087125  0.18328834  0.17530686  0.17051091 
  0.18074503  0.17911088  0.1632204    0.1719195    0.20901801  0.20550711 
  0.18697762  0.14329713]
[1.01358098  1.00747327  1.00637003  1.0072185    1.00561983  1.00693732 
  1.00181852  1.00808374  1.00690613  1.00734359  1.00202372  1.00624868 
  1.01539424  1.0052813    1.01163384  0.99756886  1.00937965  1.01478974 
  1.00910422  1.00692765  1.01710698  1.00034694  1.00296519  1.01219254 
  1.00661117  1.00087805]
[-0.03908746  -0.03837108  -0.03323206  -0.03218843  -0.03963018  -0.04296187 
  -0.03266572  -0.03568765  -0.02836812  -0.03052893  -0.02001153  -0.02454104 
  -0.02710633  -0.03001669  -0.01965664  -0.02627568  -0.01816135  -0.01965965 
  -0.0268882    -0.02304086  -0.01606525  -0.02991262  -0.03894991  -0.03669173 
  -0.02791887  -0.04017289]
increment_90
[0.35064215  0.36267095  0.34814067  0.34262439  0.37694685  0.37889161 
  0.35400794  0.34930536  0.32783585  0.33606164  0.2836824    0.32069329 
  0.32816599  0.33105431  0.31091667  0.29596986  0.30719408  0.3195467 
  0.31991945  0.31051565  0.32159346  0.28714304  0.38952044  0.35714278 
  0.32440786  0.25905544]
[-0.08884033  -0.0874256    -0.10006827  -0.10274302  -0.08243955  -0.07541319 
  -0.10577017  -0.09401553  -0.11304529  -0.10696087  -0.14894998  -0.11726372 
  -0.09757026  -0.11638333  -0.11893088  -0.14873775  -0.12107198  -0.10826044 
  -0.11794106  -0.12567847  -0.09962296  -0.14317753  -0.07954088  -0.09304985 
  -0.11846186  -0.18401127]
[-0.98320589  -0.98593547  -0.99518653  -0.99234197  -0.9990728    -0.98649757 
  -1.0243401    -0.97925787  -0.99517569  -0.99226583  -1.01340443  -0.9928721 
  -0.94805413  -1.01029541  -0.97698959  -1.03890828  -0.97953427  -0.96203679 
  -0.9922354    -0.99697779  -0.94837491  -1.0351051    -1.01455695  -0.99833998 
  -1.00263098  -1.06014313]
[-0.82829515  -0.82051741  -0.82764752  -0.83310629  -0.80357647  -0.80785729 
  -0.80717638  -0.84159037  -0.84294105  -0.83844785  -0.86131147  -0.85235067 
  -0.87461597  -0.82980672  -0.8696282    -0.83510709  -0.87099653  -0.8742743 
  -0.84944066  -0.85502855  -0.88505296  -0.84074968  -0.78797723  -0.81672469 
  -0.8397542    -0.83682545]
[0.17455563  0.21129712  0.20779468  0.20293313  0.22476971  0.21862299 
  0.23016795  0.19918336  0.19843071  0.20033697  0.20753082  0.19922336 
  0.15627436  0.21110459  0.16703973  0.22903661  0.17466058  0.15468248 
  0.18830642  0.19277853  0.13846531  0.22106923  0.23740231  0.17887495 
  0.20127849  0.19124934]
[-0.3558511    -0.35896235  -0.34102687  -0.3389374    -0.36032126  -0.37042941 
  -0.32644298  -0.33839074  -0.32518401  -0.3336164    -0.27206222  -0.31003534 
  -0.35637392  -0.32001902  -0.32364471  -0.2727147    -0.3147449    -0.34004047 
  -0.324292      -0.30806612  -0.34968903  -0.27992585  -0.35839774  -0.34920887 
  -0.3184216    -0.27600025]
[0.21236191  0.21073711  0.19810832  0.19560374  0.21222793  0.2212624 
  0.19675557  0.20204595  0.18726067  0.19232006  0.17862703  0.18826322 
  0.18526958  0.18891768  0.16834662  0.1828395    0.17276223  0.16815835 
  0.18008455  0.1788171    0.15901336  0.16982925  0.21048199  0.20652882 
  0.18524463  0.1383962  ]
[1.01829981  1.01119649  1.01011873  1.01106471  1.00866198  1.01042251 
  1.00456606  1.01218715  1.01038738  1.01075363  1.0041195    1.00990308 
  1.02016306  1.00802463  1.01565272  0.99926693  1.01384963  1.01918375 
  1.01248894  1.01008369  1.02223194  1.00207802  1.0057826    1.01688603 
  1.00999363  1.0019338  ]
[-0.03977943  -0.03942966  -0.03310219  -0.0318025    -0.04038506  -0.04435138 
  -0.03281782  -0.03588599  -0.02760454  -0.03020927  -0.01792101  -0.02356106 
  -0.02639939  -0.02999792  -0.01803184  -0.02582886  -0.01632247  -0.0182091 
  -0.02629206  -0.02194562  -0.01371979  -0.0301047    -0.03952606  -0.03689813 
  -0.02691223  -0.04215987]
increment_100
[0.35273304  0.36636777  0.34898586  0.34279957  0.3823922    0.38428112 
  0.35734186  0.35026168  0.326721      0.33673455  0.27855116  0.32064036 
  0.32825292  0.331338      0.30859413  0.29358935  0.30579499  0.31851118 
  0.31981851  0.30998577  0.3206357    0.28329367  0.39520298  0.36016099 
  0.32140928  0.25038762]
[-0.0887686    -0.08641027  -0.1014378    -0.10484013  -0.08203572  -0.07355764 
  -0.10700379  -0.09441869  -0.11640397  -0.10916066  -0.15552271  -0.11915624 
  -0.09801856  -0.12023808  -0.1225168    -0.15466531  -0.12312308  -0.11038658 
  -0.12086483  -0.12875315  -0.09917042  -0.14865527  -0.0792452    -0.09437378 
  -0.12345653  -0.19720877]
[-0.98811779  -0.99035978  -1.0009313    -0.99884305  -1.00874192  -0.9917928 
  -1.0346925    -0.98238078  -1.00326511  -1.00018215  -1.02245271  -0.99832262 
  -0.94950855  -1.02218081  -0.9824925    -1.05196017  -0.9827743    -0.96592278 
  -1.00048126  -1.00485282  -0.9484811    -1.04985872  -1.02499561  -1.0057097 
  -1.01109389  -1.07888948]
[-0.81799151  -0.80934533  -0.81827923  -0.82364041  -0.78882104  -0.79501358 
  -0.7941247    -0.83345147  -0.83351762  -0.8278757    -0.85424023  -0.84435637 
  -0.86827615  -0.81722916  -0.86271569  -0.823871      -0.86502004  -0.86740753 
  -0.83917226  -0.84590652  -0.88115002  -0.82901046  -0.7731211    -0.80476541 
  -0.8314975    -0.82536421]
[0.17336634  0.21549914  0.21059676  0.20585062  0.2321448    0.2241075 
  0.2372563    0.20055418  0.20249979  0.20493661  0.21535168  0.20260405 
  0.15504661  0.21838643  0.16774359  0.23741726  0.17331299  0.15438607 
  0.19300301  0.19832043  0.13447682  0.23105105  0.24511983  0.17667273 
  0.20418014  0.19984067]
[-0.35774244  -0.36184477  -0.34070756  -0.33763927  -0.3609404    -0.37385134 
  -0.32468403  -0.33976036  -0.3216864    -0.33168003  -0.26140027  -0.30690564 
  -0.3581274    -0.31575651  -0.32083427  -0.2652138    -0.31422331  -0.33933848 
  -0.32160078  -0.30288875  -0.35127959  -0.27155203  -0.35852702  -0.35019863 
  -0.3135815    -0.26448525]
[0.2142852    0.21354398  0.19820715  0.195162      0.2136784    0.22451782 
  0.1975855    0.20289562  0.18628209  0.19217833  0.17953318  0.18855452 
  0.18446575  0.18860025  0.16583997  0.18248703  0.17011855  0.16595529 
  0.17961412  0.17902635  0.15472058  0.1679138    0.21182679  0.20737925 
  0.18317961  0.13454662]
[1.02307599  1.01499085  1.01398079  1.01496061  1.01165887  1.01398345 
  1.00738643  1.01646535  1.01382229  1.01415054  1.00612432  1.01361259 
  1.02494217  1.01062021  1.01969842  1.00098245  1.01845359  1.02359496 
  1.01579093  1.01318595  1.02739954  1.00366226  1.00861767  1.0217584 
  1.01340716  1.00237565]
[-0.04044944  -0.04062311  -0.03287142  -0.03131476  -0.04110588  -0.04575816 
  -0.03297118  -0.03599847  -0.02679425  -0.02987834  -0.01567007  -0.0226166 
  -0.02574071  -0.03001418  -0.0163816    -0.02540366  -0.01447049  -0.01684253 
  -0.02578715  -0.02092206  -0.0113716    -0.03026424  -0.04004618  -0.03699936 
  -0.02589502  -0.0443511  ]
increment_110
[0.35511739  0.37014032  0.34956721  0.34247487  0.38771623  0.38939223 
  0.36069815  0.35099565  0.32539876  0.33752478  0.27367162  0.32068292 
  0.32827497  0.33159196  0.30629429  0.29171731  0.30449676  0.31760566 
  0.32002574  0.31015517  0.31926823  0.28032702  0.40055978  0.36306421 
  0.31794337  0.24253667]
[-0.08868536  -0.08525355  -0.10295477  -0.10751673  -0.08194493  -0.07181308 
  -0.10822242  -0.09490777  -0.12023712  -0.11141547  -0.16185821  -0.12096498 
  -0.09866221  -0.12449553  -0.12615002  -0.16014889  -0.12504965  -0.11259191 
  -0.12391302  -0.13145122  -0.09867113  -0.15371949  -0.07921724  -0.0959736 
  -0.12894956  -0.21030241]
[-0.99348348  -0.99456166  -1.00657628  -1.00597294  -1.01911964  -0.99687642 
  -1.04504236  -0.98531905  -1.01216829  -1.00848804  -1.03129245  -1.0036923 
  -0.95137535  -1.03513102  -0.98806227  -1.0650441    -0.98580341  -0.97023627 
  -1.0096675    -1.01301872  -0.94876646  -1.06521217  -1.03560187  -1.01283705 
  -1.01990663  -1.09882532]
[-0.80729951  -0.79820051  -0.80923203  -0.81414754  -0.7739774    -0.78246873 
  -0.78125483  -0.82554406  -0.82384407  -0.81710492  -0.84726855  -0.83647468 
  -0.86163562  -0.80433273  -0.85578494  -0.81254736  -0.85912941  -0.86011094 
  -0.82822026  -0.83648075  -0.87727393  -0.81678212  -0.75860381  -0.79321136 
  -0.82337239  -0.81319312]
[0.17240698  0.21970813  0.2130672    0.20863658  0.23973772  0.22936813 
  0.24423017  0.20146907  0.20713771  0.20983677  0.22347431  0.20603013 
  0.15397782  0.22641749  0.16847052  0.24591339  0.171651      0.1546173 
  0.19857468  0.20452227  0.13063941  0.24163301  0.25266289  0.17389299 
  0.2066972    0.21044983]
[-0.35956098  -0.36501365  -0.34028644  -0.33597367  -0.3611088    -0.37728415 
  -0.32294326  -0.34128592  -0.31751195  -0.32963993  -0.25060153  -0.3036708 
  -0.35980161  -0.31078296  -0.31803582  -0.25812408  -0.31400687  -0.33858202 
  -0.31861722  -0.29724        -0.35274973  -0.2634235    -0.35838277  -0.35135146 
  -0.30859579  -0.2524707  ]
[0.21620503  0.21664772  0.19811453  0.19430569  0.21496205  0.22782343 
  0.19846551  0.20349774  0.18530755  0.19209463  0.1807875    0.18896278 
  0.18354811  0.18831233  0.16334715  0.18222331  0.16737883  0.16398608 
  0.17931131  0.17958995  0.15013428  0.16622814  0.21308541  0.20802724 
  0.18066225  0.13167366]
[1.02788098  1.01884782  1.01797086  1.01887329  1.01461077  1.01765192 
  1.0102871    1.02092018  1.0171421    1.01752847  1.0080928    1.01737241 
  1.0297212    1.01302186  1.02380322  1.00274806  1.02319749  1.02797617 
  1.01895709  1.01626522  1.03260002  1.00512732  1.01151107  1.02675624 
  1.01688538  1.0022711  ]
[-0.04113486  -0.04196896  -0.03252007  -0.0309514    -0.04180388  -0.04719372 
  -0.03312542  -0.03598803  -0.02597201  -0.02956931  -0.01330296  -0.02166461 
  -0.02522363  -0.03001894  -0.01470049  -0.02497325  -0.01256681  -0.01564749 
  -0.02537317  -0.02001776  -0.00915343  -0.03031409  -0.04052303  -0.03697851 
  -0.02495912  -0.04668093]
increment_120
[0.35781287  0.37406951  0.34998681  0.34141459  0.3928096    0.39394893 
  0.36394987  0.35151214  0.32403544  0.33857685  0.26897908  0.32073217 
  0.32798224  0.33166747  0.30405749  0.29031545  0.30337636  0.3168792 
  0.32059233  0.31087951  0.31746831  0.27843573  0.40561642  0.36577573 
  0.31420221  0.23588307]
[-0.08857894  -0.08393933  -0.1045148    -0.11109724  -0.08219798  -0.07030103 
  -0.10950395  -0.09549492  -0.12450931  -0.11363727  -0.16800909  -0.12272134 
  -0.09975597  -0.12925104  -0.1297264    -0.16508595  -0.12667543  -0.11495153 
  -0.12708838  -0.13385915  -0.09819202  -0.15839775  -0.07936879  -0.09776565 
  -0.13476395  -0.22298091]
[-0.99921274  -0.99866104  -1.01203407  -1.0141481    -1.03006942  -1.00156213 
  -1.05536388  -0.98811304  -1.02206031  -1.01723978  -1.03995706  -1.00889599 
  -0.95384657  -1.04911652  -0.9934926    -1.07804844  -0.9883699    -0.97528881 
  -1.01990984  -1.02143821  -0.9493031    -1.08135437  -1.04615631  -1.01955656 
  -1.02890994  -1.11998254]
[-0.79629598  -0.78692562  -0.80044655  -0.80440387  -0.75925477  -0.77049394 
  -0.76856691  -0.81789356  -0.81372321  -0.80600581  -0.8403721    -0.82882873 
  -0.85468328  -0.79132114  -0.84895114  -0.80124855  -0.85345104  -0.85214596 
  -0.81651974  -0.82688558  -0.87332979  -0.80390878  -0.74448425  -0.78218913 
  -0.81536712  -0.80017659]
[0.17187306  0.22403499  0.21520148  0.21108457  0.24743804  0.23416461 
  0.25099287  0.20192384  0.21255951  0.21514426  0.23166795  0.20942648 
  0.15266012  0.23518787  0.168973      0.25451309  0.16948299  0.15572353 
  0.2050774    0.21115851  0.12666024  0.25286816  0.25990992  0.17088475 
  0.20883924  0.22273486]
[-0.36130704  -0.36846398  -0.33992524  -0.33407998  -0.3607615    -0.38065083 
  -0.32136746  -0.34282638  -0.31269481  -0.32757245  -0.23982318  -0.30025263 
  -0.3614663    -0.30486372  -0.3154251    -0.25141782  -0.31428959  -0.337604 
  -0.31533102  -0.29110729  -0.35432022  -0.255578      -0.35815965  -0.35267308 
  -0.30362204  -0.24051208]
[0.21810413  0.22005239  0.19790079  0.19274843  0.21608325  0.23114243 
  0.19936401  0.2037881    0.18443537  0.19212855  0.18219954  0.18946103 
  0.18208009  0.18805247  0.16079513  0.18197748  0.16452534  0.1623211 
  0.17916192  0.1803421    0.14500323  0.16481801  0.21431716  0.20846261 
  0.17779774  0.12955739]
[1.03268905  1.02276625  1.02212151  1.02280222  1.01753347  1.02148556 
  1.01329064  1.02555644  1.02029495  1.02088612  1.01006575  1.02120332 
  1.03453798  1.01520678  1.02803341  1.00460102  1.02813692  1.03226527 
  1.02197833  1.01935446  1.03786684  1.00645194  1.01451121  1.03183315 
  1.02046118  1.00171863]
[-0.04182159  -0.04347466  -0.03208143  -0.03105671  -0.04242093  -0.04863493 
  -0.03329167  -0.03580849  -0.0251983    -0.02930954  -0.01087473  -0.02063684 
  -0.02496437  -0.02992643  -0.01294262  -0.02451045  -0.010574      -0.01466609 
  -0.02504758  -0.01920422  -0.0071763    -0.03020629  -0.04098423  -0.03682958 
  -0.02405279  -0.04907949]
