inc
Fp11
Fp12
Fp13
Fp21
Fp22
Fp23
Fp31
Fp32
Fp33
increment_0
[-0.83737593  -0.83737593  -0.83737593  -0.83737593  -0.83737593  -0.83737593 
  -0.83737593  -0.83737593  -0.83737593  -0.83737593  -0.83737593  -0.83737593 
  -0.83737593  -0.83737593  -0.83737593  -0.83737593  -0.83737593  -0.83737593 
  -0.83737593  -0.83737593  -0.83737593  -0.83737593  -0.83737593  -0.83737593]
[-0.49119974  -0.49119974  -0.49119974  -0.49119974  -0.49119974  -0.49119974 
  -0.49119974  -0.49119974  -0.49119974  -0.49119974  -0.49119974  -0.49119974 
  -0.49119974  -0.49119974  -0.49119974  -0.49119974  -0.49119974  -0.49119974 
  -0.49119974  -0.49119974  -0.49119974  -0.49119974  -0.49119974  -0.49119974]
[0.23984236  0.23984236  0.23984236  0.23984236  0.23984236  0.23984236 
  0.23984236  0.23984236  0.23984236  0.23984236  0.23984236  0.23984236 
  0.23984236  0.23984236  0.23984236  0.23984236  0.23984236  0.23984236 
  0.23984236  0.23984236  0.23984236  0.23984236  0.23984236  0.23984236]
[-0.48014791  -0.48014791  -0.48014791  -0.48014791  -0.48014791  -0.48014791 
  -0.48014791  -0.48014791  -0.48014791  -0.48014791  -0.48014791  -0.48014791 
  -0.48014791  -0.48014791  -0.48014791  -0.48014791  -0.48014791  -0.48014791 
  -0.48014791  -0.48014791  -0.48014791  -0.48014791  -0.48014791  -0.48014791]
[0.87066603  0.87066603  0.87066603  0.87066603  0.87066603  0.87066603 
  0.87066603  0.87066603  0.87066603  0.87066603  0.87066603  0.87066603 
  0.87066603  0.87066603  0.87066603  0.87066603  0.87066603  0.87066603 
  0.87066603  0.87066603  0.87066603  0.87066603  0.87066603  0.87066603]
[0.1067644  0.1067644  0.1067644  0.1067644  0.1067644  0.1067644  0.1067644 
  0.1067644  0.1067644  0.1067644  0.1067644  0.1067644  0.1067644  0.1067644 
  0.1067644  0.1067644  0.1067644  0.1067644  0.1067644  0.1067644  0.1067644 
  0.1067644  0.1067644  0.1067644]
[-0.26126524  -0.26126524  -0.26126524  -0.26126524  -0.26126524  -0.26126524 
  -0.26126524  -0.26126524  -0.26126524  -0.26126524  -0.26126524  -0.26126524 
  -0.26126524  -0.26126524  -0.26126524  -0.26126524  -0.26126524  -0.26126524 
  -0.26126524  -0.26126524  -0.26126524  -0.26126524  -0.26126524  -0.26126524]
[-0.02575786  -0.02575786  -0.02575786  -0.02575786  -0.02575786  -0.02575786 
  -0.02575786  -0.02575786  -0.02575786  -0.02575786  -0.02575786  -0.02575786 
  -0.02575786  -0.02575786  -0.02575786  -0.02575786  -0.02575786  -0.02575786 
  -0.02575786  -0.02575786  -0.02575786  -0.02575786  -0.02575786  -0.02575786]
[-0.96492332  -0.96492332  -0.96492332  -0.96492332  -0.96492332  -0.96492332 
  -0.96492332  -0.96492332  -0.96492332  -0.96492332  -0.96492332  -0.96492332 
  -0.96492332  -0.96492332  -0.96492332  -0.96492332  -0.96492332  -0.96492332 
  -0.96492332  -0.96492332  -0.96492332  -0.96492332  -0.96492332  -0.96492332]
increment_10
[-0.83261706  -0.82831132  -0.83505971  -0.82956558  -0.83247381  -0.83212178 
  -0.83503374  -0.82240304  -0.83041823  -0.83555385  -0.83150736  -0.8312511 
  -0.82596057  -0.82491825  -0.83151603  -0.83433938  -0.82464704  -0.82486621 
  -0.82657888  -0.83013843  -0.82614643  -0.82626067  -0.83002056  -0.82691431]
[-0.49218257  -0.49149964  -0.49128909  -0.49151881  -0.49156191  -0.48965273 
  -0.4904421    -0.49494464  -0.492143      -0.49129847  -0.49127636  -0.49225977 
  -0.49478629  -0.49388258  -0.49298007  -0.49056391  -0.49555275  -0.49448853 
  -0.49265109  -0.49298936  -0.49171192  -0.49137082  -0.48654976  -0.48746424]
[0.2361595    0.23292313  0.23775743  0.23528854  0.23878458  0.23866649 
  0.23863245  0.23818384  0.23772751  0.23821615  0.23715232  0.23498005 
  0.23373327  0.23638419  0.2339937    0.23800799  0.22943197  0.22837897 
  0.23487018  0.23261801  0.22997918  0.232732      0.23834883  0.23448585]
[-0.47199886  -0.47863401  -0.47788349  -0.47859544  -0.47927903  -0.47900455 
  -0.47718743  -0.47975847  -0.47944489  -0.47860022  -0.47921566  -0.47832979 
  -0.47978954  -0.48031047  -0.47671967  -0.47847262  -0.4795116    -0.47955309 
  -0.47987982  -0.4791227    -0.47708084  -0.47899002  -0.47453136  -0.47518901]
[0.87352818  0.87376001  0.87405061  0.87378115  0.87376581  0.87477689 
  0.87452815  0.871749      0.87349461  0.87390477  0.87388203  0.87331454 
  0.87146509  0.87233018  0.87290869  0.87435035  0.8710005    0.87192853 
  0.87305072  0.87280692  0.87366201  0.87400879  0.87671673  0.87653689]
[0.10241568  0.10825211  0.10814054  0.10787993  0.10798382  0.10891361 
  0.10798346  0.10656315  0.10788772  0.10860835  0.10845676  0.10760999 
  0.10724204  0.10733574  0.10597677  0.10888947  0.10654501  0.10735077 
  0.10782653  0.10793347  0.10702049  0.10844274  0.10770526  0.10826597]
[-0.25061434  -0.25428441  -0.25729503  -0.2562952    -0.25968241  -0.25868255 
  -0.25727238  -0.26522679  -0.25962862  -0.25839914  -0.25833887  -0.25591775 
  -0.25938366  -0.26159465  -0.2535205    -0.25805411  -0.25452215  -0.25241557 
  -0.25818683  -0.25468563  -0.25020546  -0.25464777  -0.25408405  -0.25169622]
[-0.02467681  -0.02792487  -0.02383427  -0.02652196  -0.02422454  -0.02558379 
  -0.02394717  -0.02481489  -0.02479647  -0.02362548  -0.0253532    -0.02572229 
  -0.02634162  -0.02588001  -0.02563609  -0.02445865  -0.02830186  -0.02916846 
  -0.02694267  -0.02673475  -0.02967633  -0.02852567  -0.02779346  -0.02949953]
[-0.97436188  -0.97405181  -0.96645694  -0.97188574  -0.96724558  -0.96791976 
  -0.96663219  -0.97474453  -0.96918398  -0.9653376    -0.9688531    -0.97080299 
  -0.9745012    -0.97358482  -0.97244175  -0.96652673  -0.97822011  -0.97842623 
  -0.97353897  -0.97231546  -0.97863749  -0.97544523  -0.97324735  -0.97687248]
increment_20
[-0.82759559  -0.81675076  -0.83292715  -0.81903604  -0.82725978  -0.82580582 
  -0.83337543  -0.80624673  -0.82152549  -0.83386683  -0.82546839  -0.82403588 
  -0.81402622  -0.81191755  -0.82484859  -0.83198553  -0.80962236  -0.81203219 
  -0.81502652  -0.82248823  -0.8138022    -0.81498998  -0.82227186  -0.81482457]
[-0.49276743  -0.49218319  -0.49162982  -0.49188423  -0.49228473  -0.48736331 
  -0.48970997  -0.49899287  -0.49305598  -0.4917132    -0.49179606  -0.49365737 
  -0.4987813    -0.49622605  -0.49503102  -0.49045448  -0.50069957  -0.49821024 
  -0.49360244  -0.49501482  -0.49229139  -0.48994414  -0.47913639  -0.48277932]
[0.23213712  0.22532531  0.23558819  0.2314926    0.2387048    0.23862799 
  0.23796077  0.23607518  0.23686357  0.23638142  0.23342248  0.22886419 
  0.22496354  0.23247695  0.22731602  0.23609981  0.21713474  0.21462526 
  0.22914311  0.22485448  0.21883547  0.22638142  0.23957554  0.22865336]
[-0.46105273  -0.47688233  -0.47441553  -0.47619578  -0.4777027    -0.47775202 
  -0.47230169  -0.47784241  -0.47833981  -0.47576493  -0.47768179  -0.47541514 
  -0.47884661  -0.48007657  -0.47081867  -0.47611968  -0.47852081  -0.47848745 
  -0.47905814  -0.47721657  -0.4727413    -0.47704122  -0.46588878  -0.4682847  ]
[0.87764856  0.87771446  0.87834801  0.87797406  0.87783864  0.88049417 
  0.87942082  0.87391197  0.87747738  0.87817744  0.8780286    0.87694933 
  0.87357743  0.8754547    0.87618326  0.87890156  0.87229341  0.87408585 
  0.87689891  0.87609039  0.87757391  0.87906303  0.8851206    0.88333333]
[0.09684649  0.10998838  0.10937561  0.10840388  0.10933493  0.11176236 
  0.10856195  0.10601286  0.10876098  0.11036396  0.11083232  0.10850813 
  0.10850931  0.10869113  0.10405765  0.11133384  0.10696016  0.10850902 
  0.10977261  0.10947242  0.10710907  0.11109913  0.10807279  0.1089999  ]
[-0.23659887  -0.24681512  -0.25206119  -0.25128198  -0.25866172  -0.25643145 
  -0.25179434  -0.2677202    -0.25854399  -0.25409187  -0.25417455  -0.24852013 
  -0.25403994  -0.26064772  -0.24268989  -0.25413511  -0.24636492  -0.24068981 
  -0.25356429  -0.24682627  -0.23672443  -0.24740964  -0.24570758  -0.23968172]
[-0.02306978  -0.02994288  -0.02070962  -0.02678872  -0.0209627    -0.02467675 
  -0.02065674  -0.02295996  -0.02290702  -0.02015406  -0.02398176  -0.02518849 
  -0.02653349  -0.02542462  -0.0247679    -0.02153758  -0.03040759  -0.03238928 
  -0.02791135  -0.02667223  -0.03367345  -0.0313296    -0.02975682  -0.03441016]
[-0.98569054  -0.98498386  -0.96789381  -0.98072982  -0.9688111    -0.97047962 
  -0.96814901  -0.98615992  -0.97400709  -0.9656712    -0.97276817  -0.9780545 
  -0.9851117    -0.98237834  -0.98205531  -0.96705199  -0.99343799  -0.99281682 
  -0.98274104  -0.97986793  -0.99430744  -0.98589671  -0.98261131  -0.99207991]
increment_30
[-0.82269432  -0.80426661  -0.83062845  -0.80737083  -0.82131109  -0.81893631 
  -0.83168867  -0.79084734  -0.81249598  -0.83186741  -0.81909761  -0.81653847 
  -0.8026966    -0.79975305  -0.8174153    -0.82933089  -0.79452251  -0.79969176 
  -0.80400552  -0.81445743  -0.80159106  -0.80420025  -0.81522513  -0.80270648]
[-0.49346664  -0.49340998  -0.49204451  -0.49284038  -0.49337221  -0.4852657 
  -0.48936394  -0.50283849  -0.49388024  -0.49220688  -0.49231128  -0.49529957 
  -0.50271956  -0.49829196  -0.49744349  -0.49063865  -0.5058571    -0.50186704 
  -0.49425594  -0.49724163  -0.49345279  -0.48789585  -0.47131167  -0.47920177]
[0.22797543  0.21718479  0.23320175  0.22742203  0.23868357  0.23830381 
  0.23688624  0.23382821  0.23584564  0.23421596  0.22965882  0.22251845 
  0.21521279  0.22853307  0.2200011    0.23364821  0.20501977  0.20101472 
  0.22362559  0.21696265  0.20719822  0.22094536  0.24167719  0.22170609]
[-0.45027476  -0.47550677  -0.47154092  -0.47430429  -0.47610697  -0.47661072 
  -0.46773642  -0.47548027  -0.47713946  -0.47275546  -0.4761908    -0.47229642 
  -0.47784726  -0.47974885  -0.46534486  -0.47366233  -0.4775588    -0.47734342 
  -0.47816945  -0.47504168  -0.46884165  -0.4749585    -0.45764423  -0.46223304]
[0.8818119    0.8814561    0.88267083  0.8819226    0.88180684  0.88617726 
  0.88417185  0.87630168  0.88157286  0.88248738  0.88227679  0.8805529 
  0.87585243  0.87882938  0.87933425  0.88337298  0.87375961  0.87642256 
  0.88100584  0.87935389  0.8812755    0.884626      0.89372642  0.88948827]
[0.09148296  0.11170252  0.11114818  0.10889861  0.11061652  0.11456965 
  0.10928242  0.10513924  0.10958103  0.11200485  0.11327036  0.10918295 
  0.10988748  0.11022228  0.10237802  0.11360989  0.10756721  0.10978991 
  0.11190734  0.11073747  0.1073768    0.11407249  0.10903991  0.10983856]
[-0.22261668  -0.2394698    -0.24724592  -0.24687317  -0.25824662  -0.25411788 
  -0.24633337  -0.26911518  -0.25711088  -0.24934896  -0.25003683  -0.24083953 
  -0.24721105  -0.2591607    -0.23194409  -0.24968412  -0.23854351  -0.22886804 
  -0.24878781  -0.23874988  -0.22328392  -0.24056108  -0.23840288  -0.22762218]
[-0.02133753  -0.03219358  -0.01762026  -0.02716662  -0.0175131    -0.02394912 
  -0.01725759  -0.02106913  -0.02117984  -0.01678896  -0.02266674  -0.0246096 
  -0.02695478  -0.02491433  -0.02410013  -0.01869355  -0.03226948  -0.03536571 
  -0.02884468  -0.02657526  -0.03757106  -0.03401347  -0.0315061    -0.03954877]
[-0.99678751  -0.99679906  -0.96900457  -0.99037703  -0.97082529  -0.97359345 
  -0.96955106  -0.9977775    -0.97920645  -0.9665023    -0.9769231    -0.98579127 
  -0.99584859  -0.99074116  -0.99221543  -0.96811911  -1.0086429    -1.00675178 
  -0.99159869  -0.98798236  -1.00981914  -0.99575572  -0.99077534  -1.00755105]
increment_40
[-0.81786616  -0.7910039    -0.82795799  -0.79476024  -0.81471745  -0.81134944 
  -0.83004531  -0.77607281  -0.80323231  -0.82963295  -0.81226058  -0.80882418 
  -0.79182173  -0.7883345    -0.80927662  -0.82638608  -0.77939315  -0.78773128 
  -0.79348349  -0.80577848  -0.78930695  -0.79380831  -0.80871392  -0.79061424]
[-0.49413625  -0.49507867  -0.49265784  -0.49427969  -0.4947686    -0.48333978 
  -0.48936661  -0.50643295  -0.49482137  -0.49270637  -0.49275187  -0.49712424 
  -0.50660859  -0.5001145    -0.50021333  -0.49099319  -0.51101038  -0.50527095 
  -0.49463105  -0.49978396  -0.49505921  -0.48531978  -0.46307658  -0.47643167]
[0.22399647  0.20862638  0.23029893  0.22300693  0.23861565  0.23771118 
  0.23550328  0.23161874  0.23444539  0.2318575    0.22590687  0.21611149 
  0.20477055  0.2246021    0.21223798  0.23078652  0.19313196  0.18774246 
  0.21827227  0.20870416  0.19504573  0.21622853  0.24452308  0.21398627]
[-0.43971931  -0.47440662  -0.46913794  -0.47286518  -0.47441183  -0.47562342 
  -0.4634392    -0.47288698  -0.47577146  -0.46972429  -0.47476577  -0.46904251 
  -0.47678688  -0.47933001  -0.46042516  -0.47111158  -0.476615      -0.4761137 
  -0.47719899  -0.47271315  -0.46527097  -0.47278801  -0.44971644  -0.45688113]
[0.88608625  0.88503431  0.8869555    0.88569377  0.88568236  0.89183742 
  0.88881012  0.87892675  0.88568748  0.88687309  0.88665352  0.88415022 
  0.87824992  0.88244099  0.88237122  0.88783142  0.87532404  0.87900193 
  0.88536288  0.8825284    0.88480776  0.89055236  0.90251259  0.89523254]
[0.08638529  0.1133676    0.11329058  0.10947383  0.11184645  0.11731989 
  0.11012868  0.10397825  0.1103688    0.11369996  0.11576791  0.10970912 
  0.11133245  0.11192873  0.10106399  0.11579207  0.10828343  0.11124 
  0.11424097  0.11176137  0.10776416  0.11729634  0.11052259  0.11087713]
[-0.20899563  -0.23221867  -0.24248884  -0.24292563  -0.25826537  -0.25177661 
  -0.24091263  -0.26967226  -0.25535129  -0.24443006  -0.24595524  -0.23308948 
  -0.23932181  -0.25726194  -0.22162637  -0.24481519  -0.23107314  -0.21711176 
  -0.24384732  -0.2304311    -0.20975873  -0.23402055  -0.23199226  -0.21564083]
[-0.0194562    -0.03465746  -0.01467882  -0.0276862    -0.0139351    -0.02348095 
  -0.01369983  -0.01918616  -0.01954712  -0.01349457  -0.02149893  -0.02393887 
  -0.02752685  -0.02431405  -0.02352162  -0.01593988  -0.03395064  -0.03819834 
  -0.02974938  -0.02655817  -0.04154163  -0.03671687  -0.03312853  -0.04484724]
[-1.00751007  -1.00944755  -0.97021031  -1.00076883  -0.97334977  -0.97739557 
  -0.97076537  -1.00949536  -0.98494975  -0.9675699    -0.98143323  -0.99383431 
  -1.00665946  -0.99867391  -1.0026721    -0.96964475  -1.02388648  -1.02027573 
  -1.00014612  -0.99691898  -1.02546699  -1.00523115  -0.99799569  -1.02311238]
increment_50
[-0.81293662  -0.77720385  -0.82478267  -0.78137916  -0.80744407  -0.80310083 
  -0.82846833  -0.76191789  -0.79366807  -0.82721958  -0.8049729    -0.80099345 
  -0.78135541  -0.77762589  -0.80050818  -0.82317105  -0.76433267  -0.77615504 
  -0.78348107  -0.79639064  -0.77694027  -0.78387004  -0.80265828  -0.77858846]
[-0.49481012  -0.49708769  -0.49351336  -0.49604875  -0.49648392  -0.48157122 
  -0.48956518  -0.5097071    -0.49589394  -0.49317052  -0.4931004    -0.49911471 
  -0.51043788  -0.50165926  -0.5032531    -0.49142813  -0.5161227    -0.50832284 
  -0.49475314  -0.5026772    -0.49709548  -0.48224826  -0.45439316  -0.47434288]
[0.22017556  0.19977558  0.22671984  0.21832979  0.23828538  0.23693091 
  0.23398156  0.22944097  0.23262915  0.22939974  0.22207513  0.20980134 
  0.19384074  0.22062124  0.20439374  0.22761659  0.18159847  0.17495091 
  0.21295218  0.20003144  0.18239215  0.21215039  0.24811546  0.20565345]
[-0.42942308  -0.47349304  -0.4670179    -0.47178227  -0.47258388  -0.47480592 
  -0.45931161  -0.47008877  -0.47424789  -0.46666228  -0.4733921    -0.46574691 
  -0.47564463  -0.47880405  -0.45609018  -0.46847003  -0.47566623  -0.47480889 
  -0.47610907  -0.47033401  -0.46201137  -0.4705426    -0.44195501  -0.452121    ]
[0.89044106  0.88850083  0.89118146  0.88937301  0.88945172  0.89747725 
  0.89341827  0.88182378  0.88981556  0.89135328  0.89116071  0.88774905 
  0.88076636  0.88630604  0.88534887  0.89232529  0.87699532  0.88187264 
  0.88994919  0.88559012  0.88817076  0.89680537  0.91147513  0.90063991]
[0.08152242  0.11498149  0.11561958  0.11012194  0.11305422  0.12000555 
  0.11109471  0.102481      0.11110536  0.11545861  0.11833424  0.11017647 
  0.11282172  0.11383185  0.10019483  0.11793038  0.10909662  0.11291748 
  0.11679224  0.11261645  0.10825464  0.12080543  0.11237129  0.11209487]
[-0.19577283  -0.22502713  -0.23747365  -0.23929757  -0.25853293  -0.24946677 
  -0.23556154  -0.26926336  -0.25324349  -0.23940031  -0.24181244  -0.22551583 
  -0.23061768  -0.25488151  -0.21213867  -0.23960692  -0.22402417  -0.20554444 
  -0.2386432    -0.22196328  -0.19615532  -0.22776659  -0.22631336  -0.2037643  ]
[-0.01748587  -0.03727971  -0.01196182  -0.02837293  -0.01031846  -0.02325582 
  -0.00999283  -0.01739196  -0.01804036  -0.010244      -0.02054301  -0.02308481 
  -0.02817548  -0.02368001  -0.02289146  -0.01328223  -0.03540589  -0.04089703 
  -0.03065286  -0.0266394    -0.04558692  -0.03944198  -0.03466251  -0.0502774  ]
[-1.01801827  -1.02277442  -0.97186167  -1.01185891  -0.97655517  -0.98182456 
  -0.97177269  -1.02134218  -0.99132372  -0.96879498  -0.98637071  -1.00194524 
  -1.01745852  -1.00622945  -1.01317223  -0.97156281  -1.03907235  -1.03332232 
  -1.0084323    -1.00668567  -1.04125321  -1.01429927  -1.00446614  -1.03871338]
increment_60
[-0.80769055  -0.76304267  -0.82104511  -0.76746532  -0.79946194  -0.79436121 
  -0.82694327  -0.74834952  -0.78382452  -0.82461771  -0.79734932  -0.79318644 
  -0.77118167  -0.76757561  -0.79123665  -0.81966708  -0.74946116  -0.76494732 
  -0.77403652  -0.78631649  -0.76450959  -0.77441739  -0.79697119  -0.76668588]
[-0.49563759  -0.49947361  -0.49463481  -0.49799261  -0.49854036  -0.47996098 
  -0.48987702  -0.51257918  -0.49705058  -0.4935889    -0.49330644  -0.50124688 
  -0.51422305  -0.50287808  -0.50647417  -0.49184164  -0.52115743  -0.51095085 
  -0.49467588  -0.50592672  -0.49955382  -0.47874672  -0.44532149  -0.47284283]
[0.21635546  0.1906423    0.2223912    0.2134498    0.23745877  0.23604728 
  0.23238699  0.22725561  0.2304695    0.22685264  0.21816236  0.20374603 
  0.18256239  0.21655149  0.19675093  0.22421724  0.17048412  0.16275116 
  0.20756743  0.19090829  0.16926333  0.20862305  0.2523291    0.196849    ]
[-0.41941776  -0.47271598  -0.46507757  -0.47092568  -0.47066964  -0.47414899 
  -0.45529628  -0.46709313  -0.47265254  -0.46355432  -0.47204139  -0.46241607 
  -0.47441302  -0.47815507  -0.45232627  -0.46576239  -0.4746922    -0.47344315 
  -0.47487552  -0.4679516    -0.45909015  -0.46823685  -0.4342549    -0.44788982]
[0.8947872    0.89182623  0.89533618  0.89304201  0.8930986    0.90309582 
  0.89803416  0.88503558  0.89398164  0.89592851  0.89582686  0.89136063 
  0.88339019  0.89044863  0.8883143    0.89690961  0.87879449  0.88507758 
  0.89472994  0.88853127  0.89136737  0.90333899  0.92056072  0.9057607  ]
[0.07681535  0.11651962  0.11803367  0.11080785  0.1142872    0.12262816 
  0.11216712  0.10060947  0.11182541  0.1172666    0.12099891  0.11061311 
  0.11433681  0.11595718  0.09980521  0.12010039  0.11000837  0.11487824 
  0.11956791  0.11334753  0.10887437  0.1246151    0.11444551  0.11348665]
[-0.18290234  -0.2178852    -0.2320391    -0.23577335  -0.25886505  -0.24723504 
  -0.23026967  -0.26774137  -0.25085032  -0.23425246  -0.23754406  -0.21827207 
  -0.22130973  -0.25197238  -0.20371321  -0.23413789  -0.21738806  -0.19426896 
  -0.23312606  -0.21336222  -0.18253534  -0.22178304  -0.22117012  -0.19204923]
[-0.01548121  -0.0399799    -0.0095035    -0.02925038  -0.00676299  -0.02319542 
  -0.00616747  -0.01579449  -0.01667588  -0.00704899  -0.01980582  -0.02194613 
  -0.02885427  -0.02307333  -0.0221071    -0.01075617  -0.03660088  -0.04346939 
  -0.03154249  -0.02682787  -0.04968129  -0.04216964  -0.03614827  -0.0557937  ]
[-1.0285768    -1.03667381  -0.97413203  -1.02358704  -0.98057025  -0.98671978 
  -0.97260828  -1.03339805  -0.99824842  -0.97020203  -0.99167999  -1.00992268 
  -1.02824598  -1.01346814  -1.02351841  -0.97383518  -1.05409588  -1.04585653 
  -1.01645652  -1.01726591  -1.05710097  -1.02294389  -1.01040558  -1.05426119]
increment_70
[-0.80187054  -0.74852442  -0.81669273  -0.75312381  -0.79076316  -0.7853377 
  -0.82542505  -0.73521873  -0.77373927  -0.82173764  -0.78959243  -0.78554168 
  -0.7611444    -0.75809044  -0.78159841  -0.81584055  -0.73491132  -0.75407967 
  -0.76509052  -0.77554493  -0.75200461  -0.765425      -0.79158386  -0.75498133]
[-0.49684998  -0.50247063  -0.49606369  -0.5000738    -0.50096107  -0.47853719 
  -0.49028365  -0.51496734  -0.49824879  -0.49399069  -0.49323413  -0.50350251 
  -0.51800108  -0.50370248  -0.50981477  -0.49206647  -0.52607887  -0.51302283 
  -0.4945338    -0.5095446    -0.50243862  -0.47491069  -0.43602129  -0.47188663]
[0.21238753  0.1811598    0.21722816  0.20827071  0.23583088  0.23510077 
  0.23069555  0.22497901  0.22803457  0.2241198    0.2143146    0.19807411 
  0.1709744    0.21242921  0.18940666  0.22072034  0.15980456  0.15130476 
  0.20199273  0.18118478  0.15564753  0.20553318  0.2569552    0.18768675]
[-0.40981802  -0.47206307  -0.4632682    -0.47016998  -0.46873673  -0.47362302 
  -0.45132796  -0.46395075  -0.47107915  -0.4604151    -0.47067485  -0.45895528 
  -0.47309264  -0.47737813  -0.4490866    -0.46301508  -0.47366919  -0.47201866 
  -0.47351551  -0.46560292  -0.45653997  -0.46589157  -0.42659216  -0.44418131]
[0.89899529  0.89488062  0.89939625  0.89671997  0.89661072  0.90867881 
  0.9026631    0.8886083    0.89821064  0.90058196  0.90072777  0.89499437 
  0.88610071  0.89490647  0.89130305  0.90167798  0.88074786  0.88869452 
  0.89963289  0.89134103  0.89439261  0.91009564  0.92967483  0.91062877]
[0.07223799  0.11791573  0.12046769  0.11148064  0.1155801    0.12519308 
  0.11329419  0.09841008  0.11259569  0.11911846  0.1238186    0.11096848 
  0.11585744  0.11833102  0.09989139  0.12241693  0.11102131  0.1172004 
  0.12253475  0.11398713  0.10964659  0.1287108    0.11663366  0.11507885]
[-0.17050095  -0.21092249  -0.22606999  -0.23212068  -0.25896669  -0.24509875 
  -0.22494929  -0.2650467    -0.2482613    -0.22892491  -0.23316575  -0.21139245 
  -0.21151719  -0.24856169  -0.1963377    -0.22852413  -0.21109345  -0.1833961 
  -0.22728236  -0.20451303  -0.16893704  -0.21603666  -0.21639017  -0.1805918  ]
[-0.01344416  -0.04260426  -0.00733452  -0.03036114  -0.00340188  -0.02319599 
  -0.00226282  -0.01454132  -0.01545634  -0.00396328  -0.01925719  -0.02042516 
  -0.02955966  -0.0225509    -0.02112907  -0.00841765  -0.03751293  -0.04594799 
  -0.03239465  -0.02718869  -0.0538175    -0.0448903    -0.03759742  -0.06131093]
[-1.03941442  -1.05114241  -0.97714965  -1.03605188  -0.98554469  -0.99190371 
  -0.97338251  -1.04581012  -1.00560771  -0.97190604  -0.99716921  -1.01766052 
  -1.03911157  -1.0204507    -1.0336176    -0.97641265  -1.06885119  -1.05786386 
  -1.02427633  -1.02873676  -1.07297134  -1.03120383  -1.01598222  -1.06959254]
increment_80
[-0.79520696  -0.73358549  -0.81165887  -0.73834196  -0.78129497  -0.77624825 
  -0.82383202  -0.72235494  -0.76347642  -0.81849362  -0.78197066  -0.77812519 
  -0.75112373  -0.74912967  -0.77176265  -0.81169786  -0.72078074  -0.74352989 
  -0.75651284  -0.76405985  -0.73940106  -0.75683804  -0.78646413  -0.74356764]
[-0.49863001  -0.50627484  -0.49785202  -0.50229489  -0.50377652  -0.47734436 
  -0.49078709  -0.51681051  -0.49942451  -0.49440477  -0.49282196  -0.50582882 
  -0.52180407  -0.50399967  -0.51322428  -0.49184624  -0.53086719  -0.51446275 
  -0.49449657  -0.51354933  -0.5058171    -0.47083192  -0.42674127  -0.4714873  ]
[0.20820971  0.17132832  0.21112294  0.2027374    0.23322546  0.23410181 
  0.22883782  0.22261718  0.22545418  0.22111732  0.21070533  0.19287516 
  0.15907027  0.20835827  0.18225753  0.2173845    0.14949964  0.14071015 
  0.19608593  0.17064867  0.14146456  0.20278293  0.26174879  0.17824958]
[-0.40072118  -0.47150273  -0.46156957  -0.46945655  -0.46685279  -0.47318632 
  -0.44736304  -0.46065726  -0.46961393  -0.45721613  -0.46926231  -0.45525316 
  -0.47168485  -0.47645127  -0.44625904  -0.46020232  -0.47254014  -0.47053579 
  -0.47207679  -0.46333497  -0.45437226  -0.46351898  -0.41904        -0.44099859]
[0.90296521  0.89756222  0.90333338  0.90040226  0.8999737    0.91420557 
  0.90730232  0.8925762    0.90253972  0.90530115  0.90589243  0.89867886 
  0.88887972  0.89975002  0.89434694  0.90676812  0.88287519  0.89276377 
  0.90456966  0.89400132  0.89720299  0.91701833  0.93869487  0.9152715  ]
[0.06781744  0.11913871  0.1228763    0.11208675  0.1169312    0.12771127 
  0.11443479  0.09592123  0.11347397  0.12097456  0.1268266    0.11118165 
  0.11736652  0.12100464  0.10038789  0.12499265  0.1121008    0.11992319 
  0.12563203  0.11456693  0.1105378    0.13304658  0.11885986  0.11689663]
[-0.15878849  -0.20436096  -0.21946246  -0.22823651  -0.25868234  -0.24305937 
  -0.21950069  -0.26124876  -0.24558939  -0.22332537  -0.22876764  -0.20483437 
  -0.20128984  -0.24469308  -0.18969983  -0.22292256  -0.20497212  -0.17298299 
  -0.22110603  -0.19524354  -0.15533838  -0.21048378  -0.21186134  -0.16948465]
[-0.01135759  -0.0449839    -0.00549098  -0.03174883  -0.00032107  -0.0231365 
    0.00166658  -0.01372304  -0.01436711  -0.00103103  -0.01878374  -0.01848888 
  -0.03030432  -0.02217019  -0.01998859  -0.00631759  -0.0381459    -0.04836754 
  -0.03319763  -0.02781545  -0.0579844    -0.04760715  -0.0389685    -0.06668001]
[-1.05075557  -1.0662058    -0.98103886  -1.04939096  -0.99160761  -0.99718993 
  -0.97423758  -1.05873439  -1.01323968  -0.97404727  -1.00255049  -1.02515916 
  -1.05014671  -1.02718609  -1.04348454  -0.97920953  -1.08331652  -1.06936766 
  -1.03200055  -1.04120014  -1.08887911  -1.03915406  -1.0212591    -1.08449234]
increment_90
[-0.78736565  -0.71817504  -0.80592361  -0.72302945  -0.77092389  -0.76723234 
  -0.82205625  -0.70958988  -0.7531268    -0.81478482  -0.77466341  -0.77087562 
  -0.74102332  -0.74072349  -0.76188483  -0.80725086  -0.70716898  -0.7332823 
  -0.74820559  -0.75183447  -0.72669806  -0.74860924  -0.78163882  -0.73260402]
[-0.50107162  -0.51091041  -0.499997      -0.50474487  -0.50701964  -0.47641595 
  -0.49140381  -0.51812386  -0.50052132  -0.49487039  -0.4921299    -0.50818524 
  -0.52566064  -0.50363311  -0.51666666  -0.49092731  -0.53550594  -0.5152803 
  -0.49469703  -0.51794361  -0.50976218  -0.46659178  -0.41778616  -0.47166498]
[0.20391356  0.16125796  0.20406078  0.19681889  0.22967424  0.23303988 
  0.22671036  0.22024687  0.22286616  0.21775808  0.20736801  0.1882113 
  0.14681594  0.20444865  0.17510825  0.21447149  0.13945615  0.13097137 
  0.18974952  0.15917        0.12665666  0.20029012  0.26647718  0.16867617]
[-0.39226008  -0.4709714    -0.45996608  -0.46878889  -0.4650805    -0.47280309 
  -0.44342164  -0.45716964  -0.46831741  -0.45388743  -0.46778804  -0.45133909 
  -0.47017409  -0.4753192    -0.44371429  -0.45725866  -0.47119527  -0.46899604 
  -0.47060734  -0.46117888  -0.45256128  -0.4611198    -0.41176938  -0.43833755]
[0.90664885  0.89986114  0.90715148  0.90403344  0.90317176  0.91966356 
  0.91194164  0.89693171  0.90699805  0.9100656    0.9112843    0.90243454 
  0.89170936  0.90504656  0.89746442  0.91231141  0.88519009  0.89727619 
  0.90946693  0.89650403  0.8997545    0.92404412  0.94749498  0.91972189]
[0.06366218  0.12022635  0.12524987  0.11257698  0.11832583  0.1301972 
  0.11559591  0.09313242  0.1145031    0.12274886  0.13001967  0.11128664 
  0.11883191  0.12404899  0.10120033  0.12789972  0.11315657  0.12303734 
  0.12880178  0.11510502  0.11148173  0.13755435  0.12111106  0.11896345]
[-0.14815556  -0.19842366  -0.21218979  -0.22417304  -0.25812425  -0.24111008 
  -0.21386246  -0.25652035  -0.24294195  -0.21732297  -0.22439906  -0.19867884 
  -0.19061772  -0.24041797  -0.1833847    -0.21744828  -0.19875062  -0.163023 
  -0.21460223  -0.18544899  -0.14170841  -0.20507473  -0.20756878  -0.15886509]
[-0.00921084  -0.04700421  -0.00398279  -0.03341613    0.00247083  -0.02293035 
    0.00555254  -0.01334712  -0.01337671    0.0017004    -0.01827079  -0.01615526 
  -0.03111196  -0.02196108  -0.01875387  -0.00451169  -0.03852128  -0.05074908 
  -0.0339404    -0.02877686  -0.06213894  -0.05033427  -0.0401428    -0.07166785]
[-1.06282153  -1.08188832  -0.98583271  -1.06374505  -0.99884885  -1.00245754 
  -0.97529937  -1.07232265  -1.02096881  -0.97682064  -1.00764123  -1.03243524 
  -1.06145901  -1.03363688  -1.05319046  -0.98218212  -1.09753549  -1.08041907 
  -1.03969846  -1.05474024  -1.10482362  -1.04687941  -1.02613777  -1.09862934]
increment_100
[-0.77809607  -0.70232447  -0.79958593  -0.70705024  -0.7595327    -0.75831831 
  -0.81999737  -0.69673901  -0.7427978    -0.81051294  -0.76769596  -0.76364192 
  -0.73080297  -0.73290688  -0.75204475  -0.80251987  -0.69411891  -0.72330981 
  -0.7401207    -0.73893425  -0.71393937  -0.74066696  -0.77714111  -0.72222104]
[-0.5041901    -0.5161867    -0.50242721  -0.5076081    -0.51069585  -0.47581916 
  -0.49216095  -0.5190401    -0.50152348  -0.4954579    -0.49128587  -0.51057975 
  -0.52957853  -0.5025614    -0.52012194  -0.4891337    -0.53998773  -0.51556715 
  -0.49522064  -0.5226675    -0.51426238  -0.46225807  -0.40935704  -0.47229713]
[0.19976658  0.15135033  0.19619663  0.19060457  0.22536762  0.23177476 
  0.22420761  0.21802718  0.22024637  0.21396904  0.20416582  0.18412944 
  0.134247      0.2007747    0.16787611  0.21217373  0.12962604  0.12198847 
  0.18293468  0.14688354  0.11130192  0.19797695  0.27101515  0.15919994]
[-0.38467395  -0.47044361  -0.45844647  -0.4682872    -0.46349292  -0.47241968 
  -0.43958412  -0.45359014  -0.46715898  -0.45038955  -0.46624697  -0.4473336 
  -0.46853509  -0.47392763  -0.44135958  -0.45409382  -0.46951972  -0.46740587 
  -0.46914255  -0.45914779  -0.45107652  -0.45869443  -0.40491296  -0.43611859]
[0.91003722  0.90188346  0.91088779  0.90750742  0.90620066  0.92502114 
  0.91656359  0.9015949    0.91159109  0.91483658  0.91683054  0.90625051 
  0.89457928  0.91080773  0.90066109  0.91839132  0.88769126  0.90217214 
  0.91427571  0.89887923  0.90205382  0.93112739  0.95601519  0.92406123]
[0.05999772  0.12129256  0.12761534  0.11295997  0.11978175  0.1326688 
  0.11682971  0.09005921  0.11570882  0.12435928  0.13337185  0.11136746 
  0.12022013  0.12751044  0.10225362  0.13114177  0.1140721    0.12648804 
  0.13200092  0.11563457  0.11245811  0.1421713    0.12340313  0.12129139]
[-0.13919948  -0.19345471  -0.20436339  -0.22028612  -0.25758994  -0.23917917 
  -0.20803341  -0.25125568  -0.24027446  -0.21084364  -0.22001157  -0.19312557 
  -0.17953193  -0.23582611  -0.17717677  -0.21213833  -0.19224328  -0.15344899 
  -0.20778515  -0.17524364  -0.12810965  -0.19975313  -0.20353339  -0.14883864]
[-0.00695622  -0.04856039  -0.00275561  -0.03525489    0.00502311  -0.02255377 
    0.00933305  -0.01334119  -0.01247122    0.004207      -0.01767811  -0.0134515 
  -0.03197833  -0.0218993    -0.01745569  -0.00304482  -0.03865349  -0.05311124 
  -0.03460376  -0.03003472  -0.0662055    -0.05309771  -0.0410012    -0.07611861]
[-1.07563746  -1.09804125  -0.99138245  -1.07911914  -1.00725444  -1.00774632 
  -0.97663785  -1.08658476  -1.02873031  -0.98038887  -1.01245638  -1.03952173 
  -1.07309106  -1.03975951  -1.06278397  -0.9853436    -1.11158712  -1.09110741 
  -1.04738373  -1.06925231  -1.12070662  -1.05448471  -1.03048704  -1.11176104]
increment_110
[-0.7672949    -0.68608475  -0.79276767  -0.69033671  -0.74705261  -0.74945927 
  -0.81751936  -0.68359826  -0.73254891  -0.80554711  -0.76096767  -0.75620945 
  -0.72045587  -0.72564813  -0.74223447  -0.79746521  -0.68162733  -0.71353232 
  -0.7322181    -0.72536709  -0.7011466    -0.73292445  -0.77298549  -0.71244014]
[-0.50795615  -0.52185328  -0.50506985  -0.51103742  -0.51480035  -0.47565089 
  -0.49310405  -0.51983033  -0.50241414  -0.49631404  -0.49039316  -0.51305999 
  -0.53355283  -0.50076393  -0.52358889  -0.48636845  -0.54431289  -0.51547503 
  -0.49611221  -0.52767237  -0.51920336  -0.45791208  -0.4015229    -0.47315016]
[0.19612187  0.1420169    0.18770675  0.18417775  0.22044945  0.23001762 
  0.22119141  0.21598433  0.21745178  0.20964124  0.20097389  0.18070063 
  0.1214479    0.19742913  0.16060234  0.21055762  0.1200182    0.11354745 
  0.17561667  0.13401327  0.09558693  0.19573727  0.27534283  0.15005136]
[-0.37822817  -0.46991654  -0.45700113  -0.46803402  -0.46213552  -0.47195555 
  -0.43594094  -0.45018965  -0.4660664    -0.44672818  -0.46465917  -0.44332861 
  -0.46675536  -0.47225017  -0.43914685  -0.45062129  -0.46743943  -0.46578177 
  -0.4677053    -0.45726717  -0.44986871  -0.45626035  -0.39851792  -0.43420019]
[0.91314179  0.90377077  0.91458486  0.91073965  0.90906562  0.93023041 
  0.92114865  0.90641106  0.91632728  0.91953804  0.92247668  0.91009786 
  0.89749289  0.9170353    0.90393788  0.92504345  0.89037977  0.90735809 
  0.91897353  0.90115805  0.90416971  0.93822573  0.96425895  0.92841368]
[0.05708669  0.12243969  0.13000633  0.11328214  0.12132323  0.13515389 
  0.11819505  0.08685743  0.11711772  0.12572474  0.13684997  0.11147182 
  0.12152304  0.13141266  0.10350752  0.13467684  0.11476683  0.13019633 
  0.13520323  0.1162021    0.11349197  0.14685041  0.12574619  0.12388499]
[-0.13255064  -0.18969455  -0.19611327  -0.21690349  -0.25729547  -0.23710084 
  -0.20200338  -0.24597496  -0.23742957  -0.20386224  -0.21556722  -0.18841307 
  -0.16811366  -0.23103771  -0.17107617  -0.20693494  -0.18538116  -0.14412836 
  -0.20066434  -0.16486859  -0.11464496  -0.19445834  -0.19976665  -0.13940641]
[-0.00450661  -0.04960895  -0.00173602  -0.03713479    0.00737771  -0.02204787 
    0.01294078  -0.01359786  -0.01169229    0.00649199  -0.01702234  -0.0103839 
  -0.03287079  -0.02196478  -0.01607808  -0.0019957    -0.03853815  -0.05549832 
  -0.03517517  -0.03151691  -0.07013294  -0.05593026  -0.04146471  -0.08002351]
[-1.08905854  -1.11452536  -0.99750433  -1.09547559  -1.01681827  -1.01324716 
  -0.97835257  -1.10142555  -1.03658554  -0.98491543  -1.01711139  -1.04652669 
  -1.08501989  -1.04554978  -1.07229439  -0.98882439  -1.12552701  -1.10159698 
  -1.05506031  -1.08463824  -1.13644757  -1.06208221  -1.03422197  -1.12386475]
increment_120
[-0.75528285  -0.6697087    -0.78566725  -0.6730815    -0.7337638    -0.7406474 
  -0.81447177  -0.67026616  -0.7225465    -0.79981844  -0.75438392  -0.74848705 
  -0.7100088    -0.71887051  -0.73253479  -0.79207877  -0.66973117  -0.70390538 
  -0.72450759  -0.71123073  -0.68830132  -0.72532551  -0.76913478  -0.70312362]
[-0.51221865  -0.52764681  -0.50783175  -0.51493786  -0.51922628  -0.47594336 
  -0.49428128  -0.52053678  -0.50314073  -0.49753132  -0.48946064  -0.51564651 
  -0.53756595  -0.49821813  -0.52704043  -0.48265618  -0.54846761  -0.5151424 
  -0.49729881  -0.53289066  -0.52444608  -0.45358035  -0.39419533  -0.47413242]
[0.19299025  0.13355971  0.17885504  0.17779044  0.21498662  0.22747804 
  0.21755067  0.21415681  0.21432066  0.20476609  0.19779626  0.17792024 
  0.10854841  0.19456078  0.15331206  0.2095993    0.11067263  0.10547463 
  0.16792604  0.12086919  0.0797157    0.19354809  0.27951532  0.14120474]
[-0.37315394  -0.46938916  -0.45560952  -0.46808225  -0.46098079  -0.47133367 
  -0.43248959  -0.44725076  -0.46494451  -0.44295744  -0.46304573  -0.43935642 
  -0.46487312  -0.47029088  -0.43703591  -0.44683743  -0.46499878  -0.46415313 
  -0.46629299  -0.45557536  -0.44891341  -0.45383766  -0.39251874  -0.43248511]
[0.91604775  0.90567942  0.91831149  0.9137988    0.91184093  0.93528522 
  0.92569121  0.91136888  0.92124281  0.92413593  0.92822737  0.91397461 
  0.90047484  0.92373835  0.90732462  0.93224298  0.89327624  0.91275722 
  0.92361403  0.90339223  0.90618919  0.94533859  0.9722968    0.93282306]
[0.05523084  0.12375113  0.13247281  0.11366444  0.12298091  0.13770293 
  0.1196841    0.08386507  0.11880299  0.12685363  0.14044605  0.11162367 
  0.1228          0.1357583    0.10495703  0.13847315  0.11529609  0.13411156 
  0.13843259  0.11689128  0.11464852  0.15158315  0.12814944  0.12670247]
[-0.12828397  -0.18715851  -0.18762873  -0.21423558  -0.25712577  -0.23464286 
  -0.19570752  -0.24102467  -0.23420363  -0.19648499  -0.21108699  -0.18458878 
  -0.15652742  -0.22620824  -0.16503969  -0.20180232  -0.17822965  -0.13497934 
  -0.19331774  -0.15463828  -0.10144102  -0.18918285  -0.19623817  -0.13043085]
[-0.00186069  -0.05011332  -0.00078919  -0.03892148    0.00957886  -0.02148938 
    0.01633435  -0.01403846  -0.01106064    0.00860322  -0.01632347  -0.00696344 
  -0.03372257  -0.0221343    -0.01458736  -0.00139465  -0.03814412  -0.05791938 
  -0.03561772  -0.03309161  -0.07389936  -0.05883886  -0.04154318  -0.08349831]
[-1.10263033  -1.13104284  -1.00390199  -1.11248684  -1.02733475  -1.01912977 
  -0.98060768  -1.1164083    -1.04450231  -0.99041112  -1.02167017  -1.05352791 
  -1.09711709  -1.05100893  -1.08164923  -0.99268879  -1.13922569  -1.11196965 
  -1.06263699  -1.1006662    -1.152006      -1.06971046  -1.03737746  -1.13517548]
