inc
Fp11
Fp12
Fp13
Fp21
Fp22
Fp23
Fp31
Fp32
Fp33
increment_0
[0.20693468  0.20693468  0.20693468  0.20693468  0.20693468  0.20693468 
  0.20693468  0.20693468  0.20693468  0.20693468  0.20693468  0.20693468]
[0.84222759  0.84222759  0.84222759  0.84222759  0.84222759  0.84222759 
  0.84222759  0.84222759  0.84222759  0.84222759  0.84222759  0.84222759]
[0.497826  0.497826  0.497826  0.497826  0.497826  0.497826  0.497826  0.497826 
  0.497826  0.497826  0.497826  0.497826]
[0.67967023  0.67967023  0.67967023  0.67967023  0.67967023  0.67967023 
  0.67967023  0.67967023  0.67967023  0.67967023  0.67967023  0.67967023]
[0.2422482  0.2422482  0.2422482  0.2422482  0.2422482  0.2422482  0.2422482 
  0.2422482  0.2422482  0.2422482  0.2422482  0.2422482]
[-0.69236132  -0.69236132  -0.69236132  -0.69236132  -0.69236132  -0.69236132 
  -0.69236132  -0.69236132  -0.69236132  -0.69236132  -0.69236132  -0.69236132]
[-0.70372326  -0.70372326  -0.70372326  -0.70372326  -0.70372326  -0.70372326 
  -0.70372326  -0.70372326  -0.70372326  -0.70372326  -0.70372326  -0.70372326]
[0.48163107  0.48163107  0.48163107  0.48163107  0.48163107  0.48163107 
  0.48163107  0.48163107  0.48163107  0.48163107  0.48163107  0.48163107]
[-0.52230746  -0.52230746  -0.52230746  -0.52230746  -0.52230746  -0.52230746 
  -0.52230746  -0.52230746  -0.52230746  -0.52230746  -0.52230746  -0.52230746]
increment_10
[0.21340681  0.21555304  0.21517309  0.21141987  0.20781711  0.21400956 
  0.21515144  0.21226255  0.20784906  0.21074027  0.21037493  0.21267098]
[0.83746431  0.83668905  0.83624939  0.8357379    0.8363999    0.8358798 
  0.83769995  0.83712899  0.83732521  0.83819791  0.83722196  0.8369517  ]
[0.49372133  0.49206834  0.49245598  0.49378571  0.49432389  0.49359402 
  0.49207866  0.49450824  0.49480941  0.4948218    0.49477472  0.49456824]
[0.68225486  0.68198118  0.68177112  0.68348873  0.68537045  0.68172481 
  0.68240745  0.68257448  0.68514477  0.6834449    0.68334059  0.68174134]
[0.23998625  0.24016331  0.24048822  0.24139419  0.24208412  0.24057645 
  0.23978479  0.23997657  0.24137258  0.23986856  0.24072217  0.24034509]
[-0.69385802  -0.69366515  -0.69348385  -0.69300943  -0.69257686  -0.69344084 
  -0.69392111  -0.69378409  -0.69299133  -0.69385427  -0.69334299  -0.69353647]
[-0.70765045  -0.71007024  -0.71007979  -0.70822055  -0.70670783  -0.70901576 
  -0.70923228  -0.70674475  -0.70558171  -0.70543858  -0.70635144  -0.7073917  ]
[0.48394096  0.48504176  0.48570935  0.48572496  0.48436264  0.48612863 
  0.48361637  0.48421405  0.48325574  0.48265138  0.48404403  0.48500263]
[-0.51961811  -0.51784731  -0.51807485  -0.51962969  -0.52060163  -0.51917081 
  -0.51809143  -0.52052287  -0.52122427  -0.52113752  -0.52081692  -0.52022552]
increment_20
[0.2206752    0.22513466  0.22524005  0.21512239  0.20954114  0.22231231 
  0.22557093  0.21766792  0.20603729  0.21386121  0.21155587  0.21901773]
[0.83305244  0.83154516  0.83039973  0.8288627    0.82994584  0.82944057 
  0.83350705  0.83220032  0.83213792  0.8344155    0.83148174  0.83110039]
[0.4887919    0.48527669  0.48552665  0.48928064  0.4903276    0.4883502 
  0.48425563  0.49054588  0.49145793  0.49113038  0.49132962  0.49095531]
[0.68532626  0.68488453  0.68420062  0.68877945  0.69123722  0.6839434 
  0.6856865    0.68617197  0.69289319  0.68861536  0.68912355  0.6843213  ]
[0.23734551  0.23765593  0.23836103  0.24153151  0.24212135  0.23891889 
  0.23689283  0.23771152  0.24152071  0.23751162  0.24010956  0.23798959]
[-0.69566564  -0.69531244  -0.69488733  -0.69341627  -0.69276815  -0.6947173 
  -0.69582186  -0.69528925  -0.69306345  -0.69536376  -0.69382158  -0.69499131]
[-0.71188857  -0.71686511  -0.71775828  -0.71276137  -0.71046308  -0.71533918 
  -0.71640546  -0.71002784  -0.70722005  -0.70708936  -0.7090402    -0.71118426]
[0.48538589  0.48746418  0.4892587    0.48981501  0.48777825  0.49038127 
  0.48470325  0.48618796  0.48444107  0.48271131  0.48649567  0.48848909]
[-0.5163456    -0.51263765  -0.51247661  -0.51638373  -0.51827637  -0.51502556 
  -0.51207236  -0.51827936  -0.52018008  -0.51969011  -0.51930077  -0.51807249]
increment_30
[0.22779468  0.23429827  0.23550022  0.21878617  0.21202491  0.23059344 
  0.23575485  0.22242133  0.20361946  0.21644722  0.21175602  0.22520484]
[0.8288743    0.82645976  0.82460676  0.82203495  0.82322294  0.82337411 
  0.8291507    0.82756946  0.82687011  0.83079516  0.82589184  0.82532507]
[0.48391345  0.47873681  0.47841481  0.48483224  0.48611565  0.48301287 
  0.4767038    0.48655158  0.48809598  0.48754305  0.48798932  0.48739      ]
[0.6885221    0.68783592  0.68667251  0.69426465  0.69690355  0.68630862 
  0.68884596  0.69027365  0.70106161  0.69407566  0.69550716  0.68696726]
[0.23476063  0.23535365  0.23621711  0.24169332  0.2422178    0.23742826 
  0.23412786  0.23556512  0.24200132  0.23525816  0.23975382  0.23564583]
[-0.69760467  -0.6969665    -0.69633265  -0.69387627  -0.69297428  -0.69619316 
  -0.69766385  -0.6967465    -0.69295474  -0.69682147  -0.69415893  -0.69644044]
[-0.71589219  -0.72339659  -0.72557915  -0.71713933  -0.71473126  -0.72153734 
  -0.72346291  -0.71302756  -0.7089081    -0.70848736  -0.71142688  -0.71486473]
[0.48635105  0.48973596  0.49268322  0.4938099    0.4916588    0.49388461 
  0.48604805  0.48766414  0.48569831  0.48252702  0.48864715  0.49187142]
[-0.51311279  -0.50760512  -0.50670731  -0.51316528  -0.51557026  -0.51072035 
  -0.5062478    -0.5161037    -0.51910856  -0.518386      -0.51796515  -0.51598289]
increment_40
[0.23476037  0.24306753  0.24582939  0.22262778  0.21513429  0.23881735 
  0.24576159  0.22660496  0.20057812  0.21819485  0.21076133  0.23104225]
[0.82484795  0.82140156  0.81892691  0.81515185  0.81633876  0.81748915 
  0.82473995  0.82306124  0.82160325  0.82729173  0.82048523  0.81968622]
[0.47911862  0.472439      0.47120291  0.48039122  0.4817984    0.47765169 
  0.46932996  0.48258409  0.48477198  0.48399348  0.48477495  0.48390982]
[0.69174542  0.69082893  0.68918458  0.69972319  0.70227729  0.68870914 
  0.69193567  0.69475743  0.70965264  0.70006624  0.70262785  0.68978249]
[0.23233332  0.23322105  0.23408704  0.24181008  0.24221558  0.23625304 
  0.23145195  0.23356814  0.24272426  0.23326558  0.23969621  0.23333731]
[-0.69962392  -0.69860228  -0.69782021  -0.69437238  -0.69323154  -0.69778459 
  -0.69947565  -0.69812362  -0.69271364  -0.69814083  -0.69433327  -0.69787187]
[-0.71975944  -0.72969044  -0.73343898  -0.7216026    -0.71940546  -0.72773985 
  -0.73041878  -0.71584677  -0.71052776  -0.70968086  -0.71342841  -0.71832815]
[0.48700241  0.49194464  0.49591753  0.49790691  0.49585755  0.496953 
  0.48749332  0.4889192    0.48690914  0.48209317  0.49042384  0.49504987]
[-0.50989077  -0.50275357  -0.50083603  -0.5099223    -0.51267263  -0.50624359 
  -0.50054944  -0.51400537  -0.51808754  -0.51717942  -0.51685339  -0.5140159  ]
increment_50
[0.24164808  0.25144879  0.25614262  0.22671413  0.21882288  0.2470108 
  0.25554326  0.23032061  0.19705796  0.21890757  0.20847425  0.23642071]
[0.82093764  0.8163751    0.81330525  0.80821093  0.80932747  0.81171445 
  0.82029234  0.81858035  0.81636923  0.82386546  0.81525106  0.81418134]
[0.47435234  0.46641383  0.46398529  0.47593459  0.47741363  0.47226898 
  0.46217024  0.47866575  0.48150838  0.48046567  0.4816845    0.48051082]
[0.69497698  0.69385475  0.69169465  0.70511938  0.70732518  0.69110564 
  0.69496006  0.69951355  0.71855038  0.70671454  0.71054983  0.6928368  ]
[0.22998484  0.23118619  0.23201721  0.24187432  0.2420644    0.23544432 
  0.22887157  0.23172956  0.24360014  0.23164199  0.2399739    0.23111116]
[-0.70167842  -0.70022367  -0.69932788  -0.69491121  -0.69355045  -0.69946852 
  -0.70126307  -0.69940599  -0.69238722  -0.69926333  -0.69432379  -0.6992589  ]
[-0.72356445  -0.7356938    -0.74129857  -0.72619284  -0.72444547  -0.7340167 
  -0.73722421  -0.71857682  -0.71207239  -0.71070213  -0.71504081  -0.72157532]
[0.48747205  0.49411123  0.4990514    0.50211368  0.50032494  0.49969891 
  0.48901033  0.4901228    0.48806018  0.48144045  0.49183004  0.49801903]
[-0.50666006  -0.49813898  -0.49492946  -0.50662642  -0.50964896  -0.50156604 
  -0.49501073  -0.51196966  -0.51713535  -0.51605191  -0.51596548  -0.51217009]
increment_60
[0.24853821  0.25946506  0.26637484  0.23108972  0.22302612  0.25514784 
  0.26507385  0.23369748  0.1932026    0.21850791  0.20495064  0.24135765]
[0.81713335  0.81139819  0.80767341  0.80122845  0.80220388  0.80602043 
  0.81578732  0.81406801  0.8111671    0.82047074  0.81016776  0.80878793]
[0.46954638  0.46067088  0.45684384  0.47144444  0.47297503  0.46690683 
  0.45525499  0.47480105  0.47831611  0.47699581  0.47870862  0.47717423]
[0.69822304  0.69689822  0.69416981  0.71043988  0.71207967  0.69347255 
  0.69790628  0.70443784  0.72764008  0.71404012  0.71923885  0.6961313  ]
[0.22760549  0.22922112  0.2300295    0.24187946  0.24176318  0.23505533 
  0.22641138  0.23003055  0.24457219  0.23042845  0.24058089  0.22898222]
[-0.70373498  -0.70184469  -0.70083371  -0.69550544  -0.69392801  -0.70124422 
  -0.70302327  -0.70059742  -0.69200507  -0.70016814  -0.6941334    -0.7005927  ]
[-0.7273566    -0.74138473  -0.74912479  -0.73092085  -0.72980786  -0.74036425 
  -0.74386979  -0.72129467  -0.71357114  -0.71155073  -0.71630081  -0.7246523  ]
[0.48784581  0.49621601  0.50219129  0.5064028    0.50502533  0.5021551 
  0.49062231  0.49138541  0.48918247  0.48063152  0.49290935  0.50081454]
[-0.50340693  -0.49377568  -0.48905481  -0.50325822  -0.50652899  -0.49669773 
  -0.48964826  -0.50997648  -0.51624923  -0.51502487  -0.51527939  -0.51041827]
increment_70
[0.25548798  0.26711429  0.27647241  0.23578316  0.22769808  0.26318241 
  0.27434569  0.23683039  0.18916518  0.21699925  0.20033533  0.24594187]
[0.81343402  0.80649261  0.80197595  0.79422257  0.79500073  0.80039598 
  0.811203      0.80950166  0.8060034    0.81706607  0.8052241    0.80349662]
[0.46465005  0.45521713  0.44984594  0.46691217  0.46850089  0.46161594 
  0.44859875  0.47099497  0.47520396  0.47362854  0.47584099  0.47389059]
[0.70149048  0.69996082  0.69658971  0.71566279  0.71656769  0.69579689 
  0.70076038  0.70946026  0.73681752  0.72200569  0.72860348  0.69962031]
[0.22513123  0.22733464  0.22813437  0.24181077  0.24129993  0.2351345 
  0.22411304  0.22844489  0.24557974  0.22962835  0.24147273  0.226926    ]
[-0.70577705  -0.70348052  -0.70232312  -0.69616604  -0.69437207  -0.70311816 
  -0.70475846  -0.70171124  -0.69160136  -0.70085491  -0.6937868    -0.70188701]
[-0.73117128  -0.74674382  -0.75688297  -0.73579364  -0.73542652  -0.74675162 
  -0.75036981  -0.72403498  -0.71503599  -0.71222253  -0.71724391  -0.72759071]
[0.48816201  0.49821635  0.50541854  0.510746      0.50990205  0.50432166 
  0.49234292  0.49275353  0.49029451  0.4797353    0.49370317  0.50346211]
[-0.50011336  -0.48966361  -0.48327175  -0.49981321  -0.50334536  -0.49166169 
  -0.48445412  -0.50801843  -0.51542572  -0.51412452  -0.51477305  -0.50874236]
increment_80
[0.26256099  0.27438902  0.28639628  0.24083912  0.23280752  0.27108997 
  0.28337299  0.23977793  0.18508121  0.21444321  0.19478991  0.25030338]
[0.80983676  0.80169328  0.79618225  0.78719554  0.78774915  0.79484711 
  0.80652883  0.80485928  0.80088812  0.813619      0.80040644  0.7982845  ]
[0.45960749  0.45004967  0.44303716  0.46232639  0.46400834  0.45641931 
  0.44219253  0.46725259  0.4721711    0.47037974  0.47307107  0.47064526]
[0.70477879  0.70305195  0.69894495  0.72073829  0.72081115  0.69807613 
  0.70350788  0.71453473  0.74600733  0.73055802  0.73854577  0.70323064]
[0.22254189  0.22554834  0.22634429  0.24164931  0.24066341  0.23570735 
  0.22204319  0.2269622    0.24657194  0.22922916  0.24260095  0.22491392]
[-0.70779694  -0.70514566  -0.70379205  -0.69689674  -0.69489197  -0.70509711 
  -0.70647926  -0.70275387  -0.69120592  -0.70133157  -0.69331095  -0.70315744]
[-0.7350663    -0.75175719  -0.76454494  -0.74084862  -0.74123447  -0.75315962 
  -0.75676779  -0.72682414  -0.71647181  -0.71273922  -0.71790956  -0.73044143]
[0.48843797  0.50005174  0.50877007  0.51514579  0.51490318  0.50618229 
  0.49415691  0.49426588  0.4914033    0.47881025  0.49425369  0.50600949]
[-0.49673386  -0.48578904  -0.4776185    -0.49628393  -0.50012603  -0.48646632 
  -0.47938406  -0.50608992  -0.51465546  -0.51335066  -0.51442134  -0.50711453]
increment_90
[0.26980342  0.28131106  0.29611722  0.24629046  0.23834965  0.27886425 
  0.29217915  0.24257901  0.18103902  0.21094322  0.18845134  0.25460388]
[0.80633377  0.79704634  0.79028399  0.78016107  0.78045735  0.78939232 
  0.80178027  0.80012284  0.79582124  0.81011589  0.79569204  0.79310536]
[0.45437989  0.44513376  0.43644651  0.45767745  0.45950086  0.45131583 
  0.43600997  0.46358452  0.46920136  0.46724511  0.47038176  0.46741062]
[0.70807733  0.70618829  0.70123393  0.72561903  0.72482523  0.70032246 
  0.70614151  0.71962763  0.75517507  0.73963011  0.74898437  0.70687007]
[0.21985078  0.22387597  0.22467014  0.24137212  0.23985413  0.23675547 
  0.22026831  0.22557575  0.24752512  0.22920416  0.24393549  0.22292643]
[-0.70978945  -0.70685626  -0.70524288  -0.697701      -0.69549176  -0.7071832 
  -0.70820267  -0.70373146  -0.69083296  -0.70161333  -0.69272215  -0.70441386]
[-0.73909871  -0.75643559  -0.77208589  -0.74611383  -0.74719555  -0.75957023 
  -0.76311179  -0.72967297  -0.71789806  -0.71313521  -0.71834866  -0.73329016]
[0.48868689  0.50164822  0.51224906  0.51959062  0.52000815  0.50772051 
  0.49601272  0.49595106  0.49251706  0.47789448  0.49461017  0.50853792]
[-0.49322217  -0.48211129  -0.4721183    -0.49266869  -0.49687836  -0.4811201 
  -0.47437693  -0.50419288  -0.51391799  -0.51268526  -0.51419309  -0.50548777]
increment_100
[0.27723484  0.28792972  0.30561426  0.25217076  0.24435528  0.28648067 
  0.30079323  0.2452731    0.17707952  0.2065848    0.18146881  0.25897241]
[0.80288294  0.79259716  0.784281      0.77313371  0.77310824  0.78407388 
  0.79699108  0.79527012  0.79079634  0.80653669  0.79105727  0.7879196  ]
[0.4489641    0.440414      0.43009274  0.45295278  0.45496537  0.44630932 
  0.43001319  0.45998988  0.46627588  0.4642268    0.46775501  0.46416064]
[0.71135462  0.70937995  0.70345701  0.73026608  0.72860948  0.70256591 
  0.70866746  0.72471657  0.76431341  0.74915931  0.75983174  0.71046849]
[0.21711012  0.22233482  0.2231227    0.2409612    0.23888222  0.23821323 
  0.21881177  0.22428433  0.24843604  0.22953254  0.24544365  0.22094923]
[-0.71174439  -0.70862771  -0.70667975  -0.69858269  -0.69617036  -0.70937538 
  -0.70994245  -0.70464764  -0.69048455  -0.70171145  -0.69203812  -0.70566342]
[-0.74332564  -0.76081828  -0.77948791  -0.75161196  -0.75331595  -0.76592577 
  -0.76943448  -0.7326025    -0.71933935  -0.71343909  -0.71861638  -0.73620763]
[0.48896081  0.50293572  0.51584758  0.52406494  0.5252317    0.50890658 
  0.49785201  0.49783886  0.4936448    0.47703127  0.49482318  0.51111186]
[-0.48954567  -0.478566      -0.46678435  -0.48896164  -0.49358615  -0.47566285 
  -0.46938295  -0.5023188    -0.51319292  -0.51211779  -0.51405606  -0.5038224  ]
increment_110
[0.28484193  0.29432675  0.31487643  0.25854237  0.25087923  0.29392103 
  0.30924694  0.24790439  0.17321667  0.20143834  0.17399728  0.26343605]
[0.79942338  0.78836276  0.77817671  0.7661059    0.76567366  0.77891962 
  0.79220025  0.79027665  0.78580572  0.80286406  0.78648319  0.78271609]
[0.44339347  0.43581922  0.42398442  0.44812992  0.45037952  0.44140288 
  0.42416013  0.45644436  0.46337972  0.46132813  0.46517565  0.46088494]
[0.71457347  0.71262105  0.70561399  0.73464115  0.73215061  0.70483377 
  0.71109872  0.72979423  0.77342562  0.75909155  0.77099432  0.71401539]
[0.21438084  0.22096061  0.22171565  0.24041937  0.23775808  0.23998405 
  0.21766672  0.22309473  0.24930985  0.23019577  0.24708968  0.21898128]
[-0.71365        -0.7104703    -0.70810728  -0.69954453  -0.69692619  -0.71166153 
  -0.7117078    -0.70550107  -0.69015775  -0.70163543  -0.69127828  -0.70690655]
[-0.74777788  -0.76498976  -0.78674435  -0.75738262  -0.75962492  -0.77216968 
  -0.77575794  -0.73565909  -0.7208174    -0.71367233  -0.71876558  -0.73921365]
[0.48933322  0.50388134  0.51955295  0.52857747  0.53060319  0.50974884 
  0.49962298  0.49995916  0.49479449  0.4762568    0.49493928  0.51374585]
[-0.4857029    -0.4750615    -0.46161808  -0.48513484  -0.49022199  -0.47014941 
  -0.46436409  -0.50043724  -0.51246493  -0.51164178  -0.51398064  -0.50210616]
increment_120
[0.29260588  0.30061646  0.32390496  0.26548189  0.25796546  0.30118864 
  0.31756571  0.25052729  0.16943846  0.19556657  0.16618684  0.2679557  ]
[0.79589531  0.78434284  0.77196577  0.75906425  0.75813427  0.77393762 
  0.78743059  0.78512438  0.78084356  0.79909314  0.78195651  0.77750357]
[0.43770658  0.43126146  0.41812234  0.44318146  0.4457265    0.4365872 
  0.41842004  0.45291139  0.460504      0.45854353  0.46263222  0.45758659]
[0.71770209  0.71588992  0.70770194  0.73870346  0.73543646  0.70714789 
  0.71344348  0.73485829  0.78252533  0.76938715  0.78237989  0.71753583]
[0.2117126    0.21978565  0.22047171  0.23976423  0.23648568  0.24196443 
  0.21682439  0.22200948  0.25015706  0.23117365  0.24883684  0.21702935]
[-0.71549612  -0.71238924  -0.7095309    -0.70059109  -0.69776038  -0.71402278 
  -0.71350297  -0.70629202  -0.68984656  -0.70139574  -0.69046268  -0.70813971]
[-0.75247291  -0.76907049  -0.79386545  -0.76347372  -0.76613859  -0.77826921 
  -0.78210092  -0.73889746  -0.72234427  -0.71385217  -0.71884274  -0.74229337]
[0.48987593  0.50448138  0.52335901  0.53313874  0.53613782  0.5102881 
  0.5012988    0.50233234  0.49596952  0.47558646  0.49499782  0.51642316]
[-0.4817036    -0.47148889  -0.45660818  -0.4811472    -0.48676834  -0.46462565 
  -0.45929415  -0.49850838  -0.51172609  -0.51124711  -0.51394191  -0.50034637]
