inc
Fp11
Fp12
Fp13
Fp21
Fp22
Fp23
Fp31
Fp32
Fp33
increment_0
[0.51781424  0.51781424  0.51781424  0.51781424  0.51781424  0.51781424 
  0.51781424  0.51781424  0.51781424  0.51781424  0.51781424  0.51781424]
[0.03799378  0.03799378  0.03799378  0.03799378  0.03799378  0.03799378 
  0.03799378  0.03799378  0.03799378  0.03799378  0.03799378  0.03799378]
[-0.85464899  -0.85464899  -0.85464899  -0.85464899  -0.85464899  -0.85464899 
  -0.85464899  -0.85464899  -0.85464899  -0.85464899  -0.85464899  -0.85464899]
[0.69614089  0.69614089  0.69614089  0.69614089  0.69614089  0.69614089 
  0.69614089  0.69614089  0.69614089  0.69614089  0.69614089  0.69614089]
[0.56195542  0.56195542  0.56195542  0.56195542  0.56195542  0.56195542 
  0.56195542  0.56195542  0.56195542  0.56195542  0.56195542  0.56195542]
[0.44675941  0.44675941  0.44675941  0.44675941  0.44675941  0.44675941 
  0.44675941  0.44675941  0.44675941  0.44675941  0.44675941  0.44675941]
[0.49724871  0.49724871  0.49724871  0.49724871  0.49724871  0.49724871 
  0.49724871  0.49724871  0.49724871  0.49724871  0.49724871  0.49724871]
[-0.82629449  -0.82629449  -0.82629449  -0.82629449  -0.82629449  -0.82629449 
  -0.82629449  -0.82629449  -0.82629449  -0.82629449  -0.82629449  -0.82629449]
[0.26453949  0.26453949  0.26453949  0.26453949  0.26453949  0.26453949 
  0.26453949  0.26453949  0.26453949  0.26453949  0.26453949  0.26453949]
increment_10
[0.5193259    0.51917169  0.5201878    0.52037549  0.52053125  0.52133117 
  0.5205332    0.52142791  0.52219025  0.52224537  0.52000031  0.5207686  ]
[0.03934058  0.03958801  0.04031473  0.03940543  0.04001578  0.04000083 
  0.03971741  0.03991942  0.04024957  0.04062735  0.04004399  0.04019008]
[-0.85384686  -0.85444297  -0.85366597  -0.85212987  -0.85267586  -0.8512799 
  -0.85227568  -0.85100747  -0.85013453  -0.85054067  -0.85363696  -0.85251512]
[0.699793      0.69928092  0.69815437  0.69928881  0.6984413    0.69839161 
  0.69888292  0.69853087  0.69827264  0.69749766  0.69842849  0.69825978]
[0.56780967  0.56710817  0.56445132  0.56477909  0.56398033  0.56327959 
  0.5640035    0.56310525  0.56462848  0.56256326  0.56423128  0.56376782]
[0.44522101  0.44527731  0.44688803  0.44839988  0.44801129  0.44886197 
  0.44873787  0.44933097  0.44685535  0.44827613  0.44764385  0.44795768]
[0.50125169  0.50084533  0.50039561  0.5001325    0.50016848  0.50042486 
  0.49991081  0.50029358  0.50246912  0.50132285  0.4998562    0.50035811]
[-0.81858821  -0.81915524  -0.82092971  -0.82081472  -0.82132208  -0.82181627 
  -0.82128583  -0.82190392  -0.82079637  -0.8222903    -0.82113686  -0.82140536]
[0.26113171  0.26118981  0.26278697  0.26218105  0.26292015  0.26402125 
  0.26242878  0.26391199  0.26617521  0.26619981  0.26213552  0.26334685]
increment_20
[0.52129885  0.52153295  0.52356605  0.52449599  0.52538055  0.52725105 
  0.52493057  0.52731261  0.52905471  0.52916828  0.52309994  0.52522688]
[0.04171493  0.0422766    0.0437303    0.04162612  0.04230437  0.04247588 
  0.04175075  0.04228185  0.04304096  0.04388067  0.04292127  0.04289878]
[-0.85362481  -0.85397221  -0.85241724  -0.84806795  -0.8473975    -0.84440288 
  -0.84744178  -0.84414723  -0.84205486  -0.84291984  -0.85222824  -0.84896892]
[0.70346946  0.7022871    0.70007797  0.70268554  0.70171426  0.70132213 
  0.70261459  0.70168974  0.70108699  0.69944639  0.7010755    0.70091268]
[0.5738912    0.57108098  0.5666292    0.56644182  0.56478551  0.56326586 
  0.5656414    0.56438126  0.56793546  0.5625334    0.56654817  0.56603379]
[0.44342006  0.44514106  0.44728741  0.45195687  0.45255844  0.45392095 
  0.45295261  0.45291125  0.44727863  0.4516018    0.44901705  0.4483937  ]
[0.50588912  0.50455533  0.50434202  0.50347483  0.50359638  0.50446848 
  0.50328597  0.50527494  0.51026384  0.50703575  0.50320502  0.50543228]
[-0.80971303  -0.81179801  -0.81474966  -0.81509325  -0.81618176  -0.81724681 
  -0.81554659  -0.8164158    -0.81388841  -0.81767119  -0.81484905  -0.81519171]
[0.25725321  0.25774413  0.26132011  0.26028421  0.26195052  0.26487322 
  0.26056827  0.26510823  0.2703559    0.26986365  0.2594919    0.2631757  ]
increment_30
[0.52341736  0.52415327  0.52693        0.52885005  0.53021968  0.53334303 
  0.5295451    0.53332261  0.53600586  0.53635298  0.52633105  0.52954613]
[0.04427121  0.04511739  0.04712836  0.04382585  0.04457776  0.04494227 
  0.0437822    0.04448712  0.04592959  0.04708235  0.04582145  0.04512539]
[-0.85340377  -0.85326076  -0.8511697    -0.84380016  -0.84213564  -0.83721868 
  -0.84228941  -0.83706997  -0.83395602  -0.83476583  -0.85067194  -0.84571301]
[0.70698919  0.70516877  0.70203649  0.70595825  0.70501455  0.70425262 
  0.70628718  0.70487573  0.70382465  0.70147138  0.70361764  0.70379117]
[0.57938103  0.57444013  0.5686393    0.56747878  0.56537806  0.5629498 
  0.56681718  0.56519995  0.57092964  0.56242338  0.5686067    0.5677647  ]
[0.4421306    0.44560876  0.44797107  0.45589756  0.45741671  0.45938346 
  0.45762247  0.45688375  0.44798787  0.45514916  0.45050153  0.44863752]
[0.51028198  0.50809377  0.5081121    0.50668089  0.50682533  0.50843263 
  0.50654764  0.51007146  0.51793421  0.51290898  0.50655384  0.51027452]
[-0.80117167  -0.8047998    -0.80868295  -0.80979104  -0.81119151  -0.81289373 
  -0.81015739  -0.81128234  -0.80716354  -0.81311342  -0.80877591  -0.80940079]
[0.2533991    0.25448294  0.25970131  0.25869603  0.26083819  0.26587745 
  0.25897647  0.26639996  0.27456718  0.2738858    0.25712833  0.26255449]
increment_40
[0.52574206  0.52691985  0.53035212  0.53326064  0.53499925  0.53948099 
  0.53430879  0.53934254  0.54298446  0.54351931  0.5296741    0.53390082]
[0.04688654  0.04800005  0.05041449  0.045747      0.04680547  0.04736743 
  0.04577497  0.04662125  0.04884546  0.05021888  0.04870961  0.04699337]
[-0.85296447  -0.85236216  -0.84967251  -0.83945445  -0.83693139  -0.82990034 
  -0.83691305  -0.82996398  -0.82584635  -0.82657472  -0.84890776  -0.8423445  ]
[0.71048821  0.70802662  0.70415763  0.70929196  0.70837432  0.70719613 
  0.70993169  0.70808198  0.70654725  0.7035296    0.70617075  0.70685681]
[0.58441927  0.57750339  0.57060071  0.56827273  0.5660211    0.56251403 
  0.56764862  0.56579418  0.57370095  0.56224961  0.57039911  0.56915687]
[0.4413479    0.44642221  0.44899952  0.45984279  0.46229303  0.46502831 
  0.46261615  0.46110363  0.44896882  0.45885876  0.45236341  0.44905268]
[0.5145313    0.51154723  0.51179381  0.50983083  0.51000343  0.51233365 
  0.50971163  0.51470193  0.52545443  0.51867457  0.50978206  0.51495957]
[-0.79288239  -0.79799267  -0.80266117  -0.80469722  -0.80619317  -0.80866206 
  -0.80503936  -0.8063349    -0.80059195  -0.80863742  -0.80290213  -0.80388797]
[0.24963147  0.25133079  0.2579906    0.25725176  0.25962673  0.26693519 
  0.25757392  0.26764553  0.27872488  0.27782855  0.25482608  0.26183682]
increment_50
[0.5282338    0.52979332  0.53384038  0.53763547  0.53969949  0.54560697 
  0.53918906  0.54533596  0.54997465  0.55064688  0.53313978  0.5383331  ]
[0.04941014  0.05091828  0.05359896  0.04732293  0.04899329  0.04973213 
  0.04772203  0.04870145  0.05177834  0.05331848  0.0515698    0.04851443]
[-0.85235635  -0.85135614  -0.8479257    -0.83520177  -0.83182596  -0.82252182 
  -0.83136294  -0.82287504  -0.81773953  -0.81841937  -0.84688202  -0.83876804]
[0.71400293  0.71083308  0.70641762  0.71268214  0.71178093  0.71016481 
  0.71353782  0.71130865  0.70926196  0.70557466  0.70875751  0.71007442]
[0.58903202  0.58029046  0.57246551  0.56885719  0.56677898  0.56196618 
  0.56817157  0.56626346  0.57624134  0.56198745  0.57191616  0.57019121]
[0.44090847  0.44748732  0.45039585  0.46362418  0.46708014  0.47086623 
  0.46786564  0.46548702  0.45024446  0.46268392  0.45466805  0.44978695]
[0.51865157  0.51491574  0.51536933  0.51289928  0.51317365  0.51611146 
  0.51278026  0.51919615  0.53279581  0.52432013  0.51287196  0.51945084]
[-0.78485543  -0.79137743  -0.79672608  -0.79980863  -0.80115057  -0.80455619 
  -0.8001785    -0.80151315  -0.79418586  -0.80426309  -0.79724364  -0.79867984]
[0.24597999  0.24828865  0.2562131    0.25588538  0.25834151  0.26794902 
  0.25634628  0.26882415  0.28279589  0.28169759  0.25257604  0.26113736]
increment_60
[0.53084792  0.53275833  0.53738168  0.54193005  0.54431676  0.55168952 
  0.54415735  0.55127823  0.55696152  0.55771801  0.53674481  0.54284263]
[0.05164183  0.05387111  0.05671889  0.04858629  0.05115247  0.05201715 
  0.04962635  0.05070896  0.0547193    0.05639692  0.0543865    0.04970774]
[-0.85163196  -0.85029752  -0.84600141  -0.83115477  -0.82685389  -0.81511157 
  -0.82570512  -0.8158505    -0.80964935  -0.81034527  -0.84455126  -0.83497973]
[0.71758916  0.71354685  0.70875848  0.71607791  0.71520453  0.71317883 
  0.71707629  0.71455435  0.71198125  0.70758955  0.7113787    0.71340264]
[0.59322675  0.58275224  0.57417845  0.56920361  0.56762454  0.5612972 
  0.56839861  0.56662358  0.57857612  0.56165604  0.57312342  0.57085044]
[0.44064436  0.44876901  0.45213414  0.46720737  0.47174911  0.47694397 
  0.47329174  0.46997205  0.45180234  0.46656297  0.45745515  0.4509363  ]
[0.52264243  0.51817733  0.51881594  0.51584297  0.51633326  0.51971341 
  0.51575576  0.52355589  0.5399553    0.52985937  0.51581118  0.52369127]
[-0.77711647  -0.78499718  -0.79091938  -0.79515188  -0.79608437  -0.80058551 
  -0.79557263  -0.7968112    -0.78793057  -0.79997616  -0.79183597  -0.79379745]
[0.24246449  0.24537584  0.25438541  0.25456209  0.25700452  0.26884088 
  0.25529448  0.26992243  0.28675528  0.2854988    0.25040299  0.26049979]
increment_70
[0.53357855  0.5358093    0.54094018  0.54613077  0.5488527    0.55772787 
  0.54918495  0.55715141  0.56394454  0.56470699  0.5404901    0.54740935]
[0.0535273    0.0568557    0.05981137  0.04961051  0.05327912  0.05421423 
  0.05146519  0.05261041  0.05766125  0.05946473  0.05714769  0.05062852]
[-0.85076355  -0.8492052    -0.84401091  -0.82736342  -0.82203604  -0.80766001 
  -0.82000303  -0.80893052  -0.80156732  -0.8024062    -0.84191399  -0.83102654]
[0.72127991  0.71614375  0.71112678  0.71942601  0.71862363  0.71625085 
  0.72053176  0.71782178  0.71471449  0.70956684  0.71402724  0.71678984]
[0.59703157  0.58485267  0.57574428  0.56929814  0.56850502  0.56051922 
  0.56833375  0.56687656  0.5807231    0.5612977    0.57400507  0.57115276]
[0.44053696  0.45026093  0.45411611  0.47061461  0.47630327  0.48326705 
  0.47881808  0.47449436  0.45363471  0.47042151  0.46071668  0.45252851]
[0.52650801  0.52131424  0.52213606  0.51863631  0.51946205  0.52314041 
  0.51863413  0.52778461  0.54693996  0.53531055  0.51859502  0.52764849]
[-0.7696703    -0.77888593  -0.78523811  -0.79073578  -0.79103148  -0.79674043 
  -0.79122315  -0.7922318    -0.78181654  -0.79574567  -0.78669742  -0.78923108]
[0.23909174  0.24260671  0.2525077    0.25327072  0.25562864  0.26959957 
  0.25441223  0.27093679  0.29060247  0.28922312  0.2483223    0.25993594]
increment_80
[0.53645237  0.53893036  0.54449072  0.55022502  0.55332031  0.56371725 
  0.55423577  0.56294774  0.57092237  0.57158657  0.54435857  0.55202423]
[0.05509467  0.05987383  0.06289324  0.0504716    0.05534936  0.05631782 
  0.05316675  0.05438444  0.06059079  0.0625252    0.05982925  0.05135454]
[-0.84967657  -0.848106      -0.84202001  -0.82384816  -0.81736469  -0.80016789 
  -0.81430491  -0.80212778  -0.79347786  -0.79465072  -0.83899189  -0.82694353]
[0.72508082  0.71860353  0.71349709  0.72269763  0.72202469  0.71939147 
  0.72392717  0.72111436  0.71747307  0.71150477  0.71670968  0.72017933]
[0.60043857  0.58658849  0.57718997  0.5691801    0.56934631  0.55966623 
  0.56798666  0.56701928  0.58267865  0.56094245  0.57459138  0.57112558]
[0.44067677  0.45193574  0.45626194  0.47387329  0.48077008  0.48980822 
  0.4843884    0.47903276  0.45576599  0.47421358  0.46439858  0.45455438]
[0.53023774  0.52431912  0.52534364  0.52127398  0.52253218  0.5264099 
  0.52139578  0.53187879  0.55373625  0.54067514  0.52123353  0.53132558]
[-0.76254103  -0.77305669  -0.77966471  -0.78653074  -0.7860469    -0.79299681 
  -0.78713107  -0.78778202  -0.77585383  -0.79155118  -0.78181351  -0.78496349]
[0.23587685  0.23998554  0.25058048  0.25198739  0.25423698  0.27022282 
  0.25366502  0.27186618  0.29432759  0.29284616  0.24633141  0.25946926]
increment_90
[0.53948971  0.54211031  0.54803102  0.55420454  0.55772998  0.56963908 
  0.55927664  0.56865265  0.57788379  0.57834209  0.54832779  0.55668181]
[0.0563666    0.06291468  0.06597117  0.05122658  0.05732981  0.05833403 
  0.0546548    0.05603579  0.06349627  0.06558185  0.0623997    0.05194066]
[-0.84832512  -0.84700754  -0.84004166  -0.82062309  -0.81283195  -0.79267537 
  -0.80864991  -0.79547671  -0.78538481  -0.7871073    -0.8358208    -0.82276579]
[0.72898278  0.72092276  0.71585548  0.7258715    0.72540211  0.72259099 
  0.72729168  0.72441737  0.72026409  0.71339998  0.71943372  0.72352155]
[0.60341641  0.58796741  0.57852583  0.56889199  0.57009055  0.55877556 
  0.56736196  0.56704567  0.58442459  0.56060437  0.57492198  0.57076791]
[0.44113626  0.45377481  0.45853382  0.47697987  0.48516112  0.49650094 
  0.48996328  0.48357233  0.45823269  0.47791307  0.46842175  0.45698486]
[0.53381152  0.52718903  0.52845394  0.52376796  0.52552374  0.52954154 
  0.52401563  0.53582544  0.56031078  0.54595388  0.52374341  0.53472823]
[-0.75576752  -0.76751345  -0.77419438  -0.78250508  -0.78117471  -0.78933154 
  -0.78330165  -0.78346891  -0.77006337  -0.78738291  -0.77716165  -0.7809971  ]
[0.23284003  0.23751221  0.2486236    0.2507027    0.25285149  0.27071362 
  0.25301538  0.2727018    0.29790129  0.29635632  0.24442837  0.25912042]
increment_100
[0.54268487  0.54533723  0.55157433  0.55806286  0.56207998  0.57546814 
  0.56427409  0.5742451    0.58480316  0.58497522  0.55237102  0.56136856]
[0.05734824  0.06595728  0.06904568  0.05190044  0.05919133  0.06027285 
  0.05588032  0.05758447  0.06636796  0.0686389    0.06481802  0.05241384]
[-0.84672342  -0.84591745  -0.83805392  -0.81770726  -0.80845034  -0.78523912 
  -0.80309101  -0.78903214  -0.77731938  -0.77977767  -0.83245329  -0.81853102]
[0.73296256  0.7231031    0.71819138  0.72893086  0.72874772  0.7258367 
  0.73063512  0.72770236  0.72309437  0.71524519  0.72219823  0.72678668]
[0.60593798  0.58899814  0.57973367  0.56846315  0.57070794  0.55787753 
  0.5664645    0.56695643  0.58596226  0.56028611  0.57502047  0.57007738]
[0.44191566  0.45575473  0.4609377    0.47988983  0.48945261  0.50328285 
  0.49549444  0.48807896  0.46104464  0.48150297  0.47269151  0.45978519]
[0.53721113  0.52992141  0.53147098  0.52614129  0.52842841  0.53254467 
  0.52647344  0.53961536  0.56663292  0.55115617  0.52613576  0.5378556  ]
[-0.74938578  -0.76225925  -0.76884505  -0.77863808  -0.77644173  -0.78572454 
  -0.77973952  -0.77929381  -0.76445094  -0.7832402    -0.77273303  -0.77733636]
[0.22999792  0.23518606  0.24666793  0.24942577  0.25149118  0.27106119 
  0.25243475  0.27343634  0.30127857  0.29976892  0.24261982  0.25888662]
increment_110
[0.54600829  0.54859548  0.55513544  0.56179788  0.5663519    0.5811819 
  0.56919416  0.57970576  0.59165127  0.59149344  0.55645461  0.56605227]
[0.05803312  0.06896958  0.07211663  0.05250218  0.06090243  0.0621429 
  0.05683655  0.05903051  0.06920008  0.0716817    0.06704346  0.05278997]
[-0.8449274    -0.84484913  -0.83603164  -0.81510274  -0.80426907  -0.77790943 
  -0.79769329  -0.7828382    -0.76932429  -0.77262904  -0.82897256  -0.81428989]
[0.73699391  0.72514825  0.72049692  0.73187261  0.73204747  0.72911772 
  0.73395155  0.73095032  0.72596492  0.71705505  0.72498171  0.72997749]
[0.60800338  0.58968893  0.58079331  0.56792368  0.57118051  0.55699956 
  0.56532705  0.56673978  0.58730469  0.55997477  0.57488233  0.56909983]
[0.4429536    0.45784208  0.46348652  0.48256462  0.4935832    0.5100986 
  0.50091467  0.49253025  0.46418602  0.48502534  0.47709774  0.4628961  ]
[0.54042852  0.5325125    0.53439678  0.52841945  0.53123904  0.53542789 
  0.5287701    0.54323065  0.57268272  0.55626946  0.52840916  0.54071825]
[-0.74341285  -0.75729931  -0.76363438  -0.77490974  -0.77186704  -0.78215806 
  -0.77642499  -0.77526905  -0.75901353  -0.77913544  -0.76854021  -0.77394892]
[0.22735616  0.23300715  0.24474049  0.24816649  0.25016591  0.27125666 
  0.25189892  0.27406025  0.30442108  0.30307899  0.24091919  0.25871626]
increment_120
[0.54942683  0.55187412  0.55872561  0.56541182  0.57052118  0.5867686 
  0.57400898  0.58502621  0.59840786  0.59792243  0.56054788  0.57069566]
[0.05842223  0.07190134  0.07518058  0.05303416  0.06241286  0.06395295 
  0.05755802  0.06035541  0.07199309  0.07468483  0.06904249  0.05308597]
[-0.84299679  -0.84380298  -0.83395218  -0.81279288  -0.80034719  -0.77071816 
  -0.79251453  -0.77691994  -0.76143518  -0.76558295  -0.82546241  -0.81009727]
[0.7410547    0.72707606  0.7227694    0.73470513  0.73529431  0.7324221 
  0.73722821  0.73415123  0.72886734  0.71885821  0.72775605  0.73310823]
[0.60963447  0.59004751  0.58169862  0.56730081  0.57149261  0.55616251 
  0.56401307  0.5663789    0.58845766  0.55965278  0.57448907  0.56790689]
[0.44417877  0.46000928  0.4661825    0.48499381  0.4974742    0.51689982 
  0.50615486  0.49689604  0.46763453  0.48855255  0.48154177  0.46623779]
[0.54346563  0.53495863  0.53723872  0.53062054  0.53394811  0.53820577 
  0.53093009  0.546664      0.57844945  0.56128643  0.53055582  0.54334208]
[-0.73784493  -0.75263857  -0.75857        -0.77130246  -0.76746952  -0.77861934 
  -0.77331103  -0.77141038  -0.75375189  -0.77508508  -0.76460447  -0.7707824  ]
[0.22490984  0.23097531  0.24286413  0.24692782  0.24888249  0.27130805 
  0.25138689  0.27458123  0.30731137  0.30629595  0.23934044  0.25854581]
