inc
Fp11
Fp12
Fp13
Fp21
Fp22
Fp23
Fp31
Fp32
Fp33
increment_0
[-0.35908927  -0.35908927  -0.35908927  -0.35908927  -0.35908927  -0.35908927 
  -0.35908927  -0.35908927  -0.35908927  -0.35908927  -0.35908927  -0.35908927 
  -0.35908927  -0.35908927  -0.35908927  -0.35908927  -0.35908927  -0.35908927 
  -0.35908927  -0.35908927  -0.35908927  -0.35908927  -0.35908927  -0.35908927 
  -0.35908927  -0.35908927  -0.35908927  -0.35908927]
[0.70846415  0.70846415  0.70846415  0.70846415  0.70846415  0.70846415 
  0.70846415  0.70846415  0.70846415  0.70846415  0.70846415  0.70846415 
  0.70846415  0.70846415  0.70846415  0.70846415  0.70846415  0.70846415 
  0.70846415  0.70846415  0.70846415  0.70846415  0.70846415  0.70846415 
  0.70846415  0.70846415  0.70846415  0.70846415]
[0.60756353  0.60756353  0.60756353  0.60756353  0.60756353  0.60756353 
  0.60756353  0.60756353  0.60756353  0.60756353  0.60756353  0.60756353 
  0.60756353  0.60756353  0.60756353  0.60756353  0.60756353  0.60756353 
  0.60756353  0.60756353  0.60756353  0.60756353  0.60756353  0.60756353 
  0.60756353  0.60756353  0.60756353  0.60756353]
[-0.22438375  -0.22438375  -0.22438375  -0.22438375  -0.22438375  -0.22438375 
  -0.22438375  -0.22438375  -0.22438375  -0.22438375  -0.22438375  -0.22438375 
  -0.22438375  -0.22438375  -0.22438375  -0.22438375  -0.22438375  -0.22438375 
  -0.22438375  -0.22438375  -0.22438375  -0.22438375  -0.22438375  -0.22438375 
  -0.22438375  -0.22438375  -0.22438375  -0.22438375]
[-0.69742205  -0.69742205  -0.69742205  -0.69742205  -0.69742205  -0.69742205 
  -0.69742205  -0.69742205  -0.69742205  -0.69742205  -0.69742205  -0.69742205 
  -0.69742205  -0.69742205  -0.69742205  -0.69742205  -0.69742205  -0.69742205 
  -0.69742205  -0.69742205  -0.69742205  -0.69742205  -0.69742205  -0.69742205 
  -0.69742205  -0.69742205  -0.69742205  -0.69742205]
[0.68062796  0.68062796  0.68062796  0.68062796  0.68062796  0.68062796 
  0.68062796  0.68062796  0.68062796  0.68062796  0.68062796  0.68062796 
  0.68062796  0.68062796  0.68062796  0.68062796  0.68062796  0.68062796 
  0.68062796  0.68062796  0.68062796  0.68062796  0.68062796  0.68062796 
  0.68062796  0.68062796  0.68062796  0.68062796]
[0.90592871  0.90592871  0.90592871  0.90592871  0.90592871  0.90592871 
  0.90592871  0.90592871  0.90592871  0.90592871  0.90592871  0.90592871 
  0.90592871  0.90592871  0.90592871  0.90592871  0.90592871  0.90592871 
  0.90592871  0.90592871  0.90592871  0.90592871  0.90592871  0.90592871 
  0.90592871  0.90592871  0.90592871  0.90592871]
[0.10807881  0.10807881  0.10807881  0.10807881  0.10807881  0.10807881 
  0.10807881  0.10807881  0.10807881  0.10807881  0.10807881  0.10807881 
  0.10807881  0.10807881  0.10807881  0.10807881  0.10807881  0.10807881 
  0.10807881  0.10807881  0.10807881  0.10807881  0.10807881  0.10807881 
  0.10807881  0.10807881  0.10807881  0.10807881]
[0.40940462  0.40940462  0.40940462  0.40940462  0.40940462  0.40940462 
  0.40940462  0.40940462  0.40940462  0.40940462  0.40940462  0.40940462 
  0.40940462  0.40940462  0.40940462  0.40940462  0.40940462  0.40940462 
  0.40940462  0.40940462  0.40940462  0.40940462  0.40940462  0.40940462 
  0.40940462  0.40940462  0.40940462  0.40940462]
increment_10
[-0.35871122  -0.35858857  -0.35859757  -0.35866647  -0.35836412  -0.35940993 
  -0.35884104  -0.35849754  -0.35762161  -0.35898134  -0.35973149  -0.359114 
  -0.35843029  -0.35897644  -0.3588004    -0.35915738  -0.35925788  -0.35960986 
  -0.35916819  -0.35895024  -0.35858477  -0.35917053  -0.35838706  -0.3587896 
  -0.35903706  -0.35843064  -0.35887737  -0.35855871]
[0.70750437  0.7071662    0.7070732    0.7070699    0.70701361  0.7072287 
  0.70792364  0.70766534  0.706628      0.70764668  0.7058232    0.70826727 
  0.70729186  0.70835107  0.70740489  0.70775629  0.70732856  0.70655514 
  0.70847369  0.70786393  0.70748162  0.70740687  0.70699024  0.70811439 
  0.7083703    0.70769321  0.70813807  0.70797471]
[0.60680591  0.60654772  0.60650325  0.60654352  0.60632595  0.60709358 
  0.60684945  0.60672244  0.60565453  0.607053      0.60652806  0.60747171 
  0.60535542  0.6073777    0.60680472  0.6072214    0.60705213  0.60685226 
  0.60731435  0.60706807  0.6067159    0.6070406    0.60632612  0.60718725 
  0.60745501  0.60665415  0.60725496  0.60696859]
[-0.22365894  -0.22381219  -0.22394924  -0.22411097  -0.22365721  -0.22589606 
  -0.22322136  -0.22270245  -0.22300698  -0.22462185  -0.22546608  -0.22562691 
  -0.22383477  -0.22174246  -0.22443789  -0.22535089  -0.22550234  -0.2256369 
  -0.22344345  -0.2241729    -0.22350231  -0.22528095  -0.22389072  -0.22163995 
  -0.22279443  -0.22307005  -0.22293959  -0.2223225  ]
[-0.69401074  -0.69428415  -0.69438983  -0.69434193  -0.69442904  -0.69432569 
  -0.69357271  -0.69376944  -0.69460761  -0.69396579  -0.69528136  -0.69346722 
  -0.6937845    -0.69327872  -0.69403826  -0.69386966  -0.69420466  -0.69490482 
  -0.69311389  -0.69365        -0.69399644  -0.69419451  -0.69433947  -0.6934532 
  -0.69331239  -0.69372848  -0.69350461  -0.69366903]
[0.67752935  0.67780205  0.67795901  0.67800725  0.6778338    0.67894961 
  0.67691245  0.67679096  0.67762894  0.67798002  0.67948745  0.67812038 
  0.67740971  0.6758759    0.67793967  0.67829431  0.67864396  0.67927742 
  0.67666314  0.67748566  0.67740352  0.67851698  0.67788785  0.6759668 
  0.67647369  0.67695609  0.67670617  0.67649979]
[0.91312726  0.91315881  0.9129662    0.91282382  0.91348302  0.91026793 
  0.91392929  0.9145591    0.91500221  0.91198729  0.91034231  0.91103905 
  0.91487286  0.91495727  0.91249665  0.91116965  0.91086525  0.91011479 
  0.91353211  0.91274894  0.91355621  0.91109136  0.91340975  0.91519271 
  0.91384561  0.91436411  0.91381403  0.91462989]
[0.1063473    0.10677781  0.10694538  0.10687866  0.10711013  0.10637528 
  0.10576453  0.10597446  0.10786623  0.10581327  0.10875957  0.10456139 
  0.10798973  0.10487621  0.10618901  0.1054995    0.10622842  0.1076257 
  0.10473766  0.10547983  0.1062058    0.10617384  0.10702387  0.10522981 
  0.10469406  0.10592907  0.10508168  0.1055319  ]
[0.40848246  0.40837011  0.40845211  0.40858206  0.40814308  0.41007771 
  0.40798566  0.40762919  0.40730825  0.40907903  0.40999481  0.40974447 
  0.40747575  0.40736039  0.4088498    0.40960708  0.40975423  0.41004732 
  0.40828178  0.40872975  0.40817845  0.40957855  0.4082832    0.40720863 
  0.40801944  0.40777469  0.40802754  0.4074999  ]
increment_20
[-0.35852036  -0.35784291  -0.3580876    -0.35830541  -0.35722006  -0.35961907 
  -0.35929228  -0.35753914  -0.35583954  -0.35870988  -0.36043217  -0.35916251 
  -0.3590197    -0.35894765  -0.35771868  -0.35933276  -0.35939091  -0.36035692 
  -0.35962092  -0.35893065  -0.35775259  -0.35919176  -0.35663146  -0.35869667 
  -0.35900945  -0.3566732    -0.35798677  -0.35720816]
[0.70608728  0.70551832  0.70539965  0.70541603  0.70494623  0.7062736 
  0.70766562  0.70650865  0.70413388  0.70673507  0.70206391  0.70794317 
  0.70678529  0.7083839    0.70538989  0.70687345  0.70590446  0.70353886 
  0.70893647  0.7069163    0.70571631  0.70605344  0.7049039    0.70802959 
  0.70831902  0.70625889  0.70729262  0.70699098]
[0.60590139  0.60518955  0.60527684  0.60540569  0.60449364  0.60670133 
  0.60565051  0.60515289  0.60319554  0.60638854  0.60483895  0.60732393 
  0.6018145    0.60701913  0.60501672  0.60684736  0.60635742  0.6056729 
  0.6068749    0.60588792  0.6052405    0.60631569  0.60410204  0.60708328 
  0.60737949  0.60427717  0.60624607  0.60560033]
[-0.22359139  -0.22292489  -0.22356313  -0.22401237  -0.22254461  -0.22754294 
  -0.22374169  -0.22079994  -0.22155302  -0.22421188  -0.22624861  -0.22709174 
  -0.22522157  -0.21873339  -0.22339078  -0.22695447  -0.22655742  -0.22678756 
  -0.22284648  -0.22425729  -0.2226058    -0.22605319  -0.221979      -0.21832013 
  -0.22108073  -0.22051525  -0.21997468  -0.21851173]
[-0.69022533  -0.69077868  -0.69095944  -0.69088681  -0.69125698  -0.69040556 
  -0.68879921  -0.68981849  -0.69173468  -0.68996545  -0.69340344  -0.6890593 
  -0.68874654  -0.68842136  -0.69080695  -0.68987603  -0.69062135  -0.69253822 
  -0.68785873  -0.6895352    -0.69061875  -0.69057279  -0.69118825  -0.68878138 
  -0.68863505  -0.68995206  -0.68940453  -0.68953986]
[0.67476148  0.67451948  0.67499396  0.67517564  0.67468567  0.6766381 
  0.67335899  0.67259178  0.67454118  0.67454542  0.67838765  0.67536671 
  0.67408877  0.67032782  0.67478224  0.67594403  0.67632624  0.67798367 
  0.672122      0.67422522  0.67421135  0.67601813  0.67433185  0.67043198 
  0.67179674  0.67253748  0.67182204  0.67082939]
[0.92006114  0.92187426  0.92097057  0.92043548  0.92285596  0.91566172 
  0.92170307  0.92496505  0.92535984  0.91981822  0.91587214  0.91680235 
  0.92427558  0.92552994  0.92178412  0.91663454  0.91682275  0.91515274 
  0.92204275  0.92060056  0.92237108  0.91741027  0.92415173  0.92569871 
  0.92279412  0.92637348  0.92474556  0.92682138]
[0.10565623  0.10572686  0.10573821  0.10559556  0.10672691  0.10356292 
  0.10370212  0.10451904  0.10838079  0.10322985  0.11102945  0.10071912 
  0.10930362  0.10138978  0.10571182  0.10260632  0.10435801  0.10847803 
  0.10094204  0.10375021  0.10527699  0.10423899  0.10686151  0.10144141 
  0.10071842  0.10537121  0.10268707  0.10409783]
[0.40860543  0.40706812  0.40745233  0.40782748  0.40633709  0.41068546 
  0.40721024  0.40526251  0.40493961  0.40821334  0.41032633  0.41016736 
  0.40568695  0.40495514  0.4071146    0.41018213  0.40998473  0.41068782 
  0.40706699  0.40786169  0.40671986  0.40958002  0.4056536    0.40472843 
  0.40650153  0.40446418  0.40529822  0.40479468]
increment_30
[-0.35837537  -0.35687355  -0.3575012    -0.35794371  -0.35600494  -0.35984238 
  -0.35970102  -0.35640086  -0.35386477  -0.35844977  -0.36110496  -0.35924227 
  -0.35916607  -0.35884116  -0.35642185  -0.3594555    -0.35952816  -0.360961 
  -0.35998191  -0.35898973  -0.35677555  -0.35911167  -0.35448916  -0.35860265 
  -0.35898511  -0.35468212  -0.35672323  -0.35603867]
[0.70467513  0.70388112  0.70377956  0.70391456  0.70287208  0.70517712 
  0.70738496  0.70533462  0.70175147  0.70586731  0.69851646  0.70737544 
  0.70620318  0.70834884  0.70333284  0.70598107  0.70454107  0.70063776 
  0.70932437  0.70596642  0.70389059  0.70463562  0.70283597  0.70795107 
  0.70827894  0.70480913  0.70634504  0.70608693]
[0.605017      0.60369993  0.60403114  0.60433701  0.60261467  0.60623529 
  0.60433679  0.6033773    0.60068225  0.60575379  0.6031184    0.60705959 
  0.59813108  0.60662858  0.60306173  0.60643164  0.60569304  0.60445886 
  0.6064715    0.60460321  0.60364328  0.6054894    0.60165584  0.60698229 
  0.60732564  0.60168838  0.60495708  0.60439153]
[-0.22357252  -0.22164565  -0.22302822  -0.22386369  -0.2213863    -0.22908096 
  -0.22419403  -0.21873809  -0.21980577  -0.22386456  -0.22706683  -0.22853145 
  -0.22626091  -0.21566804  -0.22214156  -0.22831966  -0.22766659  -0.22785228 
  -0.22181059  -0.22454145  -0.22156671  -0.22657733  -0.21958614  -0.21483412 
  -0.21936491  -0.21784387  -0.21628542  -0.21508481]
[-0.68644654  -0.68729282  -0.68752959  -0.68737727  -0.68815728  -0.68663445 
  -0.68406747  -0.68592815  -0.68883297  -0.68597426  -0.69138999  -0.68485075 
  -0.68383661  -0.68365873  -0.6876712    -0.68591388  -0.68703224  -0.69010688 
  -0.68270507  -0.68545063  -0.68732104  -0.68701579  -0.6880614    -0.68412457 
  -0.68396804  -0.68621995  -0.68541689  -0.68534662]
[0.67211754  0.67103375  0.67194835  0.67227065  0.67157222  0.67432942 
  0.66979648  0.66835343  0.67127112  0.67115019  0.67718752  0.67275672 
  0.67067164  0.66480087  0.67159431  0.67348786  0.67402678  0.67658197 
  0.66742639  0.67109252  0.67100903  0.67343456  0.67054383  0.6648203 
  0.66712697  0.66807945  0.66664198  0.66519468]
[0.9267953    0.93117963  0.92922037  0.9281063    0.93233915  0.92117888 
  0.92970195  0.93582091  0.93620131  0.92760675  0.92155157  0.92256482 
  0.93437209  0.93624737  0.93148786  0.92238995  0.92273577  0.92046417 
  0.93099914  0.92835485  0.93147058  0.92410221  0.93579619  0.9364851 
  0.93182564  0.93886624  0.93680224  0.93843018]
[0.10522143  0.10486456  0.10448471  0.10410832  0.10642284  0.10096008 
  0.10182067  0.10329549  0.10885545  0.10057        0.11315037  0.09729669 
  0.11063026  0.09801367  0.10543335  0.09977144  0.10240061  0.10918512 
  0.09711056  0.10222762  0.10457272  0.10245902  0.10679604  0.0976034 
  0.09666174  0.10502822  0.10057559  0.10293603]
[0.40893427  0.40552669  0.40632446  0.40703994  0.40446833  0.41121175 
  0.40633107  0.40265567  0.40233696  0.40738804  0.41058226  0.41058803 
  0.40354384  0.40258204  0.40513917  0.410588      0.41024917  0.4111949 
  0.4056201    0.40705673  0.40515229  0.40937732  0.40252375  0.40213062 
  0.40497632  0.40094868  0.40193283  0.40295482]
increment_40
[-0.35814983  -0.35569681  -0.35672417  -0.35754956  -0.35472632  -0.36007305 
  -0.3599519    -0.35501534  -0.3515801    -0.35813209  -0.36178411  -0.35933101 
  -0.35868563  -0.35859405  -0.35480145  -0.35949614  -0.35968047  -0.36151562 
  -0.36021831  -0.35889191  -0.35565543  -0.35898434  -0.35206102  -0.35849939 
  -0.35894758  -0.35223534  -0.35520097  -0.35490294]
[0.70328712  0.70223413  0.70206084  0.70244653  0.70084295  0.7040692 
  0.70701043  0.70409152  0.69939286  0.70496022  0.69512402  0.70671837 
  0.70541828  0.70818842  0.70122107  0.70500292  0.70312497  0.6979598 
  0.70959769  0.70477769  0.70206565  0.70321482  0.70077022  0.70787339 
  0.70822211  0.70309327  0.70538489  0.70516463]
[0.6040892    0.60208011  0.60261441  0.60327026  0.60072284  0.60576207 
  0.60299506  0.60153934  0.59799736  0.60506151  0.60144572  0.60674845 
  0.59442291  0.60621718  0.60088953  0.60591516  0.60500342  0.60332772 
  0.60603777  0.60322207  0.60196026  0.60462901  0.59904525  0.60687622 
  0.60726253  0.59887258  0.60350994  0.60319768]
[-0.2233726    -0.22006503  -0.22226885  -0.22366421  -0.22013532  -0.23063758 
  -0.2244157    -0.21630975  -0.21774549  -0.2234133    -0.2279189    -0.22996796 
  -0.22669466  -0.21239212  -0.22057691  -0.2293163    -0.22880271  -0.22895766 
  -0.22025787  -0.22472331  -0.22034134  -0.22701164  -0.21689622  -0.21109413 
  -0.21770702  -0.21500463  -0.21199414  -0.21194478]
[-0.68267857  -0.68386177  -0.68421925  -0.6839019    -0.68508594  -0.68291996 
  -0.67947449  -0.68216229  -0.6859576    -0.68205945  -0.68930693  -0.68074612 
  -0.67920371  -0.6790385    -0.6846279    -0.68205122  -0.68353333  -0.68756124 
  -0.67768219  -0.68162333  -0.68407077  -0.6835081    -0.68498283  -0.67949698 
  -0.67934782  -0.68276939  -0.68148075  -0.68120203]
[0.66935425  0.66741866  0.66887899  0.66936364  0.66843467  0.67205681 
  0.66621681  0.66401667  0.66785323  0.66775959  0.67593875  0.67022533 
  0.66714914  0.65922513  0.66831522  0.67091155  0.67180846  0.67509963 
  0.66255836  0.66810799  0.66774378  0.67083912  0.66664624  0.6590961 
  0.66252592  0.6637534    0.66118203  0.65978922]
[0.93378545  0.94101232  0.93788704  0.935847      0.94197719  0.9266688 
  0.93797978  0.94717196  0.9476883    0.9355624    0.92723429  0.92831193 
  0.94525861  0.94721128  0.94183379  0.92856955  0.92858891  0.925795 
  0.94053483  0.9362135    0.94090405  0.93092539  0.94804927  0.94763226 
  0.94087912  0.9518167    0.94975949  0.9497287  ]
[0.10489009  0.10410514  0.10347699  0.10260086  0.10610841  0.09838781 
  0.09997739  0.10212821  0.10944154  0.09800862  0.11509928  0.09404625 
  0.11184443  0.09482937  0.10535388  0.09715033  0.10056661  0.10955748 
  0.09335228  0.10099752  0.10395595  0.10072927  0.10683212  0.09373946 
  0.09259167  0.10502187  0.09856321  0.10194313]
[0.40921333  0.40370989  0.4049596    0.40621075  0.40251548  0.41174629 
  0.40530397  0.39980234  0.39941491  0.40646827  0.41084147  0.41101002 
  0.40099895  0.40025917  0.40280568  0.41073517  0.41053888  0.41170072 
  0.4038635    0.40618999  0.40341898  0.40909763  0.39906521  0.39936113 
  0.40346692  0.39723956  0.39808137  0.40143478]
increment_50
[-0.35777594  -0.35430116  -0.35572916  -0.3571261    -0.35338019  -0.36030647 
  -0.36006098  -0.35333813  -0.3489731    -0.35773162  -0.36250147  -0.35941388 
  -0.35761997  -0.35820931  -0.35283625  -0.35942531  -0.35983        -0.36204053 
  -0.36030272  -0.3585462    -0.35438993  -0.35882316  -0.34939151  -0.35838338 
  -0.35888804  -0.34936685  -0.35341246  -0.35377284]
[0.70190395  0.700527      0.70025435  0.70096498  0.69885333  0.70297696 
  0.70657719  0.70276095  0.69701674  0.70399723  0.69178911  0.70600967 
  0.70449459  0.707926      0.69906844  0.70391857  0.70160891  0.69547886 
  0.70975807  0.70333173  0.70024524  0.70174809  0.69870622  0.70779442 
  0.7081365    0.70113364  0.70441345  0.70422323]
[0.60306445  0.60029747  0.6010178    0.60218549  0.59881356  0.60529384 
  0.60165714  0.59961491  0.59511351  0.60428802  0.59984933  0.60640201 
  0.5907172    0.60575713  0.59849807  0.60526972  0.60425136  0.60227815 
  0.60552436  0.6017304    0.6001937    0.60371927  0.59629841  0.60676179 
  0.60717396  0.59585268  0.60190302  0.60200105]
[-0.22290318  -0.21827358  -0.22127618  -0.22345169  -0.21878865  -0.23222254 
  -0.22441206  -0.21347754  -0.21544121  -0.2228112    -0.22879526  -0.2313477 
  -0.22648406  -0.20890176  -0.21868875  -0.22993529  -0.22989265  -0.23011112 
  -0.21811157  -0.22466997  -0.21893063  -0.22740015  -0.21398079  -0.20709 
  -0.21609422  -0.21204618  -0.20712485  -0.20898935]
[-0.67896215  -0.680535      -0.68102893  -0.68050102  -0.68204317  -0.67924237 
  -0.67500153  -0.67854086  -0.68313991  -0.67823414  -0.68723832  -0.67672557 
  -0.67479813  -0.67452823  -0.68166415  -0.67831785  -0.68016706  -0.68492624 
  -0.67279128  -0.67808396  -0.6808696    -0.6800873    -0.68195694  -0.67490813 
  -0.67478267  -0.67958664  -0.67760231  -0.67710974]
[0.66638295  0.66377021  0.66578323  0.66650733  0.66527208  0.66982268 
  0.66260965  0.65957817  0.66434865  0.66435964  0.67470415  0.66772793 
  0.66346896  0.65353694  0.66493354  0.66823514  0.66966665  0.67356069 
  0.6574782    0.66522667  0.66441811  0.66828597  0.66268186  0.65326166 
  0.65799334  0.6595778    0.65545612  0.65455483]
[0.94125744  0.95129091  0.94699703  0.94360323  0.95178231  0.93211186 
  0.94650719  0.95907859  0.95976924  0.9437533    0.93281723  0.93409879 
  0.95696092  0.95845491  0.95286118  0.93519549  0.93445233  0.93110439 
  0.95078628  0.94432266  0.9506776    0.93781294  0.96079583  0.95914876 
  0.94997712  0.96514295  0.96360002  0.9608458  ]
[0.10459264  0.10351402  0.10270857  0.10115006  0.10578916  0.09581805 
  0.09810308  0.10104682  0.11021497  0.09558134  0.11695598  0.09091691 
  0.11289032  0.09194131  0.10544879  0.09479149  0.09895603  0.10964019 
  0.0897172    0.10005679  0.10340433  0.09912403  0.10696122  0.08985611 
  0.08853824  0.10533634  0.09665003  0.10111367]
[0.40928469  0.40164136  0.40334043  0.40536632  0.4004749    0.41229844 
  0.40413973  0.39667087  0.39621759  0.40541447  0.41115761  0.4113959 
  0.39804043  0.39806804  0.40009859  0.41060554  0.41080266  0.41222147 
  0.40171896  0.40517007  0.40150574  0.40877504  0.39534681  0.39641335 
  0.40195867  0.39338414  0.39377199  0.40014111]
increment_60
[-0.35720056  -0.35271468  -0.35453324  -0.35667521  -0.35197188  -0.36053903 
  -0.36003473  -0.35134059  -0.34606006  -0.35725176  -0.36323101  -0.35948487 
  -0.35606298  -0.35766614  -0.35055238  -0.35921078  -0.35997467  -0.36252476 
  -0.36019562  -0.35788695  -0.3530077    -0.35862008  -0.34649976  -0.35823815 
  -0.3587929    -0.34612544  -0.35136816  -0.35263966]
[0.70049852  0.6987268    0.69839671  0.69945194  0.69689051  0.70189391 
  0.70610664  0.70133728  0.69461442  0.70298714  0.68847992  0.70524673 
  0.70349595  0.70757191  0.69689309  0.70272887  0.70000836  0.69313546 
  0.70980523  0.70165751  0.69842617  0.70021475  0.69665136  0.70770379 
  0.70800463  0.69899741  0.70343403  0.70326501]
[0.60188994  0.59835232  0.59927371  0.6010715    0.59688383  0.60482497 
  0.60035432  0.59754894  0.59203842  0.6034409    0.59831129  0.60601507 
  0.58704692  0.60520086  0.5959115    0.60447777  0.60344389  0.60127166 
  0.60488891  0.60009669  0.59836038  0.60274406  0.59343234  0.60662381 
  0.60703967  0.59263552  0.60014563  0.60079754]
[-0.22212233  -0.21640266  -0.22007677  -0.2232411    -0.21736655  -0.23380968 
  -0.22415978  -0.21028662  -0.21294789  -0.2220845    -0.22967029  -0.23264797 
  -0.22563272  -0.20519124  -0.2165151    -0.23018705  -0.23093831  -0.23126741 
  -0.21535564  -0.2242977    -0.21738854  -0.2277343    -0.21085545  -0.2028306 
  -0.21453159  -0.20899102  -0.2017223    -0.20616698]
[-0.67534006  -0.67734479  -0.67793648  -0.67718916  -0.67903616  -0.67561025 
  -0.67063523  -0.67506774  -0.68038349  -0.67449454  -0.68520945  -0.67279505 
  -0.67056351  -0.67011028  -0.67876671  -0.67472052  -0.67692355  -0.68224703 
  -0.66803613  -0.67481106  -0.67772302  -0.6767729    -0.67897762  -0.6703676 
  -0.6702882    -0.67660975  -0.6737811    -0.67307437]
[0.6631877    0.66019404  0.66265881  0.66372146  0.66210132  0.66761357 
  0.65895369  0.65506981  0.66078774  0.66096173  0.67349148  0.66525713 
  0.65959474  0.64768619  0.66146189  0.66547069  0.66759447  0.67197852 
  0.65218115  0.66238928  0.66106794  0.66578664  0.65865518  0.64732953 
  0.65354449  0.65551872  0.64948002  0.64946946]
[0.94937157  0.96185407  0.95650401  0.95135587  0.96173261  0.93753567 
  0.95528106  0.97156397  0.9723807    0.95214899  0.93833072  0.93994721 
  0.96944229  0.97005623  0.9645159    0.94228622  0.94032467  0.93643669 
  0.96183334  0.95283596  0.96071367  0.94477251  0.9740054    0.97104712 
  0.959123      0.97884536  0.97827611  0.97184243]
[0.10426505  0.10312463  0.10211585  0.09979132  0.10548142  0.09325954 
  0.09614792  0.10010364  0.11119509  0.0932716    0.1187607    0.08791917 
  0.11373059  0.08943264  0.10568573  0.09269852  0.09754469  0.10954332 
  0.08623198  0.09938808  0.10290154  0.09768581  0.10716625  0.08596772 
  0.08454007  0.10593376  0.09482869  0.1004177  ]
[0.40898602  0.39939456  0.40149501  0.40451512  0.39836151  0.41284857 
  0.40284446  0.39323915  0.39280076  0.40424516  0.41151131  0.41173039 
  0.39469233  0.39603409  0.39705306  0.4101905    0.41104116  0.41272496 
  0.39914616  0.40390967  0.39944711  0.4084014    0.39139011  0.39328398 
  0.40044643  0.38938021  0.3890622    0.39900443]
increment_70
[-0.35639704  -0.35097186  -0.35317063  -0.35618103  -0.35052453  -0.36076878 
  -0.35988056  -0.34901707  -0.34286901  -0.35671305  -0.36390396  -0.3595498 
  -0.3541293    -0.35690347  -0.34800713  -0.35881191  -0.36012483  -0.362931 
  -0.35986875  -0.35684736  -0.35154957  -0.35834509  -0.34341058  -0.35803187 
  -0.35863794  -0.34253787  -0.34909818  -0.35147856]
[0.69906214  0.69681679  0.69652764  0.69787639  0.69494917  0.70081004 
  0.70562802  0.69981056  0.69220997  0.70193443  0.6852107    0.70441002 
  0.70246094  0.70711223  0.69470099  0.70143581  0.69835813  0.69086781 
  0.70974296  0.69978674  0.69660372  0.69861449  0.6946082    0.7075848 
  0.70779382  0.69674176  0.702447      0.70227776]
[0.60053409  0.59625705  0.59742634  0.59989815  0.59494509  0.60434882 
  0.59909669  0.59529709  0.58880466  0.60253537  0.59679914  0.60557983 
  0.58345522  0.60448334  0.59316716  0.60351799  0.60260632  0.60025272 
  0.60410606  0.59826087  0.59648289  0.60168585  0.59046493  0.60643487 
  0.60682618  0.58922002  0.59825592  0.59956571]
[-0.22102806  -0.21454566  -0.21869437  -0.22302046  -0.21590611  -0.23537579 
  -0.22360934  -0.20685631  -0.21026851  -0.22130872  -0.23050342  -0.23389797 
  -0.22417631  -0.20123548  -0.21413492  -0.23006444  -0.23197435  -0.23234176 
  -0.21206799  -0.22355357  -0.21578554  -0.22796282  -0.20754804  -0.19830279 
  -0.21305377  -0.20583981  -0.19587981  -0.20343538]
[-0.67182972  -0.67430594  -0.6749132    -0.67398555  -0.67606842  -0.67203398 
  -0.66634797  -0.67174705  -0.67766566  -0.67084026  -0.68320897  -0.66897163 
  -0.66646418  -0.66580231  -0.67593358  -0.67125929  -0.67377375  -0.67956715 
  -0.66341725  -0.67176978  -0.6746374    -0.6735664    -0.67604223  -0.6658865 
  -0.66589463  -0.67378282  -0.67001738  -0.66911609]
[0.65980935  0.65675747  0.65949644  0.66101545  0.65894478  0.66541557 
  0.65520156  0.65056711  0.65715181  0.65760583  0.67227185  0.66284209 
  0.65552197  0.64166846  0.65794231  0.66261563  0.66558671  0.67034568 
  0.64671041  0.65954297  0.65773828  0.66331579  0.65457984  0.64130183 
  0.64922224  0.6515328    0.64329577  0.64453431]
[0.95819082  0.97257857  0.96635216  0.95913751  0.9717692    0.94296933 
  0.96435841  0.98456458  0.98549982  0.96065307  0.94388375  0.94581904 
  0.98259895  0.98215122  0.976666      0.9498939    0.94616965  0.94190608 
  0.97364799  0.96192547  0.97090433  0.95188069  0.98762914  0.9833802 
  0.96829333  0.99296427  0.99367587  0.98279915]
[0.10386175  0.10294041  0.10162398  0.09858493  0.10518671  0.09072051 
  0.09408258  0.09934205  0.11234622  0.09106587  0.12050305  0.08508688 
  0.11434672  0.08731119  0.10604627  0.09087004  0.09626575  0.10938673 
  0.08289854  0.09900141  0.10243384  0.09642467  0.1074361    0.08209915 
  0.08066274  0.1067827    0.09309051  0.09980743]
[0.40820042  0.397024      0.39945864  0.40363931  0.39620978  0.41337802 
  0.4013941    0.38952828  0.38919693  0.4030158    0.41184215  0.41203401 
  0.39101531  0.39405184  0.39374686  0.40946657  0.41127992  0.41314224 
  0.39616872  0.40231817  0.3972946    0.40793226  0.38722667  0.38994915 
  0.39893788  0.3852097    0.38404872  0.39790889]
increment_80
[-0.35534001  -0.34914534  -0.35162957  -0.35562407  -0.34903708  -0.36098786 
  -0.35962596  -0.34637735  -0.33945263  -0.35610979  -0.36449384  -0.35961087 
  -0.35186588  -0.35586497  -0.34524847  -0.35820867  -0.3602625    -0.36320817 
  -0.35932422  -0.3553577    -0.35005338  -0.35796183  -0.34016805  -0.35771678 
  -0.35839826  -0.33865342  -0.34665343  -0.35025369]
[0.69758969  0.69481398  0.69464945  0.69624153  0.69300786  0.69972852 
  0.70515746  0.69819198  0.68982382  0.7008378    0.68199169  0.70348801 
  0.70136621  0.70653662  0.69248902  0.70006195  0.69666406  0.68864719 
  0.70957864  0.6977496    0.69478845  0.69695312  0.69257773  0.70741703 
  0.7074604    0.69441362  0.70145169  0.70125292]
[0.59896667  0.59406442  0.59547172  0.59865399  0.59298519  0.60386278 
  0.59788503  0.59284444  0.58545705  0.60156783  0.59529712  0.60509065 
  0.57999693  0.60355805  0.59029277  0.60239328  0.60173133  0.59917628 
  0.60318058  0.59615297  0.59458999  0.60052733  0.58742433  0.60615699 
  0.60649382  0.58563164  0.59626319  0.59828014]
[-0.21962145  -0.21277362  -0.21712208  -0.22275384  -0.21443521  -0.23689557 
  -0.22277979  -0.20325937  -0.20742408  -0.22047937  -0.23127754  -0.23510769 
  -0.22209247  -0.1970381    -0.21162177  -0.22959191  -0.2329674    -0.23325016 
  -0.20841026  -0.22241556  -0.2141626    -0.2280338    -0.20411047  -0.19345453 
  -0.21175601  -0.20260362  -0.18973345  -0.20072341]
[-0.66842986  -0.67140527  -0.67195579  -0.67088477  -0.67315785  -0.66850923 
  -0.66212269  -0.66856205  -0.67497274  -0.66727316  -0.68122958  -0.66526759 
  -0.66253047  -0.66162672  -0.67316905  -0.66791671  -0.67071364  -0.67690515 
  -0.65893386  -0.66892455  -0.67160922  -0.67046256  -0.6731516    -0.66148444 
  -0.66164301  -0.67106169  -0.66631226  -0.66525252]
[0.65629578  0.65348744  0.65629137  0.65836661  0.65583136  0.66321446 
  0.65135089  0.64609715  0.65344327  0.65429137  0.67103177  0.66049783 
  0.65126902  0.63552559  0.65441767  0.65967007  0.66362295  0.66863579 
  0.64115292  0.65665111  0.65444863  0.66084279  0.65048438  0.63516679 
  0.64511059  0.64759119  0.63697177  0.63971832]
[0.96773939  0.98331671  0.97656347  0.96700693  0.98186183  0.94844485 
  0.97372461  0.99804041  0.99905441  0.96927309  0.9495235    0.95169605 
  0.99633783  0.99482517  0.98919148  0.95802389  0.95203586  0.94764519 
  0.98607522  0.97175013  0.98116581  0.95922601  1.00157092  0.99624346 
  0.97739782  1.00748429  1.0096233    0.9938392  ]
[0.1034185    0.10292903  0.10122887  0.09753274  0.10494121  0.08819944 
  0.09190555  0.09877434  0.11362468  0.08896845  0.12218201  0.08244348 
  0.11472984  0.08552737  0.10652821  0.08926218  0.09511487  0.1092341 
  0.07969585  0.09891844  0.10197424  0.09533809  0.10775971  0.078289 
  0.07699206  0.10784213  0.09142385  0.09923918]
[0.40688327  0.39461766  0.39722287  0.40270742  0.39403514  0.41386945 
  0.39979942  0.38556681  0.38544784  0.40172195  0.41212271  0.41231458 
  0.38705954  0.39199377  0.39025075  0.40843903  0.41149077  0.41339845 
  0.39288009  0.40031606  0.39508902  0.40731995  0.38291216  0.38635667 
  0.3974759    0.38088744  0.37885826  0.39673513]
increment_90
[-0.35404999  -0.34730336  -0.34987917  -0.35498421  -0.34749855  -0.36118862 
  -0.35928156  -0.34346593  -0.3358692    -0.35542041  -0.36499615  -0.35966844 
  -0.34928742  -0.35452917  -0.34233611  -0.35739668  -0.36035406  -0.3633061 
  -0.35855842  -0.35340632  -0.34853355  -0.35744247  -0.33682146  -0.35722983 
  -0.35806218  -0.33457066  -0.34408631  -0.34894351]
[0.69609504  0.69274914  0.69275669  0.69456523  0.69104558  0.69864618 
  0.70468982  0.6965054    0.68747509  0.69969313  0.67883469  0.70247965 
  0.7001445    0.70584851  0.69026243  0.6986367    0.69491935  0.68645548 
  0.70930265  0.69559574  0.69298983  0.69525527  0.69055807  0.70717685 
  0.70696742  0.69205057  0.70044806  0.70019889]
[0.59719205  0.59183158  0.59339053  0.59733732  0.59098624  0.60336091 
  0.59671201  0.59021678  0.58204238  0.60052415  0.59379855  0.60454674 
  0.57673021  0.6024131    0.5873271    0.60111979  0.60079578  0.5980043 
  0.60211373  0.59376312  0.59269574  0.59926736  0.58433945  0.60574299 
  0.60601377  0.5819338    0.59419691  0.59693367]
[-0.21796555  -0.21111779  -0.21533956  -0.2224011    -0.21296802  -0.23834165 
  -0.22168806  -0.19954885  -0.20443555  -0.21955678  -0.23199017  -0.23628085 
  -0.21936036  -0.19264898  -0.20903622  -0.22879304  -0.2338593    -0.23392156 
  -0.20454947  -0.22091068  -0.21252569  -0.22790967  -0.20060545  -0.18826757 
  -0.21070149  -0.19932109  -0.1834117    -0.19794834]
[-0.66511866  -0.66861987  -0.669066      -0.66787364  -0.67031983  -0.66503794 
  -0.65796137  -0.66548946  -0.67229032  -0.66379658  -0.679261      -0.66168635 
  -0.65883473  -0.65758939  -0.6704691    -0.66467106  -0.66774965  -0.67427414 
  -0.65459775  -0.66623207  -0.66863121  -0.66744281  -0.67030956  -0.65718703 
  -0.65756711  -0.66841596  -0.66266792  -0.66148602]
[0.65270482  0.65037922  0.65303616  0.65574438  0.65278086  0.66100186 
  0.64741331  0.64166821  0.64966141  0.65100062  0.66976252  0.65822888 
  0.64688775  0.62931107  0.65091651  0.65663039  0.66167875  0.66682548 
  0.63560828  0.65369626  0.65119586  0.65833406  0.64640464  0.62893584 
  0.64127032  0.64369503  0.63057076  0.6349707  ]
[0.97791863  0.9939596    0.98719341  0.97502205  0.99200664  0.95399151 
  0.98336622  1.01191652  1.01296377  0.97806713  0.95526836  0.95756976 
  1.01053175  1.00806029  1.00197464  0.96666403  0.95800952  0.95377201 
  0.99894376  0.98234228  0.99147307  0.96687561  1.01571651  1.00970713 
  0.98636393  1.02228882  1.02594146  1.0050825  ]
[0.10299222  0.10304448  0.10094284  0.09661266  0.10478182  0.08570928 
  0.08963652  0.09837839  0.11499702  0.08699147  0.1237944    0.07999404 
  0.11489319  0.08404261  0.10711257  0.0878192    0.09411379  0.10913101 
  0.07662429  0.09910108  0.10151095  0.09438837  0.10813023  0.07458216 
  0.07360455  0.10905236  0.08982595  0.09865122]
[0.40510554  0.3922449    0.39476122  0.40168794  0.39183955  0.41430576 
  0.39806984  0.38140778  0.38160873  0.40033109  0.41234266  0.41257529 
  0.38289337  0.38982561  0.38663358  0.40712137  0.41162365  0.41342789 
  0.38937935  0.39789363  0.39284834  0.40653009  0.37851044  0.38246733 
  0.39609295  0.37647034  0.37362017  0.39538022]
increment_100
[-0.35257143  -0.34547245  -0.34789476  -0.35425066  -0.34589674  -0.3613639 
  -0.35884536  -0.34034759  -0.33215327  -0.35463178  -0.36539026  -0.35972102 
  -0.34641599  -0.35291898  -0.33932172  -0.35636554  -0.36037408  -0.36317162 
  -0.35753028  -0.35105759  -0.34696595  -0.35678322  -0.33338772  -0.35649641 
  -0.35762917  -0.33040262  -0.34143843  -0.34753904]
[0.69458182  0.69066289  0.69084821  0.69287163  0.68904823  0.69755666 
  0.7042071    0.6947762    0.68517929  0.69850666  0.67574748  0.7014024 
  0.69875897  0.70506565  0.68804051  0.69718573  0.69312743  0.68428003 
  0.70888916  0.69338913  0.69120606  0.69356433  0.68853833  0.70683826 
  0.70630222  0.68967082  0.69944232  0.69913479]
[0.59523785  0.58959682  0.59116979  0.59595625  0.58893358  0.60283584 
  0.59555219  0.58746117  0.57859088  0.59940119  0.59228619  0.60395692 
  0.57366848  0.60107253  0.58431133  0.59970833  0.5997875    0.59670063 
  0.6008737    0.59114864  0.59078556  0.59792973  0.58121454  0.60513924 
  0.60537614  0.57819564  0.59208143  0.59553253]
[-0.21616355  -0.20954324  -0.21333346  -0.22193416  -0.21150891  -0.23969083 
  -0.22036662  -0.19576915  -0.20130681  -0.21851222  -0.23262463  -0.23742035 
  -0.21602337  -0.18814439  -0.20639691  -0.22765664  -0.23461863  -0.23429424 
  -0.20058827  -0.21908714  -0.21084424  -0.22757437  -0.19708204  -0.18278214 
  -0.20985506  -0.19605265  -0.17696423  -0.1950185  ]
[-0.66188595  -0.6659168    -0.66624362  -0.66493345  -0.66756468  -0.66162405 
  -0.65387516  -0.66250843  -0.66960539  -0.66040487  -0.67729548  -0.65821543 
  -0.65541393  -0.65367527  -0.667819      -0.66150309  -0.66488225  -0.67168218 
  -0.65043498  -0.6636415    -0.66570478  -0.66447304  -0.6675254    -0.65302354 
  -0.65368332  -0.66583597  -0.65907636  -0.65781316]
[0.6491035    0.64738535  0.6497256    0.65312115  0.64980398  0.65877423 
  0.64341561  0.63728435  0.64579467  0.64771455  0.66845057  0.65602662 
  0.64243002  0.62305608  0.64743685  0.65347691  0.65973906  0.66489272 
  0.63015294  0.65066514  0.64796515  0.65575474  0.64237342  0.62265499 
  0.6376954    0.63988041  0.62408888  0.630243    ]
[0.98855036  1.00451193  0.99828311  0.98321848  1.00221023  0.95963416 
  0.99326999  1.02609022  1.02718798  0.98707793  0.96116669  0.96343861 
  1.02506069  1.02176003  1.01494517  0.97584057  0.96414199  0.96040229 
  1.01217278  0.9936177    1.00187342  0.97485567  1.02999918  1.0237887 
  0.99520424  1.03720896  1.04254795  1.01664389]
[0.10264227  0.10322387  0.10077093  0.09579272  0.10473526  0.08326864 
  0.08732423  0.09812023  0.11644555  0.08512574  0.12534676  0.07770959 
  0.11488512  0.08284537  0.10776049  0.08649506  0.09326436  0.10911188 
  0.07372774  0.0994564    0.10106093  0.09349839  0.10856095  0.07102745 
  0.07054097  0.11035234  0.08830769  0.09794913]
[0.40300512  0.38990949  0.39205488  0.40056562  0.38961912  0.41467309 
  0.39621468  0.37711925  0.37771986  0.39882146  0.41247574  0.41281752 
  0.37858605  0.38762147  0.38293556  0.40550484  0.41164854  0.41316938 
  0.38570885  0.39510448  0.39055058  0.40555327  0.3740593    0.37827025 
  0.39477246  0.37201818  0.36844716  0.3937246  ]
increment_110
[-0.35094135  -0.34362959  -0.3456911    -0.35342208  -0.34423178  -0.36150311 
  -0.35830537  -0.33708774  -0.32832416  -0.35374052  -0.36563439  -0.35976347 
  -0.34331562  -0.35108252  -0.33623695  -0.35510265  -0.36032287  -0.36276284 
  -0.35619491  -0.34838681  -0.34534459  -0.35598092  -0.32988584  -0.35543621 
  -0.35709599  -0.32624425  -0.33875905  -0.34602345]
[0.69305024  0.68857892  0.68893606  0.69116933  0.6870265    0.69643991 
  0.70368493  0.69302789  0.68293613  0.69729588  0.67270992  0.70031691 
  0.69723618  0.70421654  0.68584314  0.69573421  0.69128219  0.68212264 
  0.70832111  0.69118483  0.68943858  0.69190634  0.68650481  0.70637894 
  0.70546663  0.68729589  0.69844234  0.69807436]
[0.59314427  0.58736042  0.58882678  0.59451575  0.58683371  0.60227045 
  0.59436139  0.5846272    0.57511442  0.59820802  0.59071867  0.60335311 
  0.57076968  0.59958125  0.58127409  0.59816855  0.59870381  0.59524436 
  0.59942896  0.58837573  0.58885732  0.59652905  0.57805257  0.60429192 
  0.6045773    0.57448064  0.58994572  0.59407538]
[-0.2142794    -0.20798889  -0.21111633  -0.2213491    -0.2100447    -0.24090943 
  -0.21887291  -0.19195232  -0.19805892  -0.21732112  -0.23313999  -0.23853131 
  -0.21223009  -0.18357363  -0.20369882  -0.22614773  -0.23525739  -0.23433002 
  -0.19655619  -0.21696954  -0.20910856  -0.22700851  -0.19359691  -0.17701528 
  -0.20914368  -0.19282371  -0.17044436  -0.19183777]
[-0.65872837  -0.66327653  -0.66348045  -0.66205593  -0.66488457  -0.65828402 
  -0.6498811    -0.65960059  -0.66691682  -0.65708519  -0.67534501  -0.65480707 
  -0.65222892  -0.6498568    -0.66520349  -0.65839533  -0.66211935  -0.6691286 
  -0.64646492  -0.66111002  -0.66282965  -0.66153407  -0.66481068  -0.64901899 
  -0.64999822  -0.66330924  -0.6555283    -0.65423043]
[0.64552765  0.64445686  0.64636115  0.65049266  0.64688786  0.65653389 
  0.63940193  0.63294329  0.64185071  0.64441069  0.66708738  0.65385529 
  0.63793224  0.61673835  0.64396425  0.65017908  0.65781733  0.66282064 
  0.62481916  0.6475382    0.64475162  0.65308051  0.63842857  0.6163547 
  0.63435174  0.63615789  0.61751899  0.62549045]
[0.99949519  1.01505571  1.00980588  0.99159015  1.01248322  0.96540584 
  1.00341382  1.04046299  1.0416881    0.99633346  0.96730855  0.96930966 
  1.03981827  1.03583391  1.02807592  0.98560225  0.97041588  0.9676167 
  1.02575597  1.00549185  1.01237614  0.98319056  1.04434191  1.03853238 
  1.00397331  1.05212181  1.05935081  1.02864248]
[0.10238971  0.10343533  0.10069072  0.09508108  0.10478588  0.08092424 
  0.08504463  0.09796929  0.1179761    0.08334179  0.12689555  0.07548255 
  0.11478622  0.08194249  0.10843707  0.08524708  0.09257953  0.10918351 
  0.07104406  0.09989572  0.10062978  0.09262204  0.1090681    0.06766825 
  0.06781851  0.11167685  0.0868859    0.0970693  ]
[0.40069652  0.38756874  0.38912094  0.3993572    0.38736745  0.41495114 
  0.39424577  0.37276912  0.37381934  0.39717923  0.41247302  0.41304122 
  0.37421618  0.38550746  0.37917182  0.40356693  0.41157343  0.41258194 
  0.38186756  0.39199998  0.388193      0.40437858  0.36960323  0.37374008 
  0.39347495  0.36757031  0.36346698  0.39166055]
increment_120
[-0.34917045  -0.34171852  -0.34330692  -0.35249109  -0.34251792  -0.36158984 
  -0.35764456  -0.33366766  -0.32443319  -0.35271116  -0.3656803    -0.35979481 
  -0.34012023  -0.34903921  -0.33308885  -0.3535956    -0.36021052  -0.36206223 
  -0.35452744  -0.34541735  -0.34369298  -0.35500817  -0.3263498    -0.35399165 
  -0.35643781  -0.32212262  -0.33610134  -0.34438188]
[0.69151034  0.68650145  0.68704256  0.68944507  0.68502092  0.69525727 
  0.70311199  0.69125555  0.68075955  0.69604168  0.66973736  0.69926472 
  0.69565936  0.7033184    0.68369639  0.69429306  0.68937228  0.67999634 
  0.70760522  0.68901125  0.68770005  0.69026871  0.68445603  0.70578954 
  0.7044675    0.6849524    0.69745705  0.69702754]
[0.5909469    0.58509306  0.58639808  0.59300504  0.58471818  0.60163372 
  0.59310776  0.58170177  0.57165081  0.59691507  0.58907281  0.60275899 
  0.56800376  0.59796228  0.57823268  0.59650229  0.59754443  0.5936354 
  0.59776395  0.58546907  0.58693203  0.59504437  0.5748703    0.60316783 
  0.60360516  0.57081764  0.58782365  0.59255979]
[-0.2122979    -0.20638751  -0.20869967  -0.22064917  -0.20853753  -0.24195422 
  -0.21722405  -0.18810654  -0.19470569  -0.21596152  -0.23349824  -0.23962286 
  -0.20817641  -0.17896226  -0.20089881  -0.22424167  -0.23580034  -0.23401749 
  -0.19242813  -0.21454811  -0.20732844  -0.22618395  -0.19018471  -0.1709905 
  -0.20845937  -0.18959705  -0.16391325  -0.18832669]
[-0.6556385    -0.66069302  -0.66075937  -0.65924492  -0.66224852  -0.65505307 
  -0.64598709  -0.65676698  -0.66421122  -0.65385624  -0.67339831  -0.65142812 
  -0.64918002  -0.64611477  -0.66260323  -0.65534158  -0.6594711    -0.66660454 
  -0.64268459  -0.65861563  -0.65999482  -0.65863768  -0.66216855  -0.64518705 
  -0.64651028  -0.66081751  -0.65201415  -0.65073005]
[0.64196542  0.64155413  0.64293625  0.64787197  0.6439886    0.65428919 
  0.63538765  0.62864578  0.63782226  0.64109359  0.66564724  0.65169317 
  0.63339867  0.61031038  0.64046215  0.64672105  0.65593515  0.66059918 
  0.61959227  0.64429508  0.64155161  0.65030794  0.63458969  0.61006004 
  0.6311804    0.63249268  0.61086436  0.62067538]
[1.01072652  1.025714      1.02171293  1.00011485  1.02284714  0.97135162 
  1.01381256  1.05504716  1.05639796  1.00588226  0.97378492  0.97517952 
  1.05467285  1.05025525  1.04140018  0.995986      0.97679383  0.97544624 
  1.03973914  1.0179597    1.02294708  0.99193257  1.05866909  1.05395464 
  1.01279286  1.06703184  1.0762478    1.04116597]
[0.10220265  0.10368534  0.10065815  0.09455795  0.10486532  0.0787543 
  0.0828428    0.09794975  0.11957073  0.08167915  0.12843709  0.07323809 
  0.11465159  0.08136786  0.10910397  0.0840568    0.09207844  0.10932701 
  0.06857924  0.10037923  0.1001947    0.0917844    0.10964187  0.06452476 
  0.06544009  0.11297633  0.0855751    0.09599868]
[0.39820997  0.38516001  0.3859887    0.39810963  0.38507284  0.4151102 
  0.39215575  0.36836691  0.36996618  0.39537607  0.41228636  0.41325067 
  0.36989483  0.3835987    0.37532325  0.40129117  0.41141817  0.41165311 
  0.37782857  0.38858663  0.38579741  0.40297714  0.36519023  0.3688672 
  0.39212991  0.36311626  0.3587953    0.38913409]
