inc
Fp11
Fp12
Fp13
Fp21
Fp22
Fp23
Fp31
Fp32
Fp33
increment_0
[0.26255871  0.26255871  0.26255871  0.26255871  0.26255871  0.26255871 
  0.26255871  0.26255871  0.26255871  0.26255871  0.26255871  0.26255871 
  0.26255871  0.26255871  0.26255871  0.26255871  0.26255871  0.26255871]
[0.16378661  0.16378661  0.16378661  0.16378661  0.16378661  0.16378661 
  0.16378661  0.16378661  0.16378661  0.16378661  0.16378661  0.16378661 
  0.16378661  0.16378661  0.16378661  0.16378661  0.16378661  0.16378661]
[0.9509137  0.9509137  0.9509137  0.9509137  0.9509137  0.9509137  0.9509137 
  0.9509137  0.9509137  0.9509137  0.9509137  0.9509137  0.9509137  0.9509137 
  0.9509137  0.9509137  0.9509137  0.9509137]
[0.14121025  0.14121025  0.14121025  0.14121025  0.14121025  0.14121025 
  0.14121025  0.14121025  0.14121025  0.14121025  0.14121025  0.14121025 
  0.14121025  0.14121025  0.14121025  0.14121025  0.14121025  0.14121025]
[0.9683563  0.9683563  0.9683563  0.9683563  0.9683563  0.9683563  0.9683563 
  0.9683563  0.9683563  0.9683563  0.9683563  0.9683563  0.9683563  0.9683563 
  0.9683563  0.9683563  0.9683563  0.9683563]
[-0.20578079  -0.20578079  -0.20578079  -0.20578079  -0.20578079  -0.20578079 
  -0.20578079  -0.20578079  -0.20578079  -0.20578079  -0.20578079  -0.20578079 
  -0.20578079  -0.20578079  -0.20578079  -0.20578079  -0.20578079  -0.20578079]
[-0.95452742  -0.95452742  -0.95452742  -0.95452742  -0.95452742  -0.95452742 
  -0.95452742  -0.95452742  -0.95452742  -0.95452742  -0.95452742  -0.95452742 
  -0.95452742  -0.95452742  -0.95452742  -0.95452742  -0.95452742  -0.95452742]
[0.1883083  0.1883083  0.1883083  0.1883083  0.1883083  0.1883083  0.1883083 
  0.1883083  0.1883083  0.1883083  0.1883083  0.1883083  0.1883083  0.1883083 
  0.1883083  0.1883083  0.1883083  0.1883083]
[0.23112203  0.23112203  0.23112203  0.23112203  0.23112203  0.23112203 
  0.23112203  0.23112203  0.23112203  0.23112203  0.23112203  0.23112203 
  0.23112203  0.23112203  0.23112203  0.23112203  0.23112203  0.23112203]
increment_10
[0.26245455  0.26195191  0.26199222  0.26338843  0.26469377  0.26291883 
  0.26245333  0.26244524  0.26263892  0.2634497    0.26657138  0.26325509 
  0.26177975  0.26213042  0.26188819  0.26276561  0.26383687  0.2620756  ]
[0.16367998  0.16353591  0.16347302  0.16451665  0.16559134  0.16448004 
  0.16376068  0.16377116  0.16385125  0.16448439  0.16676723  0.16446432 
  0.16346894  0.1635388    0.16343606  0.16408587  0.16440612  0.16383697]
[0.95033099  0.94581592  0.94744423  0.94431496  0.94637254  0.94267701 
  0.94866833  0.94790497  0.95052335  0.94731599  0.94213973  0.94666205 
  0.94548454  0.94847959  0.94506582  0.94853752  0.9447057    0.94653374]
[0.14086565  0.14151073  0.1413412    0.14240943  0.14491466  0.1422123 
  0.14180343  0.14162437  0.14199402  0.14292826  0.14656836  0.14328714 
  0.14170496  0.14124728  0.14146307  0.14253517  0.14345756  0.14186049]
[0.96466379  0.96520055  0.96510673  0.96521043  0.96430169  0.96544409 
  0.96509872  0.96551082  0.96481459  0.96494458  0.96410955  0.96438595 
  0.96504253  0.96508618  0.96544531  0.96438279  0.96438502  0.96469871]
[-0.20488274  -0.20467647  -0.20474599  -0.20469075  -0.20242448  -0.20433354 
  -0.20446464  -0.20469221  -0.2042687    -0.20400387  -0.20441013  -0.2040756 
  -0.20451184  -0.20492505  -0.20519537  -0.20409921  -0.20465584  -0.20431414]
[-0.95975824  -0.96370279  -0.96223749  -0.9642704    -0.96210934  -0.96573756 
  -0.96076247  -0.96103281  -0.95914375  -0.96151205  -0.96528881  -0.96288022 
  -0.96416811  -0.96124749  -0.96428476  -0.96143103  -0.96472755  -0.96328715]
[0.18841217  0.18587697  0.18673926  0.18546235  0.1898275    0.18492932 
  0.18761994  0.18687502  0.18919269  0.18800847  0.18878381  0.18882178 
  0.18668826  0.18692745  0.18476701  0.18907561  0.18881325  0.18798774]
[0.22858217  0.23131865  0.23031756  0.23263775  0.23150759  0.23388254 
  0.22987891  0.23070412  0.22857454  0.23081536  0.23194734  0.22954175 
  0.23106329  0.22972847  0.23162289  0.22879241  0.2288508    0.23020069]
increment_20
[0.26220353  0.26039982  0.26017429  0.26402177  0.26725978  0.26295974 
  0.26215802  0.2615259    0.26260142  0.26436481  0.27267596  0.26394815 
  0.25978442  0.26137235  0.26007076  0.26310815  0.26541369  0.26074526]
[0.16335376  0.16276705  0.16222718  0.16513217  0.1682137    0.16513297 
  0.16360893  0.1631894    0.16382746  0.16518605  0.17109916  0.16496828 
  0.16231329  0.16307153  0.162223      0.16458083  0.16480983  0.16360833]
[0.94938652  0.93893212  0.9420018    0.93728494  0.94051502  0.93282232 
  0.94592636  0.94495001  0.95040386  0.9435693    0.93080781  0.94101494 
  0.93824289  0.94537535  0.9384206    0.94483371  0.93705452  0.94055903]
[0.13960329  0.14128396  0.14063818  0.14361347  0.14968633  0.14286008 
  0.14192393  0.14105038  0.14135049  0.1448277    0.15562322  0.14486105 
  0.14125308  0.14077988  0.14105891  0.14414469  0.14609211  0.14195183]
[0.96086503  0.96202632  0.96199281  0.96185659  0.95952332  0.96237448 
  0.96159414  0.9623059    0.96103535  0.96106984  0.95907842  0.96047164 
  0.96177894  0.96176707  0.96275358  0.96030498  0.96013885  0.96083814]
[-0.2044853    -0.20390129  -0.20424824  -0.20415913  -0.19828911  -0.20306464 
  -0.20335463  -0.20407303  -0.20352136  -0.20226735  -0.20391154  -0.20335319 
  -0.2038222    -0.20448326  -0.20561137  -0.20252825  -0.20343116  -0.20312526]
[-0.96561856  -0.97523234  -0.97252057  -0.97499823  -0.97147057  -0.97917673 
  -0.96804791  -0.96864386  -0.96410276  -0.96928666  -0.97814105  -0.97282814 
  -0.97629718  -0.96903574  -0.97552106  -0.96970843  -0.97691274  -0.97424816]
[0.18847318  0.18308021  0.18416619  0.18239176  0.19219842  0.18041121 
  0.18615172  0.18439295  0.18912462  0.18780321  0.19125788  0.18883592 
  0.18470067  0.18456825  0.17987964  0.1899351    0.19057678  0.18818834]
[0.226028      0.23172415  0.22989164  0.23347085  0.23200113  0.2373203 
  0.22870664  0.2296339    0.2257976    0.22995435  0.23130228  0.22745598 
  0.23112917  0.22844223  0.23155855  0.22645385  0.22507125  0.2291036  ]
increment_30
[0.2619562    0.25903153  0.2583991    0.2647212    0.27003956  0.26343969 
  0.26207035  0.26091462  0.26254307  0.2655322    0.2785482    0.26466456 
  0.25777244  0.26066541  0.25808365  0.26343338  0.26688828  0.2594655  ]
[0.16306942  0.16219144  0.16111207  0.16578634  0.17072879  0.16611472 
  0.16359438  0.16281649  0.16379266  0.16604089  0.17509841  0.16549604 
  0.16112074  0.16264283  0.16087629  0.16510739  0.16519015  0.16339472]
[0.948416      0.93235469  0.93631732  0.93059556  0.93480158  0.92373139 
  0.94334587  0.94213378  0.95009467  0.93991632  0.9204178    0.93581106 
  0.93138232  0.94210656  0.93221997  0.94114384  0.93015064  0.93505691]
[0.13851336  0.14114565  0.14005906  0.14485603  0.15452419  0.14375152 
  0.14235133  0.14076798  0.14112531  0.14725229  0.1646632    0.14646995 
  0.14071156  0.14040734  0.1404605    0.14577286  0.14877776  0.14204007]
[0.95704702  0.95882406  0.95893937  0.95847348  0.95482087  0.95910785 
  0.95800816  0.95896751  0.95722864  0.95709573  0.95404396  0.95658781 
  0.95848329  0.95849918  0.96011151  0.95628304  0.95587924  0.95699553]
[-0.20397899  -0.20307458  -0.20368291  -0.20355979  -0.19419748  -0.20162108 
  -0.20204657  -0.20324678  -0.2025234    -0.2002273    -0.20313816  -0.20261892 
  -0.2031741    -0.20407167  -0.20615632  -0.20093059  -0.20200301  -0.20195641]
[-0.97151587  -0.98653599  -0.98305834  -0.98554705  -0.9806917    -0.99206246 
  -0.97517539  -0.97612126  -0.96927845  -0.97696739  -0.99052338  -0.98242179 
  -0.98826509  -0.97695474  -0.98654593  -0.97799179  -0.98861586  -0.98486659]
[0.18887599  0.18058149  0.18145644  0.17963954  0.19450222  0.17668532 
  0.18512591  0.18237208  0.18924657  0.18816952  0.19407597  0.18885549 
  0.18314291  0.1821884    0.17494712  0.19065668  0.19256114  0.1885727  ]
[0.22337573  0.23202562  0.2296986    0.23413761  0.23267901  0.24040447 
  0.22744213  0.22851338  0.22301765  0.22901269  0.23035679  0.22536325 
  0.23091192  0.22723425  0.23123142  0.22433255  0.22118827  0.22777034]
increment_40
[0.26170171  0.25785841  0.25687823  0.26562811  0.27305973  0.26420542 
  0.26215986  0.26059294  0.26252484  0.26681109  0.28419855  0.26537294 
  0.25582254  0.25982396  0.25609829  0.26376725  0.26834331  0.25835217]
[0.1628334    0.16181316  0.16033324  0.16656432  0.17312678  0.16735656 
  0.16369238  0.16263741  0.163792      0.16694556  0.17879635  0.16600152 
  0.15999307  0.16212035  0.1595166    0.16562656  0.16556183  0.16328081]
[0.94745292  0.92611794  0.93036802  0.92425741  0.92918525  0.91531777 
  0.94102385  0.93940949  0.94934255  0.93647123  0.91084379  0.93105628 
  0.92489938  0.93878348  0.92635132  0.93740354  0.92399872  0.93016369]
[0.13757408  0.14111474  0.13973109  0.14631608  0.1593785    0.14490941 
  0.1431064    0.14083729  0.14162344  0.15002293  0.17368348  0.1480712 
  0.1401435    0.13991801  0.13974015  0.14735773  0.15167992  0.14221877]
[0.95321266  0.95557663  0.95585507  0.95501114  0.95020031  0.95566585 
  0.95435129  0.95554445  0.95339549  0.95307115  0.9490074    0.95272477 
  0.95514969  0.95533743  0.95747956  0.95234617  0.95158679  0.95317384]
[-0.2033786    -0.20217364  -0.20296088  -0.20296892  -0.19017967  -0.20000346 
  -0.20053402  -0.20219648  -0.20109922  -0.19791661  -0.20207297  -0.20184532 
  -0.20252888  -0.20377989  -0.20690144  -0.19940206  -0.20031025  -0.20075614]
[-0.97743986  -0.99758385  -0.99384143  -0.99585658  -0.98980361  -1.00449097 
  -0.98204853  -0.98345734  -0.97484738  -0.98448657  -1.00250697  -0.99167871 
  -1.00002613  -0.98497177  -0.99738997  -0.98632711  -0.99977806  -0.99493779]
[0.18950125  0.17837577  0.17883283  0.17738819  0.19665205  0.17379733 
  0.18461044  0.18080897  0.18964201  0.1889748    0.19719298  0.18897465 
  0.18193551  0.17959454  0.1700589    0.19114261  0.19487458  0.18901352]
[0.22062485  0.23221181  0.22975643  0.23445128  0.23360662  0.24305705 
  0.22600935  0.22738562  0.22038383  0.22798881  0.2291817    0.22317149 
  0.23046745  0.22605509  0.23062148  0.22241735  0.21710798  0.22624233]
increment_50
[0.26142366  0.2568593    0.25570981  0.26686707  0.27627517  0.26514662 
  0.26237537  0.26049635  0.26267887  0.26817591  0.28966927  0.26607522 
  0.25399458  0.25877377  0.25427599  0.26407561  0.26979719  0.25745722]
[0.16264348  0.16161605  0.16000009  0.16753717  0.17544175  0.16885942 
  0.16386546  0.16260449  0.16391447  0.16787509  0.18223896  0.16648667 
  0.15900685  0.16145429  0.15824475  0.16611577  0.16590438  0.16326929]
[0.94647096  0.92019922  0.92407878  0.91828092  0.92365296  0.907431 
  0.93904609  0.93679388  0.94798574  0.93320233  0.90195637  0.92666861 
  0.91880124  0.93544823  0.92075335  0.93347145  0.91850166  0.92596194]
[0.13680243  0.1412035    0.13973515  0.148187      0.16428715  0.14638974 
  0.1442041    0.14122635  0.14282776  0.15307419  0.18271481  0.14971695 
  0.13960179  0.13926456  0.13893316  0.14884219  0.15485673  0.1425231  ]
[0.94936312  0.95227779  0.95268861  0.95143642  0.94563858  0.95204635 
  0.95062302  0.95206628  0.94954043  0.94901897  0.9439649    0.94886036 
  0.95175425  0.95229603  0.95483166  0.94850996  0.94726181  0.94938504]
[-0.20267404  -0.20119422  -0.20203182  -0.20236024  -0.18620824  -0.19818818 
  -0.19881026  -0.2009527    -0.19926562  -0.1953418    -0.20071244  -0.20096202 
  -0.20185519  -0.20357916  -0.20793979  -0.19799268  -0.19833535  -0.19951039]
[-0.98341932  -1.00839903  -1.00493602  -1.00585312  -0.99884597  -1.01662857 
  -0.98860521  -0.99064427  -0.98089919  -0.99186857  -1.01415974  -1.00068734 
  -1.0115419    -0.99307456  -1.00803379  -0.99486747  -1.01046058  -1.00431998]
[0.19036643  0.17650106  0.17648493  0.1758034    0.198737      0.17181153 
  0.18465405  0.17965642  0.19023341  0.19012209  0.2005795    0.18932474 
  0.18114514  0.17673998  0.16531247  0.19135487  0.19753826  0.18945389]
[0.21776931  0.23225828  0.23007117  0.23433796  0.23470753  0.24523805 
  0.22432019  0.22622605  0.21808274  0.22695929  0.22785087  0.22082094 
  0.22977285  0.22491754  0.22968078  0.22070407  0.21281272  0.22454469]
increment_60
[0.26110324  0.25603667  0.2549422    0.26847216  0.27964173  0.26620323 
  0.26267923  0.26059433  0.26311532  0.26963918  0.29500017  0.26672533 
  0.25232534  0.25758579  0.25273258  0.26433556  0.27124356  0.25677686]
[0.16251152  0.16161292  0.1601899    0.16871152  0.17770626  0.17067027 
  0.1640878    0.16269259  0.16422854  0.16881734  0.18546577  0.16697681 
  0.15821779  0.16069588  0.15713097  0.16656901  0.16621848  0.1633431  ]
[0.94545754  0.91454889  0.91739263  0.91266865  0.91820032  0.89986624 
  0.93740181  0.93434151  0.94598178  0.93007175  0.89362786  0.92260847 
  0.9129889    0.93210318  0.91543694  0.92931382  0.91355697  0.92240019]
[0.13625024  0.14145403  0.14013705  0.15061387  0.16930556  0.14827355 
  0.14569701  0.14194219  0.14461976  0.15638424  0.19173051  0.15146954 
  0.13915378  0.13852848  0.13804718  0.15023143  0.15829771  0.14297671]
[0.94549355  0.94891348  0.94941051  0.94773742  0.94110458  0.94824681 
  0.94681835  0.94853553  0.94566917  0.94494757  0.93892558  0.94497994 
  0.94827276  0.94934195  0.95214701  0.94476525  0.94291812  0.94562533]
[-0.20183408  -0.20012238  -0.20085918  -0.20168191  -0.1822452    -0.1961404 
  -0.19684558  -0.19951601  -0.19710784  -0.19252556  -0.19907606  -0.19984424 
  -0.20112193  -0.20339334  -0.20925534  -0.19670103  -0.19613076  -0.19820584]
[-0.98947416  -1.01902804  -1.01640917  -1.01550388  -1.00785911  -1.02868621 
  -0.99487196  -0.99764104  -0.98743678  -0.99913882  -1.02555344  -1.00948899 
  -1.02290006  -1.00124469  -1.01840704  -1.00367316  -1.02071847  -1.01303741]
[0.19150401  0.17500681  0.17452483  0.17495798  0.20086112  0.17074644 
  0.18527211  0.17894134  0.19093678  0.19154662  0.20415593  0.18998455 
  0.18085152  0.17372346  0.16080421  0.19137041  0.2004805    0.18991606]
[0.21478603  0.23214536  0.23064193  0.23377939  0.23589585  0.24697897 
  0.22234672  0.22498112  0.21622235  0.22597007  0.22647021  0.2183733 
  0.22879572  0.2238457    0.22842949  0.21912144  0.20836842  0.22269788]
increment_70
[0.2607288    0.25541612  0.25459544  0.27040246  0.28310302  0.26736647 
  0.26306867  0.26086513  0.26388922  0.27125165  0.30020205  0.2672549 
  0.25086751  0.25644779  0.25145368  0.2645787    0.27267191  0.25625013]
[0.16246233  0.16184003  0.16093696  0.17005048  0.17992717  0.17283357 
  0.16435825  0.16288298  0.16476221  0.16977149  0.18849593  0.16751368 
  0.15763796  0.15997496  0.15616511  0.16701767  0.16652953  0.16349671]
[0.94444007  0.90910926  0.91030049  0.90740304  0.91284444  0.89244328 
  0.93598563  0.93210718  0.94335787  0.92704213  0.88578915  0.91888642 
  0.90728199  0.92871091  0.9104595    0.92500689  0.9090971    0.91929855]
[0.13600352  0.14194396  0.14097908  0.15367758  0.17445205  0.15063796 
  0.14769538  0.1430274    0.14688006  0.15999727  0.20062045  0.15337287 
  0.13887176  0.13787006  0.13705252  0.15161568  0.16193768  0.14360836]
[0.94159375  0.94546771  0.94600676  0.94391777  0.93658088  0.94427351 
  0.94293137  0.94494104  0.94178607  0.94084928  0.93390947  0.94107255 
  0.9447002    0.94641591  0.94942771  0.9410731    0.93857811  0.94186837]
[-0.20080719  -0.19893495  -0.19942533  -0.20087638  -0.17827734  -0.19383247 
  -0.19457776  -0.19786295  -0.19473375  -0.18948025  -0.19714802  -0.1983876 
  -0.20030896  -0.20313364  -0.21075653  -0.19546359  -0.19381231  -0.19681544]
[-0.9955894    -1.02951626  -1.02829685  -1.02482554  -1.01686231  -1.04084113 
  -1.00094603  -1.00441133  -0.99443188  -1.00631597  -1.0367226    -1.01807003 
  -1.03428097  -1.00946132  -1.02844031  -1.01268754  -1.03055517  -1.02128786]
[0.19293233  0.17396684  0.17299026  0.17485983  0.20308393  0.1705436 
  0.18647006  0.1787231    0.19169284  0.19323539  0.20781078  0.19097447 
  0.18110357  0.17072941  0.15655081  0.19136457  0.20356324  0.19052462]
[0.21163725  0.23184545  0.23145849  0.23279256  0.23709169  0.24836513 
  0.22013273  0.22358711  0.21481037  0.2250424    0.22519317  0.21593978 
  0.22747358  0.22288274  0.22693329  0.21756513  0.20389254  0.22069613]
increment_80
[0.26029112  0.25501285  0.25467948  0.27258853  0.28660832  0.26862488 
  0.26352667  0.26128495  0.26504022  0.27306991  0.30526444  0.26765721 
  0.24973713  0.25548494  0.25048284  0.26485257  0.27415296  0.25581316]
[0.16249955  0.16230275  0.16223187  0.1715053    0.18209324  0.17532288 
  0.16466544  0.16315779  0.16553125  0.17075118  0.1913358    0.1681168 
  0.15721027  0.15937543  0.15537367  0.16750848  0.16688846  0.16371586]
[0.94342025  0.90390383  0.90287405  0.90246946  0.90760592  0.88509712 
  0.9347268    0.93008129  0.9401927    0.92402594  0.87841342  0.91542059 
  0.90162545  0.92530939  0.90580628  0.92061409  0.90498141  0.91652381]
[0.13608846  0.14274196  0.14228771  0.15742176  0.1797013    0.15349633 
  0.15022871  0.14453059  0.14961655  0.1639056    0.20926004  0.15540785 
  0.13879456  0.1373713    0.1359677    0.15309889  0.16581232  0.14441661]
[0.93765667  0.94193563  0.94246839  0.9399864    0.93206996  0.94015072 
  0.93897255  0.94128083  0.93787597  0.93673596  0.92893817  0.93714996 
  0.94106466  0.94347735  0.94666419  0.9373965    0.93425233  0.93810363]
[-0.19957599  -0.19761554  -0.19772436  -0.19987191  -0.17431964  -0.19127532 
  -0.1919953    -0.19596928  -0.19224225  -0.18625246  -0.19491821  -0.19664223 
  -0.19940866  -0.20275621  -0.21238679  -0.1942042    -0.19150662  -0.19533105]
[-1.00177429  -1.03982772  -1.04056356  -1.03384342  -1.02585427  -1.05315995 
  -1.00688855  -1.01097309  -1.00182079  -1.0134494    -1.04767429  -1.02648818 
  -1.04572558  -1.01765206  -1.03811906  -1.02185188  -1.04003042  -1.02922362]
[0.19465978  0.1734453    0.17189656  0.17550093  0.20540562  0.17108204 
  0.18820776  0.17901843  0.19256984  0.19511494  0.21144693  0.19221155 
  0.18183858  0.16790871  0.15258734  0.19148544  0.20669505  0.19134773]
[0.20830584  0.23129677  0.23248128  0.23141381  0.23824931  0.24946523 
  0.2177179    0.22202585  0.21370925  0.22424854  0.22413671  0.21358334 
  0.22570983  0.22201837  0.22524026  0.21597631  0.19945402  0.21853843]
increment_90
[0.2597579    0.25483683  0.25517335  0.27494173  0.29011311  0.26998651 
  0.26403563  0.26180839  0.26660516  0.27510082  0.31019215  0.26795868 
  0.24903258  0.25474738  0.24985647  0.26518935  0.27569056  0.2554347  ]
[0.16263368  0.16298144  0.16403665  0.17301898  0.18418684  0.17810487 
  0.16499742  0.16348719  0.16654789  0.17175191  0.19400037  0.16878745 
  0.1569159    0.15892867  0.15477082  0.1680532    0.16731549  0.16400665]
[0.94234953  0.89901755  0.89522926  0.89785446  0.90251252  0.87776335 
  0.9335727    0.92824124  0.93661645  0.9209928    0.87146197  0.91207899 
  0.89601507  0.92200473  0.90140139  0.91624542  0.90114128  0.91396427]
[0.13654844  0.14391214  0.144087      0.16181747  0.1850245    0.15683412 
  0.15325797  0.14643225  0.15301729  0.16805431  0.21757441  0.15752028 
  0.13901889  0.13704893  0.1348488    0.15472623  0.16995546  0.14543401]
[0.93366796  0.93831796  0.93878494  0.93596244  0.92757639  0.93590224 
  0.93495337  0.93756633  0.93389527  0.93262595  0.92402444  0.93323641 
  0.93737127  0.94050225  0.94385253  0.93372286  0.92993113  0.93432318]
[-0.19811028  -0.19613291  -0.1957525    -0.19860376  -0.17038824  -0.18849328 
  -0.18912528  -0.19385209  -0.18973261  -0.18290327  -0.19239413  -0.19470731 
  -0.1983469    -0.20226674  -0.21408357  -0.19289282  -0.18921361  -0.19373029]
[-1.00809626  -1.04986229  -1.05313983  -1.04258798  -1.03482175  -1.06570673 
  -1.01275048  -1.01736131  -1.009496      -1.02055363  -1.058428      -1.03484672 
  -1.05723757  -1.02570359  -1.04749581  -1.03104891  -1.04919706  -1.03696558]
[0.19675182  0.17346278  0.17129593  0.17682326  0.2078167    0.17222864 
  0.19040671  0.17977547  0.19380582  0.197114      0.21500336  0.1935707 
  0.18303065  0.16537715  0.14894599  0.19178542  0.20988922  0.19240978]
[0.20475852  0.23045766  0.23362252  0.22971125  0.23933047  0.25036642 
  0.21514161  0.22029552  0.21259006  0.2236135    0.22337236  0.21135794 
  0.2234298    0.22117048  0.2234004    0.21432007  0.19506966  0.216247    ]
increment_100
[0.25908567  0.25491195  0.25601818  0.27736656  0.29359511  0.27144829 
  0.26459154  0.26239536  0.26857602  0.27730902  0.31501719  0.2682091 
  0.24876986  0.25423566  0.24952351  0.26558683  0.27718582  0.25511497]
[0.1628882    0.16385837  0.16629016  0.17453326  0.18620102  0.18117375 
  0.16535098  0.16384839  0.16779425  0.17274112  0.19651773  0.16955603 
  0.1567739    0.15863205  0.15430644  0.16862641  0.16775804  0.16438972]
[0.94116854  0.89451931  0.88747297  0.89354727  0.89757019  0.87034181 
  0.93246965  0.92655211  0.93279519  0.91799928  0.86487043  0.90872015 
  0.89047107  0.91888852  0.89716955  0.91203181  0.89762244  0.91151962]
[0.13742699  0.14553615  0.14639018  0.16673026  0.19039873  0.16063096 
  0.15670978  0.14868006  0.15735088  0.1724037    0.22561699  0.15973755 
  0.13971854  0.13689648  0.13372087  0.15648199  0.17432307  0.1467311  ]
[0.92960674  0.93462268  0.93495119  0.93187775  0.92310417  0.93153753 
  0.93088806  0.93381233  0.92978458  0.92852895  0.91915921  0.92933221 
  0.93359711  0.93748131  0.9410104    0.93005345  0.92560116  0.93051623]
[-0.19637912  -0.1944298    -0.19351384  -0.19700912  -0.1664951    -0.18550905 
  -0.18601446  -0.19154708  -0.18725309  -0.17947291  -0.18962058  -0.19260996 
  -0.19699037  -0.2017059    -0.21578238  -0.19153444  -0.18678938  -0.19197557]
[-1.01464331  -1.05951347  -1.06597318  -1.05108736  -1.043762      -1.07860439 
  -1.01857811  -1.02361947  -1.01733886  -1.02758256  -1.06902726  -1.04327109 
  -1.0688177    -1.03352878  -1.05665799  -1.04014477  -1.05807094  -1.04461675]
[0.19928676  0.17398194  0.1712366    0.17869575  0.21030168  0.17389457 
  0.19296828  0.18091507  0.19570143  0.19921558  0.21849974  0.19501763 
  0.18474967  0.16319842  0.14560257  0.19227311  0.21323516  0.19372562]
[0.20094884  0.22937896  0.2347797    0.22782105  0.24032358  0.25114145 
  0.21245867  0.21841164  0.21105684  0.22308611  0.22286457  0.20930067 
  0.22058904  0.22023398  0.22145977  0.21255125  0.19070203  0.21385245]
increment_110
[0.25825726  0.25528827  0.2572088    0.27980242  0.29705025  0.27298196 
  0.26519334  0.26303118  0.27086273  0.27961539  0.31978873  0.26849531 
  0.24892024  0.25395356  0.24942227  0.26603973  0.27852298  0.25484382]
[0.16327905  0.16492694  0.16891659  0.17601263  0.18814032  0.18455108 
  0.16572452  0.16423677  0.16920134  0.17367344  0.1989214    0.17049314 
  0.15678291  0.15848401  0.15394506  0.16919912  0.16816443  0.1648723  ]
[0.93986335  0.89039869  0.87970297  0.88950728  0.89276406  0.86269195 
  0.93138043  0.92496328  0.92889729  0.91513593  0.85856273  0.9051966 
  0.88500843  0.91600833  0.89305568  0.90805061  0.89447336  0.90910635]
[0.13873756  0.14772694  0.14920512  0.17196953  0.19580547  0.16485118 
  0.16048621  0.15124432  0.16276165  0.17690134  0.23353213  0.16218222 
  0.14108496  0.13692282  0.13262788  0.15834784  0.17882779  0.14833575]
[0.92546299  0.93085392  0.93098547  0.92776899  0.91865838  0.92705817 
  0.92679549  0.93002839  0.92551017  0.92445535  0.91431799  0.92541211 
  0.9297249    0.93441144  0.93815517  0.92639032  0.92125843  0.9266734  ]
[-0.19437229  -0.19243458  -0.19102225  -0.19507587  -0.16264966  -0.18235008 
  -0.18272431  -0.18907669  -0.18477129  -0.17600341  -0.18665668  -0.19031341 
  -0.19522749  -0.20113489  -0.21742806  -0.19014734  -0.18410949  -0.19005539]
[-1.02144591  -1.06874335  -1.07896977  -1.05938588  -1.0526826    -1.09204616 
  -1.0243974    -1.02979685  -1.02524726  -1.03447158  -1.07952693  -1.05189858 
  -1.08046553  -1.04107454  -1.06567357  -1.04905925  -1.06666434  -1.05227569]
[0.20227369  0.17496649  0.17168154  0.18093926  0.21284174  0.17602087 
  0.19578915  0.18237638  0.1984278    0.20141598  0.22201077  0.1966074 
  0.1870573    0.16141313  0.14252012  0.19295706  0.21678683  0.19531114]
[0.19685633  0.22817368  0.23593189  0.22590442  0.24123995  0.25184988 
  0.20972185  0.21640531  0.2088633    0.22257        0.22251347  0.20743349 
  0.21719077  0.2191071    0.21946093  0.21061469  0.18632868  0.2113597  ]
increment_120
[0.25728019  0.25600505  0.25876927  0.28224768  0.30046827  0.27456439 
  0.26583839  0.26372502  0.27333594  0.28196449  0.32455241  0.2689126 
  0.24943324  0.253932      0.2495072    0.26656789  0.27961912  0.25462751]
[0.16380535  0.1661546    0.17182889  0.17745759  0.19000557  0.18824098 
  0.16611537  0.1646591    0.17067971  0.1745287    0.20123892  0.17165662 
  0.15690006  0.15849908  0.1536785    0.16976408  0.16854343  0.16545757]
[0.93844399  0.88661472  0.87201171  0.88565813  0.88809327  0.85473086 
  0.9302927    0.92341975  0.92505813  0.91243684  0.85246214  0.90140366 
  0.8796624    0.91336703  0.88904306  0.9043313    0.89169622  0.9066682  ]
[0.14046301  0.15057147  0.1525292    0.17739617  0.20122878  0.16945764 
  0.16451949  0.15412268  0.16921957  0.18150663  0.24142143  0.1649554 
  0.1432534    0.13717424  0.13163946  0.16034919  0.1834294    0.15027202]
[0.92123783  0.92701354  0.92691639  0.92366054  0.91424601  0.92246369 
  0.92269143  0.92622396  0.92107589  0.92041149  0.90949115  0.92145329 
  0.92574615  0.93128838  0.93528951  0.92273193  0.91689426  0.92279347]
[-0.19209835  -0.19009687  -0.18829915  -0.19282917  -0.15886014  -0.17904363 
  -0.17929829  -0.1864499    -0.1822128    -0.17252896  -0.18356974  -0.18779294 
  -0.19298738  -0.20062008  -0.21895029  -0.18873368  -0.18111991  -0.18796655]
[-1.02849633  -1.07756089  -1.09200998  -1.06754809  -1.06157581  -1.10617623 
  -1.03020923  -1.03593207  -1.03313927  -1.04120194  -1.08997578  -1.06082732 
  -1.09215564  -1.0483184    -1.07456978  -1.05774576  -1.07500035  -1.06000118]
[0.20567394  0.17641121  0.17256282  0.18340678  0.2154264    0.17855981 
  0.19880592  0.18412045  0.20198747  0.20370248  0.22557258  0.19838392 
  0.18999841  0.16006347  0.13969999  0.19384925  0.22056734  0.19717107]
[0.19248956  0.22692861  0.23709686  0.22409434  0.2420803    0.25252831 
  0.20696089  0.21432036  0.20596472  0.22200719  0.22225425  0.20577453 
  0.21325897  0.21769695  0.21744001  0.2084832    0.18196094  0.2087722  ]
