inc
Fp11
Fp12
Fp13
Fp21
Fp22
Fp23
Fp31
Fp32
Fp33
increment_0
0.6674837804983232
-0.7270894932418972
-0.160643305459354
-0.372909267732641
-0.13967131334169566
-0.91729526449694
0.6445184875632131
0.6721850883846258
-0.36436674675741376
increment_10
0.6708634144101329
-0.7415718166732834
-0.14960798888560273
-0.3682034439733383
-0.15375929416702253
-0.9033803614170667
0.6434364594266356
0.6746636396382049
-0.36600758520922216
increment_20
0.6743640343281366
-0.7579686625873575
-0.1373783923929447
-0.3630368101097412
-0.16958153194045356
-0.8881981473113203
0.6418276602689789
0.6775500411330425
-0.36747590106511563
increment_30
0.6779879477183767
-0.7746329540166499
-0.12497271430611304
-0.35772645707757356
-0.185679653099049
-0.8732667266771323
0.6400762206228395
0.6801933025509267
-0.36848611036010415
increment_40
0.6818045861132263
-0.7914889462028109
-0.11258750395449842
-0.35217990103491004
-0.20190935937248938
-0.8585807720337039
0.6381493231838005
0.6827181398625144
-0.36899341680084763
increment_50
0.6858817384007553
-0.8084315926783686
-0.10037385847551844
-0.34631972449464127
-0.21824765107990943
-0.8441463031882619
0.6359811237903543
0.6852917306471223
-0.36897991338618463
increment_60
0.6902530652209987
-0.8253594671957785
-0.08852062163848556
-0.3402132737301215
-0.23469708502994976
-0.82992746768516
0.6334700347561726
0.6880733606624667
-0.3685233118001642
increment_70
0.6949635790853828
-0.8422202364611172
-0.07721713896656252
-0.3339584439990453
-0.251247474718698
-0.8158325210308125
0.6305725229587976
0.6911841023205484
-0.36770882481867306
increment_80
0.7000976508597342
-0.8589879256520686
-0.06666740057581196
-0.32763334034623737
-0.2678635355840082
-0.8018053313127168
0.6272206777336792
0.6947315121759217
-0.36655087356826077
increment_90
0.7056913439079862
-0.8757027891760697
-0.056984549087160885
-0.32132773944303245
-0.28450023775954847
-0.7878280235358148
0.6233825448379487
0.6987449488581574
-0.36503750580994176
increment_100
0.7117550061552567
-0.8924525503471765
-0.04819181544641766
-0.3150861841019808
-0.3010895314899469
-0.7739144665277957
0.6190730427651169
0.7031943267772749
-0.36313785322240894
increment_110
0.7182927270015433
-0.9092806121301584
-0.04029912611287875
-0.3088644308754809
-0.31757048297109974
-0.7601221312702612
0.6142712798886064
0.7081026687404717
-0.3608482449671803
increment_120
0.7252756437445256
-0.9261828331241233
-0.03325092705790152
-0.30257559112212323
-0.3339605707697512
-0.7465176791022071
0.6089339130250077
0.7135363162098497
-0.35822510214060466
