inc
Fp11
Fp12
Fp13
Fp21
Fp22
Fp23
Fp31
Fp32
Fp33
increment_0
0.3645497960336751
0.8441561451108198
-0.393069776100181
-0.8071912065895026
0.07601446792357641
-0.5853752272439265
-0.46426910538650895
0.5306808865391105
0.7091064760990939
increment_10
0.3615470505357858
0.8607230280372411
-0.39031455676349236
-0.7979149621632992
0.07480419882049105
-0.5792799391830143
-0.4631316291447387
0.5312755921828158
0.7086064067336908
increment_20
0.35740223175225405
0.8795142366750672
-0.38770525536382394
-0.7879872074549581
0.07316133876880129
-0.5733012697738425
-0.46137505564334935
0.531999087790195
0.7072892104579039
increment_30
0.3531406911420172
0.898497272473791
-0.3853018450858268
-0.7780555442974814
0.0712011414134135
-0.567515272359508
-0.45953608782454636
0.5326852268192794
0.7059583986418624
increment_40
0.3488354560349073
0.9176992998340836
-0.383068958893175
-0.7680724113821311
0.06894736753549911
-0.5618514362401485
-0.45762826221989245
0.5333031581354153
0.7046737310418962
increment_50
0.34459704689201537
0.9371419010245458
-0.3809619429813179
-0.7580557073628403
0.06647132449462387
-0.5561897352445947
-0.45563756806552796
0.5338418764577905
0.7034657067633612
increment_60
0.3405463049011075
0.9568173415928346
-0.37895058957141065
-0.7480312229930123
0.06386401175116548
-0.5504358594792939
-0.45355452987899597
0.5343273743823674
0.7023277517468836
increment_70
0.33676394501700924
0.9766996393739857
-0.3770374780849446
-0.7380073631189961
0.061169155730280936
-0.544568496932455
-0.4513409402593074
0.5348172070762457
0.7012426294190395
increment_80
0.33329657800823564
0.9967739797580574
-0.375246688185392
-0.7279661912720294
0.05835326655319314
-0.5386038646189777
-0.4489490466699711
0.5353780637883195
0.7002058046501904
increment_90
0.33013498188464263
1.0170273603451405
-0.3735734290760908
-0.7179044451243917
0.05538181136499468
-0.5325453334915324
-0.4463535992587958
0.5360863640197928
0.6992208925906189
increment_100
0.32723620131763953
1.0374650317426777
-0.3720005152005649
-0.7078479326847276
0.0522035961617209
-0.5263764034196008
-0.4435621234185695
0.5370031472592118
0.6982694018946632
increment_110
0.3245702103263177
1.0581101731829547
-0.3705078182352697
-0.6978078326747077
0.0488183464216594
-0.5200733799126496
-0.44063395414230316
0.5381648775076541
0.697319028597597
increment_120
0.3221166280832334
1.0789746145482835
-0.3691098533192545
-0.6877854118038904
0.04531694139028368
-0.5136357440889776
-0.43760279338211394
0.5396242104621669
0.6963348557367868
