inc
Fp11
Fp12
Fp13
Fp21
Fp22
Fp23
Fp31
Fp32
Fp33
increment_0
0.7424419573155766
0.6536862472390936
-0.14654088230895143
0.652892462992942
-0.6570653726822259
0.376824266454507
0.15003790115975765
-0.3754455835303407
-0.9146197253630257
increment_10
0.7417662849443825
0.6578240507945509
-0.1494048282788953
0.6483029925974831
-0.666881860984874
0.38797791261089243
0.1474934684307195
-0.38860372535432974
-0.8984274929359916
increment_20
0.7404759289076625
0.6626136718283464
-0.15191269541417302
0.642394565449761
-0.6783107958446584
0.39959604368440815
0.14442692734980178
-0.40366336277471127
-0.8813291374993631
increment_30
0.7391765935654376
0.6675859049131578
-0.1543963180861446
0.6363725886382728
-0.6898856949301686
0.41096207702229964
0.14121986878403947
-0.4188880534885068
-0.8642790612288896
increment_40
0.7379003489626912
0.6727476356856369
-0.1568385697431483
0.6302451168847872
-0.7016343350598097
0.42205992370818984
0.1378405277219502
-0.4342707544254285
-0.8472668272440682
increment_50
0.7366599408316393
0.678107862503843
-0.15919462399842918
0.6240213461536086
-0.7135891483142164
0.43285167226535065
0.13426764867867672
-0.4497961831848359
-0.8303150680374881
increment_60
0.7354516535598169
0.6836826426297937
-0.16141446129101789
0.617716634121026
-0.725779032113376
0.44330314659691566
0.13050743530393977
-0.46544853712136836
-0.8134546709232436
increment_70
0.7342510416704778
0.6894994665175326
-0.16344715147282352
0.611358576530381
-0.7382267712657365
0.4533669553412641
0.1265843622630855
-0.48120794369477715
-0.7967343736690298
increment_80
0.7330091243122681
0.6956222906694833
-0.16527289737607434
0.6050125843037903
-0.7509266949622515
0.4629650257864673
0.12255329908763009
-0.4970495374801928
-0.7802060647014646
increment_90
0.7316844626762957
0.7021298308184779
-0.16690957774155207
0.5987526125441696
-0.763858693357548
0.47203069854806684
0.11847670971713725
-0.512954925509196
-0.7638981354585038
increment_100
0.730258399597658
0.7090856617645125
-0.16838341480111657
0.5926402875041159
-0.7770147550076424
0.48053555835658024
0.11440125283921858
-0.5289123219579853
-0.7478130244348857
increment_110
0.7287385666122118
0.7165381437359049
-0.16971843912411466
0.5867131995166638
-0.790398916974325
0.48847036924684833
0.11035467398484894
-0.5449140141293423
-0.731941395154938
increment_120
0.727121976605104
0.7245211758394069
-0.17093568916868823
0.5809932981992875
-0.8040240450246106
0.49583550909668184
0.10635074772851001
-0.5609603980992461
-0.716289477062031
