inc
sigma_11
sigma_12
sigma_13
sigma_21
sigma_22
sigma_23
sigma_31
sigma_32
sigma_33
increment_0
-4.78857124176401e-05
-5.239041152829116e-06
-2.351546435628875e-06
-5.239041152829116e-06
-7.19746473645861e-05
-8.646822768058443e-06
-2.351546435628875e-06
-8.646822768058443e-06
-4.436438513183935e-05
increment_10
-100930751.18173619
11363012.687694244
-4097652.899256666
11363012.687694244
-25833354.318128157
-3698878.634750233
-4097652.899256666
-3698878.634750233
-115810184.59557885
increment_20
-103636254.06989007
12227727.109281087
-3601849.4220575155
12227727.109281087
-26993781.91046138
-2839093.829578635
-3601849.4220575155
-2839093.829578635
-118469820.68125886
increment_30
-106315090.41207604
12745971.605166808
-3136781.4975839513
12745971.605166808
-27941802.276786525
-2093996.5743451554
-3136781.4975839513
-2093996.5743451554
-120609289.81564574
increment_40
-108971744.7204904
13452346.998947497
-2585860.236651667
13452346.998947497
-28821917.81030652
-1543116.3860062673
-2585860.236651667
-1543116.3860062673
-122265470.02081442
increment_50
-111624489.23804305
14458624.268810106
-2068643.2728629967
14458624.268810106
-29670580.931088146
-1134347.318686597
-2068643.2728629967
-1134347.318686597
-123759836.74510123
increment_60
-114322076.75581342
15538225.830022175
-1672663.3720907227
15538225.830022175
-30489259.041152477
-854176.0323759035
-1672663.3720907227
-854176.0323759035
-125161347.84507032
increment_70
-116942075.87127846
16306932.082838915
-1403207.550462027
16306932.082838915
-31134772.424830582
-707525.9862599515
-1403207.550462027
-707525.9862599515
-126450653.0752811
increment_80
-119302278.16908583
16716961.029762253
-1206061.2328435301
16716961.029762253
-31471801.35425619
-664231.3437317194
-1206061.2328435301
-664231.3437317194
-127618366.59349464
increment_90
-121391320.7488561
16821221.38001052
-1081786.4598059983
16821221.38001052
-31543846.010796856
-680262.7547283504
-1081786.4598059983
-680262.7547283504
-128745089.02173157
increment_100
-123277010.81904712
16651794.928048229
-1025656.3397475074
16651794.928048229
-31461916.4175283
-685984.2008503762
-1025656.3397475074
-685984.2008503762
-129886355.48720214
increment_110
-125079927.2969604
16248905.436835175
-1029867.9718449394
16248905.436835175
-31366012.82684725
-624020.6824823947
-1029867.9718449394
-624020.6824823947
-131104492.01420157
increment_120
-126962688.24449155
15744601.630753342
-1036986.5984460876
15744601.630753342
-31395904.75441568
-514781.3675822739
-1036986.5984460876
-514781.3675822739
-132439816.46941489
