inc
sigma_11
sigma_12
sigma_13
sigma_21
sigma_22
sigma_23
sigma_31
sigma_32
sigma_33
increment_0
-2.0591893961914663e-05
-1.2914182406119143e-06
1.7371206561965856e-07
-1.2914182406119143e-06
-2.961887825435794e-05
3.3287098248273437e-06
1.7371206561965856e-07
3.3287098248273437e-06
-2.5585263897911434e-05
increment_10
-102363442.89732487
7206825.987498715
3702032.3449504934
7206825.987498715
-7859809.027734704
-1861474.1856671073
3702032.3449504934
-1861474.1856671073
-87704291.46887727
increment_20
-104957154.75864303
7020598.793302539
3616543.638205136
7020598.793302539
-9274481.999420011
-1744068.585272283
3616543.638205136
-1744068.585272283
-90714084.74290971
increment_30
-107126975.3827563
6273764.427948465
3293372.772991103
6273764.427948465
-10510886.267583825
-1460823.068200153
3293372.772991103
-1460823.068200153
-93415821.6388642
increment_40
-109296602.64160462
5434922.760511183
2804270.668116172
5434922.760511183
-11789194.672251854
-1049170.3082540813
2804270.668116172
-1049170.3082540813
-96089034.56224154
increment_50
-111451033.65228328
4662620.554444446
2329075.762824847
4662620.554444446
-13044903.34277508
-643893.858271657
2329075.762824847
-643893.858271657
-98699803.30177031
increment_60
-113466164.5466645
3967022.635505522
1930432.4489753915
3967022.635505522
-14154488.727969447
-306102.1513927117
1930432.4489753915
-306102.1513927117
-101183650.26174234
increment_70
-115357524.03326629
3389895.008576527
1575410.0949939082
3389895.008576527
-15125778.007875971
-8512.689387603461
1575410.0949939082
-8512.689387603461
-103546772.21960373
increment_80
-117235704.30984719
2997588.6218142076
1281945.2161819746
2997588.6218142076
-16022229.668455053
228047.5908722504
1281945.2161819746
228047.5908722504
-105813148.58685195
increment_90
-119159716.83131608
2823069.6122877444
1041183.3318277184
2823069.6122877444
-16857293.918786038
436606.26782564947
1041183.3318277184
436606.26782564947
-108000843.8453136
increment_100
-121129835.9744453
2797059.9830963314
843480.1995228746
2797059.9830963314
-17688113.907230437
681581.8002624412
843480.1995228746
681581.8002624412
-110168911.51807167
increment_110
-123130732.42648669
2780464.454716365
724369.6254577407
2780464.454716365
-18583522.561584793
964233.5314899764
724369.6254577407
964233.5314899764
-112384935.46154176
increment_120
-125057900.678988
2668075.929930401
737717.0951654556
2668075.929930401
-19484847.398727674
1200625.044545754
737717.0951654556
1200625.044545754
-114607448.84740925
