inc
sigma_11
sigma_12
sigma_13
sigma_21
sigma_22
sigma_23
sigma_31
sigma_32
sigma_33
increment_0
-2.9219775893767268e-05
-7.795261799404407e-07
-2.259018970328137e-06
-7.795261799404407e-07
-3.255692272445991e-05
-6.039163232759268e-06
-2.259018970328137e-06
-6.039163232759268e-06
-2.6652010181654224e-05
increment_10
-86746484.21309973
8743866.964941047
8346500.4201713
8743866.964941047
2025333.9148583107
738350.8449672972
8346500.4201713
738350.8449672972
-109218353.25401911
increment_20
-88879057.94678652
10066387.048374252
7976656.221987911
10066387.048374252
1340584.0511691354
599895.0886402896
7976656.221987911
599895.0886402896
-112452343.09311727
increment_30
-91509835.54508172
11348157.61524025
7659206.116013542
11348157.61524025
550509.3481992403
681419.7935904855
7659206.116013542
681419.7935904855
-115292915.1731796
increment_40
-94203670.94237205
12567408.315913316
7465200.44589827
12567408.315913316
79120.98507684788
857234.7157823421
7465200.44589827
857234.7157823421
-117899790.15931417
increment_50
-96791312.44933954
13742581.703402068
7417650.916135559
13742581.703402068
76123.29986793229
1136708.6389372866
7417650.916135559
1136708.6389372866
-120276378.60891108
increment_60
-99250551.33682099
14930107.347122882
7380458.262166867
14930107.347122882
417028.81812370435
1490479.4968842922
7380458.262166867
1490479.4968842922
-122437082.72615099
increment_70
-101712644.41560364
16087125.090041917
7275065.41459232
16087125.090041917
868393.1995516614
1898902.461371998
7275065.41459232
1898902.461371998
-124443138.50582835
increment_80
-104312787.03746296
17065836.85470418
7010815.457588895
17065836.85470418
1180268.1234253396
2295732.090025839
7010815.457588895
2295732.090025839
-126340159.1663476
increment_90
-107067726.07163095
17863493.00010955
6581816.955265962
17863493.00010955
1309559.2120917474
2621075.6286673257
6581816.955265962
2621075.6286673257
-128158279.33469065
increment_100
-109835185.44948865
18566038.583644956
6074747.409772231
18566038.583644956
1459749.1336683321
2858308.355704265
6074747.409772231
2858308.355704265
-129873184.39697252
increment_110
-112617921.3997534
19252087.43140312
5559280.120799501
19252087.43140312
1718007.9878548745
3107275.575348514
5559280.120799501
3107275.575348514
-131531894.14418113
increment_120
-115516713.4881309
19855352.840156782
5137022.698821011
19855352.840156782
2067358.5593607214
3484170.679022526
5137022.698821011
3484170.679022526
-133225555.57963683
