inc
sigma_11
sigma_12
sigma_13
sigma_21
sigma_22
sigma_23
sigma_31
sigma_32
sigma_33
increment_0
1.2294911549717828e-05
-2.6920206073353794e-06
-1.120995529380003e-05
-2.6920206073353794e-06
1.6042981563414983e-05
-3.7084648676838185e-06
-1.120995529380003e-05
-3.7084648676838185e-06
2.219279762965654e-05
increment_10
-81414957.89035039
290260.4723947241
-4116825.262952448
290260.4723947241
-9165637.43117727
5928452.301237568
-4116825.262952448
5928452.301237568
-115719773.12512033
increment_20
-82828909.29456265
771385.6993249442
-4416998.546351835
771385.6993249442
-8794399.782529127
6954853.529278226
-4416998.546351835
6954853.529278226
-117833477.38718186
increment_30
-84672155.23344013
907570.8631772589
-4476361.788926427
907570.8631772589
-8781966.225620458
7220299.373759116
-4476361.788926427
7220299.373759116
-119402864.82416838
increment_40
-86590933.8716456
1061844.0930436125
-4525654.488486603
1061844.0930436125
-8876877.10531553
7488440.85871751
-4525654.488486603
7488440.85871751
-120948930.6042351
increment_50
-88547371.17283413
1291500.2216751915
-4571560.302489888
1291500.2216751915
-9056214.780720457
7837002.751146804
-4571560.302489888
7837002.751146804
-122509362.90852109
increment_60
-90582193.83896914
1531347.978627457
-4589076.962940356
1531347.978627457
-9362395.468551926
8190875.674574125
-4589076.962940356
8190875.674574125
-124051094.21083973
increment_70
-92887901.59268391
1733644.9148817216
-4549007.217579748
1733644.9148817216
-9960542.745309744
8430226.536966406
-4549007.217579748
8430226.536966406
-125626239.78064498
increment_80
-95563367.30955184
1942844.6700542301
-4441398.4486965705
1942844.6700542301
-10923325.017472317
8553078.457105825
-4441398.4486965705
8553078.457105825
-127290132.41898954
increment_90
-98490129.69837278
2181254.247610552
-4328201.440823821
2181254.247610552
-12136025.950504877
8660563.124743294
-4328201.440823821
8660563.124743294
-129068709.95943399
increment_100
-101559595.43101938
2489836.188021537
-4311248.325001007
2489836.188021537
-13415165.074414015
8777592.51591092
-4311248.325001007
8777592.51591092
-130879652.47793369
increment_110
-104727101.10508864
2937059.8566825995
-4403373.266557436
2937059.8566825995
-14660322.18090348
8940004.210060112
-4403373.266557436
8940004.210060112
-132586715.49516839
increment_120
-107964422.089676
3520263.571492899
-4521766.7990209395
3520263.571492899
-15889704.797442341
9196984.635198655
-4521766.7990209395
9196984.635198655
-134182123.13997394
