inc
sigma_11
sigma_12
sigma_13
sigma_21
sigma_22
sigma_23
sigma_31
sigma_32
sigma_33
increment_0
3.6423077488696795e-05
6.958549581874622e-07
-1.5745334575226139e-06
6.958549581874622e-07
3.47386562699018e-05
-2.2504504243730613e-06
-1.5745334575226139e-06
-2.2504504243730613e-06
2.989964772698018e-05
increment_10
-108082862.38929653
19075548.003261246
11938968.67653303
19075548.003261246
-21374767.39863025
-13923698.41530702
11938968.67653303
-13923698.41530702
-136606459.7046797
increment_20
-110854442.13039023
19629929.641971637
12063239.219657615
19629929.641971637
-21554176.62167564
-14492829.074118767
12063239.219657615
-14492829.074118767
-139072278.78186893
increment_30
-113187443.41237934
20266173.557798408
12262648.42636697
20266173.557798408
-21312381.464778945
-15025406.463138636
12262648.42636697
-15025406.463138636
-140950993.70194066
increment_40
-115366584.26791705
20887757.372460254
12393196.207456905
20887757.372460254
-21018720.23390939
-15523166.056130027
12393196.207456905
-15523166.056130027
-142547751.31801054
increment_50
-117441581.3520527
21467508.23957633
12429462.62969245
21467508.23957633
-20750055.868057806
-15905301.753912147
12429462.62969245
-15905301.753912147
-143868927.96654272
increment_60
-119426772.39459805
21929079.31559
12354832.42434336
21929079.31559
-20569281.03689759
-16144461.509548558
12354832.42434336
-16144461.509548558
-145052839.09980977
increment_70
-121293228.69653952
22214855.797079228
12129936.803652635
22214855.797079228
-20444965.118182003
-16264572.886419104
12129936.803652635
-16264572.886419104
-146189503.8626655
increment_80
-123020076.79727821
22354267.84274271
11702608.117267275
22354267.84274271
-20297686.879133232
-16391361.683004642
11702608.117267275
-16391361.683004642
-147341129.5744846
increment_90
-124687583.8716317
22406584.72730981
11101736.369949285
22406584.72730981
-20133020.1898517
-16507602.439376887
11101736.369949285
-16507602.439376887
-148486334.01362574
increment_100
-126346612.77876556
22421655.147224586
10461620.687298099
22421655.147224586
-19946888.443552338
-16534780.083019651
10461620.687298099
-16534780.083019651
-149566624.69866654
increment_110
-127971816.52439359
22410440.945079982
9849815.967434099
22410440.945079982
-19673654.58797907
-16462319.175334813
9849815.967434099
-16462319.175334813
-150534857.18020245
increment_120
-129454057.74542369
22295866.002321813
9236033.826568013
22295866.002321813
-19246958.114280544
-16279193.231615324
9236033.826568013
-16279193.231615324
-151393105.5477212
