inc
sigma_11
sigma_12
sigma_13
sigma_21
sigma_22
sigma_23
sigma_31
sigma_32
sigma_33
increment_0
1.2616722670895759e-05
3.29408123882314e-06
-2.564044984636883e-06
3.29408123882314e-06
1.2533512137064599e-05
3.379022484951083e-06
-2.564044984636883e-06
3.379022484951083e-06
1.1511056343432102e-07
increment_10
-81304435.72676986
-2128468.8770585936
-13739624.791247735
-2128468.8770585936
-2631078.820771366
8684882.745840233
-13739624.791247735
8684882.745840233
-115903863.50781581
increment_20
-83099694.98433825
-1824818.638244383
-13828449.181653034
-1824818.638244383
-3029384.7695015636
8803521.541468551
-13828449.181653034
8803521.541468551
-118210967.88856354
increment_30
-84798003.18467735
-1721054.5850906784
-13600623.402463777
-1721054.5850906784
-3302052.6815052438
8672835.17398895
-13600623.402463777
8672835.17398895
-120266777.78110585
increment_40
-86661620.81890051
-1669212.5151024642
-13319189.19955612
-1669212.5151024642
-3688371.4986222843
8578509.696750216
-13319189.19955612
8578509.696750216
-122348803.20133653
increment_50
-88640183.62802513
-1736931.047461569
-12943964.68462462
-1736931.047461569
-4164242.5774452216
8623350.101773975
-12943964.68462462
8623350.101773975
-124447505.15956512
increment_60
-90773241.56746158
-1925754.2472526084
-12472234.46319485
-1925754.2472526084
-4747005.338569147
8749963.429932246
-12472234.46319485
8749963.429932246
-126488206.74110825
increment_70
-93116214.35877737
-2235774.168938481
-11896914.956686122
-2235774.168938481
-5462952.319503589
8871519.596265426
-11896914.956686122
8871519.596265426
-128412847.69044219
increment_80
-95745761.18376943
-2670954.1325313523
-11210780.125562232
-2670954.1325313523
-6350527.835169093
8981298.169027764
-11210780.125562232
8981298.169027764
-130250026.39280929
increment_90
-98721559.43134299
-3268723.6996978903
-10415024.252088044
-3268723.6996978903
-7414192.350548903
9138589.255462041
-10415024.252088044
9138589.255462041
-132064302.33032764
increment_100
-102043348.16003186
-4020788.0394251547
-9538604.687920364
-4020788.0394251547
-8618625.594690053
9385847.354810337
-9538604.687920364
9385847.354810337
-133878379.90807274
increment_110
-105599522.82445659
-4850577.838110903
-8567850.324714882
-4850577.838110903
-9889251.722519057
9787223.964611534
-8567850.324714882
9787223.964611534
-135669872.0175818
increment_120
-109191381.22526218
-5651246.941786641
-7500830.634805827
-5651246.941786641
-11162582.092480753
10350843.392603917
-7500830.634805827
10350843.392603917
-137446490.88765615
