inc
eps_11
eps_12
eps_13
eps_21
eps_22
eps_23
eps_31
eps_32
eps_33
increment_0
[-1.84889275e-32  -1.84889275e-32  -1.84889275e-32  -1.84889275e-32 
  -1.84889275e-32  -1.84889275e-32  -1.84889275e-32  -1.84889275e-32 
  -1.84889275e-32  -1.84889275e-32  -1.84889275e-32  -1.84889275e-32 
  -1.84889275e-32  -1.84889275e-32  -1.84889275e-32  -1.84889275e-32 
  -1.84889275e-32  -1.84889275e-32  -1.84889275e-32  -1.84889275e-32 
  -1.84889275e-32  -1.84889275e-32  -1.84889275e-32  -1.84889275e-32 
  -1.84889275e-32  -1.84889275e-32]
[-8.24790841e-17  -8.24790841e-17  -8.24790841e-17  -8.24790841e-17 
  -8.24790841e-17  -8.24790841e-17  -8.24790841e-17  -8.24790841e-17 
  -8.24790841e-17  -8.24790841e-17  -8.24790841e-17  -8.24790841e-17 
  -8.24790841e-17  -8.24790841e-17  -8.24790841e-17  -8.24790841e-17 
  -8.24790841e-17  -8.24790841e-17  -8.24790841e-17  -8.24790841e-17 
  -8.24790841e-17  -8.24790841e-17  -8.24790841e-17  -8.24790841e-17 
  -8.24790841e-17  -8.24790841e-17]
[-7.43179139e-17  -7.43179139e-17  -7.43179139e-17  -7.43179139e-17 
  -7.43179139e-17  -7.43179139e-17  -7.43179139e-17  -7.43179139e-17 
  -7.43179139e-17  -7.43179139e-17  -7.43179139e-17  -7.43179139e-17 
  -7.43179139e-17  -7.43179139e-17  -7.43179139e-17  -7.43179139e-17 
  -7.43179139e-17  -7.43179139e-17  -7.43179139e-17  -7.43179139e-17 
  -7.43179139e-17  -7.43179139e-17  -7.43179139e-17  -7.43179139e-17 
  -7.43179139e-17  -7.43179139e-17]
[-8.24790841e-17  -8.24790841e-17  -8.24790841e-17  -8.24790841e-17 
  -8.24790841e-17  -8.24790841e-17  -8.24790841e-17  -8.24790841e-17 
  -8.24790841e-17  -8.24790841e-17  -8.24790841e-17  -8.24790841e-17 
  -8.24790841e-17  -8.24790841e-17  -8.24790841e-17  -8.24790841e-17 
  -8.24790841e-17  -8.24790841e-17  -8.24790841e-17  -8.24790841e-17 
  -8.24790841e-17  -8.24790841e-17  -8.24790841e-17  -8.24790841e-17 
  -8.24790841e-17  -8.24790841e-17]
[-2.48740668e-17  -2.48740668e-17  -2.48740668e-17  -2.48740668e-17 
  -2.48740668e-17  -2.48740668e-17  -2.48740668e-17  -2.48740668e-17 
  -2.48740668e-17  -2.48740668e-17  -2.48740668e-17  -2.48740668e-17 
  -2.48740668e-17  -2.48740668e-17  -2.48740668e-17  -2.48740668e-17 
  -2.48740668e-17  -2.48740668e-17  -2.48740668e-17  -2.48740668e-17 
  -2.48740668e-17  -2.48740668e-17  -2.48740668e-17  -2.48740668e-17 
  -2.48740668e-17  -2.48740668e-17]
[2.76055952e-17  2.76055952e-17  2.76055952e-17  2.76055952e-17 
  2.76055952e-17  2.76055952e-17  2.76055952e-17  2.76055952e-17 
  2.76055952e-17  2.76055952e-17  2.76055952e-17  2.76055952e-17 
  2.76055952e-17  2.76055952e-17  2.76055952e-17  2.76055952e-17 
  2.76055952e-17  2.76055952e-17  2.76055952e-17  2.76055952e-17 
  2.76055952e-17  2.76055952e-17  2.76055952e-17  2.76055952e-17 
  2.76055952e-17  2.76055952e-17]
[-7.43179139e-17  -7.43179139e-17  -7.43179139e-17  -7.43179139e-17 
  -7.43179139e-17  -7.43179139e-17  -7.43179139e-17  -7.43179139e-17 
  -7.43179139e-17  -7.43179139e-17  -7.43179139e-17  -7.43179139e-17 
  -7.43179139e-17  -7.43179139e-17  -7.43179139e-17  -7.43179139e-17 
  -7.43179139e-17  -7.43179139e-17  -7.43179139e-17  -7.43179139e-17 
  -7.43179139e-17  -7.43179139e-17  -7.43179139e-17  -7.43179139e-17 
  -7.43179139e-17  -7.43179139e-17]
[2.76055952e-17  2.76055952e-17  2.76055952e-17  2.76055952e-17 
  2.76055952e-17  2.76055952e-17  2.76055952e-17  2.76055952e-17 
  2.76055952e-17  2.76055952e-17  2.76055952e-17  2.76055952e-17 
  2.76055952e-17  2.76055952e-17  2.76055952e-17  2.76055952e-17 
  2.76055952e-17  2.76055952e-17  2.76055952e-17  2.76055952e-17 
  2.76055952e-17  2.76055952e-17  2.76055952e-17  2.76055952e-17 
  2.76055952e-17  2.76055952e-17]
[-3.06370845e-17  -3.06370845e-17  -3.06370845e-17  -3.06370845e-17 
  -3.06370845e-17  -3.06370845e-17  -3.06370845e-17  -3.06370845e-17 
  -3.06370845e-17  -3.06370845e-17  -3.06370845e-17  -3.06370845e-17 
  -3.06370845e-17  -3.06370845e-17  -3.06370845e-17  -3.06370845e-17 
  -3.06370845e-17  -3.06370845e-17  -3.06370845e-17  -3.06370845e-17 
  -3.06370845e-17  -3.06370845e-17  -3.06370845e-17  -3.06370845e-17 
  -3.06370845e-17  -3.06370845e-17]
increment_10
[-0.00548002  -0.00688328  -0.00688884  -0.00730764  -0.0056455    -0.00604042 
  -0.00778316  -0.00565616  -0.0048681    -0.00516727  -0.00587217  -0.00471867 
  -0.00395455  -0.00433657  -0.00375466  -0.00601893  -0.00381496  -0.00394497 
  -0.00498985  -0.00492729  -0.00475474  -0.00687468  -0.00804984  -0.00925878 
  -0.01096785  -0.00634445]
[-0.00178578  -0.00213133  -0.00186482  -0.00201372  -0.00191751  -0.00213872 
  -0.00177795  -0.00165337  -0.00197987  -0.00188767  -0.00177066  -0.00174285 
  -0.00189848  -0.00177625  -0.00186539  -0.00203009  -0.0017502    -0.00173356 
  -0.00218406  -0.00184207  -0.00184873  -0.00229612  -0.00161417  -0.00178189 
  -0.00217877  -0.00139906]
[-5.26193344e-04  -1.72514544e-04  -1.42278651e-05    9.13261773e-04 
    1.32389545e-05    7.91793976e-04  -6.20790596e-04    4.31812823e-05 
    3.58961498e-04    7.14684200e-04    1.05719074e-03  -7.67631685e-05 
    9.18359277e-05    4.00569135e-04    1.65948533e-05    7.26877299e-04 
    1.61109420e-04    2.43714688e-04    3.18615768e-04    6.09907627e-04 
    5.15253686e-04    1.26844692e-03    1.29089494e-03    2.70627821e-03 
    3.34904831e-03    3.91437714e-04]
[-0.00178578  -0.00213133  -0.00186482  -0.00201372  -0.00191751  -0.00213872 
  -0.00177795  -0.00165337  -0.00197987  -0.00188767  -0.00177066  -0.00174285 
  -0.00189848  -0.00177625  -0.00186539  -0.00203009  -0.0017502    -0.00173356 
  -0.00218406  -0.00184207  -0.00184873  -0.00229612  -0.00161417  -0.00178189 
  -0.00217877  -0.00139906]
[1.92767062e-03  2.67017916e-03  3.17571994e-03  3.30676916e-03 
  1.82308156e-03  1.79422103e-03  4.22142936e-03  2.16745279e-03 
  8.97958143e-04  1.40766163e-03  2.19617350e-03  1.23098715e-03 
  1.67009013e-04  7.92680581e-04  3.06178062e-05  1.98508771e-03 
  3.16439892e-04  4.84327924e-04  6.43247112e-04  1.25615931e-03 
  1.06779195e-03  2.49091589e-03  4.82867256e-03  5.71944361e-03 
  6.69714811e-03  3.55741783e-03]
[-3.39364741e-04  -1.90969318e-03  -8.91116429e-04  -9.25986908e-04 
  -1.31109482e-03  -2.22129864e-03  -1.34059489e-03  -8.15821909e-04 
  -1.71379294e-03  -8.31223918e-04  -7.55304111e-04  -6.60480656e-04 
  -1.23912313e-03  -2.92781905e-04  -7.24404229e-04  -1.65528187e-03 
  -7.99505310e-04  -6.24157647e-05  -2.21869350e-03  -6.88919935e-04 
  -5.38463682e-04  -1.59040277e-03    5.16894743e-04    1.39793538e-04 
  -1.36157546e-03    1.92377009e-03]
[-5.26193344e-04  -1.72514544e-04  -1.42278651e-05    9.13261773e-04 
    1.32389545e-05    7.91793976e-04  -6.20790596e-04    4.31812823e-05 
    3.58961498e-04    7.14684200e-04    1.05719074e-03  -7.67631685e-05 
    9.18359277e-05    4.00569135e-04    1.65948533e-05    7.26877299e-04 
    1.61109420e-04    2.43714688e-04    3.18615768e-04    6.09907627e-04 
    5.15253686e-04    1.26844692e-03    1.29089494e-03    2.70627821e-03 
    3.34904831e-03    3.91437714e-04]
[-3.39364741e-04  -1.90969318e-03  -8.91116429e-04  -9.25986908e-04 
  -1.31109482e-03  -2.22129864e-03  -1.34059489e-03  -8.15821909e-04 
  -1.71379294e-03  -8.31223918e-04  -7.55304111e-04  -6.60480656e-04 
  -1.23912313e-03  -2.92781905e-04  -7.24404229e-04  -1.65528187e-03 
  -7.99505310e-04  -6.24157647e-05  -2.21869350e-03  -6.88919935e-04 
  -5.38463682e-04  -1.59040277e-03    5.16894743e-04    1.39793538e-04 
  -1.36157546e-03    1.92377009e-03]
[0.00355235  0.0042131    0.00371312  0.00400087  0.00382241  0.0042462 
  0.00356173  0.00348871  0.00397014  0.00375961  0.003676      0.00348769 
  0.00378754  0.00354389  0.00372404  0.00403384  0.00349852  0.00346065 
  0.0043466    0.00367113  0.00368695  0.00438377  0.00322117  0.00353934 
  0.0042707    0.00278703]
increment_20
[-0.01250862  -0.01573822  -0.01595551  -0.01647585  -0.01382645  -0.01287923 
  -0.01922705  -0.01269391  -0.01078667  -0.01093133  -0.01351103  -0.01109465 
  -0.0081445    -0.00901258  -0.0079285    -0.01393414  -0.00830466  -0.0081178 
  -0.0100872    -0.01102181  -0.01114937  -0.01533192  -0.01770121  -0.0208091 
  -0.02337521  -0.01308814]
[-0.00359395  -0.00434851  -0.00393558  -0.00412163  -0.00404612  -0.00445571 
  -0.00374682  -0.00275295  -0.00377772  -0.00389419  -0.00370299  -0.00375323 
  -0.00398797  -0.00361606  -0.00392675  -0.00442447  -0.0036895    -0.00358214 
  -0.00449948  -0.00383281  -0.00387451  -0.00481322  -0.00330459  -0.00389342 
  -0.00473055  -0.00298334]
[-1.81241818e-03  -9.95683170e-04    2.44170059e-04    2.35130822e-03 
  -4.99022513e-04    1.98597827e-03  -1.39559085e-03  -2.13463535e-04 
    9.06181788e-04    1.63756834e-03    2.67421419e-03  -4.06481858e-04 
    1.53315294e-04    9.13322302e-04    7.23784951e-05    1.91604099e-03 
    4.39900650e-04    4.91072029e-04    6.64685375e-04    1.69671133e-03 
    1.67896702e-03    3.36231514e-03    3.71807863e-03    6.44098043e-03 
    7.28900710e-03    3.51151641e-04]
[-0.00359395  -0.00434851  -0.00393558  -0.00412163  -0.00404612  -0.00445571 
  -0.00374682  -0.00275295  -0.00377772  -0.00389419  -0.00370299  -0.00375323 
  -0.00398797  -0.00361606  -0.00392675  -0.00442447  -0.0036895    -0.00358214 
  -0.00449948  -0.00383281  -0.00387451  -0.00481322  -0.00330459  -0.00389342 
  -0.00473055  -0.00298334]
[0.00542956  0.00729753  0.00818144  0.00835881  0.00579334  0.00405597 
  0.01158407  0.00513756  0.00231508  0.00320574  0.00538271  0.003551 
  0.00020781  0.00181427  0.00010726  0.00523612  0.00083911  0.00098258 
  0.00117477  0.00341089  0.00345714  0.00653457  0.01108741  0.01311858 
  0.01432543  0.00718118]
[-0.00048224  -0.00393219  -0.00173629  -0.00149847  -0.00321238  -0.00421589 
  -0.00306289  -0.00185112  -0.00372495  -0.00099836  -0.00200013  -0.00175031 
  -0.00233412    0.00013081  -0.00151305  -0.00385295  -0.00127553    0.00034502 
  -0.00437316  -0.00057798  -0.00062841  -0.00271084    0.00248012    0.00022613 
  -0.00308995    0.0035203  ]
[-1.81241818e-03  -9.95683170e-04    2.44170059e-04    2.35130822e-03 
  -4.99022513e-04    1.98597827e-03  -1.39559085e-03  -2.13463535e-04 
    9.06181788e-04    1.63756834e-03    2.67421419e-03  -4.06481858e-04 
    1.53315294e-04    9.13322302e-04    7.23784951e-05    1.91604099e-03 
    4.39900650e-04    4.91072029e-04    6.64685375e-04    1.69671133e-03 
    1.67896702e-03    3.36231514e-03    3.71807863e-03    6.44098043e-03 
    7.28900710e-03    3.51151641e-04]
[-0.00048224  -0.00393219  -0.00173629  -0.00149847  -0.00321238  -0.00421589 
  -0.00306289  -0.00185112  -0.00372495  -0.00099836  -0.00200013  -0.00175031 
  -0.00233412    0.00013081  -0.00151305  -0.00385295  -0.00127553    0.00034502 
  -0.00437316  -0.00057798  -0.00062841  -0.00271084    0.00248012    0.00022613 
  -0.00308995    0.0035203  ]
[0.00707906  0.0084407    0.00777407  0.00811704  0.00803312  0.00882327 
  0.00764298  0.00755635  0.00847159  0.00772559  0.00812832  0.00754365 
  0.00793669  0.00719831  0.00782124  0.00869802  0.00746555  0.00713523 
  0.00891243  0.00761092  0.00769223  0.00879736  0.0066138    0.00769052 
  0.00904978  0.00590696]
increment_30
[-0.0200473    -0.02497437  -0.02485305  -0.0258359    -0.02234862  -0.0196134 
  -0.03091089  -0.01990678  -0.01697042  -0.01689144  -0.02104807  -0.01737989 
  -0.01235975  -0.01371772  -0.01214695  -0.02179404  -0.01282418  -0.01241573 
  -0.01518353  -0.01731168  -0.01753118  -0.02423887  -0.02745637  -0.03238699 
  -0.03538118  -0.0201796  ]
[-0.00545486  -0.00657306  -0.00609464  -0.00627014  -0.00624441  -0.00683974 
  -0.00583434  -0.00374247  -0.00528251  -0.00594618  -0.00588803  -0.00582041 
  -0.00612026  -0.00551458  -0.00600562  -0.00693041  -0.00562166  -0.00548324 
  -0.00683826  -0.00584591  -0.00591276  -0.00730354  -0.00502225  -0.0059816 
  -0.00733798  -0.00470886]
[-3.36096178e-03  -2.02764687e-03    6.35778518e-04    3.94807098e-03 
  -1.21560108e-03    3.15560132e-03  -2.00926760e-03  -4.87938922e-04 
    1.45773295e-03    2.64200680e-03    4.27727289e-03  -7.28059253e-04 
    2.21215209e-04    1.38686442e-03    1.60801008e-04    3.26341760e-03 
    7.13034735e-04    7.54056030e-04    1.05855099e-03    2.88208543e-03 
    2.86818799e-03    5.75646896e-03    6.41197859e-03    1.03060667e-02 
    1.11855226e-02    7.88875139e-05]
[-0.00545486  -0.00657306  -0.00609464  -0.00627014  -0.00624441  -0.00683974 
  -0.00583434  -0.00374247  -0.00528251  -0.00594618  -0.00588803  -0.00582041 
  -0.00612026  -0.00551458  -0.00600562  -0.00693041  -0.00562166  -0.00548324 
  -0.00683826  -0.00584591  -0.00591276  -0.00730354  -0.00502225  -0.0059816 
  -0.00733798  -0.00470886]
[0.00939038  0.01233359  0.01291497  0.01359652  0.00999927  0.00612667 
  0.01903714  0.00816419  0.00387283  0.0051417    0.00839422  0.00568546 
  0.00020844  0.00276552  0.00021241  0.00832357  0.00133114  0.001518 
  0.00169751  0.00574608  0.00584253  0.01109686  0.01737967  0.02060664 
  0.0216502    0.01091653]
[-0.0007228    -0.00577139  -0.00262262  -0.00189703  -0.00519187  -0.00620594 
  -0.00483309  -0.00299412  -0.00571752  -0.0010267    -0.00329478  -0.00283345 
  -0.00336293    0.0006723    -0.00214432  -0.00607255  -0.00161299    0.00080658 
  -0.00625871  -0.00028881  -0.0005231    -0.00337587    0.00445397    0.00054549 
  -0.00466703    0.00466925]
[-3.36096178e-03  -2.02764687e-03    6.35778518e-04    3.94807098e-03 
  -1.21560108e-03    3.15560132e-03  -2.00926760e-03  -4.87938922e-04 
    1.45773295e-03    2.64200680e-03    4.27727289e-03  -7.28059253e-04 
    2.21215209e-04    1.38686442e-03    1.60801008e-04    3.26341760e-03 
    7.13034735e-04    7.54056030e-04    1.05855099e-03    2.88208543e-03 
    2.86818799e-03    5.75646896e-03    6.41197859e-03    1.03060667e-02 
    1.11855226e-02    7.88875139e-05]
[-0.0007228    -0.00577139  -0.00262262  -0.00189703  -0.00519187  -0.00620594 
  -0.00483309  -0.00299412  -0.00571752  -0.0010267    -0.00329478  -0.00283345 
  -0.00336293    0.0006723    -0.00214432  -0.00607255  -0.00161299    0.00080658 
  -0.00625871  -0.00028881  -0.0005231    -0.00337587    0.00445397    0.00054549 
  -0.00466703    0.00466925]
[0.01065692  0.01264078  0.01193808  0.01223937  0.01234935  0.01348673 
  0.01187375  0.01174259  0.01309758  0.01174974  0.01265385  0.01169444 
  0.01215131  0.0109522    0.01193454  0.01347048  0.01149304  0.01089773 
  0.01348603  0.0115656    0.01168865  0.01314201  0.0100767    0.01178035 
  0.01373098  0.00926308]
increment_40
[-0.02795217  -0.03463068  -0.03373996  -0.03535233  -0.03116298  -0.02649936 
  -0.04260148  -0.02747926  -0.02342137  -0.02308305  -0.02851385  -0.02363989 
  -0.01666451  -0.01854667  -0.01643618  -0.02955533  -0.01728782  -0.01683254 
  -0.02038474  -0.02365807  -0.02397738  -0.03366612  -0.037538      -0.04389706 
  -0.04717667  -0.0277028  ]
[-0.00736457  -0.0088303    -0.0083536    -0.00845942  -0.00853149  -0.00931863 
  -0.00807381  -0.00476741  -0.00677413  -0.00805336  -0.00824198  -0.00793812 
  -0.00831475  -0.00746187  -0.00811752  -0.00953742  -0.00756502  -0.0074379 
  -0.00921919  -0.00789867  -0.00796808  -0.00979752  -0.00675685  -0.00803238 
  -0.01000268  -0.00653427]
[-0.00511139  -0.00314479    0.00113489    0.00568973  -0.00192594    0.00443639 
  -0.00250584  -0.0008077      0.00205709    0.00374235    0.00588774  -0.00103232 
    0.00031493    0.00187963    0.00027508    0.00475948    0.00095208    0.00103116 
    0.00153118    0.00408214    0.00410655    0.00846453    0.00942281    0.01423768 
    0.01511202  -0.00038686]
[-0.00736457  -0.0088303    -0.0083536    -0.00845942  -0.00853149  -0.00931863 
  -0.00807381  -0.00476741  -0.00677413  -0.00805336  -0.00824198  -0.00793812 
  -0.00831475  -0.00746187  -0.00811752  -0.00953742  -0.00756502  -0.0074379 
  -0.00921919  -0.00789867  -0.00796808  -0.00979752  -0.00675685  -0.00803238 
  -0.01000268  -0.00653427]
[0.01368908  0.0177484    0.01751933  0.01898163  0.01436653  0.00826856 
  0.02638183  0.01148298  0.00561958  0.00723642  0.01131155  0.007729 
  0.00019648  0.00376205  0.00034185  0.0112319    0.00174892  0.00208406 
  0.00228331  0.00809014  0.0082866    0.0161962    0.02394189  0.02810511 
  0.02884142  0.01493973]
[-9.61185678e-04  -7.57658619e-03  -3.58387375e-03  -2.12401918e-03 
  -7.31450006e-03  -8.24695417e-03  -6.63885406e-03  -4.16064455e-03 
  -7.72073035e-03  -1.03089430e-03  -4.49801361e-03  -3.86765064e-03 
  -4.43074583e-03    1.27038596e-03  -2.66757478e-03  -8.29769773e-03 
  -1.78417523e-03    1.25603879e-03  -8.03174284e-03    6.15676521e-05 
  -2.40392872e-04  -3.78193268e-03    6.42474011e-03    1.06338603e-03 
  -6.10849019e-03    5.53506939e-03]
[-0.00511139  -0.00314479    0.00113489    0.00568973  -0.00192594    0.00443639 
  -0.00250584  -0.0008077      0.00205709    0.00374235    0.00588774  -0.00103232 
    0.00031493    0.00187963    0.00027508    0.00475948    0.00095208    0.00103116 
    0.00153118    0.00408214    0.00410655    0.00846453    0.00942281    0.01423768 
    0.01511202  -0.00038686]
[-9.61185678e-04  -7.57658619e-03  -3.58387375e-03  -2.12401918e-03 
  -7.31450006e-03  -8.24695417e-03  -6.63885406e-03  -4.16064455e-03 
  -7.72073035e-03  -1.03089430e-03  -4.49801361e-03  -3.86765064e-03 
  -4.43074583e-03    1.27038596e-03  -2.66757478e-03  -8.29769773e-03 
  -1.78417523e-03    1.25603879e-03  -8.03174284e-03    6.15676521e-05 
  -2.40392872e-04  -3.78193268e-03    6.42474011e-03    1.06338603e-03 
  -6.10849019e-03    5.53506939e-03]
[0.01426309  0.01688229  0.01622063  0.0163707    0.01679646  0.0182308 
  0.01621965  0.01599627  0.01780179  0.01584664  0.0172023    0.01591089 
  0.01646804  0.01478462  0.01609432  0.01832343  0.01553891  0.01474848 
  0.01810142  0.01556793  0.01569078  0.01746992  0.01359612  0.01579195 
  0.01833525  0.01276307]
increment_50
[-0.036262      -0.04476943  -0.04269513  -0.04502434  -0.04022336  -0.03365882 
  -0.05421611  -0.03546998  -0.0301753    -0.02954039  -0.03584428  -0.02995573 
  -0.02109526  -0.02359126  -0.02081258  -0.03720598  -0.0217249    -0.02132463 
  -0.0257313    -0.02995987  -0.03058784  -0.04366368  -0.0480552    -0.05528671 
  -0.05878817  -0.0356344  ]
[-0.00931529  -0.01114077  -0.01072564  -0.01068309  -0.01092794  -0.01189984 
  -0.01045954  -0.00581822  -0.00833571  -0.01022995  -0.01067456  -0.01010832 
  -0.01058747  -0.00945102  -0.01026848  -0.0122317    -0.00952023  -0.00944454 
  -0.01165562  -0.00999251  -0.01004084  -0.01230252  -0.00848321  -0.01003596 
  -0.01271927  -0.00845035]
[-0.0070575    -0.00431299    0.00178794    0.0075254    -0.00251352    0.00589527 
  -0.00284654  -0.00114004    0.0027237      0.00495074    0.0074677    -0.00133185 
    0.00044924    0.00244293    0.00041559    0.00635856    0.00116665    0.001303 
    0.0020936      0.00524321    0.0054334      0.01151537    0.01279523    0.01819848 
    0.01906726  -0.00100992]
[-0.00931529  -0.01114077  -0.01072564  -0.01068309  -0.01092794  -0.01189984 
  -0.01045954  -0.00581822  -0.00833571  -0.01022995  -0.01067456  -0.01010832 
  -0.01058747  -0.00945102  -0.01026848  -0.0122317    -0.00952023  -0.00944454 
  -0.01165562  -0.00999251  -0.01004084  -0.01230252  -0.00848321  -0.01003596 
  -0.01271927  -0.00845035]
[0.01839591  0.02356831  0.02206066  0.02451981  0.01882726  0.01061052 
  0.03352864  0.01516907  0.00759475  0.00950294  0.01408853  0.0097667 
  0.00017991  0.00490897  0.00050093  0.0139755    0.00212915  0.00264186 
  0.00295084  0.01033935  0.01088313  0.02187882  0.03091774  0.03556164 
  0.03591798  0.01925277]
[-0.00112832  -0.00943941  -0.00465049  -0.00217277  -0.00960801  -0.01031605 
  -0.00850791  -0.00528383  -0.00974326  -0.00106261  -0.0055675    -0.00485563 
  -0.00561649    0.00196588  -0.00310931  -0.01051367  -0.00175915    0.00168932 
  -0.00975379    0.00045444    0.00022527  -0.0039742      0.00843557    0.00176299 
  -0.00741684    0.00619979]
[-0.0070575    -0.00431299    0.00178794    0.0075254    -0.00251352    0.00589527 
  -0.00284654  -0.00114004    0.0027237      0.00495074    0.0074677    -0.00133185 
    0.00044924    0.00244293    0.00041559    0.00635856    0.00116665    0.001303 
    0.0020936      0.00524321    0.0054334      0.01151537    0.01279523    0.01819848 
    0.01906726  -0.00100992]
[-0.00112832  -0.00943941  -0.00465049  -0.00217277  -0.00960801  -0.01031605 
  -0.00850791  -0.00528383  -0.00974326  -0.00106261  -0.0055675    -0.00485563 
  -0.00561649    0.00196588  -0.00310931  -0.01051367  -0.00175915    0.00168932 
  -0.00975379    0.00045444    0.00022527  -0.0039742      0.00843557    0.00176299 
  -0.00741684    0.00619979]
[0.01786609  0.02120111  0.02063448  0.02050453  0.0213961    0.0230483 
  0.02068747  0.02030091  0.02258055  0.02003745  0.02175575  0.02018903 
  0.02091535  0.01868229  0.02031165  0.02323047  0.01959575  0.01868277 
  0.02278046  0.01962052  0.01970471  0.02178486  0.01713746  0.01972507 
  0.02287018  0.01638163]
increment_60
[-0.04500447  -0.05539202  -0.05175369  -0.05489638  -0.04944717  -0.04115356 
  -0.06571757  -0.04391523  -0.03726677  -0.03623521  -0.04299959  -0.03641257 
  -0.02567092  -0.0289089    -0.02528705  -0.04476132  -0.02621956  -0.02586502 
  -0.03122951  -0.03616904  -0.03744834  -0.05425087  -0.05901662  -0.06661054 
  -0.07021039  -0.04391446]
[-0.01129688  -0.01353065  -0.01322567  -0.01293993  -0.01344492  -0.01458302 
  -0.01298642  -0.00688155  -0.01002162  -0.01248151  -0.01315018  -0.01234077 
  -0.01294522  -0.01147928  -0.01245877  -0.01500108  -0.01148674  -0.01150298 
  -0.01415149  -0.01212671  -0.01213525  -0.01481579  -0.01017739  -0.01198636 
  -0.01547241  -0.01044918]
[-0.0092002    -0.00547342    0.00262343    0.0094298    -0.00291304    0.00757147 
  -0.00296464  -0.00147476    0.00349999    0.00625557    0.0089885    -0.00163749 
    0.00063937    0.00310762    0.00058612    0.00802229    0.00138749    0.00155673 
    0.00274933    0.00633715    0.00688283    0.01493151    0.01652523    0.02220771 
    0.02303773  -0.00172649]
[-0.01129688  -0.01353065  -0.01322567  -0.01293993  -0.01344492  -0.01458302 
  -0.01298642  -0.00688155  -0.01002162  -0.01248151  -0.01315018  -0.01234077 
  -0.01294522  -0.01147928  -0.01245877  -0.01500108  -0.01148674  -0.01150298 
  -0.01415149  -0.01212671  -0.01213525  -0.01481579  -0.01017739  -0.01198636 
  -0.01547241  -0.01044918]
[0.02355982  0.02976388  0.02656245  0.03025351  0.02329762  0.01322652 
  0.04043766  0.01926933  0.00982073  0.01190905  0.01668567  0.01187694 
  0.00016818  0.0062683    0.00070101  0.0165872    0.00253938  0.00316607 
  0.0037031    0.01244639  0.01370689  0.02817637  0.03834902  0.04302 
  0.04287582  0.02381645]
[-0.00118715  -0.01142514  -0.00586227  -0.00205279  -0.01205664  -0.01239277 
  -0.01043458  -0.00632574  -0.01182633  -0.00114139  -0.00651155  -0.00582699 
  -0.00694584    0.00277258  -0.00347498  -0.012697      -0.00157167    0.00210622 
  -0.011447        0.00088826    0.00085012  -0.00396455    0.01049889    0.00261049 
  -0.00856619    0.00674919]
[-0.0092002    -0.00547342    0.00262343    0.0094298    -0.00291304    0.00757147 
  -0.00296464  -0.00147476    0.00349999    0.00625557    0.0089885    -0.00163749 
    0.00063937    0.00310762    0.00058612    0.00802229    0.00138749    0.00155673 
    0.00274933    0.00633715    0.00688283    0.01493151    0.01652523    0.02220771 
    0.02303773  -0.00172649]
[-0.00118715  -0.01142514  -0.00586227  -0.00205279  -0.01205664  -0.01239277 
  -0.01043458  -0.00632574  -0.01182633  -0.00114139  -0.00651155  -0.00582699 
  -0.00694584    0.00277258  -0.00347498  -0.012697      -0.00157167    0.00210622 
  -0.011447        0.00088826    0.00085012  -0.00396455    0.01049889    0.00261049 
  -0.00856619    0.00674919]
[0.02144465  0.02562814  0.02519124  0.02464287  0.02614954  0.02792703 
  0.02527991  0.0246459    0.02744604  0.02432616  0.02631392  0.02453563 
  0.02550274  0.0226406    0.02458604  0.02817412  0.02368017  0.02269895 
  0.02752641  0.02372264  0.02374144  0.0260745    0.0206676    0.02359054 
  0.02733457  0.020098    ]
increment_70
[-0.05422507  -0.0664509    -0.06097094  -0.06502294  -0.05877686  -0.048969 
  -0.07708279  -0.05284452  -0.04468535  -0.04311149  -0.05001481  -0.04305472 
  -0.03041309  -0.03448192  -0.02986026  -0.05222381  -0.03085957  -0.03045043 
  -0.03688453  -0.04229998  -0.04462299  -0.06537473  -0.07035934  -0.07796598 
  -0.08145192  -0.05249591]
[-0.01330531  -0.01601765  -0.01587312  -0.01522408  -0.01609093  -0.01736209 
  -0.01566008  -0.00796358  -0.01186111  -0.01480122  -0.01565871  -0.0146467 
  -0.01538964  -0.01354277  -0.01468693  -0.01784465  -0.01347118  -0.01361158 
  -0.01670745  -0.01429811  -0.01426212  -0.01732217  -0.01183223  -0.01388041 
  -0.01823786  -0.01252714]
[-0.01156253  -0.00657777    0.00366022    0.01141903  -0.00307199    0.0094665 
  -0.00280189  -0.00183815    0.00443238    0.00763642    0.01045793  -0.00193249 
    0.00090437    0.00386659    0.00078555    0.00972137    0.00164933    0.00179153 
    0.00350257    0.00736684    0.00847994    0.01870087    0.02057346    0.02631119 
    0.02701555  -0.00245607]
[-0.01330531  -0.01601765  -0.01587312  -0.01522408  -0.01609093  -0.01736209 
  -0.01566008  -0.00796358  -0.01186111  -0.01480122  -0.01565871  -0.0146467 
  -0.01538964  -0.01354277  -0.01468693  -0.01784465  -0.01347118  -0.01361158 
  -0.01670745  -0.01429811  -0.01426212  -0.01732217  -0.01183223  -0.01388041 
  -0.01823786  -0.01252714]
[0.02922659  0.03627556  0.03106648  0.03624119  0.02772709  0.0161173 
  0.04708302  0.02382365  0.01226383  0.01441442  0.01913316  0.01409228 
  0.00018464  0.00782891  0.00094638  0.01906638  0.00304209  0.00365742 
  0.00454812  0.014429      0.01680257  0.03505657  0.04618732  0.05056243 
  0.0497279    0.02859515]
[-0.00116573  -0.01355192  -0.00727151  -0.00174761  -0.01462645  -0.01445483 
  -0.01240523  -0.00726881  -0.01403609  -0.0012375    -0.00732514  -0.0068055 
  -0.00840682    0.00369611  -0.00375679  -0.01485823  -0.00128454    0.00252124 
  -0.01310839    0.00138864    0.00158478  -0.00374447    0.01257736    0.00355923 
  -0.00950628    0.00725716]
[-0.01156253  -0.00657777    0.00366022    0.01141903  -0.00307199    0.0094665 
  -0.00280189  -0.00183815    0.00443238    0.00763642    0.01045793  -0.00193249 
    0.00090437    0.00386659    0.00078555    0.00972137    0.00164933    0.00179153 
    0.00350257    0.00736684    0.00847994    0.01870087    0.02057346    0.02631119 
    0.02701555  -0.00245607]
[-0.00116573  -0.01355192  -0.00727151  -0.00174761  -0.01462645  -0.01445483 
  -0.01240523  -0.00726881  -0.01403609  -0.0012375    -0.00732514  -0.0068055 
  -0.00840682    0.00369611  -0.00375679  -0.01485823  -0.00128454    0.00252124 
  -0.01310839    0.00138864    0.00158478  -0.00374447    0.01257736    0.00355923 
  -0.00950628    0.00725716]
[0.02499848  0.03017534  0.02990447  0.02878175  0.03104977  0.0328517 
  0.02999977  0.02902086  0.03242153  0.02869706  0.03088165  0.02896244 
  0.03022844  0.026653      0.02891389  0.03315744  0.02781748  0.02679301 
  0.03233641  0.02787098  0.02782042  0.03031817  0.02417203  0.02740355 
  0.03172402  0.02390076]
increment_80
[-0.06394745  -0.07785796  -0.07038587  -0.07544342  -0.06817626  -0.05711818 
  -0.08827188  -0.0623057    -0.05236828  -0.05008944  -0.0569482    -0.04985455 
  -0.03536645  -0.04026402  -0.03452603  -0.05957174  -0.03572946  -0.03508003 
  -0.042713      -0.04837662  -0.05219569  -0.07695812  -0.08203952  -0.08941394 
  -0.09253746  -0.06134548]
[-0.01534237  -0.01860149  -0.01868113  -0.01753428  -0.0188659    -0.02023945 
  -0.01848538  -0.00908872  -0.01388646  -0.01717982  -0.01819422  -0.01703314 
  -0.01792349  -0.01563339  -0.01695166  -0.02076427  -0.01547814  -0.01576809 
  -0.01932511  -0.01649975  -0.01643623  -0.01980019  -0.01344549  -0.01571245 
  -0.02099318  -0.01468439]
[-0.01417346  -0.00761589    0.00489339    0.0135514    -0.00296116    0.01159404 
  -0.00233796  -0.00225543    0.00554097    0.00905746    0.01189718  -0.00216937 
    0.00127513    0.00469783    0.00100919    0.01143015    0.00199056    0.00200553 
    0.00436097    0.00834111    0.01026375    0.02279717    0.02491487    0.03053909 
    0.03099673  -0.00314674]
[-0.01534237  -0.01860149  -0.01868113  -0.01753428  -0.0188659    -0.02023945 
  -0.01848538  -0.00908872  -0.01388646  -0.01717982  -0.01819422  -0.01703314 
  -0.01792349  -0.01563339  -0.01695166  -0.02076427  -0.01547814  -0.01576809 
  -0.01932511  -0.01649975  -0.01643623  -0.01980019  -0.01344549  -0.01571245 
  -0.02099318  -0.01468439]
[0.03539993  0.04302984  0.03561274  0.0425175    0.03210221  0.01930029 
  0.05342884  0.02887639  0.01485378  0.01695588  0.02148899  0.01637544 
  0.00027637  0.00955722  0.00123403  0.0213831    0.00370106  0.00411985 
  0.00550418  0.01631983  0.02023135  0.04246155  0.05439794  0.05823314 
  0.05649733  0.03355958]
[-0.00115177  -0.01577181  -0.00889807  -0.00125738  -0.01724974  -0.01650604 
  -0.01439737  -0.00813189  -0.01639889  -0.00131399  -0.00798961  -0.00778451 
  -0.00999256    0.00476443  -0.00395483  -0.01701356  -0.00094843    0.00296435 
  -0.01472471    0.00199381    0.00237607  -0.00330855    0.01464085    0.0045544 
  -0.01018889    0.0077634  ]
[-0.01417346  -0.00761589    0.00489339    0.0135514    -0.00296116    0.01159404 
  -0.00233796  -0.00225543    0.00554097    0.00905746    0.01189718  -0.00216937 
    0.00127513    0.00469783    0.00100919    0.01143015    0.00199056    0.00200553 
    0.00436097    0.00834111    0.01026375    0.02279717    0.02491487    0.03053909 
    0.03099673  -0.00314674]
[-0.00115177  -0.01577181  -0.00889807  -0.00125738  -0.01724974  -0.01650604 
  -0.01439737  -0.00813189  -0.01639889  -0.00131399  -0.00798961  -0.00778451 
  -0.00999256    0.00476443  -0.00395483  -0.01701356  -0.00094843    0.00296435 
  -0.01472471    0.00199381    0.00237607  -0.00330855    0.01464085    0.0045544 
  -0.01018889    0.0077634  ]
[0.02854752  0.03482812  0.03477312  0.03292592  0.03607405  0.03781789 
  0.03484304  0.0334293    0.0375145    0.03313356  0.03545921  0.0334791 
  0.03509008  0.03070679  0.03329199  0.03818864  0.03202839  0.03096018 
  0.03720882  0.03205679  0.03196434  0.03449658  0.02764158  0.03118079 
  0.03604013  0.0277859  ]
increment_90
[-0.07415384  -0.08947696  -0.07999211  -0.08618118  -0.07764716  -0.06563997 
  -0.09927094  -0.07238648  -0.06023916  -0.05708429  -0.06386863  -0.05675771 
  -0.0405857    -0.04619969  -0.03926125  -0.06678661  -0.04089521  -0.03975124 
  -0.04871534  -0.05442635  -0.06022954  -0.08893816  -0.09405251  -0.10101779 
  -0.10351784  -0.07041056]
[-0.01741625  -0.02127686  -0.02166208  -0.0198815    -0.02175866  -0.02322287 
  -0.02145941  -0.01030818  -0.01611839  -0.01961231  -0.02075873  -0.01949521 
  -0.02055287  -0.01773833  -0.01925026  -0.02375761  -0.01750685  -0.01797059 
  -0.02200301  -0.01872779  -0.01866667  -0.02223316  -0.01500218  -0.01747238 
  -0.02372385  -0.01692279]
[-0.01704057  -0.00859544    0.00631267    0.01586207  -0.00258117    0.0139818 
  -0.00161053  -0.00270889    0.00680825    0.01047435    0.01333409  -0.00233013 
    0.00178825    0.00557202    0.00124376    0.01313281    0.00244366    0.00219459 
    0.00532311    0.00926841    0.01226844    0.02719783    0.02955315    0.0349282 
    0.03499187  -0.00377595]
[-0.01741625  -0.02127686  -0.02166208  -0.0198815    -0.02175866  -0.02322287 
  -0.02145941  -0.01030818  -0.01611839  -0.01961231  -0.02075873  -0.01949521 
  -0.02055287  -0.01773833  -0.01925026  -0.02375761  -0.01750685  -0.01797059 
  -0.02200301  -0.01872779  -0.01866667  -0.02223316  -0.01500218  -0.01747238 
  -0.02372385  -0.01692279]
[0.04202576  0.04991213  0.0402036    0.04908755  0.03646271  0.02281534 
  0.0594713    0.03449987  0.01753164  0.01945583  0.02381491  0.01867943 
  0.00049734  0.01141581  0.00154626  0.02351792  0.00457383  0.00455483 
  0.00657884  0.01814956  0.02404442  0.0503432    0.06299631  0.06608292 
  0.06322966  0.03865798]
[-0.0012512    -0.01800355  -0.01073352  -0.00063198  -0.0198218    -0.01855565 
  -0.01639824  -0.00895016  -0.01887353  -0.00135223  -0.00851386  -0.00871718 
  -0.01171049    0.00603499  -0.00406466  -0.01915617  -0.00056896    0.00346064 
  -0.01626706    0.00272799    0.00320066  -0.00265273    0.01670012    0.00555138 
  -0.01058899    0.00829198]
[-0.01704057  -0.00859544    0.00631267    0.01586207  -0.00258117    0.0139818 
  -0.00161053  -0.00270889    0.00680825    0.01047435    0.01333409  -0.00233013 
    0.00178825    0.00557202    0.00124376    0.01313281    0.00244366    0.00219459 
    0.00532311    0.00926841    0.01226844    0.02719783    0.02955315    0.0349282 
    0.03499187  -0.00377595]
[-0.0012512    -0.01800355  -0.01073352  -0.00063198  -0.0198218    -0.01855565 
  -0.01639824  -0.00895016  -0.01887353  -0.00135223  -0.00851386  -0.00871718 
  -0.01171049    0.00603499  -0.00406466  -0.01915617  -0.00056896    0.00346064 
  -0.01626706    0.00272799    0.00320066  -0.00265273    0.01670012    0.00555138 
  -0.01058899    0.00829198]
[0.03212809  0.03956483  0.03978851  0.03709363  0.04118445  0.04282463 
  0.03979964  0.03788661  0.04270752  0.03762846  0.04005371  0.03807827 
  0.04008836  0.03478389  0.03771499  0.04326869  0.03632138  0.03519641 
  0.04213651  0.0362768    0.03618511  0.03859495  0.0310562    0.03493487 
  0.04028818  0.03175258]
increment_100
[-0.08482367  -0.10111643  -0.08975361  -0.09725253  -0.08719193  -0.07452477 
  -0.11007746  -0.08315299  -0.06822753  -0.06397875  -0.07086109  -0.06372849 
  -0.04609537  -0.05222134  -0.04401969  -0.07385864  -0.04638541  -0.0444372 
  -0.05483427  -0.06047305  -0.06871446  -0.10124732  -0.10640063  -0.11285943 
  -0.11443984  -0.07959333]
[-0.01953781  -0.02403142  -0.0248384    -0.02228509  -0.02475065  -0.02630876 
  -0.02457469  -0.01168975  -0.01858555  -0.02209306  -0.02336452  -0.02202198 
  -0.02328248  -0.01984088  -0.02157755  -0.02682244  -0.01956246  -0.02021563 
  -0.02473132  -0.02098522  -0.02095079  -0.02461739  -0.01648977  -0.01914664 
  -0.02642245  -0.01924544]
[-0.02014209  -0.00955886    0.00790068    0.01834793  -0.00194353    0.01663247 
  -0.00067113  -0.00316127    0.008206        0.01182321    0.01480527  -0.00243197 
    0.00246656    0.00645123    0.00146297    0.01482054    0.00302369    0.00234377 
    0.00635628    0.01015294    0.01449736    0.03187225    0.03449467    0.0395358 
    0.0390137    -0.00430432]
[-0.01953781  -0.02403142  -0.0248384    -0.02228509  -0.02475065  -0.02630876 
  -0.02457469  -0.01168975  -0.01858555  -0.02209306  -0.02336452  -0.02202198 
  -0.02328248  -0.01984088  -0.02157755  -0.02682244  -0.01956246  -0.02021563 
  -0.02473132  -0.02098522  -0.02095079  -0.02461739  -0.01648977  -0.01914664 
  -0.02642245  -0.01924544]
[0.04903974  0.05676182  0.04481494  0.05594712  0.04085428  0.02666749 
  0.06522017  0.04075041  0.0202545    0.02180369  0.02617681  0.02098481 
  0.000875      0.01335923  0.00184609  0.02546718  0.00569186  0.00494288 
  0.00773633  0.01993562  0.02823806  0.05864547  0.07200065  0.07419887 
  0.0699645    0.04378845]
[-1.56439076e-03  -2.01546246e-02  -1.27667476e-02    5.56187355e-05 
  -2.22208839e-02  -2.05695988e-02  -1.84005017e-02  -9.73716429e-03 
  -2.13857732e-02  -1.34245707e-03  -8.92982981e-03  -9.55492743e-03 
  -1.35592158e-02    7.57377999e-03  -4.07005249e-03  -2.12618116e-02 
  -1.21952025e-04    4.02171738e-03  -1.76736812e-02    3.58989707e-03 
    4.06614823e-03  -1.77314512e-03    1.87636791e-02    6.53678009e-03 
  -1.07129465e-02    8.86770032e-03]
[-0.02014209  -0.00955886    0.00790068    0.01834793  -0.00194353    0.01663247 
  -0.00067113  -0.00316127    0.008206        0.01182321    0.01480527  -0.00243197 
    0.00246656    0.00645123    0.00146297    0.01482054    0.00302369    0.00234377 
    0.00635628    0.01015294    0.01449736    0.03187225    0.03449467    0.0395358 
    0.0390137    -0.00430432]
[-1.56439076e-03  -2.01546246e-02  -1.27667476e-02    5.56187355e-05 
  -2.22208839e-02  -2.05695988e-02  -1.84005017e-02  -9.73716429e-03 
  -2.13857732e-02  -1.34245707e-03  -8.92982981e-03  -9.55492743e-03 
  -1.35592158e-02    7.57377999e-03  -4.07005249e-03  -2.12618116e-02 
  -1.21952025e-04    4.02171738e-03  -1.76736812e-02    3.58989707e-03 
    4.06614823e-03  -1.77314512e-03    1.87636791e-02    6.53678009e-03 
  -1.07129465e-02    8.86770032e-03]
[0.03578393  0.04435461  0.04493867  0.04130541  0.04633765  0.04785728 
  0.04485729  0.04240258  0.04797303  0.04217506  0.04468428  0.04274368 
  0.04522037  0.03886211  0.0421736    0.04839146  0.04069355  0.03949432 
  0.04709795  0.04053743  0.04047639  0.04260185  0.03439998  0.03866056 
  0.04447534  0.03580488]
increment_110
[-0.09598083  -0.11259574  -0.09961166  -0.10862677  -0.09678567  -0.08372144 
  -0.12064175  -0.09461118  -0.07628213  -0.07067367  -0.07796758  -0.07074736 
  -0.05189298  -0.05829024  -0.04875912  -0.08077049  -0.05221164  -0.04909051 
  -0.0609982    -0.0665075    -0.07760872  -0.11381571  -0.11906152  -0.12497848 
  -0.12532514  -0.08876246]
[-0.02170813  -0.0268434    -0.02824358  -0.02476618  -0.02782228  -0.02948705 
  -0.02782258  -0.01330267  -0.02132002  -0.02461752  -0.02602501  -0.02460087 
  -0.02611583  -0.02192722  -0.02393003  -0.02996463  -0.02165773  -0.02249788 
  -0.02750265  -0.0232794    -0.02327693  -0.02696507  -0.01790221  -0.02071154 
  -0.02909372  -0.02165126]
[-0.02346172  -0.01056297    0.00961778    0.02099151  -0.00107111    0.01952552 
    0.0004599    -0.00359172    0.00973796    0.01304848    0.01632822  -0.0024965 
    0.00331939    0.00731176    0.00164023    0.01647841    0.00373788    0.0024279 
    0.00741769    0.01098221    0.01694187    0.03678463    0.03973341    0.04440439 
    0.04306699  -0.00467023]
[-0.02170813  -0.0268434    -0.02824358  -0.02476618  -0.02782228  -0.02948705 
  -0.02782258  -0.01330267  -0.02132002  -0.02461752  -0.02602501  -0.02460087 
  -0.02611583  -0.02192722  -0.02393003  -0.02996463  -0.02165773  -0.02249788 
  -0.02750265  -0.0232794    -0.02327693  -0.02696507  -0.01790221  -0.02071154 
  -0.02909372  -0.02165126]
[0.05643419  0.06342685  0.04941013  0.06304974  0.04528518  0.0308245 
  0.07064084  0.04763099  0.02299444  0.02390525  0.02859809  0.02329302 
  0.00141153  0.01536508  0.00209714  0.02722769  0.00706754  0.00524785 
  0.00893166  0.02165946  0.03278888  0.06730565  0.08140107  0.08264466 
  0.07671088  0.04881787]
[-0.00216984  -0.02216708  -0.01498127    0.0007393    -0.02436202  -0.02250763 
  -0.0203832    -0.01049693  -0.02386692  -0.00128625  -0.00927379  -0.01025685 
  -0.01553012    0.00941619  -0.00396173  -0.02328681    0.00039551    0.00465578 
  -0.01888431    0.00455601    0.00499429  -0.00068848    0.02082264    0.00752791 
  -0.01061014    0.00952981]
[-0.02346172  -0.01056297    0.00961778    0.02099151  -0.00107111    0.01952552 
    0.0004599    -0.00359172    0.00973796    0.01304848    0.01632822  -0.0024965 
    0.00331939    0.00731176    0.00164023    0.01647841    0.00373788    0.0024279 
    0.00741769    0.01098221    0.01694187    0.03678463    0.03973341    0.04440439 
    0.04306699  -0.00467023]
[-0.00216984  -0.02216708  -0.01498127    0.0007393    -0.02436202  -0.02250763 
  -0.0203832    -0.01049693  -0.02386692  -0.00128625  -0.00927379  -0.01025685 
  -0.01553012    0.00941619  -0.00396173  -0.02328681    0.00039551    0.00465578 
  -0.01888431    0.00455601    0.00499429  -0.00068848    0.02082264    0.00752791 
  -0.01061014    0.00952981]
[0.03954664  0.04916888  0.05020153  0.04557703  0.05150048  0.05289694 
  0.05000091  0.04698019  0.05328769  0.04676842  0.04936949  0.04745434 
  0.05048145  0.04292516  0.04666198  0.0535428    0.0451441    0.04384266 
  0.05206654  0.04484803  0.04481984  0.04651006  0.03766045  0.04233382 
  0.04861426  0.03994459]
increment_120
[-0.10770306  -0.12381498  -0.10951607  -0.12024964  -0.10637731  -0.09314316 
  -0.13088026  -0.10669941  -0.08439729  -0.07713319  -0.08517089  -0.07780349 
  -0.05797105  -0.06441274  -0.05344353  -0.08748617  -0.05839004  -0.05367295 
  -0.06718443  -0.07250106  -0.08690342  -0.12656861  -0.13198145  -0.13736172 
  -0.13618811  -0.09781745]
[-0.02391769  -0.02969272  -0.03189538  -0.02734891  -0.03095661  -0.03274702 
  -0.03119066  -0.01519098  -0.02432008  -0.02718455  -0.0287463    -0.02722008 
  -0.02905758  -0.0239918    -0.02630417  -0.03319701  -0.02381557  -0.02481444 
  -0.0303261    -0.02561729  -0.02563615  -0.02928655  -0.0192332    -0.02214507 
  -0.03175726  -0.02413126]
[-2.70098086e-02  -1.16423696e-02    1.14034406e-02    2.37892837e-02 
  -2.15368995e-05    2.26193101e-02    1.77351632e-03  -4.00392768e-03 
    1.14588088e-02    1.41267226e-02    1.78942091e-02  -2.54271404e-03 
    4.35365919e-03    8.15322995e-03    1.75060332e-03    1.80738598e-02 
    4.59663221e-03    2.42203909e-03    8.48682852e-03    1.17332987e-02 
    1.96098698e-02    4.18946786e-02    4.52503605e-02    4.95439837e-02 
    4.71560326e-02  -4.80499483e-03]
[-0.02391769  -0.02969272  -0.03189538  -0.02734891  -0.03095661  -0.03274702 
  -0.03119066  -0.01519098  -0.02432008  -0.02718455  -0.0287463    -0.02722008 
  -0.02905758  -0.0239918    -0.02630417  -0.03319701  -0.02381557  -0.02481444 
  -0.0303261    -0.02561729  -0.02563615  -0.02928655  -0.0192332    -0.02214507 
  -0.03175726  -0.02413126]
[0.06427723  0.06981429  0.05396838  0.07032465  0.04971861  0.03521367 
  0.07566868  0.05507937  0.02575365  0.02572439  0.03105486  0.02561448 
  0.00210237  0.01744208  0.0022696    0.02877745  0.00870411  0.0054385 
  0.01015215  0.02328847  0.03770124  0.07625155  0.09115821  0.09142316 
  0.0834636    0.05364992]
[-0.00310449  -0.0240392    -0.01732808    0.0013629    -0.02622262  -0.02434802 
  -0.02231163  -0.01123294  -0.02628339  -0.00118952  -0.00957201  -0.01077969 
  -0.01761815    0.0115565    -0.00373109  -0.02517494    0.00093824    0.00537222 
  -0.01988237    0.00561523    0.00599492    0.00056561    0.02286506    0.00852346 
  -0.01035225    0.01033213]
[-2.70098086e-02  -1.16423696e-02    1.14034406e-02    2.37892837e-02 
  -2.15368995e-05    2.26193101e-02    1.77351632e-03  -4.00392768e-03 
    1.14588088e-02    1.41267226e-02    1.78942091e-02  -2.54271404e-03 
    4.35365919e-03    8.15322995e-03    1.75060332e-03    1.80738598e-02 
    4.59663221e-03    2.42203909e-03    8.48682852e-03    1.17332987e-02 
    1.96098698e-02    4.18946786e-02    4.52503605e-02    4.95439837e-02 
    4.71560326e-02  -4.80499483e-03]
[-0.00310449  -0.0240392    -0.01732808    0.0013629    -0.02622262  -0.02434802 
  -0.02231163  -0.01123294  -0.02628339  -0.00118952  -0.00957201  -0.01077969 
  -0.01761815    0.0115565    -0.00373109  -0.02517494    0.00093824    0.00537222 
  -0.01988237    0.00561523    0.00599492    0.00056561    0.02286506    0.00852346 
  -0.01035225    0.01033213]
[0.04342583  0.05400069  0.0555477    0.049925      0.0566587    0.05792949 
  0.05521158  0.05162004  0.05864364  0.0514088    0.05411602  0.05218901 
  0.05586868  0.04697065  0.05117393  0.05870872  0.04968593  0.04823445 
  0.05703228  0.04921258  0.04920218  0.05031706  0.04082325  0.04593857 
  0.05272451  0.04416753]
