inc
eps_11
eps_12
eps_13
eps_21
eps_22
eps_23
eps_31
eps_32
eps_33
increment_0
[-2.19027489e-17  -2.19027489e-17  -2.19027489e-17  -2.19027489e-17 
  -2.19027489e-17  -2.19027489e-17  -2.19027489e-17  -2.19027489e-17 
  -2.19027489e-17  -2.19027489e-17  -2.19027489e-17  -2.19027489e-17 
  -2.19027489e-17  -2.19027489e-17  -2.19027489e-17  -2.19027489e-17 
  -2.19027489e-17  -2.19027489e-17  -2.19027489e-17  -2.19027489e-17 
  -2.19027489e-17  -2.19027489e-17  -2.19027489e-17  -2.19027489e-17]
[-6.62070634e-17  -6.62070634e-17  -6.62070634e-17  -6.62070634e-17 
  -6.62070634e-17  -6.62070634e-17  -6.62070634e-17  -6.62070634e-17 
  -6.62070634e-17  -6.62070634e-17  -6.62070634e-17  -6.62070634e-17 
  -6.62070634e-17  -6.62070634e-17  -6.62070634e-17  -6.62070634e-17 
  -6.62070634e-17  -6.62070634e-17  -6.62070634e-17  -6.62070634e-17 
  -6.62070634e-17  -6.62070634e-17  -6.62070634e-17  -6.62070634e-17]
[5.30632903e-19  5.30632903e-19  5.30632903e-19  5.30632903e-19 
  5.30632903e-19  5.30632903e-19  5.30632903e-19  5.30632903e-19 
  5.30632903e-19  5.30632903e-19  5.30632903e-19  5.30632903e-19 
  5.30632903e-19  5.30632903e-19  5.30632903e-19  5.30632903e-19 
  5.30632903e-19  5.30632903e-19  5.30632903e-19  5.30632903e-19 
  5.30632903e-19  5.30632903e-19  5.30632903e-19  5.30632903e-19]
[-6.62070634e-17  -6.62070634e-17  -6.62070634e-17  -6.62070634e-17 
  -6.62070634e-17  -6.62070634e-17  -6.62070634e-17  -6.62070634e-17 
  -6.62070634e-17  -6.62070634e-17  -6.62070634e-17  -6.62070634e-17 
  -6.62070634e-17  -6.62070634e-17  -6.62070634e-17  -6.62070634e-17 
  -6.62070634e-17  -6.62070634e-17  -6.62070634e-17  -6.62070634e-17 
  -6.62070634e-17  -6.62070634e-17  -6.62070634e-17  -6.62070634e-17]
[-2.00136132e-16  -2.00136132e-16  -2.00136132e-16  -2.00136132e-16 
  -2.00136132e-16  -2.00136132e-16  -2.00136132e-16  -2.00136132e-16 
  -2.00136132e-16  -2.00136132e-16  -2.00136132e-16  -2.00136132e-16 
  -2.00136132e-16  -2.00136132e-16  -2.00136132e-16  -2.00136132e-16 
  -2.00136132e-16  -2.00136132e-16  -2.00136132e-16  -2.00136132e-16 
  -2.00136132e-16  -2.00136132e-16  -2.00136132e-16  -2.00136132e-16]
[7.14224849e-19  7.14224849e-19  7.14224849e-19  7.14224849e-19 
  7.14224849e-19  7.14224849e-19  7.14224849e-19  7.14224849e-19 
  7.14224849e-19  7.14224849e-19  7.14224849e-19  7.14224849e-19 
  7.14224849e-19  7.14224849e-19  7.14224849e-19  7.14224849e-19 
  7.14224849e-19  7.14224849e-19  7.14224849e-19  7.14224849e-19 
  7.14224849e-19  7.14224849e-19  7.14224849e-19  7.14224849e-19]
[5.30632903e-19  5.30632903e-19  5.30632903e-19  5.30632903e-19 
  5.30632903e-19  5.30632903e-19  5.30632903e-19  5.30632903e-19 
  5.30632903e-19  5.30632903e-19  5.30632903e-19  5.30632903e-19 
  5.30632903e-19  5.30632903e-19  5.30632903e-19  5.30632903e-19 
  5.30632903e-19  5.30632903e-19  5.30632903e-19  5.30632903e-19 
  5.30632903e-19  5.30632903e-19  5.30632903e-19  5.30632903e-19]
[7.14224849e-19  7.14224849e-19  7.14224849e-19  7.14224849e-19 
  7.14224849e-19  7.14224849e-19  7.14224849e-19  7.14224849e-19 
  7.14224849e-19  7.14224849e-19  7.14224849e-19  7.14224849e-19 
  7.14224849e-19  7.14224849e-19  7.14224849e-19  7.14224849e-19 
  7.14224849e-19  7.14224849e-19  7.14224849e-19  7.14224849e-19 
  7.14224849e-19  7.14224849e-19  7.14224849e-19  7.14224849e-19]
[-1.11028027e-16  -1.11028027e-16  -1.11028027e-16  -1.11028027e-16 
  -1.11028027e-16  -1.11028027e-16  -1.11028027e-16  -1.11028027e-16 
  -1.11028027e-16  -1.11028027e-16  -1.11028027e-16  -1.11028027e-16 
  -1.11028027e-16  -1.11028027e-16  -1.11028027e-16  -1.11028027e-16 
  -1.11028027e-16  -1.11028027e-16  -1.11028027e-16  -1.11028027e-16 
  -1.11028027e-16  -1.11028027e-16  -1.11028027e-16  -1.11028027e-16]
increment_10
[0.00168894  0.00192118  0.00247805  0.00275641  0.0024285    0.00134748 
  0.00250538  0.00174036  0.00172707  0.00228353  0.00166599  0.00210512 
  0.00136108  0.00138783  0.00168107  0.00202661  0.00267003  0.00138044 
  0.00230539  0.00262089  0.0029688    0.00230245  0.00220229  0.00203417]
[-0.00160019  -0.00146496  -0.00157018  -0.00154732  -0.00152379  -0.00157818 
  -0.00150257  -0.00158278  -0.00151541  -0.00151394  -0.00154682  -0.00141555 
  -0.00169431  -0.00157516  -0.00148822  -0.00158568  -0.00155245  -0.00155048 
  -0.00142375  -0.00147447  -0.00137945  -0.00137489  -0.00142858  -0.00150759]
[-0.00087097  -0.0013647    -0.00035457  -0.00055093  -0.00031123  -0.00090792 
  -0.00039751  -0.00094569  -0.00114343  -0.00038278  -0.00076286  -0.00076611 
  -0.00102022  -0.00094837  -0.00082187  -0.00062161  -0.00089367  -0.00086481 
  -0.00029516  -0.00058728  -0.00071606  -0.00069442  -0.00095663  -0.00053153]
[-0.00160019  -0.00146496  -0.00157018  -0.00154732  -0.00152379  -0.00157818 
  -0.00150257  -0.00158278  -0.00151541  -0.00151394  -0.00154682  -0.00141555 
  -0.00169431  -0.00157516  -0.00148822  -0.00158568  -0.00155245  -0.00155048 
  -0.00142375  -0.00147447  -0.00137945  -0.00137489  -0.00142858  -0.00150759]
[  0.00151514    0.00101071    0.00066884    0.00034439    0.00062259    0.00181604 
    0.0007839      0.00142961    0.00130717    0.00075658    0.00142981    0.00153225 
    0.00203471    0.00176512    0.00164424    0.00119814    0.00044447    0.00172231 
    0.00054536    0.00033431  -0.00020086    0.0003994      0.00065471    0.0009841  ]
[-0.00086973  -0.00100214  -0.00124137  -0.00138761  -0.00121712  -0.00067536 
  -0.00125469  -0.00087641  -0.00086047  -0.00114337  -0.00083191  -0.001055 
  -0.0016927    -0.00079075  -0.00083931  -0.0010543    -0.00147203  -0.00068787 
  -0.0011543    -0.00131072  -0.00148453  -0.00115121  -0.00127333  -0.00101808]
[-0.00087097  -0.0013647    -0.00035457  -0.00055093  -0.00031123  -0.00090792 
  -0.00039751  -0.00094569  -0.00114343  -0.00038278  -0.00076286  -0.00076611 
  -0.00102022  -0.00094837  -0.00082187  -0.00062161  -0.00089367  -0.00086481 
  -0.00029516  -0.00058728  -0.00071606  -0.00069442  -0.00095663  -0.00053153]
[-0.00086973  -0.00100214  -0.00124137  -0.00138761  -0.00121712  -0.00067536 
  -0.00125469  -0.00087641  -0.00086047  -0.00114337  -0.00083191  -0.001055 
  -0.0016927    -0.00079075  -0.00083931  -0.0010543    -0.00147203  -0.00068787 
  -0.0011543    -0.00131072  -0.00148453  -0.00115121  -0.00127333  -0.00101808]
[-0.00320408  -0.00293189  -0.00314688  -0.0031008    -0.0030511    -0.00316352 
  -0.00328928  -0.00316997  -0.00303424  -0.00304011  -0.0030958    -0.00363737 
  -0.00339579  -0.00315296  -0.00332531  -0.00322475  -0.0031145    -0.00310275 
  -0.00285075  -0.00295519  -0.00276795  -0.00270186  -0.002857      -0.00301827]
increment_20
[0.00371365  0.00487853  0.0057183    0.00613711  0.00555574  0.00288974 
  0.00612827  0.00391498  0.00439734  0.00546685  0.00372136  0.0053042 
  0.00289927  0.00316703  0.00358869  0.00469837  0.00565921  0.00265408 
  0.00533723  0.00602255  0.00659583  0.00528857  0.00510523  0.00480217]
[-0.0034522    -0.00324028  -0.00342687  -0.00334239  -0.00336853  -0.00341069 
  -0.0031387    -0.00341541  -0.00331231  -0.00331921  -0.00341692  -0.00262161 
  -0.00369325  -0.00348074  -0.00303403  -0.00338634  -0.00336528  -0.00340867 
  -0.00322199  -0.00327119  -0.00307429  -0.00322746  -0.00324568  -0.0033477  ]
[-0.00190474  -0.00322654  -0.00063906  -0.00163437  -0.00059311  -0.00197187 
  -0.00068127  -0.00215945  -0.00298074  -0.00059858  -0.00182606  -0.00171193 
  -0.0022934    -0.00213142  -0.00200592  -0.00130917  -0.00262115  -0.00209364 
  -0.00058564  -0.00186447  -0.0020973    -0.00201285  -0.00254249  -0.00100427]
[-0.0034522    -0.00324028  -0.00342687  -0.00334239  -0.00336853  -0.00341069 
  -0.0031387    -0.00341541  -0.00331231  -0.00331921  -0.00341692  -0.00262161 
  -0.00369325  -0.00348074  -0.00303403  -0.00338634  -0.00336528  -0.00340867 
  -0.00322199  -0.00327119  -0.00307429  -0.00322746  -0.00324568  -0.0033477  ]
[  0.00320634    0.00141855    0.00116866    0.0005848      0.00120141    0.00394796 
    0.00132832    0.00293565    0.00225502    0.00120851    0.00312515    0.00341541 
    0.00454168    0.00381428    0.00401498    0.00246338    0.00118212    0.00417453 
    0.00112541    0.00067165  -0.00045701    0.00079016    0.00130053    0.00190926]
[-0.00204184  -0.00262339  -0.00287907  -0.00315107  -0.00280406  -0.00144 
  -0.00307681  -0.00199701  -0.00218669  -0.00274448  -0.00185501  -0.00266785 
  -0.00424219  -0.00236428  -0.00178728  -0.00253543  -0.00343075  -0.00131095 
  -0.00267777  -0.00300734  -0.00329469  -0.00264046  -0.00341738  -0.00240692]
[-0.00190474  -0.00322654  -0.00063906  -0.00163437  -0.00059311  -0.00197187 
  -0.00068127  -0.00215945  -0.00298074  -0.00059858  -0.00182606  -0.00171193 
  -0.0022934    -0.00213142  -0.00200592  -0.00130917  -0.00262115  -0.00209364 
  -0.00058564  -0.00186447  -0.0020973    -0.00201285  -0.00254249  -0.00100427]
[-0.00204184  -0.00262339  -0.00287907  -0.00315107  -0.00280406  -0.00144 
  -0.00307681  -0.00199701  -0.00218669  -0.00274448  -0.00185501  -0.00266785 
  -0.00424219  -0.00236428  -0.00178728  -0.00253543  -0.00343075  -0.00131095 
  -0.00267777  -0.00300734  -0.00329469  -0.00264046  -0.00341738  -0.00240692]
[-0.00691999  -0.00629707  -0.00688696  -0.00672191  -0.00675716  -0.00683769 
  -0.00745658  -0.00685063  -0.00665236  -0.00667536  -0.00684652  -0.00871961 
  -0.00744094  -0.00698131  -0.00760367  -0.00716175  -0.00684134  -0.00682861 
  -0.00646263  -0.0066942    -0.00613883  -0.00607873  -0.00640576  -0.00671143]
increment_30
[0.00573618  0.00802411  0.00902497  0.00961051  0.00878222  0.00447603 
  0.00996237  0.00624114  0.0071371    0.00882778  0.00593604  0.00852306 
  0.00453998  0.00514186  0.0057537    0.00766011  0.00881888  0.00391379 
  0.00852058  0.00952005  0.01034535  0.00846749  0.00810621  0.00770686]
[-0.00534493  -0.0051495    -0.00529261  -0.00514674  -0.00523162  -0.0052996 
  -0.00474663  -0.00527918  -0.00512378  -0.00516592  -0.00531084  -0.00394898 
  -0.00567225  -0.00542457  -0.0046788    -0.00517519  -0.00510656  -0.00530758 
  -0.00508539  -0.00490528  -0.00485184  -0.00507493  -0.00511498  -0.0052314  ]
[-0.00300818  -0.00496737  -0.00090526  -0.00276425  -0.00083621  -0.00307241 
  -0.00093693  -0.00337266  -0.00480249  -0.00074536  -0.00302674  -0.00258856 
  -0.00350813  -0.00320124  -0.00308462  -0.00193564  -0.00424222  -0.00337606 
  -0.00084391  -0.00322191  -0.00353224  -0.00332437  -0.00420537  -0.0014284  ]
[-0.00534493  -0.0051495    -0.00529261  -0.00514674  -0.00523162  -0.0052996 
  -0.00474663  -0.00527918  -0.00512378  -0.00516592  -0.00531084  -0.00394898 
  -0.00567225  -0.00542457  -0.0046788    -0.00517519  -0.00510656  -0.00530758 
  -0.00508539  -0.00490528  -0.00485184  -0.00507493  -0.00511498  -0.0052314  ]
[  0.00499339    0.00159669    0.00163628    0.00078074    0.00173268    0.00615589 
    0.0017677      0.00436402    0.00318652    0.00157721    0.00472087    0.00517679 
    0.0069844      0.00576384    0.00618718    0.0035736      0.00195346    0.00673114 
    0.00169847    0.00119888  -0.00076956    0.00119934    0.00193662    0.00279642]
[-0.00333883  -0.00430254  -0.00458521  -0.00501543  -0.00447034  -0.00221678 
  -0.00501381  -0.00317905  -0.00354321  -0.00444337  -0.00295549  -0.00431205 
  -0.00674864  -0.00432366  -0.00286205  -0.00429694  -0.0054399    -0.00191459 
  -0.00428406  -0.00474917  -0.00516331  -0.00422208  -0.00567187  -0.0038693  ]
[-0.00300818  -0.00496737  -0.00090526  -0.00276425  -0.00083621  -0.00307241 
  -0.00093693  -0.00337266  -0.00480249  -0.00074536  -0.00302674  -0.00258856 
  -0.00350813  -0.00320124  -0.00308462  -0.00193564  -0.00424222  -0.00337606 
  -0.00084391  -0.00322191  -0.00353224  -0.00332437  -0.00420537  -0.0014284  ]
[-0.00333883  -0.00430254  -0.00458521  -0.00501543  -0.00447034  -0.00221678 
  -0.00501381  -0.00317905  -0.00354321  -0.00444337  -0.00295549  -0.00431205 
  -0.00674864  -0.00432366  -0.00286205  -0.00429694  -0.0054399    -0.00191459 
  -0.00428406  -0.00474917  -0.00516331  -0.00422208  -0.00567187  -0.0038693  ]
[-0.01072957  -0.00962081  -0.01066125  -0.01039124  -0.0105149    -0.01063192 
  -0.01173007  -0.01060517  -0.01032362  -0.010405      -0.01065691  -0.01369985 
  -0.01152438  -0.0109057    -0.01194088  -0.0112337    -0.01077234  -0.01064493 
  -0.01021905  -0.01071894  -0.00957579  -0.00966683  -0.01004283  -0.01050328]
increment_40
[0.00775804  0.01131665  0.01245814  0.01327189  0.01209959  0.00610113 
  0.01395651  0.00867509  0.0099145    0.01233348  0.00829731  0.01170989 
  0.00624911  0.00725873  0.00810081  0.0107686    0.01213447  0.00517251 
  0.01180797  0.01319628  0.01426944  0.01187005  0.01120749  0.01074434]
[-0.00727823  -0.00709222  -0.00717059  -0.00695803  -0.00712055  -0.00723494 
  -0.00634083  -0.00718148  -0.00696492  -0.00703544  -0.00723311  -0.0053717 
  -0.00763403  -0.00739879  -0.00635848  -0.00695496  -0.00674811  -0.00724594 
  -0.00698665  -0.00650483  -0.00664449  -0.00692279  -0.00699447  -0.00714699]
[-0.00414284  -0.00670014  -0.00110326  -0.00387358  -0.0010487    -0.00420259 
  -0.00119359  -0.00462712  -0.00656911  -0.00082675  -0.00428754  -0.00344443 
  -0.004718      -0.0041668    -0.00413033  -0.00253686  -0.00577583  -0.00470559 
  -0.00107299  -0.00457434  -0.00488608  -0.00456736  -0.00585906  -0.00180174]
[-0.00727823  -0.00709222  -0.00717059  -0.00695803  -0.00712055  -0.00723494 
  -0.00634083  -0.00718148  -0.00696492  -0.00703544  -0.00723311  -0.0053717 
  -0.00763403  -0.00739879  -0.00635848  -0.00695496  -0.00674811  -0.00724594 
  -0.00698665  -0.00650483  -0.00664449  -0.00692279  -0.00699447  -0.00714699]
[  0.00687555    0.00168729    0.00201849    0.00083808    0.00224096    0.00842605 
    0.00210935    0.00577614    0.00416255    0.0018639      0.00624153    0.00692688 
    0.00947224    0.00765188    0.0083065      0.00469177    0.00288385    0.00937738 
    0.0022586      0.00166773  -0.00113938    0.00150025    0.00259897    0.00362779]
[-0.00469465  -0.00602922  -0.00637786  -0.00701824  -0.00621301  -0.0030039 
  -0.00704011  -0.00440073  -0.00491632  -0.00622494  -0.00412827  -0.00598776 
  -0.00919056  -0.00645506  -0.00402755  -0.0062699    -0.00749903  -0.00250403 
  -0.00595005  -0.00657848  -0.00711806  -0.00591371  -0.00795948  -0.00540476]
[-0.00414284  -0.00670014  -0.00110326  -0.00387358  -0.0010487    -0.00420259 
  -0.00119359  -0.00462712  -0.00656911  -0.00082675  -0.00428754  -0.00344443 
  -0.004718      -0.0041668    -0.00413033  -0.00253686  -0.00577583  -0.00470559 
  -0.00107299  -0.00457434  -0.00488608  -0.00456736  -0.00585906  -0.00180174]
[-0.00469465  -0.00602922  -0.00637786  -0.00701824  -0.00621301  -0.0030039 
  -0.00704011  -0.00440073  -0.00491632  -0.00622494  -0.00412827  -0.00598776 
  -0.00919056  -0.00645506  -0.00402755  -0.0062699    -0.00749903  -0.00250403 
  -0.00595005  -0.00657848  -0.00711806  -0.00591371  -0.00795948  -0.00540476]
[-0.01463359  -0.01300394  -0.01447663  -0.01410997  -0.01434055  -0.01452718 
  -0.01606586  -0.01445123  -0.01407706  -0.01419738  -0.01453884  -0.01863677 
  -0.01572135  -0.01491062  -0.01640731  -0.01546037  -0.01501832  -0.01454989 
  -0.01406657  -0.01486401  -0.01313006  -0.0133703    -0.01380645  -0.01437213]
increment_50
[0.00974283  0.01473269  0.01606185  0.01715902  0.01545208  0.00777278 
  0.01808541  0.01115612  0.01273255  0.01599056  0.0108069    0.01487069 
  0.0080761    0.00949473  0.01061817  0.01396798  0.01562698  0.0064293 
  0.01517526  0.01703788  0.01839989  0.0154916    0.01442982  0.01392857]
[-0.00925528  -0.00904975  -0.00905801  -0.00877029  -0.00903245  -0.00921468 
  -0.00794049  -0.00911985  -0.00883607  -0.00892073  -0.00918097  -0.00685354 
  -0.00956314  -0.00940245  -0.00802444  -0.00872304  -0.00831061  -0.00922032 
  -0.00891528  -0.00814015  -0.00843248  -0.00877996  -0.00888311  -0.00908864]
[-0.00533629  -0.00848607  -0.00120304  -0.00495969  -0.00125251  -0.00535628 
  -0.00145504  -0.00591069  -0.00831658  -0.00083841  -0.00556387  -0.00431391 
  -0.00592691  -0.00505978  -0.00518263  -0.00313593  -0.00720936  -0.00608035 
  -0.00127846  -0.00593091  -0.00610928  -0.00569996  -0.00742002  -0.0021112  ]
[-0.00925528  -0.00904975  -0.00905801  -0.00877029  -0.00903245  -0.00921468 
  -0.00794049  -0.00911985  -0.00883607  -0.00892073  -0.00918097  -0.00685354 
  -0.00956314  -0.00940245  -0.00802444  -0.00872304  -0.00831061  -0.00922032 
  -0.00891528  -0.00814015  -0.00843248  -0.00877996  -0.00888311  -0.00908864]
[  0.00889678    0.00171621    0.0022693      0.0007149      0.00277641    0.01074713 
    0.00233367    0.00722899    0.00518123    0.00205148    0.00768343    0.0087362 
    0.01200024    0.00950032    0.01044998    0.00587688    0.00393525    0.01210809 
    0.0028098      0.00195976  -0.00160336    0.00166655    0.0032547      0.00438028]
[-0.00607694  -0.00780961  -0.00826177  -0.00918406  -0.00801138  -0.00380582 
  -0.00914315  -0.00563505  -0.00631143  -0.00809393  -0.00537392  -0.00773676 
  -0.01159044  -0.00869622  -0.00527968  -0.00845083  -0.00962183  -0.00307754 
  -0.00766401  -0.00848709  -0.00917692  -0.00771622  -0.0102579    -0.00702228]
[-0.00533629  -0.00848607  -0.00120304  -0.00495969  -0.00125251  -0.00535628 
  -0.00145504  -0.00591069  -0.00831658  -0.00083841  -0.00556387  -0.00431391 
  -0.00592691  -0.00505978  -0.00518263  -0.00313593  -0.00720936  -0.00608035 
  -0.00127846  -0.00593091  -0.00610928  -0.00569996  -0.00742002  -0.0021112  ]
[-0.00607694  -0.00780961  -0.00826177  -0.00918406  -0.00801138  -0.00380582 
  -0.00914315  -0.00563505  -0.00631143  -0.00809393  -0.00537392  -0.00773676 
  -0.01159044  -0.00869622  -0.00527968  -0.00845083  -0.00962183  -0.00307754 
  -0.00766401  -0.00848709  -0.00917692  -0.00771622  -0.0102579    -0.00702228]
[-0.01863961  -0.0164489    -0.01833116  -0.01787392  -0.01822848  -0.0185199 
  -0.02041908  -0.01838512  -0.01791378  -0.01804204  -0.01849033  -0.0236069 
  -0.02007633  -0.01899506  -0.02106815  -0.01984486  -0.01956223  -0.0185374 
  -0.01798506  -0.01899764  -0.01679652  -0.01715815  -0.01768452  -0.01830885]
increment_60
[0.01168066  0.01824322  0.01983798  0.02129305  0.01880339  0.00950907 
  0.02234607  0.01365074  0.01560173  0.01981818  0.01345697  0.0180489 
  0.01007726  0.01185912  0.01331165  0.01724876  0.01933509  0.00769295 
  0.01862734  0.02106413  0.0227472    0.01934141  0.01776672  0.01728528]
[-0.01127443  -0.01102767  -0.01095117  -0.01057307  -0.01096612  -0.011237 
  -0.00955718  -0.01109162  -0.01073449  -0.01081592  -0.01115041  -0.008378 
  -0.0114604    -0.01143239  -0.00965704  -0.0104858    -0.00981217  -0.01122893 
  -0.01086502  -0.00981224  -0.0102128    -0.01064358  -0.01078797  -0.01104952]
[-0.00662785  -0.01035643  -0.00119885  -0.00602457  -0.0014619    -0.00652156 
  -0.00170119  -0.00721267  -0.01008789  -0.0007853    -0.00684151  -0.0051884 
  -0.0071071    -0.0058873    -0.00625146  -0.00372604  -0.00855299  -0.00749462 
  -0.00145703  -0.00729896  -0.00720239  -0.00670478  -0.00884442  -0.00233576]
[-0.01127443  -0.01102767  -0.01095117  -0.01057307  -0.01096612  -0.011237 
  -0.00955718  -0.01109162  -0.01073449  -0.01081592  -0.01115041  -0.008378 
  -0.0114604    -0.01143239  -0.00965704  -0.0104858    -0.00981217  -0.01122893 
  -0.01086502  -0.00981224  -0.0102128    -0.01064358  -0.01078797  -0.01104952]
[  0.01106687    0.00169014    0.00238348    0.00037833    0.00337244    0.01309772 
    0.00241257    0.00875168    0.00622894    0.00211377    0.00905          0.01059206 
    0.01451181    0.01129403    0.0126362      0.00710622    0.00501944    0.01491149 
    0.00333608    0.00203414  -0.00220018    0.00166881    0.00389095    0.00501888]
[-0.00750735  -0.00964728  -0.01023382  -0.01151927  -0.00985251  -0.00463348 
  -0.01132211  -0.00686728  -0.00773892  -0.01006096  -0.00668666  -0.00960205 
  -0.0139804    -0.01101705  -0.00662363  -0.01081538  -0.01184946  -0.00363872 
  -0.00942901  -0.01048395  -0.01134699  -0.00963724  -0.0125537    -0.00873755]
[-0.00662785  -0.01035643  -0.00119885  -0.00602457  -0.0014619    -0.00652156 
  -0.00170119  -0.00721267  -0.01008789  -0.0007853    -0.00684151  -0.0051884 
  -0.0071071    -0.0058873    -0.00625146  -0.00372604  -0.00855299  -0.00749462 
  -0.00145703  -0.00729896  -0.00720239  -0.00670478  -0.00884442  -0.00233576]
[-0.00750735  -0.00964728  -0.01023382  -0.01151927  -0.00985251  -0.00463348 
  -0.01132211  -0.00686728  -0.00773892  -0.01006096  -0.00668666  -0.00960205 
  -0.0139804    -0.01101705  -0.00662363  -0.01081538  -0.01184946  -0.00363872 
  -0.00942901  -0.01048395  -0.01134699  -0.00963724  -0.0125537    -0.00873755]
[-0.02274753  -0.01993336  -0.02222145  -0.02167138  -0.02217583  -0.0226068 
  -0.02475864  -0.02240242  -0.02183067  -0.02193194  -0.02250697  -0.02864096 
  -0.02458907  -0.02315316  -0.02594785  -0.02435498  -0.02435453  -0.02260444 
  -0.02196342  -0.02309827  -0.02054702  -0.02101022  -0.02165767  -0.02230416]
increment_70
[0.01358898  0.02180516  0.02375986  0.02570581  0.0221522    0.01132567 
  0.02677412  0.01613227  0.01850082  0.02384148  0.0162015    0.0212892 
  0.01230521  0.01436894  0.01616216  0.02063236  0.02328152  0.00897342 
  0.02220033  0.0252872    0.02733138  0.0234174    0.02121        0.02083089]
[-0.01333204  -0.01303895  -0.01284689  -0.0123564    -0.01292228  -0.01329931 
  -0.01117531  -0.01309644  -0.01265923  -0.01271029  -0.01314265  -0.00993601 
  -0.01334089  -0.01348703  -0.01126693  -0.01224795  -0.01127507  -0.01327262 
  -0.0128277    -0.01151301  -0.01198085  -0.01250765  -0.01271457  -0.01302241]
[-0.00805461  -0.0123259    -0.00109987  -0.00704746  -0.00167629  -0.00768634 
  -0.00191251  -0.00853925  -0.01193172  -0.000695      -0.00811887  -0.00604932 
  -0.00821386  -0.00664633  -0.00733007  -0.0042893    -0.00981166  -0.00894449 
  -0.00159264  -0.00865172  -0.00817427  -0.00758818  -0.01010775  -0.00246108]
[-0.01333204  -0.01303895  -0.01284689  -0.0123564    -0.01292228  -0.01329931 
  -0.01117531  -0.01309644  -0.01265923  -0.01271029  -0.01314265  -0.00993601 
  -0.01334089  -0.01348703  -0.01126693  -0.01224795  -0.01127507  -0.01327262 
  -0.0128277    -0.01151301  -0.01198085  -0.01250765  -0.01271457  -0.01302241]
[  0.01336657    0.00163351    0.00238483  -0.00021318    0.00403185    0.01545737 
    0.00233682    0.0103707      0.00732811    0.00201176    0.01038865    0.01246584 
    0.0169218      0.01301344    0.01485288    0.00832878    0.00604813    0.01777987 
    0.00378794    0.00188688  -0.00297685    0.00149344    0.00450583    0.00552151]
[-0.00902885  -0.01154291  -0.01228412  -0.01402085  -0.01173859  -0.00549922 
  -0.01359608  -0.00808382  -0.00919954  -0.01213793  -0.00804174  -0.01161811 
  -0.01638457  -0.01341402  -0.00805139  -0.01332976  -0.01421275  -0.00419195 
  -0.01126473  -0.01257633  -0.01363994  -0.01167764  -0.01484588  -0.01056165]
[-0.00805461  -0.0123259    -0.00109987  -0.00704746  -0.00167629  -0.00768634 
  -0.00191251  -0.00853925  -0.01193172  -0.000695      -0.00811887  -0.00604932 
  -0.00821386  -0.00664633  -0.00733007  -0.0042893    -0.00981166  -0.00894449 
  -0.00159264  -0.00865172  -0.00817427  -0.00758818  -0.01010775  -0.00246108]
[-0.00902885  -0.01154291  -0.01228412  -0.01402085  -0.01173859  -0.00549922 
  -0.01359608  -0.00808382  -0.00919954  -0.01213793  -0.00804174  -0.01161811 
  -0.01638457  -0.01341402  -0.00805139  -0.01332976  -0.01421275  -0.00419195 
  -0.01126473  -0.01257633  -0.01363994  -0.01167764  -0.01484588  -0.01056165]
[-0.02695555  -0.02343867  -0.02614469  -0.02549262  -0.02618404  -0.02678304 
  -0.02911094  -0.02650297  -0.02582893  -0.02585324  -0.02659015  -0.03375504 
  -0.02922702  -0.02738238  -0.03101504  -0.02896114  -0.02932965  -0.02675328 
  -0.02598828  -0.02717408  -0.02435452  -0.02491083  -0.02571583  -0.02635241]
increment_80
[0.01550106  0.02539255  0.02779711  0.03043172  0.02549558  0.0132355 
  0.03142645  0.01858045  0.02140067  0.0280791    0.01898203  0.02461532 
  0.01478888  0.01704228  0.01912976  0.02414659  0.02747877  0.0102707 
  0.02593726  0.02972705  0.03218902  0.02772678  0.02477232  0.02457731]
[-0.01542578  -0.01510048  -0.0147439    -0.01410974  -0.01490258  -0.01540032 
  -0.01275565  -0.01513456  -0.01461278  -0.01459116  -0.01516323  -0.01152285 
  -0.01522341  -0.01556582  -0.01288692  -0.01400469  -0.0127232    -0.01535316 
  -0.01479401  -0.01323027  -0.01372729  -0.01436449  -0.01466503  -0.01499707]
[-0.00961755  -0.01440088  -0.00092232  -0.00799709  -0.00189652  -0.00884035 
  -0.00206691  -0.00990847  -0.01387806  -0.00060497  -0.00939407  -0.00688351 
  -0.00920851  -0.00733234  -0.00840104  -0.00481675  -0.01097724  -0.01043249 
  -0.0016683    -0.0099462    -0.00902374  -0.0083633    -0.01119321  -0.0024798  ]
[-0.01542578  -0.01510048  -0.0147439    -0.01410974  -0.01490258  -0.01540032 
  -0.01275565  -0.01513456  -0.01461278  -0.01459116  -0.01516323  -0.01152285 
  -0.01522341  -0.01556582  -0.01288692  -0.01400469  -0.0127232    -0.01535316 
  -0.01479401  -0.01323027  -0.01372729  -0.01436449  -0.01466503  -0.01499707]
[  0.01576368    0.00154939    0.00230432  -0.00110364    0.00476068    0.01781102 
    0.00212521    0.01210648    0.00851585    0.00171362    0.01176299    0.01434162 
    0.01916101    0.01464111    0.0170705      0.00951278    0.00694136    0.02071745 
    0.00410838    0.00151516  -0.0039931      0.00111993    0.00508195    0.00587633]
[-0.01067091  -0.01350882  -0.0144018    -0.01668524  -0.01367955  -0.00641974 
  -0.01599597  -0.00927195  -0.01069449  -0.01433173  -0.00940763  -0.01380917 
  -0.01882137  -0.01590536  -0.00954393  -0.01597895  -0.01673277  -0.0047361 
  -0.01319478  -0.01477727  -0.01607598  -0.01384224  -0.01715484  -0.01250309]
[-0.00961755  -0.01440088  -0.00092232  -0.00799709  -0.00189652  -0.00884035 
  -0.00206691  -0.00990847  -0.01387806  -0.00060497  -0.00939407  -0.00688351 
  -0.00920851  -0.00733234  -0.00840104  -0.00481675  -0.01097724  -0.01043249 
  -0.0016683    -0.0099462    -0.00902374  -0.0083633    -0.01119321  -0.0024798  ]
[-0.01067091  -0.01350882  -0.0144018    -0.01668524  -0.01367955  -0.00641974 
  -0.01599597  -0.00927195  -0.01069449  -0.01433173  -0.00940763  -0.01380917 
  -0.01882137  -0.01590536  -0.00954393  -0.01597895  -0.01673277  -0.0047361 
  -0.01319478  -0.01477727  -0.01607598  -0.01384224  -0.01715484  -0.01250309]
[-0.03126474  -0.02694195  -0.03010143  -0.02932808  -0.03025626  -0.03104653 
  -0.03355166  -0.03068693  -0.02991652  -0.02979272  -0.03074502  -0.03895694 
  -0.03394989  -0.03168338  -0.03620026  -0.03365937  -0.03442012  -0.03098815 
  -0.03004564  -0.0312422    -0.02819592  -0.02884672  -0.02985427  -0.03045365]
increment_90
[0.01745552  0.02903817  0.03193442  0.0354804    0.028827      0.01525124 
  0.03633915  0.02100852  0.02428009  0.0325258    0.02177009  0.02803208 
  0.01752749  0.01987847  0.02218234  0.02781828  0.03193128  0.01158225 
  0.02986979  0.03440612  0.03734686  0.03227942  0.02846658  0.02854136]
[-0.01755448  -0.01721547  -0.01664135  -0.01582034  -0.01690924  -0.01754138 
  -0.01425575  -0.01720699  -0.01659856  -0.01644748  -0.0172172    -0.01314534 
  -0.01712406  -0.01766579  -0.01454979  -0.01574826  -0.01417152  -0.01747065 
  -0.01675684  -0.01494936  -0.01543778  -0.01620651  -0.01663859  -0.01695668]
[-0.01127608  -0.01655653  -0.00068007  -0.00885602  -0.00212514  -0.0099749 
  -0.00214301  -0.01133407  -0.01593092  -0.00052887  -0.01067681  -0.00767184 
  -0.01006949  -0.00795192  -0.00944418  -0.00530132  -0.01203845  -0.01196095 
  -0.00166992  -0.01115145  -0.00974951  -0.00902759  -0.01208625  -0.00239193]
[-0.01755448  -0.01721547  -0.01664135  -0.01582034  -0.01690924  -0.01754138 
  -0.01425575  -0.01720699  -0.01659856  -0.01644748  -0.0172172    -0.01314534 
  -0.01712406  -0.01766579  -0.01454979  -0.01574826  -0.01417152  -0.01747065 
  -0.01675684  -0.01494936  -0.01543778  -0.01620651  -0.01663859  -0.01695668]
[  0.01822098    0.00140482    0.0021613    -0.00231643    0.00556915    0.02014981 
    0.00182336    0.01394723    0.00982267    0.00122331    0.01320829    0.01619502 
    0.02119584    0.01617536    0.01925738    0.01063577    0.00764653    0.02372782 
    0.00425733    0.00090823  -0.00529664    0.00052808    0.00560164    0.00607679]
[-0.01243825  -0.01557398  -0.01658174  -0.01949889  -0.01568445  -0.00742158 
  -0.0185431    -0.01043452  -0.01222857  -0.01663781  -0.01076712  -0.01618577 
  -0.0213029    -0.01852078  -0.01108757  -0.01875861  -0.01942995  -0.00526866 
  -0.01523715  -0.01710121  -0.01866993  -0.01613764  -0.01950512  -0.01457244]
[-0.01127608  -0.01655653  -0.00068007  -0.00885602  -0.00212514  -0.0099749 
  -0.00214301  -0.01133407  -0.01593092  -0.00052887  -0.01067681  -0.00767184 
  -0.01006949  -0.00795192  -0.00944418  -0.00530132  -0.01203845  -0.01196095 
  -0.00166992  -0.01115145  -0.00974951  -0.00902759  -0.01208625  -0.00239193]
[-0.01243825  -0.01557398  -0.01658174  -0.01949889  -0.01568445  -0.00742158 
  -0.0185431    -0.01043452  -0.01222857  -0.01663781  -0.01076712  -0.01618577 
  -0.0213029    -0.01852078  -0.01108757  -0.01875861  -0.01942995  -0.00526866 
  -0.01523715  -0.01710121  -0.01866993  -0.01613764  -0.01950512  -0.01457244]
[-0.0356765    -0.03044299  -0.03409572  -0.03316397  -0.03439615  -0.03540105 
  -0.03816252  -0.03495575  -0.03410275  -0.03374911  -0.03497838  -0.0442271 
  -0.03872334  -0.03605382  -0.04143972  -0.03845405  -0.03957781  -0.03531007 
  -0.03412712  -0.03531436  -0.03205022  -0.0328075    -0.03406822  -0.03461815]
increment_100
[0.01948781  0.03282059  0.03617042  0.04083302  0.03215687  0.01736723 
  0.04151156  0.0234642    0.02712051  0.03717069  0.0245811    0.03153451 
  0.02050289  0.02286404  0.02531316  0.0316472    0.03664648  0.01291145 
  0.033997      0.03935431  0.04279886  0.03709427  0.03229433  0.03275501]
[-0.01971676  -0.01936497  -0.01853415  -0.0174764    -0.01894347  -0.01972313 
  -0.0156517    -0.01931252  -0.01862027  -0.01826616  -0.0193056    -0.0148173 
  -0.01905065  -0.01978098  -0.0162756    -0.01747999  -0.01562364  -0.0196227 
  -0.01871077  -0.01665374  -0.01709773  -0.0180241    -0.01863287  -0.01887588]
[-0.0129793    -0.01873144  -0.00038482  -0.00963206  -0.00235557  -0.01108962 
  -0.00212562  -0.01282925  -0.01807643  -0.00045946  -0.01198684  -0.00838901 
  -0.01079271  -0.00851893  -0.010437      -0.00573494  -0.01298345  -0.0135262 
  -0.0015886    -0.01225004  -0.01035348  -0.00957381  -0.01275811  -0.00220655]
[-0.01971676  -0.01936497  -0.01853415  -0.0174764    -0.01894347  -0.01972313 
  -0.0156517    -0.01931252  -0.01862027  -0.01826616  -0.0193056    -0.0148173 
  -0.01905065  -0.01978098  -0.0162756    -0.01747999  -0.01562364  -0.0196227 
  -0.01871077  -0.01665374  -0.01709773  -0.0180241    -0.01863287  -0.01887588]
[  2.07019254e-02    1.15289578e-03    1.95976978e-03  -3.84484374e-03 
    6.44852124e-03    2.24825177e-02    1.47972718e-03    1.58450285e-02 
    1.12760933e-02    5.63652406e-04    1.47138072e-02    1.79912433e-02 
    2.30274117e-02    1.76229344e-02    2.13801942e-02    1.16874144e-02 
    8.12374164e-03    2.68032734e-02    4.23074935e-03    3.89088890e-05 
  -6.89957690e-03  -3.13075040e-04    6.05566293e-03    6.11256041e-03]
[-0.0143235    -0.01776946  -0.01882303  -0.02244254  -0.01775563  -0.00852944 
  -0.02124056  -0.01159216  -0.01380644  -0.01905016  -0.01212489  -0.01873904 
  -0.02384635  -0.02128288  -0.01268442  -0.02166046  -0.02232514  -0.00579115 
  -0.01739287  -0.01956582  -0.02141937  -0.01857518  -0.02190784  -0.01678709]
[-0.0129793    -0.01873144  -0.00038482  -0.00963206  -0.00235557  -0.01108962 
  -0.00212562  -0.01282925  -0.01807643  -0.00045946  -0.01198684  -0.00838901 
  -0.01079271  -0.00851893  -0.010437      -0.00573494  -0.01298345  -0.0135262 
  -0.0015886    -0.01225004  -0.01035348  -0.00957381  -0.01275811  -0.00220655]
[-0.0143235    -0.01776946  -0.01882303  -0.02244254  -0.01775563  -0.00852944 
  -0.02124056  -0.01159216  -0.01380644  -0.01905016  -0.01212489  -0.01873904 
  -0.02384635  -0.02128288  -0.01268442  -0.02166046  -0.02232514  -0.00579115 
  -0.01739287  -0.01956582  -0.02141937  -0.01857518  -0.02190784  -0.01678709]
[-0.04018974  -0.03397349  -0.03813019  -0.03698818  -0.03860539  -0.03984974 
  -0.04299128  -0.03930923  -0.0383966    -0.03773435  -0.03929491  -0.04952576 
  -0.0435303    -0.04048698  -0.04669336  -0.04333461  -0.04477023  -0.03971472 
  -0.03822775  -0.03939322  -0.03589928  -0.0367812    -0.03834999  -0.03886757]
increment_110
[0.02161864  0.03682957  0.04051936  0.04645918  0.03550809  0.01956867 
  0.04692769  0.02600588  0.02991627  0.04201428  0.02745579  0.03512488 
  0.02369946  0.02597968  0.02855154  0.03561647  0.04164224  0.01428658 
  0.03830349  0.04460639  0.04851597  0.04219009  0.0362508    0.03726728]
[-0.0219108    -0.02152138  -0.02041116  -0.01906945  -0.02100485  -0.02194461 
  -0.01694022  -0.02144808  -0.02067894  -0.0200326    -0.02142725  -0.01654659 
  -0.02100095  -0.021905      -0.01806892  -0.01921073  -0.01707132  -0.02180712 
  -0.02065157  -0.01832487  -0.01869396  -0.01980634  -0.02064453  -0.02072113]
[-1.46923317e-02  -2.08564401e-02  -5.15061079e-05  -1.03464338e-02 
  -2.57436496e-03  -1.21877452e-02  -2.01471896e-03  -1.44029287e-02 
  -2.03022303e-02  -3.89704606e-04  -1.33424370e-02  -9.01073625e-03 
  -1.13823784e-02  -9.04451518e-03  -1.13521032e-02  -6.11178726e-03 
  -1.38057790e-02  -1.51101579e-02  -1.42433643e-03  -1.32180927e-02 
  -1.08601680e-02  -1.00045053e-02  -1.31804244e-02  -1.94998711e-03]
[-0.0219108    -0.02152138  -0.02041116  -0.01906945  -0.02100485  -0.02194461 
  -0.01694022  -0.02144808  -0.02067894  -0.0200326    -0.02142725  -0.01654659 
  -0.02100095  -0.021905      -0.01806892  -0.01921073  -0.01707132  -0.02180712 
  -0.02065157  -0.01832487  -0.01869396  -0.01980634  -0.02064453  -0.02072113]
[  0.02318361    0.00073613    0.00168786  -0.00566417    0.00737557    0.02482423 
    0.00111537    0.01774012    0.01288575  -0.0002508      0.01624154    0.01969602 
    0.02467358    0.01899634    0.02339859    0.01265836    0.00833551    0.02991088 
    0.00404376  -0.0011238    -0.00878799  -0.00143402    0.00643934    0.00596522]
[-0.0163232    -0.02011711  -0.02113047  -0.02550246  -0.01989113  -0.00975788 
  -0.02408301  -0.01277206  -0.0154324    -0.02156878  -0.01349898  -0.02145552 
  -0.02647976  -0.02420329  -0.01435671  -0.02468442  -0.02543301  -0.00632072 
  -0.0196548    -0.02219191  -0.02430836  -0.02116513  -0.02437273  -0.01917103]
[-1.46923317e-02  -2.08564401e-02  -5.15061079e-05  -1.03464338e-02 
  -2.57436496e-03  -1.21877452e-02  -2.01471896e-03  -1.44029287e-02 
  -2.03022303e-02  -3.89704606e-04  -1.33424370e-02  -9.01073625e-03 
  -1.13823784e-02  -9.04451518e-03  -1.13521032e-02  -6.11178726e-03 
  -1.38057790e-02  -1.51101579e-02  -1.42433643e-03  -1.32180927e-02 
  -1.08601680e-02  -1.00045053e-02  -1.31804244e-02  -1.94998711e-03]
[-0.0163232    -0.02011711  -0.02113047  -0.02550246  -0.01989113  -0.00975788 
  -0.02408301  -0.01277206  -0.0154324    -0.02156878  -0.01349898  -0.02145552 
  -0.02647976  -0.02420329  -0.01435671  -0.02468442  -0.02543301  -0.00632072 
  -0.0196548    -0.02219191  -0.02430836  -0.02116513  -0.02437273  -0.01917103]
[-0.04480225  -0.03756569  -0.04220722  -0.04079502  -0.04288367  -0.0443929 
  -0.04804306  -0.043746      -0.04280202  -0.04176348  -0.04369733  -0.0548209 
  -0.04837304  -0.04497602  -0.05195013  -0.04827484  -0.04997776  -0.04419746 
  -0.04234725  -0.04348258  -0.03972798  -0.04075607  -0.04269015  -0.0432325  ]
increment_120
[0.02385249  0.04114393  0.04501387  0.05231264  0.03888862  0.02183725 
  0.05256389  0.02867281  0.03269193  0.04705619  0.030442      0.03882064 
  0.02710081  0.02921098  0.03196075  0.03971888  0.04692383  0.01575259 
  0.04278847  0.05017042  0.05446595  0.04756984  0.04030499  0.04212866]
[-0.02413526  -0.023661      -0.02225691  -0.02059657  -0.0230925    -0.02420512 
  -0.01812941  -0.02361102  -0.02277209  -0.02174232  -0.02357955  -0.01833045 
  -0.02296575  -0.02403239  -0.01991951  -0.02094869  -0.018501      -0.0240244 
  -0.02257289  -0.01994453  -0.02021525  -0.02154217  -0.02266968  -0.02245506]
[-0.01639945  -0.02288124    0.00029952  -0.01101305  -0.00277561  -0.01327578 
  -0.00182594  -0.01605823  -0.02259641  -0.00032302  -0.01474691  -0.00951526 
  -0.01184724  -0.00953106  -0.012157      -0.00643564  -0.01450492  -0.01668795 
  -0.00118916  -0.01402215  -0.01132436  -0.01033977  -0.01336614  -0.00166971]
[-0.02413526  -0.023661      -0.02225691  -0.02059657  -0.0230925    -0.02420512 
  -0.01812941  -0.02361102  -0.02277209  -0.02174232  -0.02357955  -0.01833045 
  -0.02296575  -0.02403239  -0.01991951  -0.02094869  -0.018501      -0.0240244 
  -0.02257289  -0.01994453  -0.02021525  -0.02154217  -0.02266968  -0.02245506]
[  2.56615219e-02    8.67499494e-05    1.31654880e-03  -7.72660590e-03 
    8.34221168e-03    2.71941387e-02    7.33360071e-04    1.95944047e-02 
    1.46251718e-02  -1.22369134e-03    1.77436514e-02    2.12786161e-02 
    2.61631303e-02    2.03040616e-02    2.52635095e-02    1.35281313e-02 
    8.26951611e-03    3.30055877e-02    3.70079581e-03  -2.57841333e-03 
  -1.09394740e-02  -2.84666149e-03    6.77458700e-03    5.61807009e-03]
[-0.01844696  -0.02263489  -0.0235178    -0.0286635    -0.02209062  -0.01110948 
  -0.02706029  -0.01399304  -0.01711111  -0.02419227  -0.01491298  -0.0243377 
  -0.02924265  -0.02727601  -0.01614203  -0.02785053  -0.02875643  -0.00688538 
  -0.02202185  -0.02498758  -0.02731684  -0.02390776  -0.02690599  -0.02174582]
[-0.01639945  -0.02288124    0.00029952  -0.01101305  -0.00277561  -0.01327578 
  -0.00182594  -0.01605823  -0.02259641  -0.00032302  -0.01474691  -0.00951526 
  -0.01184724  -0.00953106  -0.012157      -0.00643564  -0.01450492  -0.01668795 
  -0.00118916  -0.01402215  -0.01132436  -0.01033977  -0.01336614  -0.00166971]
[-0.01844696  -0.02263489  -0.0235178    -0.0286635    -0.02209062  -0.01110948 
  -0.02706029  -0.01399304  -0.01711111  -0.02419227  -0.01491298  -0.0243377 
  -0.02924265  -0.02727601  -0.01614203  -0.02785053  -0.02875643  -0.00688538 
  -0.02202185  -0.02498758  -0.02731684  -0.02390776  -0.02690599  -0.02174582]
[-0.04951401  -0.04123068  -0.04633041  -0.04458604  -0.04723083  -0.04903139 
  -0.05329725  -0.04826722  -0.04731711  -0.0458325    -0.04818565  -0.06009925 
  -0.05326394  -0.04951504  -0.05722426  -0.05324701  -0.05519334  -0.04875817 
  -0.04648927  -0.047592      -0.04352648  -0.04472318  -0.04707958  -0.04774673]
