inc
eps_11
eps_12
eps_13
eps_21
eps_22
eps_23
eps_31
eps_32
eps_33
increment_0
[-5.55111512e-17  -5.55111512e-17  -5.55111512e-17  -5.55111512e-17 
  -5.55111512e-17  -5.55111512e-17  -5.55111512e-17  -5.55111512e-17 
  -5.55111512e-17  -5.55111512e-17  -5.55111512e-17  -5.55111512e-17 
  -5.55111512e-17  -5.55111512e-17  -5.55111512e-17  -5.55111512e-17 
  -5.55111512e-17  -5.55111512e-17]
[0.  0.  0.  0.  0.  0.  0.  0.  0.  0.  0.  0.  0.  0.  0.  0.  0.  0.]
[0.  0.  0.  0.  0.  0.  0.  0.  0.  0.  0.  0.  0.  0.  0.  0.  0.  0.]
[0.  0.  0.  0.  0.  0.  0.  0.  0.  0.  0.  0.  0.  0.  0.  0.  0.  0.]
[8.12971522e-17  8.12971522e-17  8.12971522e-17  8.12971522e-17 
  8.12971522e-17  8.12971522e-17  8.12971522e-17  8.12971522e-17 
  8.12971522e-17  8.12971522e-17  8.12971522e-17  8.12971522e-17 
  8.12971522e-17  8.12971522e-17  8.12971522e-17  8.12971522e-17 
  8.12971522e-17  8.12971522e-17]
[-6.37702703e-17  -6.37702703e-17  -6.37702703e-17  -6.37702703e-17 
  -6.37702703e-17  -6.37702703e-17  -6.37702703e-17  -6.37702703e-17 
  -6.37702703e-17  -6.37702703e-17  -6.37702703e-17  -6.37702703e-17 
  -6.37702703e-17  -6.37702703e-17  -6.37702703e-17  -6.37702703e-17 
  -6.37702703e-17  -6.37702703e-17]
[0.  0.  0.  0.  0.  0.  0.  0.  0.  0.  0.  0.  0.  0.  0.  0.  0.  0.]
[-6.37702703e-17  -6.37702703e-17  -6.37702703e-17  -6.37702703e-17 
  -6.37702703e-17  -6.37702703e-17  -6.37702703e-17  -6.37702703e-17 
  -6.37702703e-17  -6.37702703e-17  -6.37702703e-17  -6.37702703e-17 
  -6.37702703e-17  -6.37702703e-17  -6.37702703e-17  -6.37702703e-17 
  -6.37702703e-17  -6.37702703e-17]
[-2.5786001e-17  -2.5786001e-17  -2.5786001e-17  -2.5786001e-17 
  -2.5786001e-17  -2.5786001e-17  -2.5786001e-17  -2.5786001e-17 
  -2.5786001e-17  -2.5786001e-17  -2.5786001e-17  -2.5786001e-17 
  -2.5786001e-17  -2.5786001e-17  -2.5786001e-17  -2.5786001e-17 
  -2.5786001e-17  -2.5786001e-17]
increment_10
[  0.00149588    0.00139551    0.00219916    0.00237832    0.00033677    0.00332286 
  -0.00068739    0.00307349    0.00179922    0.000124        0.00213647  -0.00026791 
    0.0028339      0.00549057    0.00923901    0.00596828    0.0113282      0.01052146]
[0.00144782  0.00125352  0.00291555  0.00106074  0.00095143  0.0015506 
  0.00148528  0.00175694  0.00119085  0.00036729  0.0020247    0.00096877 
  0.0005019    0.0019882    0.00180762  0.00282342  0.00260505  0.0026643  ]
[-0.00163554  -0.0019742    -0.00076941  -0.00253519  -0.00152291  -0.00270107 
  -0.00078542  -0.00266848  -0.00211714  -0.00232163  -0.00381098  -0.00185675 
  -0.00382315  -0.00295314  -0.00502404  -0.00127358  -0.00556902  -0.00488195]
[0.00144782  0.00125352  0.00291555  0.00106074  0.00095143  0.0015506 
  0.00148528  0.00175694  0.00119085  0.00036729  0.0020247    0.00096877 
  0.0005019    0.0019882    0.00180762  0.00282342  0.00260505  0.0026643  ]
[  1.38442382e-03  -4.77774760e-04  -1.05658576e-04  -5.47346394e-04 
    1.33198188e-03  -1.67860599e-04  -3.90264806e-06  -2.17358850e-03 
  -3.82561020e-04    6.29956356e-04    1.96476156e-03  -9.05652632e-04 
  -2.53157709e-03  -1.86095976e-03  -4.71479118e-03    2.17192559e-03 
  -6.99431912e-03  -4.95988992e-03]
[0.00309314  0.00324392  0.00371538  0.0036228    0.00248052  0.00418783 
  0.00227295  0.00446149  0.00332773  0.00268805  0.00344803  0.00282069 
  0.00436664  0.00502394  0.00735876  0.0050592    0.008473      0.00780097]
[-0.00163554  -0.0019742    -0.00076941  -0.00253519  -0.00152291  -0.00270107 
  -0.00078542  -0.00266848  -0.00211714  -0.00232163  -0.00381098  -0.00185675 
  -0.00382315  -0.00295314  -0.00502404  -0.00127358  -0.00556902  -0.00488195]
[0.00309314  0.00324392  0.00371538  0.0036228    0.00248052  0.00418783 
  0.00227295  0.00446149  0.00332773  0.00268805  0.00344803  0.00282069 
  0.00436664  0.00502394  0.00735876  0.0050592    0.008473      0.00780097]
[-0.0028803    -0.00091773  -0.0020935    -0.00183097  -0.00166876  -0.003155 
    0.00069129  -0.0008999    -0.00141666  -0.00075395  -0.00410123    0.00117356 
  -0.00030232  -0.00362961  -0.00452422  -0.0081402    -0.00433388  -0.00556157]
increment_20
[  0.00291492    0.00279131    0.00365093    0.00620188    0.00074545    0.00755112 
  -0.00119438    0.00628569    0.00352022  -0.00026934    0.00725382  -0.00168287 
    0.00647973    0.01292221    0.02143913    0.01240358    0.0244764      0.02290632]
[0.00326318  0.00365456  0.00676278  0.00287876  0.00232792  0.00393039 
  0.00366673  0.0046434    0.00307356  0.00093937  0.00550007  0.00219395 
  0.00143615  0.0049536    0.00389459  0.00486468  0.00634284  0.00542431]
[-0.00372618  -0.00389663  -0.00131376  -0.00594853  -0.00359482  -0.00557081 
  -0.00220925  -0.00535424  -0.00471731  -0.00498483  -0.00968512  -0.00396867 
  -0.00858073  -0.00691544  -0.01071083  -0.00272955  -0.01120787  -0.01098262]
[0.00326318  0.00365456  0.00676278  0.00287876  0.00232792  0.00393039 
  0.00366673  0.0046434    0.00307356  0.00093937  0.00550007  0.00219395 
  0.00143615  0.0049536    0.00389459  0.00486468  0.00634284  0.00542431]
[  0.0036409    -0.00084246  -0.00020928  -0.00097772    0.00316537    0.00055313 
  -0.00067427  -0.00499887  -0.00107351    0.00223727    0.0040881    -0.00118528 
  -0.00561449  -0.00507101  -0.00972417    0.00524223  -0.01402295  -0.0109047  ]
[0.00705322  0.00763279  0.00819869  0.00899934  0.00596354  0.00951917 
  0.00589391  0.01013879  0.00788829  0.00590251  0.0087171    0.00607664 
  0.01019469  0.01234172  0.01694525  0.01090523  0.01894888  0.01763625]
[-0.00372618  -0.00389663  -0.00131376  -0.00594853  -0.00359482  -0.00557081 
  -0.00220925  -0.00535424  -0.00471731  -0.00498483  -0.00968512  -0.00396867 
  -0.00858073  -0.00691544  -0.01071083  -0.00272955  -0.01120787  -0.01098262]
[0.00705322  0.00763279  0.00819869  0.00899934  0.00596354  0.00951917 
  0.00589391  0.01013879  0.00788829  0.00590251  0.0087171    0.00607664 
  0.01019469  0.01234172  0.01694525  0.01090523  0.01894888  0.01763625]
[-0.00655582  -0.00194885  -0.00344165  -0.00522416  -0.00391082  -0.00810425 
    0.00186865  -0.00128683  -0.00244672  -0.00196793  -0.01134191    0.00286815 
  -0.00086523  -0.00785119  -0.01171496  -0.01764582  -0.01045345  -0.01200162]
increment_30
[  0.00450275    0.00432135    0.00485056    0.01055024    0.00111315    0.01157024 
  -0.00140554    0.00936683    0.00545261  -0.00014668    0.01378675  -0.0027142 
    0.01079255    0.020475        0.03256655    0.01787594    0.03664443    0.03438096]
[0.00514599  0.00647432  0.01063917  0.00481712  0.00378164  0.00626324 
  0.00594698  0.00781566  0.00493484  0.00184416  0.00914086  0.0033917 
  0.00244835  0.00801044  0.00519692  0.00647774  0.00996216  0.00747209]
[-0.00582315  -0.00548369  -0.00167639  -0.00934244  -0.00559727  -0.00828836 
  -0.00380932  -0.00765667  -0.00746521  -0.00755224  -0.01582369  -0.00639476 
  -0.01347145  -0.01065565  -0.01563958  -0.00420526  -0.01587166  -0.0167292  ]
[0.00514599  0.00647432  0.01063917  0.00481712  0.00378164  0.00626324 
  0.00594698  0.00781566  0.00493484  0.00184416  0.00914086  0.0033917 
  0.00244835  0.00801044  0.00519692  0.00647774  0.00996216  0.00747209]
[  0.00596499  -0.00114863  -0.00037067  -0.00127584    0.00520505    0.00144782 
  -0.00183788  -0.00798297  -0.00186276    0.00402999    0.00546297  -0.00133211 
  -0.00877611  -0.00841595  -0.01364524    0.00844063  -0.02049191  -0.01634798]
[0.01111504  0.01216238  0.0125809    0.01463036  0.00948466  0.01481845 
  0.00981341  0.01580534  0.01264343  0.00934346  0.01468409  0.00950852 
  0.0163488    0.01986313  0.02591086  0.01642916  0.02897303  0.02709113]
[-0.00582315  -0.00548369  -0.00167639  -0.00934244  -0.00559727  -0.00828836 
  -0.00380932  -0.00765667  -0.00746521  -0.00755224  -0.01582369  -0.00639476 
  -0.01347145  -0.01065565  -0.01563958  -0.00420526  -0.01587166  -0.0167292  ]
[0.01111504  0.01216238  0.0125809    0.01463036  0.00948466  0.01481845 
  0.00981341  0.01580534  0.01264343  0.00934346  0.01468409  0.00950852 
  0.0163488    0.01986313  0.02591086  0.01642916  0.02897303  0.02709113]
[-0.01046774  -0.00317271  -0.00447989  -0.0092744    -0.0063182    -0.01301806 
    0.00324342  -0.00138387  -0.00358985  -0.00388331  -0.01924972    0.00404632 
  -0.00201644  -0.01205905  -0.01892131  -0.02631657  -0.01615252  -0.01803298]
increment_40
[  0.00622711    0.00600496    0.0058625      0.01509906    0.00164045    0.01532182 
  -0.0015301      0.01247311    0.00774353    0.0009777      0.02165689  -0.00323292 
    0.01603841    0.02843229    0.04240026    0.02231137    0.04807235    0.044586    ]
[0.0071188    0.00963313  0.01455746  0.00683622  0.00540711  0.00845993 
  0.00844205  0.01119711  0.00680496  0.00317618  0.01278637  0.00462492 
  0.00367099  0.01115362  0.00586432  0.00767812  0.01338967  0.00870881]
[-0.00789816  -0.00683519  -0.00191083  -0.01260053  -0.0075476    -0.01097026 
  -0.00533818  -0.00971361  -0.01037938  -0.0101624    -0.02164343  -0.00918617 
  -0.01844658  -0.01424866  -0.01985284  -0.00576256  -0.01988196  -0.02211144]
[0.0071188    0.00963313  0.01455746  0.00683622  0.00540711  0.00845993 
  0.00844205  0.01119711  0.00680496  0.00317618  0.01278637  0.00462492 
  0.00367099  0.01115362  0.00586432  0.00767812  0.01338967  0.00870881]
[  0.00842068  -0.00154181  -0.00065991  -0.00135674    0.00728246    0.00232028 
  -0.00342658  -0.01131769  -0.00279187    0.00568809    0.00591235  -0.00155211 
  -0.0122146    -0.01205003  -0.01632435    0.01180627  -0.02657861  -0.02108761]
[0.01526682  0.01686278  0.01692202  0.02036891  0.01316494  0.02007939 
  0.01390479  0.02156498  0.01766067  0.01329296  0.0214114    0.01322768 
  0.02301959  0.02771211  0.03415659  0.02155486  0.03869003  0.03597213]
[-0.00789816  -0.00683519  -0.00191083  -0.01260053  -0.0075476    -0.01097026 
  -0.00533818  -0.00971361  -0.01037938  -0.0101624    -0.02164343  -0.00918617 
  -0.01844658  -0.01424866  -0.01985284  -0.00576256  -0.01988196  -0.02211144]
[0.01526682  0.01686278  0.01692202  0.02036891  0.01316494  0.02007939 
  0.01390479  0.02156498  0.01766067  0.01329296  0.0214114    0.01322768 
  0.02301959  0.02771211  0.03415659  0.02155486  0.03869003  0.03597213]
[-0.01464779  -0.00446315  -0.00520259  -0.01374232  -0.00892291  -0.01764209 
    0.00495668  -0.00115542  -0.00495166  -0.0066658    -0.02756924    0.00478503 
  -0.00382381  -0.01638226  -0.02607591  -0.03411764  -0.02149375  -0.02349839]
increment_50
[  0.00799426    0.00777007    0.0066869      0.01968968    0.0023886      0.01875684 
  -0.00160656    0.01559671    0.01035761    0.00320715    0.03076166  -0.00326026 
    0.02218671    0.03682752    0.05075363    0.02579584    0.05885389    0.05339191]
[0.00915667  0.0130253    0.01850352  0.00889334  0.00721751  0.0105064 
  0.01113045  0.01471411  0.00869207  0.00492158  0.0164036    0.005906 
  0.005082      0.01437839  0.00610576  0.00850633  0.01657503  0.00933778]
[-0.00994949  -0.00801133  -0.00204323  -0.01569756  -0.00946353  -0.01362736 
  -0.00676326  -0.01157364  -0.01341163  -0.0128387    -0.02679169  -0.01224469 
  -0.02340853  -0.01765364  -0.02349722  -0.00744146  -0.02341321  -0.02710607]
[0.00915667  0.0130253    0.01850352  0.00889334  0.00721751  0.0105064 
  0.01113045  0.01471411  0.00869207  0.00492158  0.0164036    0.005906 
  0.005082      0.01437839  0.00610576  0.00850633  0.01657503  0.00933778]
[  0.01104659  -0.00207209  -0.00109882  -0.00119747    0.00930961    0.00322328 
  -0.00539182  -0.01500209  -0.00386673    0.0070597      0.00551975  -0.00192804 
  -0.01590246  -0.01605639  -0.01785142    0.0153718    -0.03238794  -0.02498563]
[0.01946717  0.02169238  0.02122572  0.02614535  0.01704543  0.02526797 
  0.01811773  0.02740191  0.02291522  0.01783039  0.02890138  0.01724412 
  0.0301976    0.0359051    0.04162928  0.02628635  0.04816491  0.04418863]
[-0.00994949  -0.00801133  -0.00204323  -0.01569756  -0.00946353  -0.01362736 
  -0.00676326  -0.01157364  -0.01341163  -0.0128387    -0.02679169  -0.01224469 
  -0.02340853  -0.01765364  -0.02349722  -0.00744146  -0.02341321  -0.02710607]
[0.01946717  0.02169238  0.02122572  0.02614535  0.01704543  0.02526797 
  0.01811773  0.02740191  0.02291522  0.01783039  0.02890138  0.01724412 
  0.0301976    0.0359051    0.04162928  0.02628635  0.04816491  0.04418863]
[-0.01904085  -0.00569797  -0.00558808  -0.01849222  -0.01169821  -0.02198012 
    0.00699838  -0.00059462  -0.00649088  -0.01026684  -0.03628141    0.0051883 
  -0.00628425  -0.02077114  -0.03290221  -0.04116764  -0.02646595  -0.02840627]
increment_60
[  0.009767        0.00957046    0.00736442    0.02424174    0.00340525    0.02190037 
  -0.00163223    0.01876814    0.01323508    0.00646929    0.04090594  -0.00288525 
    0.02912412    0.04561718    0.05776085    0.02842363    0.06913178    0.06096729]
[0.01124661  0.01656715  0.02247542  0.01095206  0.00920603  0.01241463 
  0.01397251  0.01830383  0.01058487  0.00700435  0.01995729  0.00722271 
  0.00661007  0.01768925  0.00612441  0.00900417  0.01945593  0.00963363]
[-0.01198252  -0.00906334  -0.00209604  -0.01864132  -0.01136717  -0.01626264 
  -0.00810075  -0.01330114  -0.01652243  -0.01557503  -0.03105344  -0.01546329 
  -0.02829728  -0.0207754    -0.02674541  -0.00925187  -0.02659139  -0.03174249]
[0.01124661  0.01656715  0.02247542  0.01095206  0.00920603  0.01241463 
  0.01397251  0.01830383  0.01058487  0.00700435  0.01995729  0.00722271 
  0.00661007  0.01768925  0.00612441  0.00900417  0.01945593  0.00963363]
[  0.01385294  -0.002761      -0.00168795  -0.00080772    0.01124022    0.00423088 
  -0.00772611  -0.01900091  -0.00503347    0.00811749    0.00443143  -0.00256611 
  -0.01980935  -0.02048284  -0.01849479    0.01913022  -0.03810677  -0.0280653  ]
[0.02369673  0.02661925  0.02550779  0.03192519  0.02115343  0.03037664 
  0.02243339  0.03331196  0.02836735  0.02293409  0.03708144  0.02154947 
  0.03782875  0.04442125  0.04843373  0.03064749  0.05749063  0.05180634]
[-0.01198252  -0.00906334  -0.00209604  -0.01864132  -0.01136717  -0.01626264 
  -0.00810075  -0.01330114  -0.01652243  -0.01557503  -0.03105344  -0.01546329 
  -0.02829728  -0.0207754    -0.02674541  -0.00925187  -0.02659139  -0.03174249]
[0.02369673  0.02661925  0.02550779  0.03192519  0.02115343  0.03037664 
  0.02243339  0.03331196  0.02836735  0.02293409  0.03708144  0.02154947 
  0.03782875  0.04442125  0.04843373  0.03064749  0.05749063  0.05180634]
[-0.02361995  -0.00680947  -0.00567647  -0.02343402  -0.01464547  -0.02613125 
    0.00935834    0.00023277  -0.0082016    -0.01458677  -0.04533736    0.00545136 
  -0.00931477  -0.02513434  -0.03926606  -0.04755384  -0.03102501  -0.03290199]
increment_70
[  0.01156023    0.01137957    0.00795591    0.02869739    0.00475217    0.02483673 
  -0.00158416    0.02205226    0.01631899    0.01059178    0.05180026  -0.00223118 
    0.03669229    0.05472811    0.06368747    0.03041182    0.0791096      0.06765518]
[0.01338653  0.02020351  0.02647426  0.01298402  0.01136671  0.01422352 
  0.01693479  0.02191753  0.01245619  0.00931519  0.02341442  0.00856067 
  0.00819043  0.02103601  0.00604538  0.00922895  0.02194507  0.00976952]
[-0.01400337  -0.01003053  -0.00208679  -0.02144535  -0.01328109  -0.01887215 
  -0.00937518  -0.01495958  -0.01969008  -0.01835303  -0.03440471  -0.0187923 
  -0.03307686  -0.02352822  -0.02973217  -0.01117619  -0.02946728  -0.03608451]
[0.01338653  0.02020351  0.02647426  0.01298402  0.01136671  0.01422352 
  0.01693479  0.02191753  0.01245619  0.00931519  0.02341442  0.00856067 
  0.00819043  0.02103601  0.00604538  0.00922895  0.02194507  0.00976952]
[  0.01682369  -0.00363309  -0.00240985  -0.00019398    0.01303769    0.00540478 
  -0.01044107  -0.02329        -0.00619131    0.00893499    0.00286871  -0.00354479 
  -0.02392998  -0.02535186  -0.01852105    0.02303771  -0.04391701  -0.03046401]
[0.02796487  0.03162635  0.02978649  0.0376847    0.02552098  0.03542709 
  0.02684994  0.03930908  0.033975      0.02851664  0.04579768  0.02611638 
  0.04584768  0.0532228    0.05472637  0.03472997  0.06678379  0.05898343]
[-0.01400337  -0.01003053  -0.00208679  -0.02144535  -0.01328109  -0.01887215 
  -0.00937518  -0.01495958  -0.01969008  -0.01835303  -0.03440471  -0.0187923 
  -0.03307686  -0.02352822  -0.02973217  -0.01117619  -0.02946728  -0.03608451]
[0.02796487  0.03162635  0.02978649  0.0376847    0.02552098  0.03542709 
  0.02684994  0.03930908  0.033975      0.02851664  0.04579768  0.02611638 
  0.04584768  0.0532228    0.05472637  0.03472997  0.06678379  0.05898343]
[-0.02838391  -0.00774649  -0.00554606  -0.0285034    -0.01778986  -0.0302415 
    0.01202523    0.00123775  -0.01012768  -0.01952676  -0.05466897    0.00577597 
  -0.01276231  -0.02937625  -0.04516642  -0.05344953  -0.03519259  -0.03719117]
increment_80
[  0.01341258    0.01318879    0.00851591    0.03300717    0.00650199    0.02772569 
  -0.0014552      0.02555111    0.01955896    0.01536779    0.06302321  -0.00142634 
    0.04472309    0.06400557    0.06883338    0.03205944    0.08892295    0.07386113]
[0.01557693  0.02390979  0.03049802  0.0149744    0.01368098  0.01601057 
  0.01996551  0.02553652  0.01427764  0.01175263  0.02674934  0.00992688 
  0.00977449  0.0242937    0.00592574  0.00924196  0.02393994  0.0098252  ]
[-0.01602123  -0.01093252  -0.00203116  -0.02411508  -0.01523834  -0.02143693 
  -0.01062492  -0.01659062  -0.02290411  -0.02114049  -0.03701664  -0.02220224 
  -0.03772558  -0.02583084  -0.03256354  -0.01317382  -0.03200297  -0.04020671]
[0.01557693  0.02390979  0.03049802  0.0149744    0.01368098  0.01601057 
  0.01996551  0.02553652  0.01427764  0.01175263  0.02674934  0.00992688 
  0.00977449  0.0242937    0.00592574  0.00924196  0.02393994  0.0098252  ]
[  0.01992787  -0.00471446  -0.0032486      0.00065432    0.0146722      0.00678418 
  -0.01352746  -0.02785263  -0.00724887    0.0096307      0.00116608  -0.00490005 
  -0.02825323  -0.03062517  -0.01815827    0.02701571  -0.04992528  -0.03237528]
[0.03229573  0.03670756  0.03407737  0.04340382  0.03018243  0.04047972 
  0.03136367  0.04542592  0.03970274  0.03446833  0.05479246  0.03090853 
  0.05418913  0.06222983  0.06067393  0.03867712  0.07612458  0.06591736]
[-0.01602123  -0.01093252  -0.00203116  -0.02411508  -0.01523834  -0.02143693 
  -0.01062492  -0.01659062  -0.02290411  -0.02114049  -0.03701664  -0.02220224 
  -0.03772558  -0.02583084  -0.03256354  -0.01317382  -0.03200297  -0.04020671]
[0.03229573  0.03670756  0.03407737  0.04340382  0.03018243  0.04047972 
  0.03136367  0.04542592  0.03970274  0.03446833  0.05479246  0.03090853 
  0.05418913  0.06222983  0.06067393  0.03867712  0.07612458  0.06591736]
[-0.03334045  -0.00847433  -0.00526731  -0.03366149  -0.0211742    -0.03450987 
    0.01498266    0.00230151  -0.01231009  -0.02499849  -0.06418929    0.00632639 
  -0.01646986  -0.0333804    -0.05067511  -0.05907514  -0.03899767  -0.04148585]
increment_90
[  0.01535744    0.01500897    0.00906757    0.03716105    0.00869526    0.03074641 
  -0.00126885    0.02935061    0.02295386    0.02067558    0.07406957  -0.00054927 
    0.05313139    0.0731496      0.07350301    0.03362029    0.09849297    0.07997012]
[0.01781898  0.02768547  0.03453988  0.0169236    0.01610288  0.0178704 
  0.02300126  0.029159      0.01605156  0.0142563    0.02993587  0.01134961 
  0.01134551  0.02731759  0.00579296  0.00908168  0.02540341  0.00982342]
[-0.01804375  -0.01177112  -0.00194012  -0.02665339  -0.01727363  -0.02392458 
  -0.01188195  -0.01820731  -0.02615269  -0.02391196  -0.03906292  -0.02566752 
  -0.04222325  -0.0276254    -0.0353192    -0.01521282  -0.03413299  -0.04417681]
[0.01781898  0.02768547  0.03453988  0.0169236    0.01610288  0.0178704 
  0.02300126  0.029159      0.01605156  0.0142563    0.02993587  0.01134961 
  0.01134551  0.02731759  0.00579296  0.00908168  0.02540341  0.00982342]
[  0.02314324  -0.00603761  -0.00419256    0.00174175    0.01614638    0.00839366 
  -0.01694354  -0.03267237  -0.00818777    0.01027054  -0.00030901  -0.00664836 
  -0.03276615  -0.03618412  -0.01758805    0.03099788  -0.0561144    -0.03399549]
[0.0367103    0.04186472  0.03838535  0.04908118  0.03514775  0.04561026 
  0.0359561    0.05169021  0.0455485    0.04072546  0.06376787  0.03590281 
  0.06282376  0.0712906    0.06643751  0.04261667  0.08547882  0.07279954]
[-0.01804375  -0.01177112  -0.00194012  -0.02665339  -0.01727363  -0.02392458 
  -0.01188195  -0.01820731  -0.02615269  -0.02391196  -0.03906292  -0.02566752 
  -0.04222325  -0.0276254    -0.0353192    -0.01521282  -0.03413299  -0.04417681]
[0.0367103    0.04186472  0.03838535  0.04908118  0.03514775  0.04561026 
  0.0359561    0.05169021  0.0455485    0.04072546  0.06376787  0.03590281 
  0.06282376  0.0712906    0.06643751  0.04261667  0.08547882  0.07279954]
[-0.03850068  -0.00897136  -0.00487501  -0.03890279  -0.02484164  -0.03914007 
    0.01821239    0.00332176  -0.01476609  -0.03094612  -0.07376055    0.00719763 
  -0.02036524  -0.03696548  -0.05591496  -0.06461817  -0.04237856  -0.04597464]
increment_100
[  0.01742324    0.01685023    0.00961368    0.04118323    0.01130905    0.03400906 
  -0.00105849    0.03348684    0.02650978    0.02650265    0.08453332    0.00039577 
    0.06188348    0.08182754    0.07794637    0.03521139    0.10764999    0.08620498]
[0.02011575  0.03154757  0.03859459  0.01883919  0.0185673    0.01986722 
  0.02599418  0.03277898  0.01779814  0.01681023  0.03293014  0.01285044 
  0.01290614  0.03004868  0.0056606    0.00879505  0.0264013    0.00975656]
[-0.02008184  -0.01252531  -0.00181718  -0.02906125  -0.01940603  -0.02631112 
  -0.01315141  -0.0198068    -0.02941195  -0.0266457    -0.04063671  -0.0291784 
  -0.04653705  -0.02893468  -0.03805958  -0.01728245  -0.03585999  -0.04802923]
[0.02011575  0.03154757  0.03859459  0.01883919  0.0185673    0.01986722 
  0.02599418  0.03277898  0.01779814  0.01681023  0.03293014  0.01285044 
  0.01290614  0.03004868  0.0056606    0.00879505  0.0264013    0.00975656]
[  0.02645761  -0.00763612  -0.00523195    0.00306309    0.01751243    0.01023851 
  -0.02063556  -0.03773734  -0.0090219      0.01084383  -0.00130366  -0.00879542 
  -0.03745791  -0.0418697    -0.01694813    0.03496671  -0.06241303  -0.03543639]
[0.04122252  0.04709456  0.04270804  0.0547302    0.04038871  0.05087061 
  0.04060198  0.0581132    0.05151762  0.04728367  0.07250095  0.04109854 
  0.07173891  0.08023178  0.07214657  0.04660937  0.09475816  0.07973843]
[-0.02008184  -0.01252531  -0.00181718  -0.02906125  -0.01940603  -0.02631112 
  -0.01315141  -0.0198068    -0.02941195  -0.0266457    -0.04063671  -0.0291784 
  -0.04653705  -0.02893468  -0.03805958  -0.01728245  -0.03585999  -0.04802923]
[0.04122252  0.04709456  0.04270804  0.0547302    0.04038871  0.05087061 
  0.04060198  0.0581132    0.05151762  0.04728367  0.07250095  0.04109854 
  0.07173891  0.08023178  0.07214657  0.04660937  0.09475816  0.07973843]
[-0.04388084  -0.00921411  -0.00438173  -0.04424631  -0.02882148  -0.04424756 
    0.02169405    0.0042505    -0.01748788  -0.03734648  -0.08322967    0.00839965 
  -0.02442558  -0.03995784  -0.06099824  -0.07017809  -0.04523696  -0.05076859]
increment_110
[  0.01964485    0.01872731    0.01016295    0.04510328    0.01430799    0.03754495 
  -0.00085181    0.03797338    0.03021979    0.03285738    0.09421619    0.00143603 
    0.07092182    0.08984557    0.08233475    0.03680288    0.11632659    0.09260272]
[0.02247781  0.03551771  0.0426666    0.02072386  0.02102221  0.02202741 
  0.02892824  0.03638302  0.01953179  0.01941757  0.03565561  0.01442895 
  0.01446072  0.03252892  0.00552783  0.00847635  0.02704553  0.00960275]
[-0.02214329  -0.01316513  -0.00165881  -0.03133977  -0.02163205  -0.02858289 
  -0.01440939  -0.02138766  -0.03265741  -0.02930636  -0.0418325    -0.03273345 
  -0.0506295    -0.02985387  -0.04084399  -0.01937021  -0.03724745  -0.05177144]
[0.02247781  0.03551771  0.0426666    0.02072386  0.02102221  0.02202741 
  0.02892824  0.03638302  0.01953179  0.01941757  0.03565561  0.01442895 
  0.01446072  0.03252892  0.00552783  0.00847635  0.02704553  0.00960275]
[  0.02986653  -0.00953392  -0.00635539    0.00461165    0.01885175    0.01231676 
  -0.02455266  -0.04305353  -0.00975768    0.0113362    -0.0017044    -0.0113258 
  -0.04233112  -0.0475685    -0.01636309    0.03893552  -0.06879417  -0.03671432]
[0.04584569  0.05239043  0.04704712  0.06036627  0.04586696  0.05627954 
  0.04527897  0.06470315  0.05760727  0.05415119  0.08088136  0.04650163 
  0.08091408  0.08894392  0.07789407  0.0506467    0.10392359  0.0867465  ]
[-0.02214329  -0.01316513  -0.00165881  -0.03133977  -0.02163205  -0.02858289 
  -0.01440939  -0.02138766  -0.03265741  -0.02930636  -0.0418325    -0.03273345 
  -0.0506295    -0.02985387  -0.04084399  -0.01937021  -0.03724745  -0.05177144]
[0.04584569  0.05239043  0.04704712  0.06036627  0.04586696  0.05627954 
  0.04527897  0.06470315  0.05760727  0.05415119  0.08088136  0.04650163 
  0.08091408  0.08894392  0.07789407  0.0506467    0.10392359  0.0867465  ]
[-0.04951138  -0.00919339  -0.00380756  -0.04971494  -0.03315973  -0.04986171 
    0.02540447    0.00508015  -0.02046211  -0.04419358  -0.09251179    0.00988977 
  -0.0285907    -0.04227707  -0.06597167  -0.07573841  -0.04753242  -0.0558884  ]
increment_120
[  0.02204579    0.0206552      0.01073565    0.04894006    0.01767853    0.04140142 
  -0.00067707    0.0428394      0.0340807      0.03970945    0.10306877    0.00260619 
    0.08013915    0.09715313    0.08680496    0.03829566    0.12457531    0.09910394]
[0.02492339  0.03959733  0.04676593  0.02257453  0.02344921  0.02436955 
  0.03180451  0.03995404  0.02126482  0.02207964  0.03804694  0.01608958 
  0.01601156  0.03484435  0.00538206  0.00824195  0.0274367    0.00933557]
[-0.02422447  -0.01367559  -0.0014612    -0.03349046  -0.02392296  -0.03072782 
  -0.01562299  -0.02295566  -0.03586639  -0.03184449  -0.04276803  -0.03632488 
  -0.05446785  -0.03047767  -0.04372344  -0.02145087  -0.03836911  -0.0554103  ]
[0.02492339  0.03959733  0.04676593  0.02257453  0.02344921  0.02436955 
  0.03180451  0.03995404  0.02126482  0.02207964  0.03804694  0.01608958 
  0.01601156  0.03484435  0.00538206  0.00824195  0.0274367    0.00933557]
[  0.03338896  -0.01171511  -0.00755862    0.00638485    0.02024602    0.0146078 
  -0.02864798  -0.0486497    -0.01039088    0.01176747  -0.00148811  -0.01424404 
  -0.04740523  -0.05323822  -0.01594195    0.04292313  -0.07529968  -0.03780573]
[0.05058406  0.05774107  0.05141174  0.06599956  0.05155674  0.06186555 
  0.0499671    0.07147812  0.06381449  0.06131717  0.08887556  0.05212619 
  0.09031411  0.09738913  0.08375514  0.05468967  0.11299931  0.09378859]
[-0.02422447  -0.01367559  -0.0014612    -0.03349046  -0.02392296  -0.03072782 
  -0.01562299  -0.02295566  -0.03586639  -0.03184449  -0.04276803  -0.03632488 
  -0.05446785  -0.03047767  -0.04372344  -0.02145087  -0.03836911  -0.0554103  ]
[0.05058406  0.05774107  0.05141174  0.06599956  0.05155674  0.06186555 
  0.0499671    0.07147812  0.06381449  0.06131717  0.08887556  0.05212619 
  0.09031411  0.09738913  0.08375514  0.05468967  0.11299931  0.09378859]
[-0.05543475  -0.00894008  -0.00317703  -0.05532491  -0.03792455  -0.05600922 
    0.02932504    0.0058103    -0.02368982  -0.05147692  -0.10158066    0.01163785 
  -0.03273392  -0.04391491  -0.07086301  -0.08121879  -0.04927563  -0.06129821]
