inc
eps_11
eps_12
eps_13
eps_21
eps_22
eps_23
eps_31
eps_32
eps_33
increment_0
[4.31038994e-17  4.31038994e-17  4.31038994e-17  4.31038994e-17 
  4.31038994e-17  4.31038994e-17  4.31038994e-17  4.31038994e-17 
  4.31038994e-17  4.31038994e-17  4.31038994e-17  4.31038994e-17 
  4.31038994e-17  4.31038994e-17  4.31038994e-17  4.31038994e-17 
  4.31038994e-17  4.31038994e-17  4.31038994e-17  4.31038994e-17 
  4.31038994e-17  4.31038994e-17  4.31038994e-17  4.31038994e-17 
  4.31038994e-17  4.31038994e-17  4.31038994e-17  4.31038994e-17 
  4.31038994e-17  4.31038994e-17  4.31038994e-17  4.31038994e-17 
  4.31038994e-17  4.31038994e-17  4.31038994e-17  4.31038994e-17]
[-6.78704507e-17  -6.78704507e-17  -6.78704507e-17  -6.78704507e-17 
  -6.78704507e-17  -6.78704507e-17  -6.78704507e-17  -6.78704507e-17 
  -6.78704507e-17  -6.78704507e-17  -6.78704507e-17  -6.78704507e-17 
  -6.78704507e-17  -6.78704507e-17  -6.78704507e-17  -6.78704507e-17 
  -6.78704507e-17  -6.78704507e-17  -6.78704507e-17  -6.78704507e-17 
  -6.78704507e-17  -6.78704507e-17  -6.78704507e-17  -6.78704507e-17 
  -6.78704507e-17  -6.78704507e-17  -6.78704507e-17  -6.78704507e-17 
  -6.78704507e-17  -6.78704507e-17  -6.78704507e-17  -6.78704507e-17 
  -6.78704507e-17  -6.78704507e-17  -6.78704507e-17  -6.78704507e-17]
[8.79327706e-17  8.79327706e-17  8.79327706e-17  8.79327706e-17 
  8.79327706e-17  8.79327706e-17  8.79327706e-17  8.79327706e-17 
  8.79327706e-17  8.79327706e-17  8.79327706e-17  8.79327706e-17 
  8.79327706e-17  8.79327706e-17  8.79327706e-17  8.79327706e-17 
  8.79327706e-17  8.79327706e-17  8.79327706e-17  8.79327706e-17 
  8.79327706e-17  8.79327706e-17  8.79327706e-17  8.79327706e-17 
  8.79327706e-17  8.79327706e-17  8.79327706e-17  8.79327706e-17 
  8.79327706e-17  8.79327706e-17  8.79327706e-17  8.79327706e-17 
  8.79327706e-17  8.79327706e-17  8.79327706e-17  8.79327706e-17]
[-6.78704507e-17  -6.78704507e-17  -6.78704507e-17  -6.78704507e-17 
  -6.78704507e-17  -6.78704507e-17  -6.78704507e-17  -6.78704507e-17 
  -6.78704507e-17  -6.78704507e-17  -6.78704507e-17  -6.78704507e-17 
  -6.78704507e-17  -6.78704507e-17  -6.78704507e-17  -6.78704507e-17 
  -6.78704507e-17  -6.78704507e-17  -6.78704507e-17  -6.78704507e-17 
  -6.78704507e-17  -6.78704507e-17  -6.78704507e-17  -6.78704507e-17 
  -6.78704507e-17  -6.78704507e-17  -6.78704507e-17  -6.78704507e-17 
  -6.78704507e-17  -6.78704507e-17  -6.78704507e-17  -6.78704507e-17 
  -6.78704507e-17  -6.78704507e-17  -6.78704507e-17  -6.78704507e-17]
[-1.90792032e-16  -1.90792032e-16  -1.90792032e-16  -1.90792032e-16 
  -1.90792032e-16  -1.90792032e-16  -1.90792032e-16  -1.90792032e-16 
  -1.90792032e-16  -1.90792032e-16  -1.90792032e-16  -1.90792032e-16 
  -1.90792032e-16  -1.90792032e-16  -1.90792032e-16  -1.90792032e-16 
  -1.90792032e-16  -1.90792032e-16  -1.90792032e-16  -1.90792032e-16 
  -1.90792032e-16  -1.90792032e-16  -1.90792032e-16  -1.90792032e-16 
  -1.90792032e-16  -1.90792032e-16  -1.90792032e-16  -1.90792032e-16 
  -1.90792032e-16  -1.90792032e-16  -1.90792032e-16  -1.90792032e-16 
  -1.90792032e-16  -1.90792032e-16  -1.90792032e-16  -1.90792032e-16]
[2.66403256e-17  2.66403256e-17  2.66403256e-17  2.66403256e-17 
  2.66403256e-17  2.66403256e-17  2.66403256e-17  2.66403256e-17 
  2.66403256e-17  2.66403256e-17  2.66403256e-17  2.66403256e-17 
  2.66403256e-17  2.66403256e-17  2.66403256e-17  2.66403256e-17 
  2.66403256e-17  2.66403256e-17  2.66403256e-17  2.66403256e-17 
  2.66403256e-17  2.66403256e-17  2.66403256e-17  2.66403256e-17 
  2.66403256e-17  2.66403256e-17  2.66403256e-17  2.66403256e-17 
  2.66403256e-17  2.66403256e-17  2.66403256e-17  2.66403256e-17 
  2.66403256e-17  2.66403256e-17  2.66403256e-17  2.66403256e-17]
[8.79327706e-17  8.79327706e-17  8.79327706e-17  8.79327706e-17 
  8.79327706e-17  8.79327706e-17  8.79327706e-17  8.79327706e-17 
  8.79327706e-17  8.79327706e-17  8.79327706e-17  8.79327706e-17 
  8.79327706e-17  8.79327706e-17  8.79327706e-17  8.79327706e-17 
  8.79327706e-17  8.79327706e-17  8.79327706e-17  8.79327706e-17 
  8.79327706e-17  8.79327706e-17  8.79327706e-17  8.79327706e-17 
  8.79327706e-17  8.79327706e-17  8.79327706e-17  8.79327706e-17 
  8.79327706e-17  8.79327706e-17  8.79327706e-17  8.79327706e-17 
  8.79327706e-17  8.79327706e-17  8.79327706e-17  8.79327706e-17]
[2.66403256e-17  2.66403256e-17  2.66403256e-17  2.66403256e-17 
  2.66403256e-17  2.66403256e-17  2.66403256e-17  2.66403256e-17 
  2.66403256e-17  2.66403256e-17  2.66403256e-17  2.66403256e-17 
  2.66403256e-17  2.66403256e-17  2.66403256e-17  2.66403256e-17 
  2.66403256e-17  2.66403256e-17  2.66403256e-17  2.66403256e-17 
  2.66403256e-17  2.66403256e-17  2.66403256e-17  2.66403256e-17 
  2.66403256e-17  2.66403256e-17  2.66403256e-17  2.66403256e-17 
  2.66403256e-17  2.66403256e-17  2.66403256e-17  2.66403256e-17 
  2.66403256e-17  2.66403256e-17  2.66403256e-17  2.66403256e-17]
[-1.88453209e-17  -1.88453209e-17  -1.88453209e-17  -1.88453209e-17 
  -1.88453209e-17  -1.88453209e-17  -1.88453209e-17  -1.88453209e-17 
  -1.88453209e-17  -1.88453209e-17  -1.88453209e-17  -1.88453209e-17 
  -1.88453209e-17  -1.88453209e-17  -1.88453209e-17  -1.88453209e-17 
  -1.88453209e-17  -1.88453209e-17  -1.88453209e-17  -1.88453209e-17 
  -1.88453209e-17  -1.88453209e-17  -1.88453209e-17  -1.88453209e-17 
  -1.88453209e-17  -1.88453209e-17  -1.88453209e-17  -1.88453209e-17 
  -1.88453209e-17  -1.88453209e-17  -1.88453209e-17  -1.88453209e-17 
  -1.88453209e-17  -1.88453209e-17  -1.88453209e-17  -1.88453209e-17]
increment_10
[-2.38161327e-05    1.08623823e-03  -1.29678450e-05    3.00703856e-04 
  -1.04630443e-04    1.81720242e-04  -3.15946666e-05    3.24139804e-04 
  -3.43553936e-04  -9.56565429e-05    2.16059449e-06  -1.67367966e-04 
  -4.02871714e-05  -4.62808004e-04  -7.69741902e-04  -6.00087944e-05 
  -4.70042313e-04  -7.34719105e-05  -7.25649382e-04  -1.43369251e-04 
  -1.36965088e-03  -4.63097349e-04  -3.30392376e-04  -1.00639130e-03 
  -5.51562285e-04  -1.89185426e-03  -1.69596528e-03  -1.05070911e-03 
  -1.51483273e-03  -1.11536945e-03  -1.19259886e-03  -1.75722396e-03 
  -1.11192515e-03  -1.25220991e-03  -1.02857670e-03  -1.88639902e-03]
[-0.00302728  -0.00335148  -0.00289892  -0.00256031  -0.00230245  -0.00260636 
  -0.00266075  -0.0030937    -0.00261426  -0.00236161  -0.0022524    -0.00253461 
  -0.0024885    -0.00281108  -0.00281637  -0.00209357  -0.00256843  -0.0022432 
  -0.00235939  -0.00216695  -0.00242576  -0.00235601  -0.0021541    -0.002276 
  -0.00228367  -0.00238384  -0.00236263  -0.00285103  -0.00259262  -0.00210103 
  -0.00209234  -0.00233892  -0.00222625  -0.0024611    -0.00199102  -0.00204597]
[  1.43960088e-03    7.56577993e-04    1.19381722e-03    4.10603913e-04 
    2.29855695e-04    5.95674373e-04    6.68763272e-04    8.60228588e-04 
    3.46234333e-04    3.93473022e-04    1.01162863e-04    4.09136875e-04 
    3.77626027e-04    7.36762561e-04    3.91956250e-04  -1.10951512e-05 
    4.09417427e-04    2.24111895e-05  -1.67535633e-04  -1.51341444e-04 
  -3.25684336e-04    2.47681602e-04  -2.42978161e-04  -4.16474276e-04 
  -1.06601059e-04  -6.77601443e-04  -5.56709516e-04    6.57975492e-04 
  -8.68276333e-05  -7.44533527e-04  -7.45199987e-04  -5.56770620e-04 
  -4.90971371e-04  -3.39738145e-04  -9.33859883e-04  -8.43477920e-04]
[-0.00302728  -0.00335148  -0.00289892  -0.00256031  -0.00230245  -0.00260636 
  -0.00266075  -0.0030937    -0.00261426  -0.00236161  -0.0022524    -0.00253461 
  -0.0024885    -0.00281108  -0.00281637  -0.00209357  -0.00256843  -0.0022432 
  -0.00235939  -0.00216695  -0.00242576  -0.00235601  -0.0021541    -0.002276 
  -0.00228367  -0.00238384  -0.00236263  -0.00285103  -0.00259262  -0.00210103 
  -0.00209234  -0.00233892  -0.00222625  -0.0024611    -0.00199102  -0.00204597]
[-0.00601259  -0.00633835  -0.00572225  -0.00534039  -0.00449062  -0.00531839 
  -0.00525889  -0.00572865  -0.00482848  -0.00461872  -0.00447793  -0.00489222 
  -0.00492554  -0.00514946  -0.00485043  -0.00412015  -0.00465956  -0.00440502 
  -0.00398934  -0.00418372  -0.00348098  -0.00424318  -0.00397248  -0.00354363 
  -0.00401127  -0.0028761    -0.00302943  -0.00464591  -0.00366943  -0.00308549 
  -0.00299118  -0.00292083  -0.00333923  -0.00366854  -0.00295195  -0.00220591]
[-2.94564069e-05  -5.70191349e-04  -4.31478646e-05  -1.64603019e-04 
  -4.65150534e-05  -1.06354879e-04  -3.78303520e-05  -2.37892507e-04 
  -1.99689567e-04  -4.86414779e-05  -7.42034485e-06  -8.64520842e-05 
  -2.52929951e-05  -2.40131587e-04  -5.73677226e-04  -2.59264151e-05 
  -2.35736467e-04  -3.40582713e-05  -3.56415889e-04  -6.73546599e-05 
  -6.75012319e-04  -2.27952865e-04  -1.58730463e-04  -4.92697497e-04 
  -2.70506875e-04  -9.31219461e-04  -8.35598691e-04  -5.27636181e-04 
  -7.48796876e-04  -5.44851509e-04  -5.83325007e-04  -8.64060613e-04 
  -5.45730815e-04  -6.20074419e-04  -5.00917580e-04  -7.51005870e-04]
[  1.43960088e-03    7.56577993e-04    1.19381722e-03    4.10603913e-04 
    2.29855695e-04    5.95674373e-04    6.68763272e-04    8.60228588e-04 
    3.46234333e-04    3.93473022e-04    1.01162863e-04    4.09136875e-04 
    3.77626027e-04    7.36762561e-04    3.91956250e-04  -1.10951512e-05 
    4.09417427e-04    2.24111895e-05  -1.67535633e-04  -1.51341444e-04 
  -3.25684336e-04    2.47681602e-04  -2.42978161e-04  -4.16474276e-04 
  -1.06601059e-04  -6.77601443e-04  -5.56709516e-04    6.57975492e-04 
  -8.68276333e-05  -7.44533527e-04  -7.45199987e-04  -5.56770620e-04 
  -4.90971371e-04  -3.39738145e-04  -9.33859883e-04  -8.43477920e-04]
[-2.94564069e-05  -5.70191349e-04  -4.31478646e-05  -1.64603019e-04 
  -4.65150534e-05  -1.06354879e-04  -3.78303520e-05  -2.37892507e-04 
  -1.99689567e-04  -4.86414779e-05  -7.42034485e-06  -8.64520842e-05 
  -2.52929951e-05  -2.40131587e-04  -5.73677226e-04  -2.59264151e-05 
  -2.35736467e-04  -3.40582713e-05  -3.56415889e-04  -6.73546599e-05 
  -6.75012319e-04  -2.27952865e-04  -1.58730463e-04  -4.92697497e-04 
  -2.70506875e-04  -9.31219461e-04  -8.35598691e-04  -5.27636181e-04 
  -7.48796876e-04  -5.44851509e-04  -5.83325007e-04  -8.64060613e-04 
  -5.45730815e-04  -6.20074419e-04  -5.00917580e-04  -7.51005870e-04]
[0.00603641  0.00525211  0.00573522  0.00503968  0.00459525  0.00513667 
  0.00529049  0.00540451  0.00517203  0.00471438  0.00447577  0.00505959 
  0.00496583  0.00561227  0.00562017  0.00418016  0.00512961  0.00447849 
  0.00471499  0.00432709  0.00485063  0.00470628  0.00430287  0.00455003 
  0.00456283  0.00476796  0.00472539  0.00569662  0.00518426  0.00420086 
  0.00418378  0.00467806  0.00445115  0.00492075  0.00398053  0.00409231]
increment_20
[-8.30854645e-05    3.20392511e-03    3.72446458e-04    1.30886966e-03 
  -5.56449811e-04    8.66436124e-04    4.92199529e-04    1.78989575e-03 
    1.67132117e-04  -1.72644126e-04    3.08376033e-04  -3.64160586e-04 
    5.36687765e-05  -5.42778754e-04  -1.14753997e-04  -1.60638052e-04 
  -1.69874443e-03  -1.41173302e-04  -1.72178388e-03  -6.92722281e-04 
  -2.56934724e-03  -1.30425355e-03  -1.34406741e-03  -2.71040599e-03 
  -1.69545514e-03  -4.74787575e-03  -3.98840801e-03  -2.75470543e-03 
  -4.29397342e-03  -2.81053306e-03  -2.86925091e-03  -4.33074682e-03 
  -2.80549498e-03  -3.20056234e-03  -2.27184195e-03  -5.01629036e-03]
[-0.0067207    -0.00773109  -0.00656911  -0.00581893  -0.00503201  -0.00590557 
  -0.00629446  -0.00785179  -0.00569279  -0.00547496  -0.00507336  -0.00570702 
  -0.00563092  -0.00622834  -0.00630794  -0.00439871  -0.00586024  -0.00495158 
  -0.00499661  -0.0049074    -0.00511626  -0.00528934  -0.00464867  -0.00487057 
  -0.00522313  -0.00518282  -0.00534298  -0.0062753    -0.00591762  -0.00449321 
  -0.00445529  -0.00521592  -0.00485722  -0.00552348  -0.00431818  -0.00477327]
[  3.49726115e-03    2.22386821e-03    2.57060407e-03    1.38322182e-03 
    4.46985917e-04    1.68223485e-03    1.97692833e-03    2.51193032e-03 
    5.57635553e-04    1.42639366e-03    1.50282045e-04    1.34863534e-03 
    1.35448932e-03    2.12767676e-03    1.11616127e-03  -3.60239451e-04 
    1.20158983e-03    3.01335644e-04  -3.83044575e-04  -5.47373229e-05 
  -5.19102246e-04    7.13031900e-04  -7.88484757e-04  -1.07832355e-03 
    1.56479649e-04  -1.58692008e-03  -7.44047386e-04    1.59028368e-03 
    8.92522510e-05  -1.81331720e-03  -1.74664510e-03  -1.14015051e-03 
  -1.02785246e-03  -4.39046310e-04  -1.87982752e-03  -1.87212002e-03]
[-0.0067207    -0.00773109  -0.00656911  -0.00581893  -0.00503201  -0.00590557 
  -0.00629446  -0.00785179  -0.00569279  -0.00547496  -0.00507336  -0.00570702 
  -0.00563092  -0.00622834  -0.00630794  -0.00439871  -0.00586024  -0.00495158 
  -0.00499661  -0.0049074    -0.00511626  -0.00528934  -0.00464867  -0.00487057 
  -0.00522313  -0.00518282  -0.00534298  -0.0062753    -0.00591762  -0.00449321 
  -0.00445529  -0.00521592  -0.00485722  -0.00552348  -0.00431818  -0.00477327]
[-0.01326204  -0.01488459  -0.0125483    -0.01245059  -0.00946519  -0.01218358 
  -0.01228218  -0.01359344  -0.01050691  -0.01072276  -0.00974636  -0.01092394 
  -0.01110299  -0.01172191  -0.01182655  -0.00860349  -0.00998773  -0.00971909 
  -0.00825306  -0.00908989  -0.00765284  -0.00924484  -0.00793407  -0.00702374 
  -0.00872873  -0.00561836  -0.00669538  -0.00976785  -0.00753548  -0.00617128 
  -0.00603743  -0.0061008    -0.00690284  -0.0078389    -0.00635677  -0.00453075]
[-1.35844136e-04  -1.75139364e-03  -3.17431347e-04  -7.26046133e-04 
  -2.26729886e-04  -5.10587111e-04  -4.37087686e-04  -1.08659141e-03 
  -5.49064743e-04  -1.12694297e-04  -1.70891698e-04  -2.59466678e-04 
  -1.38382880e-04  -4.43499281e-04  -1.88791047e-03  -4.82731393e-05 
  -8.57008158e-04  -6.73881794e-05  -8.30723699e-04  -3.31126401e-04 
  -1.24969910e-03  -6.16290120e-04  -6.32548556e-04  -1.30324539e-03 
  -8.31596222e-04  -2.35047031e-03  -1.94787340e-03  -1.38717716e-03 
  -2.10939910e-03  -1.34309938e-03  -1.37382521e-03  -2.10416517e-03 
  -1.35443971e-03  -1.82414465e-03  -1.08023811e-03  -2.14130605e-03]
[  3.49726115e-03    2.22386821e-03    2.57060407e-03    1.38322182e-03 
    4.46985917e-04    1.68223485e-03    1.97692833e-03    2.51193032e-03 
    5.57635553e-04    1.42639366e-03    1.50282045e-04    1.34863534e-03 
    1.35448932e-03    2.12767676e-03    1.11616127e-03  -3.60239451e-04 
    1.20158983e-03    3.01335644e-04  -3.83044575e-04  -5.47373229e-05 
  -5.19102246e-04    7.13031900e-04  -7.88484757e-04  -1.07832355e-03 
    1.56479649e-04  -1.58692008e-03  -7.44047386e-04    1.59028368e-03 
    8.92522510e-05  -1.81331720e-03  -1.74664510e-03  -1.14015051e-03 
  -1.02785246e-03  -4.39046310e-04  -1.87982752e-03  -1.87212002e-03]
[-1.35844136e-04  -1.75139364e-03  -3.17431347e-04  -7.26046133e-04 
  -2.26729886e-04  -5.10587111e-04  -4.37087686e-04  -1.08659141e-03 
  -5.49064743e-04  -1.12694297e-04  -1.70891698e-04  -2.59466678e-04 
  -1.38382880e-04  -4.43499281e-04  -1.88791047e-03  -4.82731393e-05 
  -8.57008158e-04  -6.73881794e-05  -8.30723699e-04  -3.31126401e-04 
  -1.24969910e-03  -6.16290120e-04  -6.32548556e-04  -1.30324539e-03 
  -8.31596222e-04  -2.35047031e-03  -1.94787340e-03  -1.38717716e-03 
  -2.10939910e-03  -1.34309938e-03  -1.37382521e-03  -2.10416517e-03 
  -1.35443971e-03  -1.82414465e-03  -1.08023811e-03  -2.14130605e-03]
[0.01334513  0.01168067  0.01217586  0.01114172  0.01002164  0.01131715 
  0.01178998  0.01180355  0.01033978  0.0108954    0.00943798  0.0112881 
  0.01104932  0.01226469  0.0119413    0.00876413  0.01168648  0.00986027 
  0.00997484  0.00978261  0.01022219  0.01054909  0.00927814  0.00973414 
  0.01042418  0.01036623  0.01068378  0.01252255  0.01182945  0.00898181 
  0.00890668  0.01043155  0.00970833  0.01103946  0.00862861  0.00954704]
increment_30
[-0.00019827    0.005785        0.00104609    0.00234115  -0.00120555    0.00162332 
    0.00135515    0.00351657    0.00124148  -0.00028095    0.0007566    -0.00048069 
    0.00031851  -0.00029703    0.00126523  -0.00042319  -0.00314889  -0.00020903 
  -0.00264536  -0.00152216  -0.00375316  -0.00211412  -0.00264792  -0.00457826 
  -0.00291446  -0.00771291  -0.00632085  -0.00472482  -0.00738401  -0.00476972 
  -0.00451033  -0.00724618  -0.00451122  -0.00535422  -0.00349633  -0.00832268]
[-0.01051011  -0.01244435  -0.01068671  -0.00939764  -0.00789636  -0.00948509 
  -0.01031531  -0.01304162  -0.00911124  -0.00883299  -0.00824929  -0.00901853 
  -0.00905782  -0.00993057  -0.01014285  -0.00690514  -0.00930034  -0.00774802 
  -0.00770784  -0.0078131    -0.00791449  -0.00840738  -0.00729836  -0.00752554 
  -0.00828203  -0.00812413  -0.00845131  -0.00981604  -0.00936792  -0.0070206 
  -0.00687292  -0.00823729  -0.00749775  -0.00874949  -0.00671043  -0.00758294]
[  0.00554093    0.003908        0.00410361    0.00249014    0.00068216    0.00293968 
    0.00339218    0.00426741    0.00079662    0.00274093    0.00045274    0.00226329 
    0.0024674      0.00365753    0.00197805  -0.00057865    0.00210319    0.00066658 
  -0.00052207    0.00017266  -0.00060379    0.00141509  -0.00125086  -0.00175199 
    0.00054192  -0.00238398  -0.00075616    0.00251187    0.00033423  -0.00279363 
  -0.00272923  -0.00159488  -0.00163861  -0.00043469  -0.00275918  -0.00281487]
[-0.01051011  -0.01244435  -0.01068671  -0.00939764  -0.00789636  -0.00948509 
  -0.01031531  -0.01304162  -0.00911124  -0.00883299  -0.00824929  -0.00901853 
  -0.00905782  -0.00993057  -0.01014285  -0.00690514  -0.00930034  -0.00774802 
  -0.00770784  -0.0078131    -0.00791449  -0.00840738  -0.00729836  -0.00752554 
  -0.00828203  -0.00812413  -0.00845131  -0.00981604  -0.00936792  -0.0070206 
  -0.00687292  -0.00823729  -0.00749775  -0.00874949  -0.00671043  -0.00758294]
[-0.02058441  -0.02424688  -0.01986072  -0.01977018  -0.01449112  -0.01941354 
  -0.0197874    -0.02193369  -0.01678805  -0.01723726  -0.01551303  -0.01702885 
  -0.0176528    -0.01877665  -0.01958142  -0.01330739  -0.0153706    -0.01517863 
  -0.01272362  -0.01402976  -0.0120448    -0.01462245  -0.01190965  -0.01045875 
  -0.01359434  -0.00853556  -0.01057248  -0.01484066  -0.01133556  -0.009263 
  -0.00922584  -0.00922645  -0.01046979  -0.01212514  -0.00990466  -0.00684264]
[-0.00032958  -0.00325846  -0.00081248  -0.00135414  -0.0005137    -0.00101393 
  -0.00116805  -0.00214877  -0.00115573  -0.00023206  -0.00042893  -0.00055688 
  -0.00038648  -0.00080357  -0.0033979    -0.00012657  -0.0015986    -0.00010568 
  -0.00125626  -0.00072989  -0.00180279  -0.00094687  -0.00122701  -0.00216297 
  -0.00142689  -0.0039914    -0.00306095  -0.00238029  -0.00360076  -0.00224348 
  -0.00211159  -0.00347977  -0.00213685  -0.00332185  -0.00162215  -0.00354579]
[  0.00554093    0.003908        0.00410361    0.00249014    0.00068216    0.00293968 
    0.00339218    0.00426741    0.00079662    0.00274093    0.00045274    0.00226329 
    0.0024674      0.00365753    0.00197805  -0.00057865    0.00210319    0.00066658 
  -0.00052207    0.00017266  -0.00060379    0.00141509  -0.00125086  -0.00175199 
    0.00054192  -0.00238398  -0.00075616    0.00251187    0.00033423  -0.00279363 
  -0.00272923  -0.00159488  -0.00163861  -0.00043469  -0.00275918  -0.00281487]
[-0.00032958  -0.00325846  -0.00081248  -0.00135414  -0.0005137    -0.00101393 
  -0.00116805  -0.00214877  -0.00115573  -0.00023206  -0.00042893  -0.00055688 
  -0.00038648  -0.00080357  -0.0033979    -0.00012657  -0.0015986    -0.00010568 
  -0.00125626  -0.00072989  -0.00180279  -0.00094687  -0.00122701  -0.00216297 
  -0.00142689  -0.0039914    -0.00306095  -0.00238029  -0.00360076  -0.00224348 
  -0.00211159  -0.00347977  -0.00213685  -0.00332185  -0.00162215  -0.00354579]
[0.02078268  0.01846188  0.01881463  0.01742903  0.01569667  0.01779021 
  0.01843226  0.01841712  0.01554656  0.0175182    0.01475643  0.01750954 
  0.0173343    0.01907367  0.01831619  0.01373058  0.0185195    0.01538766 
  0.01536898  0.01555192  0.01579796  0.01673657  0.01455757  0.01503702 
  0.0165088    0.01624846  0.01689333  0.01956548  0.01871957  0.01403273 
  0.01373618  0.01647264  0.01498101  0.01747936  0.01340099  0.01516532]
increment_40
[-4.31505843e-04    8.71413686e-03    1.71170174e-03    3.47052400e-03 
  -2.10935927e-03    2.44744067e-03    2.26842061e-03    5.37284280e-03 
    2.54007026e-03  -4.85083527e-04    1.20376434e-03  -6.19911561e-04 
    6.16170334e-04    8.43826959e-05    2.99743576e-03  -9.15607499e-04 
  -4.82698813e-03  -2.97218028e-04  -3.56296999e-03  -2.41790077e-03 
  -5.00353735e-03  -3.01239139e-03  -4.16179698e-03  -6.58578008e-03 
  -4.14584625e-03  -1.07512406e-02  -8.68717959e-03  -6.94676059e-03 
  -1.07571376e-02  -6.96866097e-03  -6.16923805e-03  -1.04155264e-02 
  -6.38099784e-03  -7.74809527e-03  -4.74359457e-03  -1.18251229e-02]
[-0.01438874  -0.01755283  -0.01495406  -0.01329441  -0.01092732  -0.01331433 
  -0.0145322    -0.01851819  -0.01274955  -0.0123816    -0.01155526  -0.01244326 
  -0.01267038  -0.01383952  -0.01413174  -0.00957116  -0.01287115  -0.01060528 
  -0.01050332  -0.01082596  -0.01081951  -0.01162064  -0.01008117  -0.01024348 
  -0.01142008  -0.01117418  -0.01164557  -0.01346347  -0.01293457  -0.00967063 
  -0.0093654    -0.01137833  -0.01021263  -0.01210489  -0.00915997  -0.01046966]
[  0.00754499    0.00575162    0.00568787    0.00358727    0.00100131    0.00425183 
    0.00485732    0.00606909    0.00107197    0.00422785    0.00083905    0.00315284 
    0.00365851    0.00528085    0.00293572  -0.00072137    0.00308735    0.00102949 
  -0.00059109    0.00048678  -0.00060622    0.00215662  -0.00161305  -0.00242748 
    0.00097821  -0.00311134  -0.00067705    0.00345653    0.00065485  -0.00370901 
  -0.00366926  -0.00196004  -0.00225109  -0.00034673  -0.0036166    -0.00366219]
[-0.01438874  -0.01755283  -0.01495406  -0.01329441  -0.01092732  -0.01331433 
  -0.0145322    -0.01851819  -0.01274955  -0.0123816    -0.01155526  -0.01244326 
  -0.01267038  -0.01383952  -0.01413174  -0.00957116  -0.01287115  -0.01060528 
  -0.01050332  -0.01082596  -0.01081951  -0.01162064  -0.01008117  -0.01024348 
  -0.01142008  -0.01117418  -0.01164557  -0.01346347  -0.01293457  -0.00967063 
  -0.0093654    -0.01137833  -0.01021263  -0.01210489  -0.00915997  -0.01046966]
[-0.02790577  -0.03421679  -0.02733881  -0.02719019  -0.01957347  -0.02683624 
  -0.02749999  -0.03056491  -0.0234173    -0.02398514  -0.02146371  -0.02318357 
  -0.02441347  -0.02617437  -0.02781143  -0.01808339  -0.02076713  -0.02070817 
  -0.01735324  -0.01909814  -0.01657173  -0.02007829  -0.015936      -0.01387855 
  -0.01858834  -0.01159492  -0.01458168  -0.01986014  -0.01507841  -0.01236077 
  -0.01254297  -0.01233547  -0.01401909  -0.01642312  -0.01353809  -0.00911069]
[-0.00063853  -0.00505768  -0.00138784  -0.0020811    -0.0009385    -0.00161695 
  -0.00202929  -0.00337992  -0.00190391  -0.00044638  -0.00071183  -0.00093379 
  -0.00071091  -0.00132013  -0.00499639  -0.00030904  -0.00246506  -0.00015608 
  -0.00166764  -0.00116008  -0.00237638  -0.00130677  -0.00190306  -0.00305715 
  -0.00202486  -0.00578868  -0.00417175  -0.00349779  -0.00520698  -0.00324036 
  -0.00282323  -0.00494458  -0.00296611  -0.00493286  -0.00214731  -0.00487157]
[  0.00754499    0.00575162    0.00568787    0.00358727    0.00100131    0.00425183 
    0.00485732    0.00606909    0.00107197    0.00422785    0.00083905    0.00315284 
    0.00365851    0.00528085    0.00293572  -0.00072137    0.00308735    0.00102949 
  -0.00059109    0.00048678  -0.00060622    0.00215662  -0.00161305  -0.00242748 
    0.00097821  -0.00311134  -0.00067705    0.00345653    0.00065485  -0.00370901 
  -0.00366926  -0.00196004  -0.00225109  -0.00034673  -0.0036166    -0.00366219]
[-0.00063853  -0.00505768  -0.00138784  -0.0020811    -0.0009385    -0.00161695 
  -0.00202929  -0.00337992  -0.00190391  -0.00044638  -0.00071183  -0.00093379 
  -0.00071091  -0.00132013  -0.00499639  -0.00030904  -0.00246506  -0.00015608 
  -0.00166764  -0.00116008  -0.00237638  -0.00130677  -0.00190306  -0.00305715 
  -0.00202486  -0.00578868  -0.00417175  -0.00349779  -0.00520698  -0.00324036 
  -0.00282323  -0.00494458  -0.00296611  -0.00493286  -0.00214731  -0.00487157]
[0.02833728  0.02550265  0.0256271    0.02371966  0.02168283  0.0243888 
  0.02523157  0.02519207  0.02087723  0.02447023  0.02025994  0.02380348 
  0.0237973    0.02608999  0.024814      0.01899899  0.02559412  0.02100539 
  0.02091621  0.02151604  0.02157527  0.02309068  0.02009779  0.02046433 
  0.02273419  0.02234616  0.02326886  0.0268069    0.02583554  0.01932943 
  0.01871221  0.022751      0.02040009  0.02417121  0.01828169  0.02093581]
increment_50
[-0.00092666    0.01190007    0.00227251    0.00470891  -0.00332225    0.00331508 
    0.00322781    0.00730318    0.0040272    -0.00087389    0.00161293  -0.00082653 
    0.00093286    0.00058194    0.00506969  -0.00168718  -0.00669257  -0.00040923 
  -0.00451381  -0.00337061  -0.00629809  -0.00406634  -0.0058416    -0.00873253 
  -0.00540565  -0.01386151  -0.01107472  -0.00939119  -0.01440059  -0.00931597 
  -0.00788443  -0.01375632  -0.00844365  -0.0103584    -0.00603416  -0.01549551]
[-0.01837782  -0.02302372  -0.0192863    -0.01749842  -0.01411006  -0.01736761 
  -0.01892177  -0.0242194    -0.01662977  -0.01608222  -0.0149208    -0.01595637 
  -0.01646588  -0.01792258  -0.018296      -0.01236648  -0.01656038  -0.01351217 
  -0.01337104  -0.01393719  -0.0138248    -0.0149034    -0.01297933  -0.01303624 
  -0.01463683  -0.01431614  -0.01491186  -0.01720837  -0.01663377  -0.01241045 
  -0.01193393  -0.01462633  -0.01300991  -0.0155797    -0.01167743  -0.01342642]
[  0.00950292    0.00771063    0.00730555    0.00465541    0.00137696    0.00557632 
    0.00637897    0.00788381    0.00137614    0.00579204    0.00123495    0.00400426 
    0.00493387    0.00696566    0.00397464  -0.0008427      0.00415222    0.00136468 
  -0.00062855    0.0008696    -0.00052012    0.00287177  -0.00188927  -0.00308236 
    0.00146129  -0.00377201  -0.00052084    0.00443888    0.0010987    -0.00458002 
  -0.00456945  -0.00222877  -0.00284792  -0.00015149  -0.00444113  -0.00441313]
[-0.01837782  -0.02302372  -0.0192863    -0.01749842  -0.01411006  -0.01736761 
  -0.01892177  -0.0242194    -0.01662977  -0.01608222  -0.0149208    -0.01595637 
  -0.01646588  -0.01792258  -0.018296      -0.01236648  -0.01656038  -0.01351217 
  -0.01337104  -0.01393719  -0.0138248    -0.0149034    -0.01297933  -0.01303624 
  -0.01463683  -0.01431614  -0.01491186  -0.01720837  -0.01663377  -0.01241045 
  -0.01193393  -0.01462633  -0.01300991  -0.0155797    -0.01167743  -0.01342642]
[-0.03513238  -0.04465791  -0.03489355  -0.03471636  -0.02463124  -0.03438668 
  -0.0354283    -0.03940962  -0.03034638  -0.03080293  -0.0274912    -0.02935392 
  -0.03138716  -0.03387067  -0.03651186  -0.02282662  -0.02619248  -0.02628143 
  -0.02207839  -0.0242853    -0.02124138  -0.02549723  -0.02002178  -0.01730761 
  -0.02369251  -0.01476318  -0.01870692  -0.02483741  -0.01880667  -0.01549016 
  -0.01595281  -0.01548383  -0.01753924  -0.0207355    -0.01725771  -0.01134833]
[-0.0011262    -0.00712682  -0.00200526  -0.00291177  -0.00151727  -0.00230933 
  -0.00300186  -0.00476286  -0.00278751  -0.00079733  -0.00099887  -0.00137948 
  -0.00111524  -0.00200457  -0.00673188  -0.00061828  -0.00343766  -0.00021738 
  -0.00208243  -0.00161865  -0.00296273  -0.00174226  -0.00263853  -0.0039842 
  -0.00263471  -0.0076669    -0.00527538  -0.00472403  -0.00692373  -0.00428744 
  -0.0035267    -0.00645776  -0.00385342  -0.0066063    -0.00266657  -0.00610094]
[  0.00950292    0.00771063    0.00730555    0.00465541    0.00137696    0.00557632 
    0.00637897    0.00788381    0.00137614    0.00579204    0.00123495    0.00400426 
    0.00493387    0.00696566    0.00397464  -0.0008427      0.00415222    0.00136468 
  -0.00062855    0.0008696    -0.00052012    0.00287177  -0.00188927  -0.00308236 
    0.00146129  -0.00377201  -0.00052084    0.00443888    0.0010987    -0.00458002 
  -0.00456945  -0.00222877  -0.00284792  -0.00015149  -0.00444113  -0.00441313]
[-0.0011262    -0.00712682  -0.00200526  -0.00291177  -0.00151727  -0.00230933 
  -0.00300186  -0.00476286  -0.00278751  -0.00079733  -0.00099887  -0.00137948 
  -0.00111524  -0.00200457  -0.00673188  -0.00061828  -0.00343766  -0.00021738 
  -0.00208243  -0.00161865  -0.00296273  -0.00174226  -0.00263853  -0.0039842 
  -0.00263471  -0.0076669    -0.00527538  -0.00472403  -0.00692373  -0.00428744 
  -0.0035267    -0.00645776  -0.00385342  -0.0066063    -0.00266657  -0.00610094]
[0.03605905  0.03275784  0.03262104  0.03000745  0.02795349  0.0310716 
  0.03220049  0.03210643  0.02631918  0.03167682  0.02587827  0.03018045 
  0.0304543    0.03328873  0.03144217  0.02451381  0.03288506  0.02669066 
  0.02659221  0.02765591  0.02753948  0.02956358  0.02586338  0.02604013 
  0.02909816  0.02862469  0.02978164  0.0342286    0.03320725  0.02480613 
  0.02383724  0.02924015  0.02598289  0.03109391  0.02329188  0.02684384]
increment_60
[-0.00181224    0.01528038    0.00269569    0.00606621  -0.00486703    0.00424973 
    0.00425895    0.00929195    0.00570778  -0.00155372    0.00196957  -0.00115737 
    0.00127145    0.00119621    0.00751248  -0.00274151  -0.00870224  -0.00054459 
  -0.00553284  -0.00439473  -0.00764842  -0.00529879  -0.00764264  -0.01101142 
  -0.00670481  -0.0170297    -0.01346031  -0.01202929  -0.01828207  -0.01175561 
  -0.00967347  -0.01720449  -0.01070464  -0.01315977  -0.00740754  -0.01929476]
[-0.02249178  -0.02882438  -0.02367448  -0.02198699  -0.01742753  -0.02163147 
  -0.02350546  -0.03012842  -0.02079569  -0.0198955    -0.01832234  -0.01955718 
  -0.02045916  -0.02215771  -0.02266046  -0.01526892  -0.02036373  -0.01645316 
  -0.01630852  -0.01713765  -0.01694017  -0.01824755  -0.01598154  -0.0159161 
  -0.01792506  -0.01754407  -0.01823983  -0.02105266  -0.02046136  -0.01522146 
  -0.0145756    -0.01797433  -0.01589272  -0.01915857  -0.01427022  -0.01644511]
[  0.0114115      0.00976634    0.00897013    0.00568984    0.00179359    0.00689456 
    0.00798279    0.00969926    0.00173773    0.0073391      0.00161915    0.00479434 
    0.0063064      0.00867506    0.00510749  -0.00096774    0.0053104      0.00164885 
  -0.00064866    0.001304      -0.00033173    0.00354629  -0.00207892  -0.00368706 
    0.0019791    -0.00435192  -0.00029388    0.0054847      0.00168658  -0.00540957 
  -0.00543124  -0.00237865  -0.00341598    0.00015134  -0.00523215  -0.00508095]
[-0.02249178  -0.02882438  -0.02367448  -0.02198699  -0.01742753  -0.02163147 
  -0.02350546  -0.03012842  -0.02079569  -0.0198955    -0.01832234  -0.01955718 
  -0.02045916  -0.02215771  -0.02266046  -0.01526892  -0.02036373  -0.01645316 
  -0.01630852  -0.01713765  -0.01694017  -0.01824755  -0.01598154  -0.0159161 
  -0.01792506  -0.01754407  -0.01823983  -0.02105266  -0.02046136  -0.01522146 
  -0.0145756    -0.01797433  -0.01589272  -0.01915857  -0.01427022  -0.01644511]
[-0.04217328  -0.0554998    -0.04251472  -0.04236914  -0.02961581  -0.04207682 
  -0.04362541  -0.04844442  -0.03760205  -0.03751636  -0.03356103  -0.03548425 
  -0.03859334  -0.04182584  -0.04572074  -0.0274938    -0.0316792    -0.03186802 
  -0.0268598    -0.0295583    -0.02606014  -0.03084387  -0.02418832  -0.02077756 
  -0.02888085  -0.01804169  -0.02294956  -0.02980403  -0.02254129  -0.01866956 
  -0.01943221  -0.01872055  -0.02103186  -0.02505576  -0.02103945  -0.01357773]
[-0.00184556  -0.00946001  -0.00266613  -0.00385132  -0.00225075  -0.00310487 
  -0.0041066    -0.00630003  -0.0038169    -0.00132236  -0.00128142  -0.00192027 
  -0.00161505  -0.00286662  -0.00863024  -0.00104769  -0.00449879  -0.0002848 
  -0.00251586  -0.00211275  -0.00357197  -0.00226299  -0.00341263  -0.00494187 
  -0.00326241  -0.00959213  -0.00636254  -0.00604698  -0.00873776  -0.00534908 
  -0.00422903  -0.00799104  -0.00479878  -0.00831955  -0.0031964    -0.00726358]
[  0.0114115      0.00976634    0.00897013    0.00568984    0.00179359    0.00689456 
    0.00798279    0.00969926    0.00173773    0.0073391      0.00161915    0.00479434 
    0.0063064      0.00867506    0.00510749  -0.00096774    0.0053104      0.00164885 
  -0.00064866    0.001304      -0.00033173    0.00354629  -0.00207892  -0.00368706 
    0.0019791    -0.00435192  -0.00029388    0.0054847      0.00168658  -0.00540957 
  -0.00543124  -0.00237865  -0.00341598    0.00015134  -0.00523215  -0.00508095]
[-0.00184556  -0.00946001  -0.00266613  -0.00385132  -0.00225075  -0.00310487 
  -0.0041066    -0.00630003  -0.0038169    -0.00132236  -0.00128142  -0.00192027 
  -0.00161505  -0.00286662  -0.00863024  -0.00104769  -0.00449879  -0.0002848 
  -0.00251586  -0.00211275  -0.00357197  -0.00226299  -0.00341263  -0.00494187 
  -0.00326241  -0.00959213  -0.00636254  -0.00604698  -0.00873776  -0.00534908 
  -0.00422903  -0.00799104  -0.00479878  -0.00831955  -0.0031964    -0.00726358]
[0.04398552  0.04021942  0.03981904  0.03630292  0.03448285  0.03782709 
  0.03936646  0.03915247  0.03189428  0.03907008  0.03159146  0.03664162 
  0.03732189  0.04062963  0.03820827  0.03023531  0.04038144  0.03241261 
  0.03239264  0.03395303  0.03370856  0.03614266  0.03183096  0.03178898 
  0.03558566  0.03507139  0.03640987  0.04183331  0.04082336  0.03042517 
  0.02910567  0.03592503  0.0317365    0.03821553  0.02844699  0.03287249]
increment_70
[-0.00312396    0.01878965    0.00296796    0.00756146  -0.00673763    0.00528557 
    0.00535199    0.01132216    0.00759764  -0.002586        0.00227155  -0.00164956 
    0.00163229    0.00192095    0.01032002  -0.00405153  -0.01082324  -0.00070283 
  -0.0066422    -0.00547881  -0.00907037  -0.0067          -0.00952608  -0.01339159 
  -0.00804395  -0.02023712  -0.01580406  -0.01485032  -0.02236181  -0.01425652 
  -0.01153416  -0.02070138  -0.01315469  -0.01611552  -0.00889368  -0.0232115  ]
[-0.02672727  -0.03490956  -0.02811331  -0.0267552    -0.02086805  -0.02611262 
  -0.02829623  -0.0362155    -0.02529801  -0.02378742  -0.02175509  -0.02326267 
  -0.02467028  -0.02651287  -0.02723158  -0.01826948  -0.02427465  -0.01941768 
  -0.01931716  -0.02042145  -0.02017471  -0.02165371  -0.01907586  -0.01889078 
  -0.02127735  -0.02085702  -0.02161392  -0.02500313  -0.02440115  -0.01809196 
  -0.01728518  -0.02141842  -0.01886887  -0.02282075  -0.01694336  -0.01951844]
[  1.32544255e-02    1.19036374e-02    1.06673528e-02    6.69388515e-03 
    2.25361427e-03    8.21127385e-03    9.68323943e-03    1.14919663e-02 
    2.18936996e-03    8.80770780e-03    1.98486321e-03    5.50588230e-03 
    7.79228253e-03    1.03584409e-02    6.35412242e-03  -1.08854337e-03 
    6.56469064e-03    1.86761954e-03  -6.53959951e-04    1.78698902e-03 
  -3.15028557e-05    4.19036389e-03  -2.18641294e-03  -4.20935728e-03 
    2.52063630e-03  -4.82885660e-03  -7.44808342e-06    6.62100588e-03 
    2.41604314e-03  -6.19774992e-03  -6.25649553e-03  -2.38666018e-03 
  -3.93335109e-03    5.49555314e-04  -5.99038950e-03  -5.68617918e-03]
[-0.02672727  -0.03490956  -0.02811331  -0.0267552    -0.02086805  -0.02611262 
  -0.02829623  -0.0362155    -0.02529801  -0.02378742  -0.02175509  -0.02326267 
  -0.02467028  -0.02651287  -0.02723158  -0.01826948  -0.02427465  -0.01941768 
  -0.01931716  -0.02042145  -0.02017471  -0.02165371  -0.01907586  -0.01889078 
  -0.02127735  -0.02085702  -0.02161392  -0.02500313  -0.02440115  -0.01809196 
  -0.01728518  -0.02141842  -0.01886887  -0.02282075  -0.01694336  -0.01951844]
[-0.04897        -0.06667985  -0.05017545  -0.05018479  -0.03451745  -0.04995298 
  -0.05209997  -0.05763475  -0.04522494  -0.04400978  -0.039664      -0.04153541 
  -0.04605739  -0.04997613  -0.05545849  -0.03209647  -0.0372443    -0.03744762 
  -0.03167903  -0.0349156    -0.03102876  -0.0361311    -0.02844948  -0.02433386 
  -0.03413738  -0.02144637  -0.02731708  -0.03478233  -0.02628676  -0.02190619 
  -0.02297297  -0.02209526  -0.02452208  -0.02937812  -0.02486429  -0.01579492]
[-0.00281203  -0.01204872  -0.00338052  -0.00491138  -0.00312799  -0.00402738 
  -0.00535237  -0.00798775  -0.00500362  -0.0020311    -0.00155739  -0.00258963 
  -0.00222865  -0.00390087  -0.01070684  -0.00157839  -0.00563713  -0.00035298 
  -0.00297718  -0.00263841  -0.00421669  -0.00286514  -0.00420777  -0.00591966 
  -0.00390856  -0.0115343    -0.00741606  -0.00746581  -0.01063102  -0.00639908 
  -0.00492745  -0.00952203  -0.0057969    -0.0100524    -0.00374649  -0.00838256]
[  1.32544255e-02    1.19036374e-02    1.06673528e-02    6.69388515e-03 
    2.25361427e-03    8.21127385e-03    9.68323943e-03    1.14919663e-02 
    2.18936996e-03    8.80770780e-03    1.98486321e-03    5.50588230e-03 
    7.79228253e-03    1.03584409e-02    6.35412242e-03  -1.08854337e-03 
    6.56469064e-03    1.86761954e-03  -6.53959951e-04    1.78698902e-03 
  -3.15028557e-05    4.19036389e-03  -2.18641294e-03  -4.20935728e-03 
    2.52063630e-03  -4.82885660e-03  -7.44808342e-06    6.62100588e-03 
    2.41604314e-03  -6.19774992e-03  -6.25649553e-03  -2.38666018e-03 
  -3.93335109e-03    5.49555314e-04  -5.99038950e-03  -5.68617918e-03]
[-0.00281203  -0.01204872  -0.00338052  -0.00491138  -0.00312799  -0.00402738 
  -0.00535237  -0.00798775  -0.00500362  -0.0020311    -0.00155739  -0.00258963 
  -0.00222865  -0.00390087  -0.01070684  -0.00157839  -0.00563713  -0.00035298 
  -0.00297718  -0.00263841  -0.00421669  -0.00286514  -0.00420777  -0.00591966 
  -0.00390856  -0.0115343    -0.00741606  -0.00746581  -0.01063102  -0.00639908 
  -0.00492745  -0.00952203  -0.0057969    -0.0100524    -0.00374649  -0.00838256]
[0.05209396  0.04789021  0.04720749  0.04262334  0.04125508  0.04466741 
  0.04674797  0.04631259  0.0376273    0.04659578  0.03739245  0.04318498 
  0.0444251    0.04805518  0.04513847  0.036148      0.04806755  0.03815044 
  0.03832124  0.04039442  0.04009912  0.0428311    0.03797556  0.03772545 
  0.04218133  0.04168349  0.04312113  0.04963265  0.04864857  0.03616271 
  0.03450712  0.04279664  0.03767676  0.04549364  0.03375798  0.03900642]
increment_80
[-0.00482944    0.02237252    0.00309613    0.00922137  -0.00890756    0.0064356 
    0.00648479    0.01338183    0.00971915  -0.00397449    0.00253139  -0.00230984 
    0.00202493    0.00274302    0.01347607  -0.00561208  -0.01303168  -0.00088821 
  -0.0078444    -0.0066124    -0.01056674  -0.00826498  -0.0114767    -0.01582183 
  -0.00942204  -0.02346656  -0.01809266  -0.01787375  -0.02662055  -0.01679316 
  -0.01345795  -0.02421241  -0.01577548  -0.01917602  -0.01047679  -0.02723988]
[-0.03111804  -0.04125273  -0.0326052    -0.03181791  -0.02442481  -0.03082164 
  -0.03330192  -0.04245041  -0.03018031  -0.02773981  -0.02522232  -0.027087 
  -0.02912422  -0.03095924  -0.03200733  -0.02137393  -0.02827406  -0.0224047 
  -0.02239405  -0.0237927    -0.02353313  -0.02512257  -0.02225232  -0.02195333 
  -0.02469062  -0.02425264  -0.0250302    -0.02905816  -0.02843856  -0.02100576 
  -0.020056      -0.02495315  -0.02194452  -0.02654587  -0.01968773  -0.02264096]
[  0.01500643    0.01410455    0.0123693      0.0076806      0.00276704    0.00953374 
    0.01147876    0.01323939    0.00275025    0.01018444    0.00231647    0.00614369 
    0.00939979    0.01198215    0.00770902  -0.00118389    0.00789178    0.00201762 
  -0.00064746    0.00232758    0.00038683    0.00481122  -0.00222408  -0.00463844 
    0.00308216  -0.00518958    0.00033373    0.0078494      0.00327538  -0.00695877 
  -0.00705121  -0.00224599  -0.00437958    0.00102671  -0.00672395  -0.0062425  ]
[-0.03111804  -0.04125273  -0.0326052    -0.03181791  -0.02442481  -0.03082164 
  -0.03330192  -0.04245041  -0.03018031  -0.02773981  -0.02522232  -0.027087 
  -0.02912422  -0.03095924  -0.03200733  -0.02137393  -0.02827406  -0.0224047 
  -0.02239405  -0.0237927    -0.02353313  -0.02512257  -0.02225232  -0.02195333 
  -0.02469062  -0.02425264  -0.0250302    -0.02905816  -0.02843856  -0.02100576 
  -0.020056      -0.02495315  -0.02194452  -0.02654587  -0.01968773  -0.02264096]
[-0.05550199  -0.07813502  -0.05785026  -0.05821416  -0.03935103  -0.05804304 
  -0.06083378  -0.06695267  -0.05325041  -0.0502536    -0.04579381  -0.04750578 
  -0.05380682  -0.05826898  -0.06572194  -0.03665347  -0.04287215  -0.04301423 
  -0.03652844  -0.04037381  -0.03615178  -0.04136701  -0.03279981  -0.02801225 
  -0.03945629  -0.02498888  -0.03181351  -0.03974881  -0.03003054  -0.0251928 
  -0.02657022  -0.02563057  -0.02804025  -0.03371063  -0.02872985  -0.01799413]
[-0.0040536    -0.01488518  -0.00416176  -0.00611124  -0.00413278  -0.00509397 
  -0.00674381  -0.00982079  -0.00636174  -0.002909      -0.00182922  -0.00339733 
  -0.00298117  -0.00508879  -0.01299447  -0.00220466  -0.00684173  -0.00041921 
  -0.00346612  -0.00319452  -0.00490386  -0.00354577  -0.00501639  -0.00689741 
  -0.00457306  -0.01346926  -0.00843224  -0.00898981  -0.01259334  -0.00741341 
  -0.00561561  -0.01103997  -0.00683944  -0.01178764  -0.00430448  -0.00946307]
[  0.01500643    0.01410455    0.0123693      0.0076806      0.00276704    0.00953374 
    0.01147876    0.01323939    0.00275025    0.01018444    0.00231647    0.00614369 
    0.00939979    0.01198215    0.00770902  -0.00118389    0.00789178    0.00201762 
  -0.00064746    0.00232758    0.00038683    0.00481122  -0.00222408  -0.00463844 
    0.00308216  -0.00518958    0.00033373    0.0078494      0.00327538  -0.00695877 
  -0.00705121  -0.00224599  -0.00437958    0.00102671  -0.00672395  -0.0062425  ]
[-0.0040536    -0.01488518  -0.00416176  -0.00611124  -0.00413278  -0.00509397 
  -0.00674381  -0.00982079  -0.00636174  -0.002909      -0.00182922  -0.00339733 
  -0.00298117  -0.00508879  -0.01299447  -0.00220466  -0.00684173  -0.00041921 
  -0.00346612  -0.00319452  -0.00490386  -0.00354577  -0.00501639  -0.00689741 
  -0.00457306  -0.01346926  -0.00843224  -0.00898981  -0.01259334  -0.00741341 
  -0.00561561  -0.01103997  -0.00683944  -0.01178764  -0.00430448  -0.00946307]
[0.06033143  0.05576251  0.05475413  0.0489928    0.04825859  0.05160744 
  0.05434899  0.05357084  0.04353126  0.05422809  0.04326242  0.04981562 
  0.05178189  0.05552596  0.05224587  0.04226556  0.05590383  0.04390244 
  0.04437283  0.04698622  0.04671852  0.049632      0.04427652  0.04383408 
  0.04887834  0.04845544  0.04990617  0.05762257  0.05665109  0.04198596 
  0.04002817  0.04984299  0.04381573  0.05288665  0.03920664  0.045234    ]
increment_90
[-0.00686322    0.0259762      0.00311471    0.01105992  -0.01132231    0.00767451 
    0.00764164    0.01547173    0.01210349  -0.00571082    0.00277056  -0.00313579 
    0.00246134    0.00364893    0.01699532  -0.00744402  -0.01530815  -0.00111071 
  -0.00911695  -0.00779131  -0.0121179    -0.01000983  -0.01350551  -0.01825851 
  -0.01084281  -0.02669981  -0.02033435  -0.02112287  -0.03105734  -0.01934755 
  -0.01543857  -0.0277157    -0.01855883  -0.02227804  -0.01212884  -0.03135249]
[-0.03575864  -0.04784921  -0.03717098  -0.03718644  -0.02808956  -0.03575567 
  -0.03852913  -0.04882399  -0.03547166  -0.03175418  -0.02872726  -0.03103486 
  -0.03383993  -0.03548715  -0.03699801  -0.02458641  -0.03234325  -0.02541693 
  -0.02553546  -0.02725941  -0.02701979  -0.02865134  -0.02550162  -0.025088 
  -0.02816556  -0.02772866  -0.02849553  -0.03321036  -0.03256532  -0.02394828 
  -0.02288108  -0.02856511  -0.02512206  -0.0303201    -0.02249152  -0.02580387]
[  0.01664077    0.01633893    0.0140571      0.00866254    0.0033461      0.01086061 
    0.01335918    0.01493043    0.00342482    0.01149197    0.00258703    0.0067291 
    0.01112402    0.01354742    0.00914448  -0.00124589    0.00926759    0.00209572 
  -0.00062394    0.00293578    0.00093775    0.00540417  -0.00221102  -0.00498778 
    0.00366457  -0.00542718    0.00073436    0.00915996    0.00425751  -0.00771495 
  -0.00782505  -0.00197182  -0.00474305    0.00157517  -0.00744347  -0.00675541]
[-0.03575864  -0.04784921  -0.03717098  -0.03718644  -0.02808956  -0.03575567 
  -0.03852913  -0.04882399  -0.03547166  -0.03175418  -0.02872726  -0.03103486 
  -0.03383993  -0.03548715  -0.03699801  -0.02458641  -0.03234325  -0.02541693 
  -0.02553546  -0.02725941  -0.02701979  -0.02865134  -0.02550162  -0.025088 
  -0.02816556  -0.02772866  -0.02849553  -0.03321036  -0.03256532  -0.02394828 
  -0.02288108  -0.02856511  -0.02512206  -0.0303201    -0.02249152  -0.02580387]
[-0.06178432  -0.08977781  -0.06554473  -0.06649281  -0.04415216  -0.0663298 
  -0.06980955  -0.07639079  -0.06171065  -0.0562657    -0.05193764  -0.05341277 
  -0.06185567  -0.06669349  -0.07650457  -0.04115555  -0.04854406  -0.04856373 
  -0.04142226  -0.04595055  -0.04145396  -0.04653319  -0.03721016  -0.03182308 
  -0.04483467  -0.02868203  -0.03644274  -0.04466552  -0.03375425  -0.02851807 
  -0.03021629  -0.02932072  -0.03159901  -0.03808756  -0.03263993  -0.0201849  ]
[-0.00563337  -0.01795227  -0.00502598  -0.00746621  -0.00524017  -0.00630416 
  -0.00829194  -0.01180128  -0.00790972  -0.0039429    -0.00209903  -0.00433139 
  -0.00389837  -0.0064174    -0.01553549  -0.00293152  -0.00810199  -0.00048276 
  -0.0039723    -0.00378427  -0.00563365  -0.00430781  -0.00584055  -0.00785641 
  -0.00525806  -0.01538285  -0.00941895  -0.01062578  -0.01462252  -0.00837621 
  -0.00628724  -0.01253737  -0.00792248  -0.01351021  -0.00485306  -0.01048713]
[  0.01664077    0.01633893    0.0140571      0.00866254    0.0033461      0.01086061 
    0.01335918    0.01493043    0.00342482    0.01149197    0.00258703    0.0067291 
    0.01112402    0.01354742    0.00914448  -0.00124589    0.00926759    0.00209572 
  -0.00062394    0.00293578    0.00093775    0.00540417  -0.00221102  -0.00498778 
    0.00366457  -0.00542718    0.00073436    0.00915996    0.00425751  -0.00771495 
  -0.00782505  -0.00197182  -0.00474305    0.00157517  -0.00744347  -0.00675541]
[-0.00563337  -0.01795227  -0.00502598  -0.00746621  -0.00524017  -0.00630416 
  -0.00829194  -0.01180128  -0.00790972  -0.0039429    -0.00209903  -0.00433139 
  -0.00389837  -0.0064174    -0.01553549  -0.00293152  -0.00810199  -0.00048276 
  -0.0039723    -0.00378427  -0.00563365  -0.00430781  -0.00584055  -0.00785641 
  -0.00525806  -0.01538285  -0.00941895  -0.01062578  -0.01462252  -0.00837621 
  -0.00628724  -0.01253737  -0.00792248  -0.01351021  -0.00485306  -0.01048713]
[0.06864754  0.06380161  0.06243002  0.05543289  0.05547447  0.05865529 
  0.06216791  0.06091905  0.04960716  0.06197653  0.04916708  0.05654856 
  0.05939433  0.06304456  0.05950925  0.04859957  0.06385221  0.04967443 
  0.05053921  0.05374186  0.05357186  0.05654303  0.05071566  0.05008159 
  0.05567747  0.05538184  0.05677709  0.06578839  0.06481159  0.04786562 
  0.04565485  0.05703642  0.05015785  0.0603656    0.04476877  0.05153739]
increment_100
[-0.00920492    0.02955273    0.00306096    0.01306955  -0.01390987    0.00895054 
    0.00881208    0.0175905      0.01477943  -0.00779022    0.00301836  -0.00413099 
    0.00294044    0.00461817    0.02090944  -0.00957988  -0.01762487  -0.00138676 
  -0.01040744  -0.00902578  -0.01367763  -0.01196571  -0.01562523  -0.02068495 
  -0.01231406  -0.02990883  -0.02253033  -0.02460194  -0.0356609    -0.02190843 
  -0.01746472  -0.03118605  -0.02149978  -0.0253567    -0.01383532  -0.0354976  ]
[-0.04069848  -0.05467846  -0.04183119  -0.04284769  -0.03184604  -0.0408972 
  -0.0439722    -0.05533445  -0.04117508  -0.03584313  -0.03228223  -0.03509926 
  -0.03881635  -0.04009033  -0.04223012  -0.02790599  -0.03646974  -0.02846124 
  -0.02873444  -0.03082923  -0.03063906  -0.03223856  -0.02881058  -0.02827977 
  -0.03170361  -0.03128336  -0.03201866  -0.03745378  -0.03677715  -0.02691273 
  -0.02575054  -0.03223569  -0.02840335  -0.03413408  -0.02535391  -0.02899239]
[  0.01815033    0.01856682    0.01572271    0.00963741    0.00399347    0.01218016 
    0.0153098      0.01655477    0.00419242    0.01277012    0.00277432    0.00728394 
    0.01294641    0.01506958    0.0106196    -0.00127652    0.01067929    0.00210354 
  -0.00057587    0.00361708    0.00164224    0.00596587  -0.00217174  -0.00528115 
    0.00426785  -0.00553206    0.00120447    0.01055155    0.00536636  -0.00848046 
  -0.00859221  -0.00158995  -0.00501167    0.00219416  -0.00814719  -0.00722817]
[-0.04069848  -0.05467846  -0.04183119  -0.04284769  -0.03184604  -0.0408972 
  -0.0439722    -0.05533445  -0.04117508  -0.03584313  -0.03228223  -0.03509926 
  -0.03881635  -0.04009033  -0.04223012  -0.02790599  -0.03646974  -0.02846124 
  -0.02873444  -0.03082923  -0.03063906  -0.03223856  -0.02881058  -0.02827977 
  -0.03170361  -0.03128336  -0.03201866  -0.03745378  -0.03677715  -0.02691273 
  -0.02575054  -0.03223569  -0.02840335  -0.03413408  -0.02535391  -0.02899239]
[-0.06782151  -0.1015178    -0.07327675  -0.07501903  -0.04895695  -0.0747619 
  -0.07901309  -0.08593473  -0.07061328  -0.06207947  -0.05809352  -0.0592669 
  -0.07019037  -0.07525038  -0.08779231  -0.04557277  -0.05426142  -0.05409296 
  -0.04639583  -0.05164896  -0.04698371  -0.05160017  -0.04164269  -0.03575112 
  -0.05026727  -0.03254916  -0.04121876  -0.04951549  -0.03745727  -0.03187966 
  -0.03390255  -0.0331533    -0.03520662  -0.04255322  -0.03660688  -0.02239025]
[-0.00757241  -0.02122557  -0.00598391  -0.00897756  -0.00641831  -0.00764444 
  -0.01001148  -0.01392768  -0.00966505  -0.00512785  -0.00237132  -0.00536945 
  -0.00499668  -0.00788083  -0.01837175  -0.00376656  -0.00940544  -0.00054701 
  -0.00447303  -0.00441716  -0.00639967  -0.00515766  -0.00667977  -0.00878867 
  -0.00596699  -0.01726387  -0.01038306  -0.01237265  -0.01671394  -0.00928035 
  -0.00693239  -0.01400296  -0.00904446  -0.01520456  -0.00538463  -0.01141853]
[  0.01815033    0.01856682    0.01572271    0.00963741    0.00399347    0.01218016 
    0.0153098      0.01655477    0.00419242    0.01277012    0.00277432    0.00728394 
    0.01294641    0.01506958    0.0106196    -0.00127652    0.01067929    0.00210354 
  -0.00057587    0.00361708    0.00164224    0.00596587  -0.00217174  -0.00528115 
    0.00426785  -0.00553206    0.00120447    0.01055155    0.00536636  -0.00848046 
  -0.00859221  -0.00158995  -0.00501167    0.00219416  -0.00814719  -0.00722817]
[-0.00757241  -0.02122557  -0.00598391  -0.00897756  -0.00641831  -0.00764444 
  -0.01001148  -0.01392768  -0.00966505  -0.00512785  -0.00237132  -0.00536945 
  -0.00499668  -0.00788083  -0.01837175  -0.00376656  -0.00940544  -0.00054701 
  -0.00447303  -0.00441716  -0.00639967  -0.00515766  -0.00667977  -0.00878867 
  -0.00596699  -0.01726387  -0.01038306  -0.01237265  -0.01671394  -0.00928035 
  -0.00693239  -0.01400296  -0.00904446  -0.01520456  -0.00538463  -0.01141853]
[0.07702643  0.07196507  0.07021579  0.06194948  0.06286682  0.06581136 
  0.07020101  0.06834423  0.05583385  0.06986969  0.05507516  0.06339789 
  0.06724993  0.07063221  0.06688286  0.05515266  0.0718863    0.05547972 
  0.05680327  0.06067474  0.06066134  0.06356587  0.05726793  0.05643607 
  0.06258133  0.06245799  0.0637491    0.07411743  0.07311817  0.05378809 
  0.05136727  0.06433936  0.0567064    0.06790992  0.0504422    0.05788785]
increment_110
[-0.01185854    0.03306291    0.00294804    0.01524747  -0.01662113    0.0102086 
    0.00996489    0.01972988    0.01775355  -0.01020955    0.00330621  -0.00530413 
    0.00344578    0.00561374    0.02522773  -0.01205626  -0.0199515    -0.00173711 
  -0.01165142  -0.01034123  -0.01519951  -0.01417815  -0.01783736  -0.02311405 
  -0.01384159  -0.03306955  -0.02466121  -0.02831133  -0.04041036  -0.02448001 
  -0.01952623  -0.03460672  -0.02458634  -0.02836707  -0.0155971    -0.03962115]
[-0.04590838  -0.06172159  -0.04658981  -0.04878823  -0.03568506  -0.04622779 
  -0.0496161    -0.06198395  -0.04727026  -0.04002451  -0.03591068  -0.03926759 
  -0.0440378    -0.04475667  -0.04772206  -0.03133583  -0.04064457  -0.03155453 
  -0.03198363  -0.03450772  -0.03439863  -0.03588819  -0.03216584  -0.03152117 
  -0.03530263  -0.03491972  -0.03560674  -0.04178077  -0.04107216  -0.02990069 
  -0.02865478  -0.03594874  -0.03179253  -0.03797744  -0.02828378  -0.03219383]
[  0.01954568    0.02076839    0.01735894    0.0105954      0.00471374    0.01347282 
    0.01732458    0.01810421    0.00502147    0.0140661      0.00287064    0.00782453 
    0.01484491    0.01656554    0.01210176  -0.00126846    0.01211803    0.00205707 
  -0.00049802    0.00437272    0.00252122    0.00650373  -0.00212624  -0.00553905 
    0.00488798  -0.00548866    0.00175745    0.01202304    0.00661227  -0.00925716 
  -0.0093671    -0.00112593  -0.00516579    0.00287428  -0.00881912  -0.00766218]
[-0.04590838  -0.06172159  -0.04658981  -0.04878823  -0.03568506  -0.04622779 
  -0.0496161    -0.06198395  -0.04727026  -0.04002451  -0.03591068  -0.03926759 
  -0.0440378    -0.04475667  -0.04772206  -0.03133583  -0.04064457  -0.03155453 
  -0.03198363  -0.03450772  -0.03439863  -0.03588819  -0.03216584  -0.03152117 
  -0.03530263  -0.03491972  -0.03560674  -0.04178077  -0.04107216  -0.02990069 
  -0.02865478  -0.03594874  -0.03179253  -0.03797744  -0.02828378  -0.03219383]
[-0.07360196  -0.11330274  -0.08104713  -0.08378418  -0.05379333  -0.08327719 
  -0.08842093  -0.09556438  -0.07993725  -0.06773425  -0.06427685  -0.06506952 
  -0.07877926  -0.08392596  -0.09955913  -0.04987934  -0.06003455  -0.05960943 
  -0.05149338  -0.05745425  -0.05279396  -0.05653594  -0.04607054  -0.03976728 
  -0.05574417  -0.0366183    -0.0461718    -0.05428207  -0.04115297  -0.03527662 
  -0.03761982  -0.03711277  -0.03888235  -0.04713052  -0.0406472    -0.02464046]
[-0.00982493  -0.02469029  -0.00703697  -0.01064498  -0.00764746  -0.00910306 
  -0.01191083  -0.01619299  -0.01163703  -0.00646555  -0.00265442  -0.00649004 
  -0.00628366  -0.00947155  -0.02153127  -0.00471939  -0.01073995  -0.00062301 
  -0.00494226  -0.00510822  -0.00720093  -0.00610504  -0.00752729  -0.00969799 
  -0.00670096  -0.01910851  -0.01132559  -0.01422643  -0.01886168  -0.0101271 
  -0.00754072  -0.01542804  -0.01020362  -0.01685805  -0.00590214  -0.01222593]
[  0.01954568    0.02076839    0.01735894    0.0105954      0.00471374    0.01347282 
    0.01732458    0.01810421    0.00502147    0.0140661      0.00287064    0.00782453 
    0.01484491    0.01656554    0.01210176  -0.00126846    0.01211803    0.00205707 
  -0.00049802    0.00437272    0.00252122    0.00650373  -0.00212624  -0.00553905 
    0.00488798  -0.00548866    0.00175745    0.01202304    0.00661227  -0.00925716 
  -0.0093671    -0.00112593  -0.00516579    0.00287428  -0.00881912  -0.00766218]
[-0.00982493  -0.02469029  -0.00703697  -0.01064498  -0.00764746  -0.00910306 
  -0.01191083  -0.01619299  -0.01163703  -0.00646555  -0.00265442  -0.00649004 
  -0.00628366  -0.00947155  -0.02153127  -0.00471939  -0.01073995  -0.00062301 
  -0.00494226  -0.00510822  -0.00720093  -0.00610504  -0.00752729  -0.00969799 
  -0.00670096  -0.01910851  -0.01132559  -0.01422643  -0.01886168  -0.0101271 
  -0.00754072  -0.01542804  -0.01020362  -0.01685805  -0.00590214  -0.01222593]
[0.08546051  0.08023984  0.07809909  0.06853671  0.07041446  0.07306859 
  0.07845604  0.07583451  0.0621837    0.0779438    0.06097064  0.07037365 
  0.07533348  0.07831223  0.0743314    0.0619356    0.07998605  0.06134653 
  0.0631448    0.06779548  0.06799347  0.07071409  0.0639079    0.06288133 
  0.06958576  0.06968785  0.07083301  0.0825934    0.08156333  0.05975662 
  0.05714604  0.07171948  0.06346869  0.07549759  0.0562443    0.06426161]
increment_120
[-0.0148127      0.0364521      0.0027703      0.01759733  -0.01944132    0.01136986 
    0.01104637    0.02186619    0.02102127  -0.01296421    0.00364473  -0.00667494 
    0.00395074    0.00659543    0.02992286  -0.01488797  -0.02226932  -0.00217287 
  -0.01280281  -0.01174679  -0.01666739  -0.01669398  -0.02012869  -0.02557994 
  -0.01541782  -0.0361676    -0.02669359  -0.03224384  -0.0452767    -0.02707719 
  -0.02161955  -0.03796781  -0.02779371  -0.03129545  -0.01741711  -0.04368304]
[-0.051338      -0.06897422  -0.05143515  -0.05499915  -0.03960643  -0.05171871 
  -0.05545101  -0.06877032  -0.05373883  -0.04430886  -0.03962254  -0.04352673 
  -0.0494817    -0.04947903  -0.05347303  -0.0348754    -0.04486398  -0.03472284 
  -0.03528381  -0.0382897    -0.03830798  -0.03960021  -0.0355571    -0.0348146 
  -0.03895683  -0.03864233  -0.03926061  -0.04617999  -0.04544731  -0.03291832 
  -0.03159127  -0.03969361  -0.03529474  -0.04183959  -0.03129179  -0.0354028  ]
[  0.02083625    0.02294457    0.01895082    0.01152288    0.0055136      0.01471467 
    0.01940224    0.01957958    0.00588786    0.01541494    0.00287326    0.00835647 
    0.01679793    0.01804915    0.0135787    -0.00120929    0.01357857    0.00198004 
  -0.00038232    0.00519498    0.00358606    0.00702565  -0.00208596  -0.00576897 
    0.00551948  -0.00528164    0.00239832    0.01357102    0.00800423  -0.01003872 
  -0.01015296  -0.00059858  -0.00518095    0.00359514  -0.00943806  -0.0080584  ]
[-0.051338      -0.06897422  -0.05143515  -0.05499915  -0.03960643  -0.05171871 
  -0.05545101  -0.06877032  -0.05373883  -0.04430886  -0.03962254  -0.04352673 
  -0.0494817    -0.04947903  -0.05347303  -0.0348754    -0.04486398  -0.03472284 
  -0.03528381  -0.0382897    -0.03830798  -0.03960021  -0.0355571    -0.0348146 
  -0.03895683  -0.03864233  -0.03926061  -0.04617999  -0.04544731  -0.03291832 
  -0.03159127  -0.03969361  -0.03529474  -0.04183959  -0.03129179  -0.0354028  ]
[-0.07911587  -0.12509162  -0.08883253  -0.09277818  -0.05867335  -0.09179052 
  -0.0979897    -0.10525961  -0.08965852  -0.07325525  -0.07049155  -0.07080485 
  -0.08758138  -0.09269565  -0.11176662  -0.05406228  -0.06587243  -0.06513268 
  -0.05675564  -0.06334658  -0.05891064  -0.06130016  -0.05048694  -0.0438423 
  -0.06126107  -0.04091041  -0.0513324    -0.05894884  -0.0448605    -0.03870656 
  -0.04136646  -0.04118774  -0.04265945  -0.05181206  -0.04477882  -0.02696672]
[-0.01232354  -0.02833318  -0.00817903  -0.01246771  -0.00892448  -0.01066727 
  -0.01399155  -0.01858545  -0.01383369  -0.0079568    -0.00294907  -0.00768127 
  -0.0077617    -0.01118036  -0.02502158  -0.00579055  -0.01209983  -0.00072801 
  -0.00536606  -0.00586263  -0.00805188  -0.00715551  -0.00837072  -0.01059739 
  -0.0074547    -0.02091856  -0.01224254  -0.01617821  -0.02105828  -0.01092166 
  -0.00810651  -0.01680729  -0.01139621  -0.0184665    -0.00641118  -0.01289933]
[  0.02083625    0.02294457    0.01895082    0.01152288    0.0055136      0.01471467 
    0.01940224    0.01957958    0.00588786    0.01541494    0.00287326    0.00835647 
    0.01679793    0.01804915    0.0135787    -0.00120929    0.01357857    0.00198004 
  -0.00038232    0.00519498    0.00358606    0.00702565  -0.00208596  -0.00576897 
    0.00551948  -0.00528164    0.00239832    0.01357102    0.00800423  -0.01003872 
  -0.01015296  -0.00059858  -0.00518095    0.00359514  -0.00943806  -0.0080584  ]
[-0.01232354  -0.02833318  -0.00817903  -0.01246771  -0.00892448  -0.01066727 
  -0.01399155  -0.01858545  -0.01383369  -0.0079568    -0.00294907  -0.00768127 
  -0.0077617    -0.01118036  -0.02502158  -0.00579055  -0.01209983  -0.00072801 
  -0.00536606  -0.00586263  -0.00805188  -0.00715551  -0.00837072  -0.01059739 
  -0.0074547    -0.02091856  -0.01224254  -0.01617821  -0.02105828  -0.01092166 
  -0.00810651  -0.01680729  -0.01139621  -0.0184665    -0.00641118  -0.01289933]
[0.09392857  0.08863952  0.08606223  0.07518085  0.07811467  0.08042066 
  0.08694333  0.08339343  0.06863725  0.08621946  0.06684681  0.07747979 
  0.08363064  0.08610022  0.08184376  0.06895025  0.08814175  0.06730555 
  0.06955844  0.07509337  0.07557803  0.07799414  0.07061562  0.06942225 
  0.07667889  0.07707801  0.07802598  0.09119268  0.0901372    0.06578375 
  0.06298601  0.07915555  0.07045317  0.08310752  0.06219593  0.07064975]
