inc
eps_11
eps_12
eps_13
eps_21
eps_22
eps_23
eps_31
eps_32
eps_33
increment_0
[0.  0.  0.  0.  0.  0.  0.  0.  0.  0.  0.  0.  0.  0.  0.  0.  0.  0.  0.  0.  0.  0.  0.  0. 
  0.  0.  0.  0.]
[0.  0.  0.  0.  0.  0.  0.  0.  0.  0.  0.  0.  0.  0.  0.  0.  0.  0.  0.  0.  0.  0.  0.  0. 
  0.  0.  0.  0.]
[0.  0.  0.  0.  0.  0.  0.  0.  0.  0.  0.  0.  0.  0.  0.  0.  0.  0.  0.  0.  0.  0.  0.  0. 
  0.  0.  0.  0.]
[0.  0.  0.  0.  0.  0.  0.  0.  0.  0.  0.  0.  0.  0.  0.  0.  0.  0.  0.  0.  0.  0.  0.  0. 
  0.  0.  0.  0.]
[-5.21194626e-17  -5.21194626e-17  -5.21194626e-17  -5.21194626e-17 
  -5.21194626e-17  -5.21194626e-17  -5.21194626e-17  -5.21194626e-17 
  -5.21194626e-17  -5.21194626e-17  -5.21194626e-17  -5.21194626e-17 
  -5.21194626e-17  -5.21194626e-17  -5.21194626e-17  -5.21194626e-17 
  -5.21194626e-17  -5.21194626e-17  -5.21194626e-17  -5.21194626e-17 
  -5.21194626e-17  -5.21194626e-17  -5.21194626e-17  -5.21194626e-17 
  -5.21194626e-17  -5.21194626e-17  -5.21194626e-17  -5.21194626e-17]
[-2.3522884e-17  -2.3522884e-17  -2.3522884e-17  -2.3522884e-17 
  -2.3522884e-17  -2.3522884e-17  -2.3522884e-17  -2.3522884e-17 
  -2.3522884e-17  -2.3522884e-17  -2.3522884e-17  -2.3522884e-17 
  -2.3522884e-17  -2.3522884e-17  -2.3522884e-17  -2.3522884e-17 
  -2.3522884e-17  -2.3522884e-17  -2.3522884e-17  -2.3522884e-17 
  -2.3522884e-17  -2.3522884e-17  -2.3522884e-17  -2.3522884e-17 
  -2.3522884e-17  -2.3522884e-17  -2.3522884e-17  -2.3522884e-17]
[0.  0.  0.  0.  0.  0.  0.  0.  0.  0.  0.  0.  0.  0.  0.  0.  0.  0.  0.  0.  0.  0.  0.  0. 
  0.  0.  0.  0.]
[-2.3522884e-17  -2.3522884e-17  -2.3522884e-17  -2.3522884e-17 
  -2.3522884e-17  -2.3522884e-17  -2.3522884e-17  -2.3522884e-17 
  -2.3522884e-17  -2.3522884e-17  -2.3522884e-17  -2.3522884e-17 
  -2.3522884e-17  -2.3522884e-17  -2.3522884e-17  -2.3522884e-17 
  -2.3522884e-17  -2.3522884e-17  -2.3522884e-17  -2.3522884e-17 
  -2.3522884e-17  -2.3522884e-17  -2.3522884e-17  -2.3522884e-17 
  -2.3522884e-17  -2.3522884e-17  -2.3522884e-17  -2.3522884e-17]
[1.07630614e-16  1.07630614e-16  1.07630614e-16  1.07630614e-16 
  1.07630614e-16  1.07630614e-16  1.07630614e-16  1.07630614e-16 
  1.07630614e-16  1.07630614e-16  1.07630614e-16  1.07630614e-16 
  1.07630614e-16  1.07630614e-16  1.07630614e-16  1.07630614e-16 
  1.07630614e-16  1.07630614e-16  1.07630614e-16  1.07630614e-16 
  1.07630614e-16  1.07630614e-16  1.07630614e-16  1.07630614e-16 
  1.07630614e-16  1.07630614e-16  1.07630614e-16  1.07630614e-16]
increment_10
[-0.00447106  -0.00299859  -0.00320367  -0.00020017  -0.00111134    0.00108362 
  -0.00290715  -0.00253868  -0.0041296    -0.00176385    0.0001217    -0.0008774 
  -0.00329359  -0.00191325  -0.00236235  -0.00217362    0.00024776  -0.0002189 
  -0.0006125    -0.00162723  -0.00386976  -0.00104058    0.00055419  -0.00021929 
  -0.00031069  -0.00232102  -0.00278378  -0.0030189  ]
[-0.00388583  -0.00402184  -0.00406193  -0.00352563  -0.00372654  -0.00282997 
  -0.00374136  -0.00365298  -0.00479875  -0.00379389  -0.00272516  -0.00296959 
  -0.00403352  -0.00425594  -0.00377431  -0.00376153  -0.00318812  -0.00351378 
  -0.00361617  -0.00337533  -0.00482417  -0.00382457  -0.00341125  -0.00435304 
  -0.00441217  -0.0036621    -0.00439748  -0.00420113]
[-4.27220135e-04  -7.00198131e-04  -5.61791331e-04  -1.17289329e-03 
  -1.02205577e-03  -1.27980047e-03  -1.27848427e-05  -7.74643634e-05 
  -6.23843563e-04  -8.13793863e-04  -1.18473366e-03  -5.50305601e-04 
  -6.12890565e-05  -9.19560839e-04  -3.80042233e-04  -4.43976433e-04 
  -1.08612026e-03  -1.19864431e-03  -8.01747704e-04  -2.85690223e-04 
  -6.76955344e-04  -9.95035047e-04  -1.42377160e-03  -1.71582416e-03 
  -1.68233425e-03  -3.39080941e-04  -6.83203588e-04  -5.50814067e-04]
[-0.00388583  -0.00402184  -0.00406193  -0.00352563  -0.00372654  -0.00282997 
  -0.00374136  -0.00365298  -0.00479875  -0.00379389  -0.00272516  -0.00296959 
  -0.00403352  -0.00425594  -0.00377431  -0.00376153  -0.00318812  -0.00351378 
  -0.00361617  -0.00337533  -0.00482417  -0.00382457  -0.00341125  -0.00435304 
  -0.00441217  -0.0036621    -0.00439748  -0.00420113]
[  0.00088226  -0.00065901  -0.00070883  -0.0021122    -0.00179737  -0.00203427 
  -0.00010529  -0.00021149  -0.00124265  -0.00146497  -0.00056161  -0.00085489 
  -0.00021482  -0.00192586  -0.00071541  -0.00095121  -0.0020525    -0.00214616 
  -0.00173009  -0.00061769  -0.00146929  -0.00203837  -0.00258589  -0.00348429 
  -0.0034551    -0.00057393  -0.00147491  -0.00106455]
[-0.00342404  -0.00327226  -0.00344594  -0.00233005  -0.00267397  -0.00153792 
  -0.00369671  -0.00357559  -0.00410607  -0.00294249  -0.00153297  -0.00240182 
  -0.00406756  -0.00397971  -0.00335971  -0.00328031  -0.00208305  -0.00228927 
  -0.00325362  -0.00306562  -0.0040766    -0.00279447  -0.0019647    -0.00260732 
  -0.00295238  -0.00328697  -0.00367164  -0.0035941  ]
[-4.27220135e-04  -7.00198131e-04  -5.61791331e-04  -1.17289329e-03 
  -1.02205577e-03  -1.27980047e-03  -1.27848427e-05  -7.74643634e-05 
  -6.23843563e-04  -8.13793863e-04  -1.18473366e-03  -5.50305601e-04 
  -6.12890565e-05  -9.19560839e-04  -3.80042233e-04  -4.43976433e-04 
  -1.08612026e-03  -1.19864431e-03  -8.01747704e-04  -2.85690223e-04 
  -6.76955344e-04  -9.95035047e-04  -1.42377160e-03  -1.71582416e-03 
  -1.68233425e-03  -3.39080941e-04  -6.83203588e-04  -5.50814067e-04]
[-0.00342404  -0.00327226  -0.00344594  -0.00233005  -0.00267397  -0.00153792 
  -0.00369671  -0.00357559  -0.00410607  -0.00294249  -0.00153297  -0.00240182 
  -0.00406756  -0.00397971  -0.00335971  -0.00328031  -0.00208305  -0.00228927 
  -0.00325362  -0.00306562  -0.0040766    -0.00279447  -0.0019647    -0.00260732 
  -0.00295238  -0.00328697  -0.00367164  -0.0035941  ]
[0.0035888    0.00365759  0.00391251  0.00231237  0.00290871  0.00095065 
  0.00301244  0.00275017  0.00537225  0.00322882  0.00043992  0.00173229 
  0.00350842  0.00383911  0.00307776  0.00312483  0.00180475  0.00236506 
  0.00234259  0.00224492  0.00533905  0.00307895  0.0020317    0.00370358 
  0.00376579  0.00289496  0.00425869  0.00408344]
increment_20
[-9.78754131e-03  -6.46386616e-03  -8.79654686e-03  -7.12178341e-04 
  -2.96587930e-03    2.54520887e-03  -6.57857275e-03  -5.68779069e-03 
  -9.84825918e-03  -4.42354900e-03    3.18589218e-05  -2.47642879e-03 
  -6.04457080e-03  -3.50789746e-03  -5.66474006e-03  -5.11179123e-03 
    4.22961680e-04  -5.22250558e-04    6.34216446e-05  -2.96932936e-03 
  -9.17061618e-03  -2.21705110e-03    9.72404953e-04  -2.15755196e-05 
    5.11482812e-05  -5.15817657e-03  -6.31239820e-03  -7.48324500e-03]
[-0.00903492  -0.0096689    -0.01020672  -0.00870234  -0.0092846    -0.00701907 
  -0.00871771  -0.00852904  -0.01167573  -0.00899852  -0.00652497  -0.00740232 
  -0.00934438  -0.0096388    -0.00857771  -0.00883794  -0.00778141  -0.00839133 
  -0.00821138  -0.0077246    -0.01130988  -0.00862149  -0.00795396  -0.00992377 
  -0.01035388  -0.00820615  -0.00998889  -0.01025958]
[-0.00102225  -0.00197247  -0.00117081  -0.00291716  -0.00256776  -0.00323038 
    0.00011359  -0.0002237    -0.00155268  -0.00176769  -0.00304346  -0.00132395 
  -0.00070948  -0.00224954  -0.00046639  -0.000851      -0.00255923  -0.00257123 
  -0.001956      -0.00069744  -0.00131401  -0.00188886  -0.00317502  -0.0038446 
  -0.00419401  -0.00042841  -0.00129017  -0.00140489]
[-0.00903492  -0.0096689    -0.01020672  -0.00870234  -0.0092846    -0.00701907 
  -0.00871771  -0.00852904  -0.01167573  -0.00899852  -0.00652497  -0.00740232 
  -0.00934438  -0.0096388    -0.00857771  -0.00883794  -0.00778141  -0.00839133 
  -0.00821138  -0.0077246    -0.01130988  -0.00862149  -0.00795396  -0.00992377 
  -0.01035388  -0.00820615  -0.00998889  -0.01025958]
[  0.00223539  -0.00198608  -0.00137252  -0.0050918    -0.00453298  -0.00473703 
  -0.00049456  -0.00078521  -0.00338247  -0.00285867  -0.00060765  -0.00168695 
  -0.0023249    -0.00499263  -0.00095987  -0.00205322  -0.00460022  -0.00490323 
  -0.0055218    -0.00163214  -0.00328635  -0.00402882  -0.00502411  -0.00801715 
  -0.00897928  -0.00060755  -0.00307631  -0.00255818]
[-0.00775916  -0.00742981  -0.00867575  -0.00564223  -0.00651155  -0.00371422 
  -0.00865977  -0.00845206  -0.00966389  -0.00702336  -0.00344372  -0.00597095 
  -0.01024142  -0.00898959  -0.00791548  -0.00777618  -0.00511444  -0.00567843 
  -0.00794135  -0.00690913  -0.009565      -0.00656863  -0.00466843  -0.00589745 
  -0.00657628  -0.00760418  -0.00853168  -0.00851714]
[-0.00102225  -0.00197247  -0.00117081  -0.00291716  -0.00256776  -0.00323038 
    0.00011359  -0.0002237    -0.00155268  -0.00176769  -0.00304346  -0.00132395 
  -0.00070948  -0.00224954  -0.00046639  -0.000851      -0.00255923  -0.00257123 
  -0.001956      -0.00069744  -0.00131401  -0.00188886  -0.00317502  -0.0038446 
  -0.00419401  -0.00042841  -0.00129017  -0.00140489]
[-0.00775916  -0.00742981  -0.00867575  -0.00564223  -0.00651155  -0.00371422 
  -0.00865977  -0.00845206  -0.00966389  -0.00702336  -0.00344372  -0.00597095 
  -0.01024142  -0.00898959  -0.00791548  -0.00777618  -0.00511444  -0.00567843 
  -0.00794135  -0.00690913  -0.009565      -0.00656863  -0.00466843  -0.00589745 
  -0.00657628  -0.00760418  -0.00853168  -0.00851714]
[0.00755215  0.00844995  0.01016907  0.00580397  0.00749886  0.00219182 
  0.00707313  0.006473      0.01323073  0.00728221  0.00057579  0.00416337 
  0.00836947  0.00850053  0.00662461  0.00716501  0.00417726  0.00542549 
  0.00545838  0.00460147  0.01245697  0.00624587  0.0040517    0.00803872 
  0.00892813  0.00576572  0.00938871  0.01004142]
increment_30
[-1.56289708e-02  -9.95849000e-03  -1.46281778e-02  -1.41576144e-03 
  -4.80469978e-03    4.03884414e-03  -1.05414080e-02  -9.16566021e-03 
  -1.55692484e-02  -7.25654900e-03  -3.15457980e-05  -4.25782318e-03 
  -8.73402261e-03  -5.42401818e-03  -9.22346672e-03  -8.05512715e-03 
    4.66691095e-04  -5.84474655e-04    1.19606787e-03  -4.29266489e-03 
  -1.46523613e-02  -3.51298362e-03    1.15557962e-03    2.01205677e-04 
    6.25984369e-04  -8.24985376e-03  -9.98513186e-03  -1.22745740e-02]
[-0.01459464  -0.0154989    -0.01665395  -0.01414033  -0.01511788  -0.0114445 
  -0.01397731  -0.01370497  -0.01890017  -0.01436908  -0.01038032  -0.01203163 
  -0.01471722  -0.01539034  -0.01356551  -0.01404038  -0.01250134  -0.01340388 
  -0.01289435  -0.01215753  -0.01804259  -0.01354574  -0.01265944  -0.01548722 
  -0.01663562  -0.01296423  -0.0158709    -0.01657985]
[-0.00147006  -0.00317515  -0.00169366  -0.00467257  -0.00416083  -0.00523669 
    0.00047337  -0.00035936  -0.0024513    -0.00264921  -0.00492719  -0.00210018 
  -0.00092756  -0.00353544  -0.00045244  -0.00120751  -0.0039488    -0.00403585 
  -0.00296597  -0.00107792  -0.00183995  -0.00273114  -0.00494928  -0.005843 
  -0.00683078  -0.00041185  -0.0019212    -0.00211412]
[-0.01459464  -0.0154989    -0.01665395  -0.01414033  -0.01511788  -0.0114445 
  -0.01397731  -0.01370497  -0.01890017  -0.01436908  -0.01038032  -0.01203163 
  -0.01471722  -0.01539034  -0.01356551  -0.01404038  -0.01250134  -0.01340388 
  -0.01289435  -0.01215753  -0.01804259  -0.01354574  -0.01265944  -0.01548722 
  -0.01663562  -0.01296423  -0.0158709    -0.01657985]
[  0.0034502    -0.00354618  -0.00229115  -0.00838745  -0.00771566  -0.00773436 
  -0.00122857  -0.00162339  -0.00609047  -0.00429264  -0.00062171  -0.00250697 
  -0.00478838  -0.0084472    -0.00123916  -0.00329815  -0.00722218  -0.00807567 
  -0.01003442  -0.00274146  -0.00536157  -0.00609928  -0.00744204  -0.01253558 
  -0.01522813  -0.00080712  -0.00505692  -0.00426419]
[-0.01240517  -0.01165118  -0.0139861    -0.00907334  -0.01039852  -0.00600805 
  -0.0138707    -0.01357866  -0.01519242  -0.01119231  -0.00536248  -0.00964734 
  -0.01651266  -0.01406473  -0.01260505  -0.01230087  -0.00827589  -0.00900836 
  -0.01269555  -0.01079639  -0.01506119  -0.01041596  -0.00743828  -0.00909533 
  -0.00996408  -0.0121142    -0.01345262  -0.01357036]
[-0.00147006  -0.00317515  -0.00169366  -0.00467257  -0.00416083  -0.00523669 
    0.00047337  -0.00035936  -0.0024513    -0.00264921  -0.00492719  -0.00210018 
  -0.00092756  -0.00353544  -0.00045244  -0.00120751  -0.0039488    -0.00403585 
  -0.00296597  -0.00107792  -0.00183995  -0.00273114  -0.00494928  -0.005843 
  -0.00683078  -0.00041185  -0.0019212    -0.00211412]
[-0.01240517  -0.01165118  -0.0139861    -0.00907334  -0.01039852  -0.00600805 
  -0.0138707    -0.01357866  -0.01519242  -0.01119231  -0.00536248  -0.00964734 
  -0.01651266  -0.01406473  -0.01260505  -0.01230087  -0.00827589  -0.00900836 
  -0.01269555  -0.01079639  -0.01506119  -0.01041596  -0.00743828  -0.00909533 
  -0.00996408  -0.0121142    -0.01345262  -0.01357036]
[0.01217877  0.01350467  0.01691932  0.00980321  0.01252036  0.00369551 
  0.01176998  0.01078905  0.02165972  0.01154919  0.00065326  0.00676479 
  0.0135224    0.01387122  0.01046263  0.01135328  0.00675549  0.00866014 
  0.00883835  0.00703412  0.02001393  0.00961226  0.00628646  0.01233438 
  0.01460215  0.00905697  0.01504205  0.01653877]
increment_40
[-2.21704367e-02  -1.36653330e-02  -2.03425447e-02  -2.24413917e-03 
  -6.52807006e-03    5.59695977e-03  -1.47547288e-02  -1.30989317e-02 
  -2.13270406e-02  -9.99735136e-03  -4.76706932e-05  -6.10676099e-03 
  -1.13730341e-02  -7.71507893e-03  -1.31738703e-02  -1.10268288e-02 
    5.17057701e-04  -3.63877479e-04    2.54460511e-03  -5.82993657e-03 
  -2.01476481e-02  -4.78710744e-03    1.19071207e-03    5.90522739e-04 
    1.34632600e-03  -1.17755217e-02  -1.37988278e-02  -1.72486027e-02]
[-0.02064249  -0.02157273  -0.02328904  -0.01980617  -0.02108308  -0.01605933 
  -0.01952685  -0.01924204  -0.0263791    -0.01991762  -0.01435564  -0.0168305 
  -0.02005641  -0.0216265    -0.01886843  -0.01934471  -0.01732156  -0.01844076 
  -0.01760953  -0.01677728  -0.02484418  -0.01855254  -0.01758237  -0.02096045 
  -0.02311202  -0.0180434    -0.02200168  -0.02308746]
[-0.00174622  -0.00431112  -0.00214247  -0.00641171  -0.00573474  -0.00727904 
    0.0010667    -0.00041577  -0.00320927  -0.00352569  -0.00685998  -0.00285237 
  -0.0005397    -0.00482787  -0.00035879  -0.00147187  -0.00529148  -0.00553231 
  -0.00386043  -0.00142547  -0.00213881  -0.00352545  -0.00677947  -0.0076486 
  -0.00937042  -0.0003227    -0.00250344  -0.00263243]
[-0.02064249  -0.02157273  -0.02328904  -0.01980617  -0.02108308  -0.01605933 
  -0.01952685  -0.01924204  -0.0263791    -0.01991762  -0.01435564  -0.0168305 
  -0.02005641  -0.0216265    -0.01886843  -0.01934471  -0.01732156  -0.01844076 
  -0.01760953  -0.01677728  -0.02484418  -0.01855254  -0.01758237  -0.02096045 
  -0.02311202  -0.0180434    -0.02200168  -0.02308746]
[  0.00454094  -0.00527887  -0.00350562  -0.01197534  -0.0111961    -0.01105548 
  -0.00227105  -0.00265905  -0.00916991  -0.00605205  -0.0007731    -0.00349115 
  -0.00728891  -0.01244474  -0.00167936  -0.00461411  -0.01000432  -0.01147265 
  -0.01491452  -0.00396725  -0.00745689  -0.00826492  -0.0100361    -0.01698148 
  -0.02192356  -0.0011643    -0.0073054    -0.00610248]
[-0.01739361  -0.0159641    -0.01924688  -0.01258914  -0.01425156  -0.00837959 
  -0.01926375  -0.01892479  -0.02068331  -0.01538268  -0.00732547  -0.01341914 
  -0.0226288    -0.01913977  -0.01749648  -0.01686613  -0.01149796  -0.01223332 
  -0.01754164  -0.01481161  -0.02051283  -0.01428627  -0.01027909  -0.01217566 
  -0.01312545  -0.01685043  -0.01840516  -0.01870323]
[-0.00174622  -0.00431112  -0.00214247  -0.00641171  -0.00573474  -0.00727904 
    0.0010667    -0.00041577  -0.00320927  -0.00352569  -0.00685998  -0.00285237 
  -0.0005397    -0.00482787  -0.00035879  -0.00147187  -0.00529148  -0.00553231 
  -0.00386043  -0.00142547  -0.00213881  -0.00352545  -0.00677947  -0.0076486 
  -0.00937042  -0.0003227    -0.00250344  -0.00263243]
[-0.01739361  -0.0159641    -0.01924688  -0.01258914  -0.01425156  -0.00837959 
  -0.01926375  -0.01892479  -0.02068331  -0.01538268  -0.00732547  -0.01341914 
  -0.0226288    -0.01913977  -0.01749648  -0.01686613  -0.01149796  -0.01223332 
  -0.01754164  -0.01481161  -0.02051283  -0.01428627  -0.01027909  -0.01217566 
  -0.01312545  -0.01685043  -0.01840516  -0.01870323]
[0.0176295    0.0189442    0.02384817  0.01421948  0.01772417  0.00545852 
  0.01702578  0.01575798  0.03049695  0.0160494    0.00082077  0.00959791 
  0.01866194  0.02015981  0.01485323  0.01564094  0.00948726  0.01183653 
  0.01236992  0.00979718  0.02760453  0.01305203  0.00884539  0.01639096 
  0.02057724  0.01293982  0.02110423  0.02335108]
increment_50
[-2.94958827e-02  -1.76710414e-02  -2.57866120e-02  -3.19661774e-03 
  -8.11485643e-03    7.20985061e-03  -1.92352320e-02  -1.75888913e-02 
  -2.71437504e-02  -1.25269754e-02  -1.41209192e-05  -7.98394410e-03 
  -1.38847974e-02  -1.04165688e-02  -1.75968295e-02  -1.39990100e-02 
    6.38654615e-04    1.33800892e-04    4.07443060e-03  -7.67373496e-03 
  -2.55992980e-02  -5.95249418e-03    1.04192718e-03    1.20205225e-03 
    2.25297144e-03  -1.58282170e-02  -1.77306589e-02  -2.23029227e-02]
[-0.02722081  -0.02796814  -0.03005744  -0.02571715  -0.02713002  -0.02087391 
  -0.02537835  -0.02520265  -0.0340918    -0.025632      -0.01846331  -0.02178606 
  -0.02535378  -0.02839083  -0.02455722  -0.02472313  -0.02223352  -0.02344183 
  -0.02238735  -0.02163173  -0.03166513  -0.02361638  -0.02280096  -0.02632223 
  -0.02974973  -0.02352606  -0.02842375  -0.02974207]
[-0.001821      -0.00541896  -0.00251211  -0.00814409  -0.0072725    -0.00936058 
    0.00189183  -0.00035982  -0.00380051  -0.0044328    -0.00883866  -0.00356126 
    0.00038945  -0.0061069    -0.00016759  -0.00163061  -0.00662146  -0.00700981 
  -0.00469771  -0.00172582  -0.00218311  -0.00429269  -0.00868031  -0.00918941 
  -0.01174748  -0.00016091  -0.0030658    -0.00295611]
[-0.02722081  -0.02796814  -0.03005744  -0.02571715  -0.02713002  -0.02087391 
  -0.02537835  -0.02520265  -0.0340918    -0.025632      -0.01846331  -0.02178606 
  -0.02535378  -0.02839083  -0.02455722  -0.02472313  -0.02223352  -0.02344183 
  -0.02238735  -0.02163173  -0.03166513  -0.02361638  -0.02280096  -0.02632223 
  -0.02974973  -0.02352606  -0.02842375  -0.02974207]
[  0.00553317  -0.00722715  -0.00507787  -0.01588308  -0.01489862  -0.01472724 
  -0.0036146    -0.00390795  -0.01256138  -0.0082315    -0.00109756  -0.0046818 
  -0.00986595  -0.01701838  -0.00234608  -0.00597963  -0.01296865  -0.01497122 
  -0.02019384  -0.00531524  -0.00950635  -0.01056336  -0.01294814  -0.021383 
  -0.0290585    -0.00174011  -0.00992129  -0.00805997]
[-0.02270123  -0.02036394  -0.0244172    -0.01616782  -0.01803737  -0.01082033 
  -0.02479533  -0.02449583  -0.02611798  -0.0195397    -0.00934371  -0.01728173 
  -0.02859996  -0.02411953  -0.02262256  -0.02145671  -0.01473318  -0.01535561 
  -0.02248759  -0.01898939  -0.02591791  -0.01813488  -0.01322514  -0.01514176 
  -0.01603767  -0.02183957  -0.02336221  -0.02386916]
[-0.001821      -0.00541896  -0.00251211  -0.00814409  -0.0072725    -0.00936058 
    0.00189183  -0.00035982  -0.00380051  -0.0044328    -0.00883866  -0.00356126 
    0.00038945  -0.0061069    -0.00016759  -0.00163061  -0.00662146  -0.00700981 
  -0.00469771  -0.00172582  -0.00218311  -0.00429269  -0.00868031  -0.00918941 
  -0.01174748  -0.00016091  -0.0030658    -0.00295611]
[-0.02270123  -0.02036394  -0.0244172    -0.01616782  -0.01803737  -0.01082033 
  -0.02479533  -0.02449583  -0.02611798  -0.0195397    -0.00934371  -0.01728173 
  -0.02859996  -0.02411953  -0.02262256  -0.02145671  -0.01473318  -0.01535561 
  -0.02248759  -0.01898939  -0.02591791  -0.01813488  -0.01322514  -0.01514176 
  -0.01603767  -0.02183957  -0.02336221  -0.02386916]
[0.02396271  0.02489819  0.03086448  0.0190797    0.02301348  0.00751739 
  0.02284983  0.02149684  0.03970513  0.02075847  0.00111169  0.01266575 
  0.02375074  0.02743495  0.01994291  0.01997864  0.01233        0.01483742 
  0.01611941  0.01298898  0.03510565  0.01651585  0.01190621  0.02018095 
  0.02680553  0.01756833  0.02765194  0.0303629  ]
increment_60
[-3.76409608e-02  -2.20174392e-02  -3.08659117e-02  -4.24506730e-03 
  -9.57293361e-03    8.88794744e-03  -2.39753722e-02  -2.27093121e-02 
  -3.30137520e-02  -1.47906619e-02    4.58264992e-05  -9.87919104e-03 
  -1.62278795e-02  -1.35349468e-02  -2.25426552e-02  -1.68863416e-02 
    8.52850506e-04    8.60450304e-04    5.69783550e-03  -9.85655044e-03 
  -3.10430856e-02  -6.95750198e-03    6.70270754e-04    2.02545523e-03 
    3.35039178e-03  -2.04000609e-02  -2.17626256e-02  -2.73571079e-02]
[-0.03435299  -0.03474371  -0.0369078    -0.03189256  -0.03325515  -0.02587669 
  -0.031534      -0.03162997  -0.04205046  -0.03149052  -0.02270973  -0.02689742 
  -0.03064213  -0.03569263  -0.03068115  -0.03015092  -0.02726005  -0.02842738 
  -0.0272957    -0.02674598  -0.0385387    -0.02873729  -0.02839417  -0.03159847 
  -0.03653962  -0.02946273  -0.03518526  -0.03651227]
[-1.65474000e-03  -6.50397258e-03  -2.80747564e-03  -9.88634708e-03 
  -8.77937402e-03  -1.14549335e-02    2.94434231e-03  -1.45872758e-04 
  -4.23178296e-03  -5.38148548e-03  -1.08611505e-02  -4.22766186e-03 
    1.74258130e-03  -7.31017864e-03    1.43933852e-04  -1.70403440e-03 
  -7.97539330e-03  -8.46878789e-03  -5.50915391e-03  -1.96785108e-03 
  -1.97989713e-03  -5.06283440e-03  -1.06741598e-02  -1.04037943e-02 
  -1.39240667e-02    6.80863904e-05  -3.63960275e-03  -3.08938164e-03]
[-0.03435299  -0.03474371  -0.0369078    -0.03189256  -0.03325515  -0.02587669 
  -0.031534      -0.03162997  -0.04205046  -0.03149052  -0.02270973  -0.02689742 
  -0.03064213  -0.03569263  -0.03068115  -0.03015092  -0.02726005  -0.02842738 
  -0.0272957    -0.02674598  -0.0385387    -0.02873729  -0.02839417  -0.03159847 
  -0.03653962  -0.02946273  -0.03518526  -0.03651227]
[  0.00645475  -0.00946176  -0.00702368  -0.02018052  -0.01880408  -0.01875634 
  -0.00525167  -0.00537484  -0.01629444  -0.01085505  -0.00159122  -0.0060935 
  -0.01260743  -0.02219308  -0.00328696  -0.0074307    -0.01617068  -0.0185679 
  -0.02591593  -0.00680205  -0.01153683  -0.01305067  -0.0163186    -0.02581411 
  -0.03663116  -0.00263591  -0.01301833  -0.01014093]
[-0.02828109  -0.02484868  -0.02945975  -0.0197784    -0.0217447    -0.01333032 
  -0.03041649  -0.03027523  -0.03147112  -0.02362675  -0.01142038  -0.02122193 
  -0.03447542  -0.02894106  -0.02798858  -0.02603389  -0.01795831  -0.01839847 
  -0.0275003    -0.02333676  -0.03129989  -0.02193176  -0.01628964  -0.01801144 
  -0.01870154  -0.02706305  -0.0282925    -0.0290303  ]
[-1.65474000e-03  -6.50397258e-03  -2.80747564e-03  -9.88634708e-03 
  -8.77937402e-03  -1.14549335e-02    2.94434231e-03  -1.45872758e-04 
  -4.23178296e-03  -5.38148548e-03  -1.08611505e-02  -4.22766186e-03 
    1.74258130e-03  -7.31017864e-03    1.43933852e-04  -1.70403440e-03 
  -7.97539330e-03  -8.46878789e-03  -5.50915391e-03  -1.96785108e-03 
  -1.97989713e-03  -5.06283440e-03  -1.06741598e-02  -1.04037943e-02 
  -1.39240667e-02    6.80863904e-05  -3.63960275e-03  -3.08938164e-03]
[-0.02828109  -0.02484868  -0.02945975  -0.0197784    -0.0217447    -0.01333032 
  -0.03041649  -0.03027523  -0.03147112  -0.02362675  -0.01142038  -0.02122193 
  -0.03447542  -0.02894106  -0.02798858  -0.02603389  -0.01795831  -0.01839847 
  -0.0275003    -0.02333676  -0.03129989  -0.02193176  -0.01628964  -0.01801144 
  -0.01870154  -0.02706305  -0.0282925    -0.0290303  ]
[0.03118621  0.0314792    0.0378896    0.02442559  0.02837701  0.0098684 
  0.02922704  0.02808415  0.04930819  0.02564571  0.00154539  0.01597269 
  0.02883531  0.03572803  0.02582961  0.02431704  0.01531783  0.01770745 
  0.0202181    0.0166586    0.04257992  0.02000817  0.01564833  0.02378865 
  0.03328077  0.02303597  0.03478095  0.03749803]
increment_70
[-4.66046132e-02  -2.66988989e-02  -3.55274301e-02  -5.37875289e-03 
  -1.09183946e-02    1.06882461e-02  -2.89322258e-02  -2.85009748e-02 
  -3.89530861e-02  -1.67335096e-02    6.86225674e-05  -1.17774953e-02 
  -1.83800873e-02  -1.69736081e-02  -2.80210102e-02  -1.96174410e-02 
    1.16836308e-03    1.76330298e-03    7.30072046e-03  -1.23564717e-02 
  -3.65352772e-02  -7.77540552e-03    5.67610198e-05    3.02014627e-03 
    4.63688484e-03  -2.54198390e-02  -2.58949778e-02  -3.23704661e-02]
[-0.04204149  -0.04194461  -0.04379936  -0.0383719    -0.03946592  -0.03102939 
  -0.03797572  -0.03854022  -0.05030833  -0.03744916  -0.02712293  -0.03216106 
  -0.03598046  -0.04349317  -0.03727548  -0.03563594  -0.03243136  -0.03346404 
  -0.032407      -0.03213687  -0.04552161  -0.03392553  -0.03442382  -0.03682598 
  -0.04344577  -0.03588251  -0.04232845  -0.04340407]
[-0.00120965  -0.00755794  -0.00304511  -0.01166595  -0.01025631  -0.01353637 
    0.00421286    0.00028745  -0.00452095  -0.00635731  -0.01293621  -0.00486716 
    0.00342786  -0.00836989    0.00059561  -0.00173587  -0.00937947  -0.00994234 
  -0.00631318  -0.00215781  -0.00154002  -0.00586016  -0.01277801  -0.01129384 
  -0.0158745      0.00034484  -0.00423656  -0.00306138]
[-0.04204149  -0.04194461  -0.04379936  -0.0383719    -0.03946592  -0.03102939 
  -0.03797572  -0.03854022  -0.05030833  -0.03744916  -0.02712293  -0.03216106 
  -0.03598046  -0.04349317  -0.03727548  -0.03563594  -0.03243136  -0.03346404 
  -0.032407      -0.03213687  -0.04552161  -0.03392553  -0.03442382  -0.03682598 
  -0.04344577  -0.03588251  -0.04232845  -0.04340407]
[  0.00735533  -0.01208557  -0.00932186  -0.02495534  -0.02290156  -0.02313228 
  -0.00716599  -0.00704115  -0.02045763  -0.01389967  -0.00224593  -0.00772177 
  -0.01563865  -0.02801356  -0.00455289  -0.00905048  -0.01967497  -0.02233872 
  -0.03209274  -0.0084802    -0.01360531  -0.01577406  -0.0202571    -0.03032777 
  -0.0445733    -0.00396661  -0.0166832    -0.01239044]
[-0.03405892  -0.0294069    -0.03434322  -0.02338884  -0.02537544  -0.015887 
  -0.03607475  -0.03622679  -0.03672545  -0.02761873  -0.01356598  -0.02521112 
  -0.04029487  -0.0335537    -0.03357522  -0.0305665    -0.02116294  -0.02138523 
  -0.03254156  -0.02783409  -0.03668257  -0.0256602    -0.01946255  -0.02081081 
  -0.02114085  -0.03246485  -0.0331707    -0.03415695]
[-0.00120965  -0.00755794  -0.00304511  -0.01166595  -0.01025631  -0.01353637 
    0.00421286    0.00028745  -0.00452095  -0.00635731  -0.01293621  -0.00486716 
    0.00342786  -0.00836989    0.00059561  -0.00173587  -0.00937947  -0.00994234 
  -0.00631318  -0.00215781  -0.00154002  -0.00586016  -0.01277801  -0.01129384 
  -0.0158745      0.00034484  -0.00423656  -0.00306138]
[-0.03405892  -0.0294069    -0.03434322  -0.02338884  -0.02537544  -0.015887 
  -0.03607475  -0.03622679  -0.03672545  -0.02761873  -0.01356598  -0.02521112 
  -0.04029487  -0.0335537    -0.03357522  -0.0305665    -0.02116294  -0.02138523 
  -0.03254156  -0.02783409  -0.03668257  -0.0256602    -0.01946255  -0.02081081 
  -0.02114085  -0.03246485  -0.0331707    -0.03415695]
[0.03924928  0.03878447  0.04484929  0.03033409  0.03381995  0.01244403 
  0.03609822  0.03554212  0.05941071  0.03063318  0.00217731  0.01949927 
  0.03401873  0.04498717  0.0325739    0.02866792  0.01850661  0.02057542 
  0.02479202  0.02083667  0.05014058  0.02354947  0.02020034  0.02730762 
  0.03993641  0.02938645  0.04257818  0.0447609  ]
increment_80
[-5.63754045e-02  -3.16529041e-02  -3.97444218e-02  -6.59823032e-03 
  -1.21728947e-02    1.26384689e-02  -3.41045548e-02  -3.49847173e-02 
  -4.49998952e-02  -1.82946971e-02    1.09317948e-05  -1.36148716e-02 
  -2.03058953e-02  -2.05960509e-02  -3.40421107e-02  -2.21384908e-02 
    1.60607633e-03    2.79962064e-03    8.83301256e-03  -1.51272838e-02 
  -4.21138061e-02  -8.37731606e-03  -7.51819657e-04    4.10711724e-03 
    6.13775332e-03  -3.08425471e-02  -3.01295451e-02  -3.73472503e-02]
[-0.05027904  -0.04962705  -0.05072301  -0.04519265  -0.04575384  -0.03630947 
  -0.04469231  -0.04593387  -0.05896627  -0.0434678    -0.03173356  -0.03754782 
  -0.04143329  -0.05173848  -0.04440127  -0.04120736  -0.03775115  -0.03860731 
  -0.0377513    -0.03780995  -0.05267141  -0.03920321  -0.04091329  -0.04205208 
  -0.05039787  -0.04282809  -0.04987005  -0.05045324]
[-0.00046202  -0.00859877  -0.00324473  -0.01350345  -0.01169535  -0.01560729 
    0.00567113    0.00101413  -0.00470141  -0.00735152  -0.01507035  -0.00548977 
    0.00543117  -0.00924604    0.00119297  -0.0017767    -0.01083717  -0.01146012 
  -0.00712024  -0.00230338  -0.00087889  -0.00671328  -0.01498568  -0.0119381 
  -0.01758943    0.00064816  -0.0048404    -0.00289961]
[-0.05027904  -0.04962705  -0.05072301  -0.04519265  -0.04575384  -0.03630947 
  -0.04469231  -0.04593387  -0.05896627  -0.0434678    -0.03173356  -0.03754782 
  -0.04143329  -0.05173848  -0.04440127  -0.04120736  -0.03775115  -0.03860731 
  -0.0377513    -0.03780995  -0.05267141  -0.03920321  -0.04091329  -0.04205208 
  -0.05039787  -0.04282809  -0.04987005  -0.05045324]
[  0.00830982  -0.01528451  -0.01198472  -0.03026938  -0.02714481  -0.02783698 
  -0.00930973  -0.00887032  -0.02521658  -0.0173495    -0.00307972  -0.00955413 
  -0.01913187  -0.0345392    -0.0062459    -0.01094052  -0.02350347  -0.02635367 
  -0.03871576  -0.01040311  -0.01579033  -0.01879254  -0.02485699  -0.03493271 
  -0.05276462  -0.00584926  -0.02095295  -0.01487669]
[-0.03994709  -0.03399847  -0.03905963  -0.02696504  -0.02892876  -0.01845618 
  -0.04172764  -0.04232316  -0.04185672  -0.03149483  -0.01579265  -0.02920963 
  -0.04607086  -0.03791848  -0.03935646  -0.03503316  -0.02433522  -0.02432488 
  -0.03758678  -0.03244637  -0.04207349  -0.02930771  -0.02271407  -0.02358138 
  -0.02338677  -0.03798973  -0.0379717    -0.03923697]
[-0.00046202  -0.00859877  -0.00324473  -0.01350345  -0.01169535  -0.01560729 
    0.00567113    0.00101413  -0.00470141  -0.00735152  -0.01507035  -0.00548977 
    0.00543117  -0.00924604    0.00119297  -0.0017767    -0.01083717  -0.01146012 
  -0.00712024  -0.00230338  -0.00087889  -0.00671328  -0.01498568  -0.0119381 
  -0.01758943    0.00064816  -0.0048404    -0.00289961]
[-0.03994709  -0.03399847  -0.03905963  -0.02696504  -0.02892876  -0.01845618 
  -0.04172764  -0.04232316  -0.04185672  -0.03149483  -0.01579265  -0.02920963 
  -0.04607086  -0.03791848  -0.03935646  -0.03503316  -0.02433522  -0.02432488 
  -0.03758678  -0.03244637  -0.04207349  -0.02930771  -0.02271407  -0.02358138 
  -0.02338677  -0.03798973  -0.0379717    -0.03923697]
[0.04806559  0.04693741  0.05172914  0.03686761  0.03931771  0.01519851 
  0.04341429  0.04385503  0.07021648  0.0356442    0.00306878  0.023169 
  0.03943776  0.05513525  0.04028801  0.03307901  0.02189739  0.02355405 
  0.02988274  0.0255304    0.05790414  0.02716986  0.02560881  0.03082559 
  0.04662686  0.03669181  0.05108249  0.05222394]
increment_90
[-0.06692887  -0.03679946  -0.04347379  -0.00787957  -0.01331699    0.01471329 
  -0.0395018    -0.04210899  -0.05115492  -0.01942322  -0.00014628  -0.01531846 
  -0.02195676  -0.02427488  -0.04057136  -0.02440013    0.00221718    0.00392563 
    0.01029641  -0.01811608  -0.04776056  -0.00874214  -0.00166529    0.00517179 
    0.00787632  -0.03662916  -0.03440719  -0.04230362]
[-0.05906461  -0.05782809  -0.05766893  -0.05235587  -0.05207208  -0.0417205 
  -0.05168287  -0.05379236  -0.06809306  -0.04951605  -0.03656397  -0.04301262 
  -0.04704019  -0.06036457  -0.052135      -0.04689102  -0.04320216  -0.04389776 
  -0.04333263  -0.04377036  -0.06003869  -0.04461403  -0.04784184  -0.04735191 
  -0.05732452  -0.05035425  -0.05778024  -0.05771804]
[  6.12160785e-04  -9.63184729e-03  -3.42011967e-03  -1.54046116e-02 
  -1.30809772e-02  -1.76888196e-02    7.29598254e-03    2.09600761e-03 
  -4.79286787e-03  -8.37519777e-03  -1.72720905e-02  -6.08711186e-03 
    7.78425847e-03  -9.90730713e-03    1.91556497e-03  -1.87316263e-03 
  -1.23491250e-02  -1.30393802e-02  -7.95136817e-03  -2.41149768e-03 
  -3.07673834e-05  -7.66414811e-03  -1.72628972e-02  -1.24601365e-02 
  -1.90623731e-02    9.51353732e-04  -5.42646576e-03  -2.63732173e-03]
[-0.05906461  -0.05782809  -0.05766893  -0.05235587  -0.05207208  -0.0417205 
  -0.05168287  -0.05379236  -0.06809306  -0.04951605  -0.03656397  -0.04301262 
  -0.04704019  -0.06036457  -0.052135      -0.04689102  -0.04320216  -0.04389776 
  -0.04333263  -0.04377036  -0.06003869  -0.04461403  -0.04784184  -0.04735191 
  -0.05732452  -0.05035425  -0.05778024  -0.05771804]
[  0.00937127  -0.01922503  -0.01505151  -0.03613882  -0.03145095  -0.03284213 
  -0.01164482  -0.01084641  -0.03071413  -0.02119221  -0.00412014  -0.01156978 
  -0.0232423    -0.04179792  -0.00853961  -0.01319516  -0.02766481  -0.03065537 
  -0.04577581  -0.01262173  -0.01820694  -0.02219889  -0.03018245  -0.03963689 
  -0.06108216  -0.00841426  -0.02583149  -0.01769999]
[-0.04587896  -0.03856989  -0.04360651  -0.03045626  -0.03239052  -0.02100826 
  -0.04734836  -0.04855207  -0.0468116    -0.03522727  -0.01809985  -0.03318879 
  -0.05181581  -0.04202195  -0.04527887  -0.0394119    -0.02745026  -0.02722045 
  -0.04260908  -0.03713734  -0.04745135  -0.03286109  -0.02600115  -0.02637384 
  -0.02547891  -0.04357666  -0.04264741  -0.04425811]
[  6.12160785e-04  -9.63184729e-03  -3.42011967e-03  -1.54046116e-02 
  -1.30809772e-02  -1.76888196e-02    7.29598254e-03    2.09600761e-03 
  -4.79286787e-03  -8.37519777e-03  -1.72720905e-02  -6.08711186e-03 
    7.78425847e-03  -9.90730713e-03    1.91556497e-03  -1.87316263e-03 
  -1.23491250e-02  -1.30393802e-02  -7.95136817e-03  -2.41149768e-03 
  -3.07673834e-05  -7.66414811e-03  -1.72628972e-02  -1.24601365e-02 
  -1.90623731e-02    9.51353732e-04  -5.42646576e-03  -2.63732173e-03]
[-0.04587896  -0.03856989  -0.04360651  -0.03045626  -0.03239052  -0.02100826 
  -0.04734836  -0.04855207  -0.0468116    -0.03522727  -0.01809985  -0.03318879 
  -0.05181581  -0.04202195  -0.04527887  -0.0394119    -0.02745026  -0.02722045 
  -0.04260908  -0.03713734  -0.04745135  -0.03286109  -0.02600115  -0.02637384 
  -0.02547891  -0.04357666  -0.04264741  -0.04425811]
[0.05755761  0.05602449  0.05852531  0.04401839  0.04476794  0.01812884 
  0.05114662  0.0529554    0.08186905  0.04061543  0.00426642  0.02688824 
  0.04519906  0.0660728    0.04911097  0.03759529  0.02544763  0.02672974 
  0.0354794    0.03073781  0.0659675    0.03094103  0.03184774  0.0344651 
  0.05320584  0.04504342  0.06023868  0.06000361]
increment_100
[-0.07812969  -0.04202049  -0.04667128  -0.00916835  -0.01432479    0.01685686 
  -0.04508032  -0.04969517  -0.05734708  -0.02011291  -0.00042419  -0.01685209 
  -0.02330212  -0.02787522  -0.04748011  -0.02637398    0.0030281      0.00505398 
    0.01166372  -0.02122909  -0.05339902  -0.00887165  -0.00261813    0.00606088 
    0.00985734  -0.04268561  -0.03861487  -0.04724003]
[-0.06835775  -0.06653645  -0.06459792  -0.05981102  -0.05836125  -0.04727888 
  -0.05892059  -0.06203882  -0.07767365  -0.05557862  -0.0416325    -0.04853069 
  -0.05279851  -0.06926657  -0.0605233    -0.05270371  -0.04877544  -0.04937929 
  -0.04916801  -0.05001563  -0.06766114  -0.05020461  -0.05515997  -0.05283061 
  -0.06416054  -0.05847572  -0.06599557  -0.06525243]
[  0.002012      -0.0106314    -0.00357225  -0.01734882  -0.01439166  -0.01979122 
    0.00906344    0.00356601  -0.00479187  -0.00944368  -0.01953224  -0.00665549 
    0.01049896  -0.01032341    0.00271954  -0.00205632  -0.01391827  -0.01467877 
  -0.00881806  -0.002504        0.000947      -0.00874701  -0.01956176  -0.01298703 
  -0.02028668    0.00122414  -0.00597463  -0.00231363]
[-0.06835775  -0.06653645  -0.06459792  -0.05981102  -0.05836125  -0.04727888 
  -0.05892059  -0.06203882  -0.07767365  -0.05557862  -0.0416325    -0.04853069 
  -0.05279851  -0.06926657  -0.0605233    -0.05270371  -0.04877544  -0.04937929 
  -0.04916801  -0.05001563  -0.06766114  -0.05020461  -0.05515997  -0.05283061 
  -0.06416054  -0.05847572  -0.06599557  -0.06525243]
[  0.0105548    -0.02402749  -0.01850824  -0.04251056  -0.03572047  -0.03811592 
  -0.01413762  -0.01296032  -0.03700046  -0.0253945    -0.00539302  -0.01375681 
  -0.02801806  -0.04973267  -0.01164544  -0.0158786    -0.03216132  -0.03525893 
  -0.05325689  -0.01520814  -0.02100635  -0.02607719  -0.03621811  -0.04447083 
  -0.06940534  -0.01176345  -0.0313067    -0.02096488]
[-0.0517879    -0.04306026  -0.04797771  -0.03380754  -0.03575428  -0.02353491 
  -0.05292578  -0.05486407  -0.05150913  -0.03879692  -0.0204977    -0.03713474 
  -0.05757804  -0.04586549  -0.05123871  -0.04368648  -0.0304882    -0.03008973 
  -0.04756227  -0.04185607  -0.0527632    -0.03630909  -0.02927513  -0.02924047 
  -0.02746306  -0.04912952  -0.04713452  -0.04918996]
[  0.002012      -0.0106314    -0.00357225  -0.01734882  -0.01439166  -0.01979122 
    0.00906344    0.00356601  -0.00479187  -0.00944368  -0.01953224  -0.00665549 
    0.01049896  -0.01032341    0.00271954  -0.00205632  -0.01391827  -0.01467877 
  -0.00881806  -0.002504        0.000947      -0.00874701  -0.01956176  -0.01298703 
  -0.02028668    0.00122414  -0.00597463  -0.00231363]
[-0.0517879    -0.04306026  -0.04797771  -0.03380754  -0.03575428  -0.02353491 
  -0.05292578  -0.05486407  -0.05150913  -0.03879692  -0.0204977    -0.03713474 
  -0.05757804  -0.04586549  -0.05123871  -0.04368648  -0.0304882    -0.03008973 
  -0.04756227  -0.04185607  -0.0527632    -0.03630909  -0.02927513  -0.02924047 
  -0.02746306  -0.04912952  -0.04713452  -0.04918996]
[0.06757489  0.06604799  0.06517952  0.05167891  0.05004525  0.02125906 
  0.05921794  0.06265548  0.09434754  0.04550742  0.0058172    0.0306089 
  0.05132018  0.07760789  0.05912555  0.04225258  0.02913322  0.03020495 
  0.04159316  0.03643723  0.07440537  0.03494884  0.03883625  0.03840995 
  0.059548      0.05444907  0.06992157  0.06820491]
increment_110
[-0.08982339  -0.04722266  -0.04933645  -0.01046517  -0.01519129    0.01900261 
  -0.05075475  -0.05760955  -0.06347724  -0.02043229  -0.00088088  -0.01819426 
  -0.0243308    -0.03131906  -0.05463709  -0.02808208    0.00400154    0.00607204 
    0.01281121  -0.02439986  -0.05893046  -0.00881049  -0.00361845    0.00667086 
    0.01205189  -0.04894071  -0.04266932  -0.0521645  ]
[-0.07812106  -0.07571087  -0.07147754  -0.06752141  -0.0645827    -0.05302073 
  -0.06637096  -0.0706314    -0.08763121  -0.0616718    -0.04698409  -0.05409236 
  -0.05866779  -0.07833032  -0.06959519  -0.05867242  -0.05446615  -0.05510534 
  -0.05532884  -0.05654998  -0.07553552  -0.05602549  -0.06282793  -0.05855384 
  -0.07084023  -0.06718758  -0.0744543    -0.0730885  ]
[  0.00374028  -0.01152666  -0.00370604  -0.0192983    -0.01561211  -0.02192409 
    0.01096472    0.00543617  -0.00467611  -0.01056075  -0.02183823  -0.00720304 
    0.01353791  -0.01044516    0.00356536  -0.00234207  -0.01552763  -0.01636715 
  -0.00967588  -0.00260228    0.00200856  -0.00997928  -0.02184378  -0.01359709 
  -0.02124478    0.00144654  -0.00645771  -0.00194596]
[-0.07812106  -0.07571087  -0.07147754  -0.06752141  -0.0645827    -0.05302073 
  -0.06637096  -0.0706314    -0.08763121  -0.0616718    -0.04698409  -0.05409236 
  -0.05866779  -0.07833032  -0.06959519  -0.05867242  -0.05446615  -0.05510534 
  -0.05532884  -0.05654998  -0.07553552  -0.05602549  -0.06282793  -0.05855384 
  -0.07084023  -0.06718758  -0.0744543    -0.0730885  ]
[  0.01182094  -0.02976096  -0.02231567  -0.04931061  -0.03986868  -0.04365878 
  -0.0168104    -0.01523993  -0.04403435  -0.02991991  -0.00694251  -0.01611312 
  -0.03338295  -0.05821564  -0.01576287  -0.01903742  -0.03695054  -0.04017518 
  -0.06114795  -0.01823389  -0.02429422  -0.030489      -0.04288355  -0.04944731 
  -0.07759641  -0.01594354  -0.03735348  -0.02473016]
[-0.0576403    -0.0474287    -0.05216774  -0.03699734  -0.03902916  -0.02603992 
  -0.0584483    -0.0612145    -0.05587003  -0.04221191  -0.02301723  -0.0410358 
  -0.06339637  -0.04947464  -0.05711476  -0.04785532  -0.03345214  -0.03295998 
  -0.05236408  -0.04655729  -0.05794412  -0.03964907  -0.03249201  -0.0322041 
  -0.02939378  -0.054545      -0.0513851    -0.05399832]
[  0.00374028  -0.01152666  -0.00370604  -0.0192983    -0.01561211  -0.02192409 
    0.01096472    0.00543617  -0.00467611  -0.01056075  -0.02183823  -0.00720304 
    0.01353791  -0.01044516    0.00356536  -0.00234207  -0.01552763  -0.01636715 
  -0.00967588  -0.00260228    0.00200856  -0.00997928  -0.02184378  -0.01359709 
  -0.02124478    0.00144654  -0.00645771  -0.00194596]
[-0.0576403    -0.0474287    -0.05216774  -0.03699734  -0.03902916  -0.02603992 
  -0.0584483    -0.0612145    -0.05587003  -0.04221191  -0.02301723  -0.0410358 
  -0.06339637  -0.04947464  -0.05711476  -0.04785532  -0.03345214  -0.03295998 
  -0.05236408  -0.04655729  -0.05794412  -0.03964907  -0.03249201  -0.0322041 
  -0.02939378  -0.054545      -0.0513851    -0.05399832]
[0.07800245  0.07698362  0.07165212  0.05977578  0.05505997  0.02465617 
  0.06756514  0.07284948  0.10751158  0.0503522    0.0078234    0.03430739 
  0.05771375  0.0895347    0.07039996  0.0471195    0.032949      0.03410314 
  0.04833673  0.04263376  0.08322469  0.03929948  0.046502      0.04277645 
  0.06554452  0.06488425  0.0800228    0.07689466]
increment_120
[-0.10201291  -0.05235117  -0.05152412  -0.0118455    -0.0159309      0.02110401 
  -0.05641246  -0.06583249  -0.06944069  -0.02052586  -0.00161808  -0.01933967 
  -0.02504763  -0.0345867    -0.06193171  -0.02960297    0.00504631    0.0068916 
    0.01354599  -0.02760401  -0.06424278  -0.00867012  -0.00473582    0.00700747 
    0.01440011  -0.05533129  -0.0465448    -0.05709719]
[-0.088386      -0.0852493    -0.07831485  -0.07547934  -0.07074032  -0.05898832 
  -0.07402123  -0.07960844  -0.09783281  -0.06785797  -0.05268264  -0.05970091 
  -0.06459735  -0.08748199  -0.07933045  -0.06484267  -0.06027363  -0.06112614 
  -0.06194074  -0.0634113    -0.08358471  -0.062131      -0.0708276    -0.06453736 
  -0.07730667  -0.07646267  -0.08310219  -0.0812306  ]
[  0.0058431    -0.01221765  -0.00383872  -0.02119476  -0.01674655  -0.02410327 
    0.0130126      0.00771804  -0.00439716  -0.0117203    -0.02417766  -0.00774019 
    0.01681622  -0.01022702    0.0044552    -0.00272934  -0.01713937  -0.01809396 
  -0.01043018  -0.00273392    0.00314773  -0.01134708  -0.02407592  -0.01432142 
  -0.02193049    0.00162122  -0.00682176  -0.00151151]
[-0.088386      -0.0852493    -0.07831485  -0.07547934  -0.07074032  -0.05898832 
  -0.07402123  -0.07960844  -0.09783281  -0.06785797  -0.05268264  -0.05970091 
  -0.06459735  -0.08748199  -0.07933045  -0.06484267  -0.06027363  -0.06112614 
  -0.06194074  -0.0634113    -0.08358471  -0.062131      -0.0708276    -0.06453736 
  -0.07730667  -0.07646267  -0.08310219  -0.0812306  ]
[  0.01314644  -0.03633134  -0.02645313  -0.05646076  -0.04387571  -0.0495036 
  -0.01978206  -0.01776806  -0.05166619  -0.03476579  -0.00880517  -0.0186472 
  -0.03918103  -0.06713979  -0.0209857    -0.02270586  -0.04195841  -0.04542778 
  -0.06946003  -0.02179886  -0.02804972  -0.0354524    -0.05007005  -0.05458992 
  -0.08550428  -0.02094849  -0.04392482  -0.02898633]
[-0.06343468  -0.05164048  -0.05617667  -0.04004054  -0.04223154  -0.02851825 
  -0.06389138  -0.06758528  -0.05984702  -0.0455054    -0.02569702  -0.044887 
  -0.06925641  -0.05289949  -0.062788      -0.05193135  -0.03636825  -0.03584708 
  -0.05689936  -0.05120767  -0.06293852  -0.04289783  -0.03562235  -0.03524212 
  -0.03133051  -0.05972888  -0.05538016  -0.05866069]
[  0.0058431    -0.01221765  -0.00383872  -0.02119476  -0.01674655  -0.02410327 
    0.0130126      0.00771804  -0.00439716  -0.0117203    -0.02417766  -0.00774019 
    0.01681622  -0.01022702    0.0044552    -0.00272934  -0.01713937  -0.01809396 
  -0.01043018  -0.00273392    0.00314773  -0.01134708  -0.02407592  -0.01432142 
  -0.02193049    0.00162122  -0.00682176  -0.00151151]
[-0.06343468  -0.05164048  -0.05617667  -0.04004054  -0.04223154  -0.02851825 
  -0.06389138  -0.06758528  -0.05984702  -0.0455054    -0.02569702  -0.044887 
  -0.06925641  -0.05289949  -0.062788      -0.05193135  -0.03636825  -0.03584708 
  -0.05689936  -0.05120767  -0.06293852  -0.04289783  -0.03562235  -0.03524212 
  -0.03133051  -0.05972888  -0.05538016  -0.05866069]
[0.08886647  0.08868251  0.07797725  0.06830625  0.05980661  0.02839958 
  0.07619452  0.08360055  0.12110688  0.05529164  0.01042325  0.03798687 
  0.06422866  0.10172648  0.08291741  0.05230883  0.0369121    0.03853618 
  0.05591404  0.04940287  0.0922925    0.04412252  0.05480587  0.04758245 
  0.07110417  0.07627978  0.09046962  0.08608352]
