inc
eps_11
eps_12
eps_13
eps_21
eps_22
eps_23
eps_31
eps_32
eps_33
increment_0
[0.  0.  0.  0.  0.  0.  0.  0.  0.  0.  0.  0.  0.  0.  0.  0.  0.  0.  0.  0.  0.  0.  0.]
[0.  0.  0.  0.  0.  0.  0.  0.  0.  0.  0.  0.  0.  0.  0.  0.  0.  0.  0.  0.  0.  0.  0.]
[0.  0.  0.  0.  0.  0.  0.  0.  0.  0.  0.  0.  0.  0.  0.  0.  0.  0.  0.  0.  0.  0.  0.]
[0.  0.  0.  0.  0.  0.  0.  0.  0.  0.  0.  0.  0.  0.  0.  0.  0.  0.  0.  0.  0.  0.  0.]
[2.59381258e-18  2.59381258e-18  2.59381258e-18  2.59381258e-18 
  2.59381258e-18  2.59381258e-18  2.59381258e-18  2.59381258e-18 
  2.59381258e-18  2.59381258e-18  2.59381258e-18  2.59381258e-18 
  2.59381258e-18  2.59381258e-18  2.59381258e-18  2.59381258e-18 
  2.59381258e-18  2.59381258e-18  2.59381258e-18  2.59381258e-18 
  2.59381258e-18  2.59381258e-18  2.59381258e-18]
[-2.38582109e-17  -2.38582109e-17  -2.38582109e-17  -2.38582109e-17 
  -2.38582109e-17  -2.38582109e-17  -2.38582109e-17  -2.38582109e-17 
  -2.38582109e-17  -2.38582109e-17  -2.38582109e-17  -2.38582109e-17 
  -2.38582109e-17  -2.38582109e-17  -2.38582109e-17  -2.38582109e-17 
  -2.38582109e-17  -2.38582109e-17  -2.38582109e-17  -2.38582109e-17 
  -2.38582109e-17  -2.38582109e-17  -2.38582109e-17]
[0.  0.  0.  0.  0.  0.  0.  0.  0.  0.  0.  0.  0.  0.  0.  0.  0.  0.  0.  0.  0.  0.  0.]
[-2.38582109e-17  -2.38582109e-17  -2.38582109e-17  -2.38582109e-17 
  -2.38582109e-17  -2.38582109e-17  -2.38582109e-17  -2.38582109e-17 
  -2.38582109e-17  -2.38582109e-17  -2.38582109e-17  -2.38582109e-17 
  -2.38582109e-17  -2.38582109e-17  -2.38582109e-17  -2.38582109e-17 
  -2.38582109e-17  -2.38582109e-17  -2.38582109e-17  -2.38582109e-17 
  -2.38582109e-17  -2.38582109e-17  -2.38582109e-17]
[2.19450792e-16  2.19450792e-16  2.19450792e-16  2.19450792e-16 
  2.19450792e-16  2.19450792e-16  2.19450792e-16  2.19450792e-16 
  2.19450792e-16  2.19450792e-16  2.19450792e-16  2.19450792e-16 
  2.19450792e-16  2.19450792e-16  2.19450792e-16  2.19450792e-16 
  2.19450792e-16  2.19450792e-16  2.19450792e-16  2.19450792e-16 
  2.19450792e-16  2.19450792e-16  2.19450792e-16]
increment_10
[-0.00138199  -0.00124191  -0.00377357  -0.00089324  -0.00089813  -0.00196787 
  -0.0003216    -0.00091983  -0.00214528  -0.00076772  -0.00093901  -0.00197101 
  -0.00189457  -0.00151364  -0.00281407  -0.00447902  -0.0025746    -0.0029115 
  -0.00401856  -0.0017121    -0.00639055  -0.00377759  -0.00530668]
[-0.00205938  -0.00154651  -0.0011485    -0.0013876    -0.00144972  -0.00138714 
  -0.00122611  -0.00141577  -0.00140839  -0.00120756  -0.0015181    -0.00116236 
  -0.00137661  -0.00158088  -0.00214735  -0.001407      -0.00199323  -0.00195105 
  -0.00413879  -0.00310186  -0.00367032  -0.00317512  -0.00303162]
[-0.00229228  -0.00125203  -0.00275301  -0.0012605    -0.00153631  -0.00101034 
  -0.00108136  -0.00099279  -0.0010152    -0.00118129  -0.00120378  -0.00145604 
  -0.00119129  -0.00140387  -0.00153834  -0.00221231  -0.00211052  -0.00230163 
  -0.00246315  -0.00267755  -0.00246948  -0.00169125  -0.00136922]
[-0.00205938  -0.00154651  -0.0011485    -0.0013876    -0.00144972  -0.00138714 
  -0.00122611  -0.00141577  -0.00140839  -0.00120756  -0.0015181    -0.00116236 
  -0.00137661  -0.00158088  -0.00214735  -0.001407      -0.00199323  -0.00195105 
  -0.00413879  -0.00310186  -0.00367032  -0.00317512  -0.00303162]
[-0.00030065  -0.00130948    0.00221407  -0.00154587  -0.00135139  -0.00080729 
  -0.00212801  -0.00190347  -0.00067281  -0.00164432  -0.00170518  -0.00033989 
  -0.00074693  -0.0009715      0.00013736    0.0022554      0.00051258    0.00092222 
    0.00178358    0.00020599    0.00383445    0.00099642    0.00200744]
[-0.00066958  -0.00061304  -0.00168669  -0.00043877  -0.00044043  -0.00097777 
  -0.00015319  -0.00045075  -0.00106611  -0.00036644  -0.00045959  -0.00071136 
  -0.00070849  -0.00072214  -0.00093546  -0.0006931    -0.00109101  -0.0013833 
  -0.00169003  -0.00060462  -0.00316031  -0.00100693  -0.00264375]
[-0.00229228  -0.00125203  -0.00275301  -0.0012605    -0.00153631  -0.00101034 
  -0.00108136  -0.00099279  -0.0010152    -0.00118129  -0.00120378  -0.00145604 
  -0.00119129  -0.00140387  -0.00153834  -0.00221231  -0.00211052  -0.00230163 
  -0.00246315  -0.00267755  -0.00246948  -0.00169125  -0.00136922]
[-0.00066958  -0.00061304  -0.00168669  -0.00043877  -0.00044043  -0.00097777 
  -0.00015319  -0.00045075  -0.00106611  -0.00036644  -0.00045959  -0.00071136 
  -0.00070849  -0.00072214  -0.00093546  -0.0006931    -0.00109101  -0.0013833 
  -0.00169003  -0.00060462  -0.00316031  -0.00100693  -0.00264375]
[0.00168264  0.00255139  0.00155949  0.00243911  0.00224952  0.00277516 
  0.00244961  0.0028233    0.00281809  0.00241204  0.00264419  0.00231091 
  0.0026415    0.00248514  0.00267672  0.00222362  0.00206202  0.00198929 
  0.00223499  0.00150611  0.0025561    0.00278117  0.00329924]
increment_20
[-0.00332347  -0.00247922  -0.00867908  -0.0016648    -0.00184132  -0.00446661 
  -0.00032858  -0.00117379  -0.00452077  -0.00093609  -0.00112183  -0.00452498 
  -0.00448046  -0.0023753    -0.00577908  -0.01038632  -0.00515981  -0.00575698 
  -0.00878152  -0.00408299  -0.01427111  -0.00885213  -0.01215736]
[-0.00501132  -0.00346717  -0.00240464  -0.00301721  -0.00345688  -0.00311449 
  -0.00276296  -0.00299881  -0.00319021  -0.00276693  -0.00389269  -0.00273227 
  -0.00333015  -0.0039614    -0.00556651  -0.00338688  -0.0046918    -0.00515455 
  -0.01051639  -0.00764885  -0.00938459  -0.00828886  -0.008395    ]
[-0.00591638  -0.00312795  -0.00627009  -0.0032121    -0.00397311  -0.00256611 
  -0.00260479  -0.0024375    -0.00242072  -0.00279446  -0.00351184  -0.00416701 
  -0.00291959  -0.00364399  -0.00425495  -0.00552236  -0.00542087  -0.00599734 
  -0.00651111  -0.00667959  -0.00610295  -0.0044088    -0.00408977]
[-0.00501132  -0.00346717  -0.00240464  -0.00301721  -0.00345688  -0.00311449 
  -0.00276296  -0.00299881  -0.00319021  -0.00276693  -0.00389269  -0.00273227 
  -0.00333015  -0.0039614    -0.00556651  -0.00338688  -0.0046918    -0.00515455 
  -0.01051639  -0.00764885  -0.00938459  -0.00828886  -0.008395    ]
[-5.06331086e-05  -3.03497996e-03    4.83481866e-03  -3.58086197e-03 
  -2.89073610e-03  -1.76912315e-03  -5.17983754e-03  -4.79992671e-03 
  -1.86451959e-03  -4.48944497e-03  -3.99723472e-03  -3.54149927e-04 
  -1.47807671e-03  -2.73274962e-03    5.51969049e-04    5.57313170e-03 
    1.06379213e-03    1.96239615e-03    4.74766800e-03    1.14976570e-03 
    9.13862250e-03    3.18264755e-03    5.71382317e-03]
[-0.00156835  -0.00119946  -0.00333677  -0.00079296  -0.00087833  -0.00220069 
  -0.00015104  -0.0005421    -0.00222622  -0.00035869  -0.00049766  -0.00123507 
  -0.00115671  -0.00106982  -0.00094879  -0.00127124  -0.00209225  -0.00264934 
  -0.00289076  -0.0008887    -0.0066788    -0.00134769  -0.00600107]
[-0.00591638  -0.00312795  -0.00627009  -0.0032121    -0.00397311  -0.00256611 
  -0.00260479  -0.0024375    -0.00242072  -0.00279446  -0.00351184  -0.00416701 
  -0.00291959  -0.00364399  -0.00425495  -0.00552236  -0.00542087  -0.00599734 
  -0.00651111  -0.00667959  -0.00610295  -0.0044088    -0.00408977]
[-0.00156835  -0.00119946  -0.00333677  -0.00079296  -0.00087833  -0.00220069 
  -0.00015104  -0.0005421    -0.00222622  -0.00035869  -0.00049766  -0.00123507 
  -0.00115671  -0.00106982  -0.00094879  -0.00127124  -0.00209225  -0.00264934 
  -0.00289076  -0.0008887    -0.0066788    -0.00134769  -0.00600107]
[0.0033741    0.0055142    0.00384426  0.00524566  0.00473205  0.00623574 
  0.00550842  0.00597372  0.00638529  0.00542554  0.00511907  0.00487913 
  0.00595854  0.00510805  0.00522711  0.00481319  0.00409601  0.00379458 
  0.00403385  0.00293323  0.00513248  0.00566949  0.00644354]
increment_30
[-0.00530676  -0.00388703  -0.01355118  -0.00243301  -0.0030236    -0.00694997 
  -0.00031405  -0.00148449  -0.0066812    -0.00123931  -0.00138339  -0.00700935 
  -0.00713603  -0.00321041  -0.00868274  -0.01610703  -0.00761184  -0.00884228 
  -0.0133782    -0.00687284  -0.02203914  -0.0139616    -0.01894856]
[-0.00814605  -0.00542824  -0.00372784  -0.00472266  -0.0054493    -0.00485912 
  -0.00433219  -0.00463465  -0.00497338  -0.00443168  -0.00649825  -0.00454595 
  -0.00544461  -0.00643126  -0.0090945    -0.0055479    -0.00739993  -0.00854061 
  -0.01688155  -0.01220946  -0.01520634  -0.01364084  -0.01418614]
[-0.00967848  -0.00499646  -0.00963023  -0.00523178  -0.00649259  -0.00417951 
  -0.00415636  -0.00389498  -0.00384313  -0.00455795  -0.00598197  -0.00709167 
  -0.00470468  -0.0059458    -0.00699652  -0.00882706  -0.00887251  -0.00972921 
  -0.0106419    -0.01067668  -0.00957301  -0.00728883  -0.00692011]
[-0.00814605  -0.00542824  -0.00372784  -0.00472266  -0.0054493    -0.00485912 
  -0.00433219  -0.00463465  -0.00497338  -0.00443168  -0.00649825  -0.00454595 
  -0.00544461  -0.00643126  -0.0090945    -0.0055479    -0.00739993  -0.00854061 
  -0.01688155  -0.01220946  -0.01520634  -0.01364084  -0.01418614]
[  0.00023391  -0.00471874    0.00718966  -0.00568141  -0.00424799  -0.00278547 
  -0.00830401  -0.00772387  -0.00327478  -0.00715601  -0.00614857  -0.0002968 
  -0.00215875  -0.00453966    0.00084657    0.00866938    0.0015216      0.00313912 
    0.0075195      0.00234244    0.01414175    0.00545252    0.00941316]
[-0.00243014  -0.00184476  -0.00486305  -0.00111855  -0.00140842  -0.00339351 
  -0.00014238  -0.00063181  -0.00325486  -0.00028413  -0.00048045  -0.0016034 
  -0.00159588  -0.00133904  -0.00088931  -0.00168233  -0.0029536    -0.00399833 
  -0.00388869  -0.00106278  -0.00984895  -0.00159231  -0.00925018]
[-0.00967848  -0.00499646  -0.00963023  -0.00523178  -0.00649259  -0.00417951 
  -0.00415636  -0.00389498  -0.00384313  -0.00455795  -0.00598197  -0.00709167 
  -0.00470468  -0.0059458    -0.00699652  -0.00882706  -0.00887251  -0.00972921 
  -0.0106419    -0.01067668  -0.00957301  -0.00728883  -0.00692011]
[-0.00243014  -0.00184476  -0.00486305  -0.00111855  -0.00140842  -0.00339351 
  -0.00014238  -0.00063181  -0.00325486  -0.00028413  -0.00048045  -0.0016034 
  -0.00159588  -0.00133904  -0.00088931  -0.00168233  -0.0029536    -0.00399833 
  -0.00388869  -0.00106278  -0.00984895  -0.00159231  -0.00925018]
[0.00507285  0.00860577  0.00636152  0.00811442  0.00727159  0.00973544 
  0.00861806  0.00920836  0.00995598  0.00839532  0.00753196  0.00730615 
  0.00929478  0.00775007  0.00783617  0.00743766  0.00609024  0.00570317 
  0.0058587    0.00453039  0.00789739  0.00850908  0.0095354  ]
increment_40
[-0.0073025    -0.00539221  -0.01830052  -0.00314443  -0.00432772  -0.00936177 
  -0.00034089  -0.00186063  -0.00874878  -0.00169882  -0.00177088  -0.00953328 
  -0.00973642  -0.00413399  -0.01168802  -0.02168953  -0.01006627  -0.01219318 
  -0.01783793  -0.00982947  -0.02971235  -0.01903753  -0.02550702]
[-0.01138023  -0.00745901  -0.0051521    -0.00654699  -0.00745272  -0.00664263 
  -0.00594518  -0.00633259  -0.00677519  -0.00616777  -0.00925069  -0.00642782 
  -0.00764839  -0.00890571  -0.01284433  -0.00770346  -0.01011369  -0.0120677 
  -0.02320499  -0.01678456  -0.02116027  -0.01904467  -0.02009271]
[-0.01348595  -0.00691074  -0.01296536  -0.0073186    -0.00905311  -0.00577758 
  -0.00571475  -0.00536843  -0.00528476  -0.00644621  -0.00853439  -0.0100908 
  -0.00657119  -0.00823301  -0.00980426  -0.01214604  -0.01238652  -0.0135574 
  -0.01482175  -0.01472607  -0.01289046  -0.0102191    -0.00968452]
[-0.01138023  -0.00745901  -0.0051521    -0.00654699  -0.00745272  -0.00664263 
  -0.00594518  -0.00633259  -0.00677519  -0.00616777  -0.00925069  -0.00642782 
  -0.00764839  -0.00890571  -0.01284433  -0.00770346  -0.01011369  -0.0120677 
  -0.02320499  -0.01678456  -0.02116027  -0.01904467  -0.02009271]
[  0.00046393  -0.00637076    0.00932037  -0.00786178  -0.00555589  -0.00395401 
  -0.0114585    -0.01066951  -0.00481521  -0.00967562  -0.0082          -0.00020982 
  -0.00290071  -0.00637179    0.00119669    0.01159245    0.00193968    0.00451313 
    0.01009409    0.00362657    0.01888852    0.00765179    0.01281584]
[-3.23975832e-03  -2.51062592e-03  -6.41338736e-03  -1.38585839e-03 
  -1.96936879e-03  -4.52627928e-03  -8.79880391e-05  -7.21421335e-04 
  -4.20733959e-03  -1.49874780e-04  -4.30581788e-04  -1.79144176e-03 
  -1.96668952e-03  -1.60097899e-03  -7.90919627e-04  -1.80212007e-03 
  -3.66687887e-03  -5.41378735e-03  -4.74468936e-03  -1.02871938e-03 
  -1.28960450e-02  -1.72423096e-03  -1.23042253e-02]
[-0.01348595  -0.00691074  -0.01296536  -0.0073186    -0.00905311  -0.00577758 
  -0.00571475  -0.00536843  -0.00528476  -0.00644621  -0.00853439  -0.0100908 
  -0.00657119  -0.00823301  -0.00980426  -0.01214604  -0.01238652  -0.0135574 
  -0.01482175  -0.01472607  -0.01289046  -0.0102191    -0.00968452]
[-3.23975832e-03  -2.51062592e-03  -6.41338736e-03  -1.38585839e-03 
  -1.96936879e-03  -4.52627928e-03  -8.79880391e-05  -7.21421335e-04 
  -4.20733959e-03  -1.49874780e-04  -4.30581788e-04  -1.79144176e-03 
  -1.96668952e-03  -1.60097899e-03  -7.90919627e-04  -1.80212007e-03 
  -3.66687887e-03  -5.41378735e-03  -4.74468936e-03  -1.02871938e-03 
  -1.28960450e-02  -1.72423096e-03  -1.23042253e-02]
[0.00683856  0.01176297  0.00898015  0.01100621  0.00988361  0.01331578 
  0.01179939  0.01253014  0.01356399  0.01137445  0.00997088  0.0097431 
  0.01263713  0.01050578  0.01049134  0.01009708  0.0081266    0.00768005 
  0.00774383  0.0062029    0.01082383  0.01138574  0.01269118]
increment_50
[-0.00927048  -0.00697973  -0.02290742  -0.00380216  -0.00570418  -0.01170048 
  -0.00039651  -0.00231179  -0.01076938  -0.0022909    -0.00233132  -0.0121784 
  -0.01226792  -0.00518644  -0.01488992  -0.02713112  -0.01253887  -0.01583477 
  -0.02215215  -0.01289392  -0.03726196  -0.02403865  -0.03172928]
[-0.01468756  -0.00955049  -0.006685      -0.0084953    -0.00948854  -0.00846631 
  -0.00760148  -0.00810479  -0.00859755  -0.00794971  -0.01218259  -0.00832543 
  -0.00991769  -0.01140326  -0.01685095  -0.0098012    -0.01285208  -0.01576601 
  -0.02945056  -0.02140901  -0.02727154  -0.02442895  -0.02599345]
[-0.01730849  -0.00882296  -0.01631821  -0.00947208  -0.01164349  -0.00735417 
  -0.00728477  -0.00686353  -0.00676223  -0.00842134  -0.01119252  -0.01316778 
  -0.00847735  -0.01051846  -0.01268394  -0.01551767  -0.01595774  -0.01751638 
  -0.01902131  -0.01883883  -0.01605559  -0.0131615    -0.01238071]
[-0.01468756  -0.00955049  -0.006685      -0.0084953    -0.00948854  -0.00846631 
  -0.00760148  -0.00810479  -0.00859755  -0.00794971  -0.01218259  -0.00832543 
  -0.00991769  -0.01140326  -0.01685095  -0.0098012    -0.01285208  -0.01576601 
  -0.02945056  -0.02140901  -0.02727154  -0.02442895  -0.02599345]
[  5.88468423e-04  -8.04297363e-03    1.12527124e-02  -1.01163303e-02 
  -6.86725571e-03  -5.27751011e-03  -1.46541013e-02  -1.36166970e-02 
  -6.44264890e-03  -1.20959505e-02  -1.01014455e-02  -2.16576171e-05 
  -3.74597239e-03  -8.18661888e-03    1.68858123e-03    1.43666666e-02 
    2.33259499e-03    6.13028048e-03    1.24448108e-02    4.96282871e-03 
    2.33586268e-02    9.71459844e-03    1.58202754e-02]
[-3.97430190e-03  -3.18794738e-03  -8.02356259e-03  -1.59332970e-03 
  -2.53539254e-03  -5.59607466e-03    7.45410845e-06  -8.12046452e-04 
  -5.08264226e-03    4.94766564e-05  -3.74271248e-04  -1.72831534e-03 
  -2.24166995e-03  -1.88404366e-03  -6.79222293e-04  -1.64747150e-03 
  -4.21244697e-03  -6.88731614e-03  -5.47707495e-03  -8.21070368e-04 
  -1.58295173e-02  -1.78515486e-03  -1.51142289e-02]
[-0.01730849  -0.00882296  -0.01631821  -0.00947208  -0.01164349  -0.00735417 
  -0.00728477  -0.00686353  -0.00676223  -0.00842134  -0.01119252  -0.01316778 
  -0.00847735  -0.01051846  -0.01268394  -0.01551767  -0.01595774  -0.01751638 
  -0.01902131  -0.01883883  -0.01605559  -0.0131615    -0.01238071]
[-3.97430190e-03  -3.18794738e-03  -8.02356259e-03  -1.59332970e-03 
  -2.53539254e-03  -5.59607466e-03    7.45410845e-06  -8.12046452e-04 
  -5.08264226e-03    4.94766564e-05  -3.74271248e-04  -1.72831534e-03 
  -2.24166995e-03  -1.88404366e-03  -6.79222293e-04  -1.64747150e-03 
  -4.21244697e-03  -6.88731614e-03  -5.47707495e-03  -8.21070368e-04 
  -1.58295173e-02  -1.78515486e-03  -1.51142289e-02]
[0.00868201  0.0150227    0.01165471  0.01391849  0.01257144  0.01697799 
  0.01505061  0.01592848  0.01721202  0.01438685  0.01243277  0.01220006 
  0.01601389  0.01337306  0.01320134  0.01276445  0.01020627  0.00970449 
  0.00970734  0.00793109  0.01390333  0.01432405  0.015909    ]
increment_60
[-0.01118229  -0.00865629  -0.02736521  -0.00441406  -0.00712266  -0.01396183 
  -0.00046622  -0.0028689    -0.0127949    -0.00299903  -0.00313702  -0.01498091 
  -0.01471308  -0.00639118  -0.01835227  -0.03244008  -0.01505263  -0.01978311 
  -0.02632683  -0.01605263  -0.04469246  -0.02893774  -0.03757518]
[-0.01805031  -0.01168903  -0.00830409  -0.01056756  -0.01156573  -0.01031985 
  -0.00929902  -0.0099803    -0.0104422    -0.00976304  -0.01532764  -0.01021984 
  -0.01222857  -0.01396835  -0.02111188  -0.01185281  -0.01564791  -0.01964639 
  -0.03558155  -0.02613644  -0.03353031  -0.02975535  -0.03181668]
[-0.0211305    -0.01068172  -0.01970318  -0.01168998  -0.01424714  -0.00892872 
  -0.00887144  -0.0083941    -0.00828709  -0.01046022  -0.01397378  -0.01632744 
  -0.01040211  -0.01282679  -0.01562035  -0.01896207  -0.01961155  -0.02160666 
  -0.02319945  -0.02302077  -0.01905356  -0.0160938    -0.015029    ]
[-0.01805031  -0.01168903  -0.00830409  -0.01056756  -0.01156573  -0.01031985 
  -0.00929902  -0.0099803    -0.0104422    -0.00976304  -0.01532764  -0.01021984 
  -0.01222857  -0.01396835  -0.02111188  -0.01185281  -0.01564791  -0.01964639 
  -0.03558155  -0.02613644  -0.03353031  -0.02975535  -0.03181668]
[  0.00057637  -0.00976404    0.01299715  -0.01243662  -0.00821926  -0.00673888 
  -0.01790087  -0.01652309  -0.00810673  -0.01444277  -0.01178248    0.0003062 
  -0.00472014  -0.00994362    0.0023668      0.01701814    0.00274626    0.00800564 
    0.0145493      0.00634699    0.0275509      0.01160157    0.01839521]
[-0.0046117    -0.00387896  -0.00968629  -0.00174143  -0.00308921  -0.00659773 
    0.00013472  -0.00091519  -0.00582806    0.00031652  -0.00033539  -0.00139527 
  -0.00238533  -0.00219126  -0.00059407  -0.00126013  -0.00456974  -0.00840693 
  -0.0060948    -0.00047015  -0.01864543  -0.00180896  -0.01766358]
[-0.0211305    -0.01068172  -0.01970318  -0.01168998  -0.01424714  -0.00892872 
  -0.00887144  -0.0083941    -0.00828709  -0.01046022  -0.01397378  -0.01632744 
  -0.01040211  -0.01282679  -0.01562035  -0.01896207  -0.01961155  -0.02160666 
  -0.02319945  -0.02302077  -0.01905356  -0.0160938    -0.015029    ]
[-0.0046117    -0.00387896  -0.00968629  -0.00174143  -0.00308921  -0.00659773 
    0.00013472  -0.00091519  -0.00582806    0.00031652  -0.00033539  -0.00139527 
  -0.00238533  -0.00219126  -0.00059407  -0.00126013  -0.00456974  -0.00840693 
  -0.0060948    -0.00047015  -0.01864543  -0.00180896  -0.01766358]
[0.01060592  0.01842033  0.01436806  0.01685069  0.01534192  0.02070071 
  0.0183671    0.01939199  0.02090163  0.0174418    0.0149195    0.01467471 
  0.01943322  0.0163348    0.01598547  0.01542195  0.01230637  0.01177747 
  0.01177753  0.00970564  0.01714157  0.01733616  0.01917997]
increment_70
[-0.01306256  -0.01043637  -0.03166555  -0.00501468  -0.00858914  -0.01613976 
  -0.00055091  -0.00357542  -0.01493964  -0.00383999  -0.00425312  -0.01788446 
  -0.01707083  -0.00779084  -0.02210301  -0.03761149  -0.01763799  -0.02401599 
  -0.03041149  -0.01931743  -0.0520415    -0.03373138  -0.04307288]
[-0.02146597  -0.01387643  -0.00997044  -0.01278738  -0.01368903  -0.01218949 
  -0.0110388    -0.01199387  -0.01231764  -0.01159884  -0.01867512  -0.01212107 
  -0.01458346  -0.0166688    -0.02558558  -0.01389449  -0.01852656  -0.02367286 
  -0.04159277  -0.03098682  -0.03988502  -0.03499707  -0.03751261]
[-0.02494773  -0.01249349  -0.02314004  -0.01400559  -0.01686279  -0.01053582 
  -0.01047572  -0.00997425  -0.00985948  -0.01256238  -0.01685604  -0.01954429 
  -0.01237252  -0.01518681  -0.01858862  -0.02248556  -0.02337764  -0.02578061 
  -0.02732221  -0.02726321  -0.02186689  -0.01899043  -0.01762205]
[-0.02146597  -0.01387643  -0.00997044  -0.01278738  -0.01368903  -0.01218949 
  -0.0110388    -0.01199387  -0.01231764  -0.01159884  -0.01867512  -0.01212107 
  -0.01458346  -0.0166688    -0.02558558  -0.01389449  -0.01852656  -0.02367286 
  -0.04159277  -0.03098682  -0.03988502  -0.03499707  -0.03751261]
[  0.00044447  -0.01151322    0.01456312  -0.01476519  -0.00960754  -0.00831631 
  -0.02119924  -0.01933715  -0.00970853  -0.01669769  -0.01320672    0.00070686 
  -0.00580058  -0.01158222    0.00323612    0.01955049    0.00323477    0.01008301 
    0.01642836    0.00778599    0.03149034    0.01329099    0.02055026]
[-5.15078191e-03  -4.58930229e-03  -1.13727467e-02  -1.84116221e-03 
  -3.63021131e-03  -7.52105893e-03    2.91148496e-04  -1.05118349e-03 
  -6.37324112e-03    6.52777113e-04  -3.13304767e-04  -8.26065394e-04 
  -2.37782271e-03  -2.51871591e-03  -5.80419554e-04  -6.62612177e-04 
  -4.73279865e-03  -9.95083957e-03  -6.60502368e-03    2.24001404e-05 
  -2.13515052e-02  -1.79896574e-03  -1.99716564e-02]
[-0.02494773  -0.01249349  -0.02314004  -0.01400559  -0.01686279  -0.01053582 
  -0.01047572  -0.00997425  -0.00985948  -0.01256238  -0.01685604  -0.01954429 
  -0.01237252  -0.01518681  -0.01858862  -0.02248556  -0.02337764  -0.02578061 
  -0.02732221  -0.02726321  -0.02186689  -0.01899043  -0.01762205]
[-5.15078191e-03  -4.58930229e-03  -1.13727467e-02  -1.84116221e-03 
  -3.63021131e-03  -7.52105893e-03    2.91148496e-04  -1.05118349e-03 
  -6.37324112e-03    6.52777113e-04  -3.13304767e-04  -8.26065394e-04 
  -2.37782271e-03  -2.51871591e-03  -5.80419554e-04  -6.62612177e-04 
  -4.73279865e-03  -9.95083957e-03  -6.60502368e-03    2.24001404e-05 
  -2.13515052e-02  -1.79896574e-03  -1.99716564e-02]
[0.01261809  0.02194959  0.01710243  0.01977988  0.01819668  0.02445607 
  0.02175015  0.02291257  0.02464817  0.02053769  0.01745984  0.01717761 
  0.02287141  0.01937306  0.01886689  0.018061      0.01440323  0.01393298 
  0.01398313  0.01153144  0.02055116  0.02044039  0.02252262]
increment_80
[-0.01499631  -0.01235714  -0.03579001  -0.00568097  -0.01016813  -0.01823465 
  -0.00065641  -0.00446796  -0.01732458  -0.00485266  -0.0057014    -0.02080526 
  -0.01935896  -0.00945993  -0.02609155  -0.04263133  -0.02032872  -0.02846775 
  -0.03447562  -0.02269952  -0.05930837  -0.03839357  -0.0482656  ]
[-0.02494751  -0.01612912  -0.01163838  -0.01518139  -0.01586562  -0.01406153 
  -0.01282201  -0.01415606  -0.01423445  -0.0134479    -0.0221732    -0.01405204 
  -0.01699677  -0.01958296  -0.03018556  -0.01597386  -0.02149888  -0.02777137 
  -0.04751728  -0.0359371    -0.04627759  -0.04013008  -0.04304423]
[-0.0287674    -0.01430442  -0.02664204  -0.01647222  -0.01952583  -0.01222091 
  -0.0120969    -0.01160001  -0.01147095  -0.01473878  -0.01979227  -0.02278587 
  -0.01443624  -0.01763711  -0.02154982  -0.0260885    -0.02727827  -0.0299579 
  -0.03138494  -0.0315546    -0.02448674  -0.02183974  -0.02013334]
[-0.02494751  -0.01612912  -0.01163838  -0.01518139  -0.01586562  -0.01406153 
  -0.01282201  -0.01415606  -0.01423445  -0.0134479    -0.0221732    -0.01405204 
  -0.01699677  -0.01958296  -0.03018556  -0.01597386  -0.02149888  -0.02777137 
  -0.04751728  -0.0359371    -0.04627759  -0.04013008  -0.04304423]
[  0.00026734  -0.01322665    0.01594297  -0.01699728  -0.01094964  -0.00998119 
  -0.02454502  -0.02202982  -0.01114691  -0.01881807  -0.01439121    0.00108336 
  -0.00693424  -0.01300662    0.00422095    0.02195754    0.0038471      0.0122445 
    0.01814          0.00928424    0.03517269    0.01475176    0.02229512]
[-5.61147276e-03  -5.33262362e-03  -1.30462369e-02  -1.90994921e-03 
  -4.18457480e-03  -8.34405321e-03    4.75170422e-04  -1.24099727e-03 
  -6.67713216e-03    1.05078979e-03  -2.87934193e-04  -6.93219192e-05 
  -2.21693472e-03  -2.86419770e-03  -6.67031221e-04    1.53362070e-04 
  -4.72404106e-03  -1.14900204e-02  -7.01885076e-03    6.67685202e-04 
  -2.39463020e-02  -1.74684173e-03  -2.20673471e-02]
[-0.0287674    -0.01430442  -0.02664204  -0.01647222  -0.01952583  -0.01222091 
  -0.0120969    -0.01160001  -0.01147095  -0.01473878  -0.01979227  -0.02278587 
  -0.01443624  -0.01763711  -0.02154982  -0.0260885    -0.02727827  -0.0299579 
  -0.03138494  -0.0315546    -0.02448674  -0.02183974  -0.02013334]
[-5.61147276e-03  -5.33262362e-03  -1.30462369e-02  -1.90994921e-03 
  -4.18457480e-03  -8.34405321e-03    4.75170422e-04  -1.24099727e-03 
  -6.67713216e-03    1.05078979e-03  -2.87934193e-04  -6.93219192e-05 
  -2.21693472e-03  -2.86419770e-03  -6.67031221e-04    1.53362070e-04 
  -4.72404106e-03  -1.14900204e-02  -7.01885076e-03    6.67685202e-04 
  -2.39463020e-02  -1.74684173e-03  -2.20673471e-02]
[0.01472897  0.02558379  0.01984704  0.02267825  0.02111778  0.02821583 
  0.02520143  0.02649778  0.02847149  0.02367073  0.02009262  0.01972189 
  0.0262932    0.02246655  0.0218706    0.02067379  0.01648162  0.01622325 
  0.01633563  0.01341528  0.02413568  0.02364181  0.02597047]
increment_90
[-0.01711484  -0.01448619  -0.03975344  -0.00655135  -0.01198549  -0.02026925 
  -0.00079193  -0.00555419  -0.02005062  -0.00609711  -0.00746004  -0.023731 
  -0.02160641  -0.01147098  -0.03022125  -0.04751079  -0.0231865    -0.03307707 
  -0.03853687  -0.02619638  -0.06641637  -0.04289132  -0.05317095]
[-0.02852143  -0.01846499  -0.01327618  -0.01775569  -0.01809848  -0.01592388 
  -0.01464877  -0.01644489  -0.01619206  -0.01530219  -0.02575685  -0.01603203 
  -0.01947187  -0.02274625  -0.03482672  -0.01812442  -0.02455438  -0.03186736 
  -0.05338169  -0.0409786    -0.0526537    -0.04514387  -0.04838784]
[-0.03261802  -0.01616359  -0.03021518  -0.01914327  -0.02230232  -0.01403781 
  -0.01373426  -0.0132531    -0.01313862  -0.0170128    -0.02274615  -0.02605487 
  -0.01664917  -0.02019856  -0.02447718  -0.02979475  -0.03133716  -0.03410953 
  -0.03540476  -0.03592413  -0.02694487  -0.02464218  -0.02254712]
[-0.02852143  -0.01846499  -0.01327618  -0.01775569  -0.01809848  -0.01592388 
  -0.01464877  -0.01644489  -0.01619206  -0.01530219  -0.02575685  -0.01603203 
  -0.01947187  -0.02274625  -0.03482672  -0.01812442  -0.02455438  -0.03186736 
  -0.05338169  -0.0409786    -0.0526537    -0.04514387  -0.04838784]
[  0.00017627  -0.01481629    0.01714853  -0.01897986  -0.0120883    -0.01168299 
  -0.02792842  -0.02460913  -0.01231635  -0.02073652  -0.01537871    0.00143113 
  -0.0080518    -0.01413251    0.00521634    0.0242767      0.004659        0.01441908 
    0.0197141      0.01086462    0.0385519      0.01595735    0.0236268  ]
[-0.00602567  -0.00612574  -0.01468184  -0.0019368    -0.00479896  -0.00901883 
    0.00068386  -0.00148879  -0.00671443    0.00149573  -0.00025037    0.00085483 
  -0.00189288  -0.00321305  -0.0008519      0.0012077    -0.00456444  -0.01300216 
  -0.00734448    0.00146576  -0.02640092  -0.00168197  -0.0239667  ]
[-0.03261802  -0.01616359  -0.03021518  -0.01914327  -0.02230232  -0.01403781 
  -0.01373426  -0.0132531    -0.01313862  -0.0170128    -0.02274615  -0.02605487 
  -0.01664917  -0.02019856  -0.02447718  -0.02979475  -0.03133716  -0.03410953 
  -0.03540476  -0.03592413  -0.02694487  -0.02464218  -0.02254712]
[-0.00602567  -0.00612574  -0.01468184  -0.0019368    -0.00479896  -0.00901883 
    0.00068386  -0.00148879  -0.00671443    0.00149573  -0.00025037    0.00085483 
  -0.00189288  -0.00321305  -0.0008519      0.0012077    -0.00456444  -0.01300216 
  -0.00734448    0.00146576  -0.02640092  -0.00168197  -0.0239667  ]
[0.01693857  0.02930249  0.02260492  0.02553121  0.0240738    0.03195224 
  0.02872035  0.03016332  0.03236697  0.02683363  0.02283875  0.02229987 
  0.02965821  0.02560349  0.02500491  0.02323409  0.0185275    0.01865799 
  0.01882277  0.01533176  0.02786446  0.02693397  0.02954414]
increment_100
[-0.01953517  -0.01689426  -0.04362824  -0.00782628  -0.01420421  -0.0223013 
  -0.00098036  -0.00685384  -0.02322666  -0.00767033  -0.0094589    -0.02671467 
  -0.02383917  -0.01385553  -0.03442354  -0.0523176    -0.02628306  -0.03781482 
  -0.04252546  -0.02977947  -0.07327264  -0.0472002    -0.05778589]
[-0.03223069  -0.02089178  -0.01489084  -0.02051379  -0.02038033  -0.01776899 
  -0.01652081  -0.01883425  -0.01817523  -0.01715562  -0.02931875  -0.01808234 
  -0.02199416  -0.02610113  -0.03945647  -0.02036443  -0.0276388    -0.03586171 
  -0.05916055  -0.04609519  -0.05894638  -0.0500204    -0.0535042  ]
[-0.03656003  -0.01810436  -0.03388195  -0.02207438  -0.02525642  -0.01603599 
  -0.01539688  -0.01491068  -0.01493151  -0.01942887  -0.02569658  -0.02939423 
  -0.01905715  -0.02285928  -0.02735198  -0.03365491  -0.03555061  -0.03825173 
  -0.03939273  -0.04041069  -0.02929175  -0.02738479  -0.02483494]
[-0.03223069  -0.02089178  -0.01489084  -0.02051379  -0.02038033  -0.01776899 
  -0.01652081  -0.01883425  -0.01817523  -0.01715562  -0.02931875  -0.01808234 
  -0.02199416  -0.02610113  -0.03945647  -0.02036443  -0.0276388    -0.03586171 
  -0.05916055  -0.04609519  -0.05894638  -0.0500204    -0.0535042  ]
[  0.00031753  -0.01620432    0.01825304  -0.02050285  -0.01284389  -0.01333945 
  -0.0313274    -0.02707365  -0.01307039  -0.02233874  -0.01623924    0.00183461 
  -0.00909583  -0.01493456    0.00614863    0.02661368    0.00573284    0.01660105 
    0.02110764    0.01253647    0.04157517    0.01688245    0.02452436]
[-0.00641696  -0.00697396  -0.01628224  -0.00190104  -0.00549785  -0.00950026 
    0.0009103    -0.00179471  -0.00647976    0.00196858  -0.00020475    0.00194448 
  -0.00139787  -0.00352622  -0.00112516    0.00248875  -0.00425999  -0.01446744 
  -0.00756901    0.0024211    -0.02868089  -0.0016313    -0.02567835]
[-0.03656003  -0.01810436  -0.03388195  -0.02207438  -0.02525642  -0.01603599 
  -0.01539688  -0.01491068  -0.01493151  -0.01942887  -0.02569658  -0.02939423 
  -0.01905715  -0.02285928  -0.02735198  -0.03365491  -0.03555061  -0.03825173 
  -0.03939273  -0.04041069  -0.02929175  -0.02738479  -0.02483494]
[-0.00641696  -0.00697396  -0.01628224  -0.00190104  -0.00549785  -0.00950026 
    0.0009103    -0.00179471  -0.00647976    0.00196858  -0.00020475    0.00194448 
  -0.00139787  -0.00352622  -0.00112516    0.00248875  -0.00425999  -0.01446744 
  -0.00756901    0.0024211    -0.02868089  -0.0016313    -0.02567835]
[0.01921764  0.03309858  0.0253752    0.02832913  0.0270481    0.03564074 
  0.03230777  0.0339275    0.03629705  0.03000906  0.02569814  0.02488006 
  0.032935      0.02879009  0.02827492  0.02570392  0.02055022  0.02121378 
  0.02141782  0.017243      0.03169748  0.03031776  0.03326153]
increment_110
[-0.02228187  -0.01959903  -0.0474387    -0.00962612  -0.01693822  -0.0243715 
  -0.00130508  -0.00849126  -0.02688142  -0.00969306  -0.01163786  -0.02979655 
  -0.02608637  -0.01662423  -0.03866531  -0.05712688  -0.02964984  -0.04269949 
  -0.04636878  -0.03342115  -0.07982251  -0.05135343  -0.06215023]
[-0.03606348  -0.02340497  -0.01652544  -0.02347834  -0.02273599  -0.01959886 
  -0.01844198  -0.02135919  -0.02016858  -0.0190095    -0.03274369  -0.02022692 
  -0.02456774  -0.02954701  -0.04406184  -0.02270515  -0.03070803  -0.03968186 
  -0.06480406  -0.05130347  -0.06507667  -0.05476997  -0.05836134]
[-0.04061999  -0.02012537  -0.03763528  -0.02527512  -0.02840697  -0.01823228 
  -0.01712814  -0.01658935  -0.01691646  -0.02204844  -0.02867365  -0.03284539 
  -0.02167624  -0.025625      -0.03015855  -0.03769764  -0.03989725  -0.04243007 
  -0.04333541  -0.04507069  -0.03155268  -0.03005432  -0.02694362]
[-0.03606348  -0.02340497  -0.01652544  -0.02347834  -0.02273599  -0.01959886 
  -0.01844198  -0.02135919  -0.02016858  -0.0190095    -0.03274369  -0.02022692 
  -0.02456774  -0.02954701  -0.04406184  -0.02270515  -0.03070803  -0.03968186 
  -0.06480406  -0.05130347  -0.06507667  -0.05476997  -0.05836134]
[  0.0007381    -0.01737357    0.01926811  -0.02145569  -0.01311904  -0.01489834 
  -0.03465065  -0.02930973  -0.01333989  -0.02348221  -0.01700269    0.00236616 
  -0.01003169  -0.01539684    0.00697671    0.02905926    0.0070798      0.01884383 
    0.02225735    0.01431789    0.04420279    0.01754874    0.02499405]
[-0.00676671  -0.00785823  -0.01783607  -0.0018623    -0.00623253  -0.00977693 
    0.00115418  -0.00218674  -0.00599773    0.00242605  -0.0001539      0.0031931 
  -0.00073824  -0.0037569    -0.00149234    0.00395075  -0.00380661  -0.01587484 
  -0.00767427    0.00353604  -0.03077274  -0.00161972  -0.02723506]
[-0.04061999  -0.02012537  -0.03763528  -0.02527512  -0.02840697  -0.01823228 
  -0.01712814  -0.01658935  -0.01691646  -0.02204844  -0.02867365  -0.03284539 
  -0.02167624  -0.025625      -0.03015855  -0.03769764  -0.03989725  -0.04243007 
  -0.04333541  -0.04507069  -0.03155268  -0.03005432  -0.02694362]
[-0.00676671  -0.00785823  -0.01783607  -0.0018623    -0.00623253  -0.00977693 
    0.00115418  -0.00218674  -0.00599773    0.00242605  -0.0001539      0.0031931 
  -0.00073824  -0.0037569    -0.00149234    0.00395075  -0.00380661  -0.01587484 
  -0.00767427    0.00353604  -0.03077274  -0.00161972  -0.02723506]
[0.02154377  0.03697259  0.02817059  0.03108181  0.03005727  0.03926984 
  0.03595573  0.03780099  0.04022131  0.03317527  0.02864054  0.02743038 
  0.03611806  0.03202106  0.0316886    0.02806761  0.02257003  0.02385566 
  0.02411143  0.01910326  0.03561972  0.03380469  0.03715618]
increment_120
[-0.02533047  -0.0226586    -0.05112624  -0.01196901  -0.02019833  -0.02650915 
  -0.00194278  -0.01065008  -0.03091876  -0.01224652  -0.01398847  -0.03295034 
  -0.02840574  -0.0198042    -0.0428834    -0.06196663  -0.03331306  -0.04775958 
  -0.05008626  -0.03712814  -0.08607335  -0.05544823  -0.06635288]
[-0.03994488  -0.02601381  -0.0182309    -0.02667632  -0.02524611  -0.02142984 
  -0.02041771  -0.02407974  -0.02216413  -0.02087967  -0.03601917  -0.02248638 
  -0.02723611  -0.03301596  -0.04862428  -0.02516217  -0.03375822  -0.04332661 
  -0.07028839  -0.0566713    -0.07097955  -0.059446      -0.06297537]
[-0.04479595  -0.02224985  -0.0414254    -0.02871914  -0.03175046  -0.02060878 
  -0.01902514  -0.01835566  -0.01911706  -0.0249275    -0.03174044  -0.036412 
  -0.02451802  -0.02855896  -0.03289289  -0.04190921  -0.04438236  -0.04671287 
  -0.04719271  -0.04997616  -0.03373318  -0.0326472    -0.0288358  ]
[-0.03994488  -0.02601381  -0.0182309    -0.02667632  -0.02524611  -0.02142984 
  -0.02041771  -0.02407974  -0.02216413  -0.02087967  -0.03601917  -0.02248638 
  -0.02723611  -0.03301596  -0.04862428  -0.02516217  -0.03375822  -0.04332661 
  -0.07028839  -0.0566713    -0.07097955  -0.059446      -0.06297537]
[  0.00142471  -0.01824781    0.020103      -0.02184494  -0.01290462  -0.01634665 
  -0.0376647    -0.03112303  -0.01319549  -0.02405912  -0.01763633    0.00300517 
  -0.01079808  -0.0154487      0.00764891    0.03162757    0.00872919    0.02122378 
    0.0231531      0.0162645      0.04643796    0.0180355      0.02509745]
[-7.03065051e-03  -8.76465094e-03  -1.93041402e-02  -1.88933591e-03 
  -6.98648736e-03  -9.86450599e-03    1.48850299e-03  -2.68032919e-03 
  -5.31689312e-03    2.83058928e-03  -8.43982450e-05    4.56544971e-03 
    6.84585399e-05  -3.86995082e-03  -1.92918662e-03    5.54494341e-03 
  -3.20719742e-03  -1.72178616e-02  -7.67068650e-03    4.80222617e-03 
  -3.26828891e-02  -1.68350539e-03  -2.86898258e-02]
[-0.04479595  -0.02224985  -0.0414254    -0.02871914  -0.03175046  -0.02060878 
  -0.01902514  -0.01835566  -0.01911706  -0.0249275    -0.03174044  -0.036412 
  -0.02451802  -0.02855896  -0.03289289  -0.04190921  -0.04438236  -0.04671287 
  -0.04719271  -0.04997616  -0.03373318  -0.0326472    -0.0288358  ]
[-7.03065051e-03  -8.76465094e-03  -1.93041402e-02  -1.88933591e-03 
  -6.98648736e-03  -9.86450599e-03    1.48850299e-03  -2.68032919e-03 
  -5.31689312e-03    2.83058928e-03  -8.43982450e-05    4.56544971e-03 
    6.84585399e-05  -3.86995082e-03  -1.92918662e-03    5.54494341e-03 
  -3.20719742e-03  -1.72178616e-02  -7.67068650e-03    4.80222617e-03 
  -3.26828891e-02  -1.68350539e-03  -2.86898258e-02]
[0.02390576  0.04090641  0.03102323  0.03381395  0.03310295  0.0428558 
  0.03960748  0.04177311  0.04411425  0.03630564  0.0316248    0.02994516 
  0.03920382  0.0352529    0.03523449  0.03033906  0.02458387  0.0265358 
  0.02693316  0.02086364  0.03963539  0.03741273  0.04125543]
